1.364795804023742676e+00
-2.754087448120117188e+00
1.881680190563201904e-01
5.219249054789543152e-02
1.523651123046875000e+00
3.992742300033569336e-02
7.500407099723815918e-01
-5.158748030662536621e-01
-5.087237358093261719e-01
3.903655111789703369e-01
-1.832985520362854004e+00
8.498569726943969727e-01
-4.311237633228302002e-01
-7.606880664825439453e-01
-6.157038211822509766e-01
3.468933105468750000e-01
9.313976168632507324e-01
1.610556960105895996e+00
6.363768577575683594e-01
6.677442789077758789e-01
-1.060389757156372070e+00
8.561850190162658691e-01
1.034352421760559082e+00
2.341652154922485352e+00
-1.447422027587890625e+00
9.946980476379394531e-01
8.297567963600158691e-01
-3.506696224212646484e+00
-7.997572422027587891e-02
1.212327003479003906e+00
5.270696282386779785e-01
9.787174463272094727e-01
2.198332548141479492e-01
-8.668851256370544434e-01
-1.295039653778076172e+00
1.684738397598266602e+00
9.743792414665222168e-01
-1.854445576667785645e+00
-4.919435083866119385e-01
-7.633783817291259766e-01
9.336147308349609375e-01
9.427291750907897949e-01
1.620610713958740234e+00
-3.313932716846466064e-01
-2.136929333209991455e-01
-9.447647929191589355e-01
-3.041767776012420654e-01
-1.544920951128005981e-01
1.819970726966857910e+00
-6.017962694168090820e-01
4.454358518123626709e-01
-7.266665697097778320e-01
7.285774946212768555e-01
-1.395245194435119629e+00
-3.092575073242187500e-01
-6.159865856170654297e-01
-9.000888466835021973e-01
-2.910280525684356689e-01
8.746992945671081543e-01
4.216792285442352295e-01
-1.268031001091003418e+00
-9.683337211608886719e-01
1.535484194755554199e+00
-6.540898680686950684e-01
-2.995909154415130615e-01
8.025035262107849121e-01
-9.093552231788635254e-01
4.905751347541809082e-01
-1.159573867917060852e-01
-9.714596867561340332e-01
2.978660583496093750e+00
-4.117897748947143555e-01
3.455980122089385986e-01
1.214653491973876953e+00
-1.366282224655151367e+00
-1.657654881477355957e+00
-1.883047699928283691e+00
1.227697014808654785e+00
3.225719034671783447e-01
2.384940981864929199e-01
2.376732081174850464e-01
-5.731997489929199219e-01
1.532117575407028198e-01
3.235530853271484375e-01
9.373799562454223633e-01
1.392464756965637207e+00
1.214400529861450195e+00
-7.305475324392318726e-02
4.463767111301422119e-01
6.573699116706848145e-01
2.624345779418945312e+00
4.409494698047637939e-01
-7.005870342254638672e-01
-3.389983177185058594e-01
-2.108352482318878174e-01
8.913577198982238770e-01
-5.335994809865951538e-02
-2.801761329174041748e-01
-9.960289597511291504e-01
-1.880281567573547363e+00
6.584241390228271484e-01
-1.495538353919982910e+00
2.015162110328674316e-01
9.591737389564514160e-01
-3.240109682083129883e-01
-1.239109039306640625e+00
-1.370005369186401367e+00
-2.323020398616790771e-01
4.300888180732727051e-01
-1.007431983947753906e+00
-8.792681694030761719e-01
-7.695570588111877441e-01
-1.195244669914245605e+00
8.301481604576110840e-01
-1.186897993087768555e+00
-1.994626075029373169e-01
-8.188410997390747070e-01
-1.857023835182189941e+00
3.109368383884429932e-01
8.831000328063964844e-01
2.401900440454483032e-01
-1.691043615341186523e+00
1.711945533752441406e+00
-1.128015637397766113e+00
-1.086447477340698242e+00
4.657515287399291992e-01
-1.436325669288635254e+00
1.492262601852416992e+00
