-2.277706861495971680e+00
-1.760391116142272949e+00
-3.520220220088958740e-01
-2.064212858676910400e-01
-8.873062133789062500e-01
-4.155260622501373291e-01
8.091784715652465820e-01
-1.771742582321166992e+00
3.158536255359649658e-01
-1.017303228378295898e+00
2.759981751441955566e-01
-1.623212397098541260e-01
-4.881452620029449463e-01
1.234204888343811035e+00
6.094132065773010254e-01
4.332252442836761475e-01
-1.347777843475341797e+00
2.911514282226562500e+00
8.320450186729431152e-01
-5.609461665153503418e-01
-1.997960448265075684e+00
-1.262791275978088379e+00
1.482827425003051758e+00
5.397353172302246094e-01
-9.846239686012268066e-01
7.156015634536743164e-01
8.797824382781982422e-01
-3.433802127838134766e+00
6.356284022331237793e-01
1.081148087978363037e-01
7.394292205572128296e-02
9.097434282302856445e-01
1.235017299652099609e+00
-1.321145772933959961e+00
3.464279770851135254e-01
1.737275481224060059e+00
2.100018411874771118e-01
-1.803803801536560059e+00
-7.217696905136108398e-01
2.287424653768539429e-01
-9.416455030441284180e-01
-2.486596852540969849e-01
1.730759620666503906e+00
2.019743807613849640e-02
1.307286977767944336e+00
-6.733181327581405640e-02
-1.058679342269897461e+00
1.604347378015518188e-01
-8.367283344268798828e-01
1.046853065490722656e+00
-1.319737672805786133e+00
8.753948807716369629e-01
-1.523134589195251465e+00
-9.575991034507751465e-01
-3.550782203674316406e-01
1.561753004789352417e-01
5.888958927243947983e-03
-4.888660609722137451e-01
7.142812609672546387e-01
2.380906581878662109e+00
-2.973224401473999023e+00
2.293118536472320557e-01
-9.293009638786315918e-01
1.189638972282409668e+00
1.526368737220764160e+00
9.264513850212097168e-01
5.539425015449523926e-01
-9.373582005500793457e-01
-1.074091196060180664e+00
-5.438649654388427734e-01
6.056493520736694336e-01
-2.308164387941360474e-01
1.575000762939453125e+00
1.509432196617126465e+00
-2.442612409591674805e+00
1.608905911445617676e+00
-2.200961858034133911e-01
7.271472811698913574e-01
-1.335360482335090637e-02
-9.199444651603698730e-01
7.141091823577880859e-01
-1.442994713783264160e+00
3.610670268535614014e-01
5.149326920509338379e-01
1.112115532159805298e-01
1.778175830841064453e+00
-4.647634327411651611e-01
8.053749799728393555e-01
1.180635094642639160e+00
-5.845562219619750977e-01
-1.802678585052490234e+00
-5.903187990188598633e-01
6.041883230209350586e-01
2.228969812393188477e+00
-1.065688848495483398e+00
4.053532481193542480e-01
4.761281907558441162e-01
-1.789301156997680664e+00
-1.296980619430541992e+00
2.650821208953857422e+00
1.529603600502014160e-01
-2.901133000850677490e-01
-1.709433346986770630e-01
-3.163391947746276855e-01
1.313836693763732910e+00
1.120746731758117676e+00
-3.594719767570495605e-01
-1.539097785949707031e+00
-2.625803928822278976e-03
-2.725465774536132812e+00
-2.154281377792358398e+00
1.140021160244941711e-02
6.585338115692138672e-01
1.107184886932373047e+00
-7.796291112899780273e-01
5.814497470855712891e-01
1.006226778030395508e+00
5.072968006134033203e-01
3.020830452442169189e-01
7.546045184135437012e-01
3.789191544055938721e-01
4.742185473442077637e-01
-1.181853488087654114e-01
-3.002716302871704102e-01
-7.477644085884094238e-01
-1.381776928901672363e+00
2.197024673223495483e-01
1.026052951812744141e+00
