2.217504024505615234e+00
-3.041041642427444458e-02
1.964932084083557129e+00
1.891374588012695312e-01
-2.218635320663452148e+00
1.000400185585021973e+00
9.863677024841308594e-01
-1.411364912986755371e+00
-1.801861882209777832e+00
-1.240975618362426758e+00
-2.354599684476852417e-01
-7.461877465248107910e-01
-6.985552608966827393e-02
1.205016016960144043e+00
-2.889718532562255859e+00
1.088412046432495117e+00
-7.959517240524291992e-01
1.285269856452941895e+00
7.019134759902954102e-01
1.256379038095474243e-01
-2.985088527202606201e-01
-4.227763414382934570e-01
1.933471679687500000e+00
3.814883232116699219e-01
-3.026529550552368164e-01
-1.523259162902832031e+00
1.026565670967102051e+00
-8.109605312347412109e-01
-1.308461308479309082e+00
1.804561138153076172e+00
-2.638393044471740723e-01
4.638993740081787109e-01
-1.109392881393432617e+00
-1.235980689525604248e-01
1.028910279273986816e+00
9.217291139066219330e-03
1.238194465637207031e+00
8.878514170646667480e-01
-7.725295424461364746e-01
-6.306793689727783203e-01
2.948604524135589600e-01
1.421443462371826172e+00
6.533978581428527832e-01
4.955816566944122314e-01
7.774569392204284668e-01
5.531631708145141602e-01
-4.052220880985260010e-01
-5.945399999618530273e-01
1.762627840042114258e+00
7.924513220787048340e-01
-1.576830506324768066e+00
-4.355432987213134766e-01
3.078391790390014648e+00
7.803074121475219727e-01
1.803859829902648926e+00
3.142245411872863770e-01
-4.738445952534675598e-02
-5.758906602859497070e-01
5.040766000747680664e-01
2.907457351684570312e+00
2.259005308151245117e+00
-6.353478431701660156e-01
-2.345067113637924194e-01
7.711215019226074219e-01
-1.225360393524169922e+00
-1.053094342350959778e-01
-5.258746147155761719e-01
1.435940146446228027e+00
-1.930369615554809570e+00
-1.621486067771911621e+00
-1.133447885513305664e+00
-7.813091874122619629e-01
-8.559261560440063477e-01
9.031550884246826172e-01
-4.550319910049438477e-01
-1.460294485092163086e+00
-7.185968756675720215e-02
-6.202686205506324768e-02
-2.348733901977539062e+00
-1.439228534698486328e+00
3.535123765468597412e-01
-4.067411422729492188e-01
9.463486671447753906e-01
-1.237854480743408203e+00
1.731149435043334961e+00
1.185271263122558594e+00
2.476042658090591431e-01
7.721320986747741699e-01
-6.708019971847534180e-01
-1.059468269348144531e+00
2.131359577178955078e+00
1.087016686797142029e-01
6.988329887390136719e-01
1.481694430112838745e-01
1.366742610931396484e+00
-2.113775968551635742e+00
6.387222409248352051e-01
6.967964172363281250e-01
1.230696099810302258e-03
1.202279567718505859e+00
-4.117304384708404541e-01
1.306478023529052734e+00
-7.125830650329589844e-01
2.200529873371124268e-01
-1.263678669929504395e+00
1.133051156997680664e+00
-7.034553289413452148e-01
-2.388584136962890625e+00
3.145156502723693848e-01
-1.655914425849914551e+00
6.609246134757995605e-01
-3.032392859458923340e-01
5.027703642845153809e-01
-1.714032769203186035e+00
-3.592757284641265869e-01
-1.182555109262466431e-01
-3.305704891681671143e-01
-1.753419339656829834e-01
-5.401600003242492676e-01
4.630434513092041016e-01
-1.171266674995422363e+00
1.154075145721435547e+00
-2.714086771011352539e+00
-1.311850786209106445e+00
-1.430122971534729004e+00
4.276112318038940430e-01
-1.112650752067565918e+00
1.357371449470520020e+00
