-1.304532289505004883e-01
-5.324026942253112793e-02
-2.962584793567657471e-01
-5.444850921630859375e-01
-1.548206806182861328e+00
-1.327139616012573242e+00
4.746555984020233154e-01
-6.142889857292175293e-01
-9.715129733085632324e-01
1.251113295555114746e+00
-5.947767496109008789e-01
-1.598001085221767426e-02
-3.228697478771209717e-01
-5.053427815437316895e-01
5.471214652061462402e-01
-1.949656486511230469e+00
-4.268350005149841309e-01
1.892853379249572754e-01
6.038301587104797363e-01
4.871505871415138245e-02
1.285270508378744125e-02
9.216440916061401367e-01
8.884953260421752930e-01
1.818207621574401855e+00
-1.142625808715820312e+00
1.786154508590698242e-02
-4.735904932022094727e-01
7.619008421897888184e-01
1.198912620544433594e+00
-6.895894408226013184e-01
-1.965003609657287598e+00
-3.457368373870849609e+00
-6.490824222564697266e-01
2.570898056030273438e+00
3.713425695896148682e-01
8.583142757415771484e-01
-8.464541435241699219e-01
8.648110628128051758e-01
4.803818166255950928e-01
2.284687519073486328e+00
1.109451174736022949e+00
-2.666777968406677246e-01
2.185520172119140625e+00
3.642269670963287354e-01
-1.398340463638305664e+00
1.193776726722717285e+00
-1.234244704246520996e+00
2.624614477157592773e+00
3.586373329162597656e-01
2.075184434652328491e-01
-1.088759779930114746e+00
-2.320651561021804810e-01
1.271627187728881836e+00
6.161907315254211426e-01
3.668379783630371094e-01
2.382555723190307617e+00
-5.585734918713569641e-02
6.523545384407043457e-01
-3.441956043243408203e+00
7.376049160957336426e-01
3.288933634757995605e-01
-1.387617588043212891e-01
-1.647162199020385742e+00
-1.373989939689636230e+00
2.285357415676116943e-01
6.247612088918685913e-02
2.226149559020996094e+00
2.555971443653106689e-01
7.376134395599365234e-01
-9.312322735786437988e-01
-3.353337571024894714e-02
1.820903062820434570e+00
1.148831129074096680e+00
2.471711635589599609e-01
-5.322883129119873047e-01
-1.092838883399963379e+00
-6.822595000267028809e-01
1.001679062843322754e+00
-9.811886548995971680e-01
-2.586795568466186523e+00
-2.979804754257202148e+00
-1.055583715438842773e+00
1.080373525619506836e+00
-1.257220864295959473e+00
1.594810247421264648e+00
5.809137225151062012e-01
-9.108047485351562500e-01
2.274068295955657959e-01
5.536264777183532715e-01
-8.902838826179504395e-01
1.173000454902648926e+00
8.701516985893249512e-01
-2.413500100374221802e-01
1.566760897636413574e+00
-6.314717531204223633e-01
-9.245967864990234375e-01
1.604233503341674805e+00
3.540796041488647461e-01
2.265966892242431641e+00
2.330218076705932617e+00
4.387061595916748047e-01
1.169087529182434082e+00
-7.502213716506958008e-01
-1.412779092788696289e-01
9.417534619569778442e-02
3.990626037120819092e-01
-1.789498209953308105e+00
2.386742532253265381e-01
1.290970444679260254e-01
-2.075908422470092773e+00
-1.890815980732440948e-02
-1.229788422584533691e+00
-5.572316050529479980e-01
9.100871086120605469e-01
-1.425982415676116943e-01
-1.214022636413574219e+00
5.296396017074584961e-01
-2.801439046859741211e+00
-2.974804937839508057e-01
1.396134495735168457e+00
1.265629768371582031e+00
4.814405143260955811e-01
-1.421086788177490234e+00
-5.289047956466674805e-01
-6.611094474792480469e-01
2.217719405889511108e-01
-2.011156231164932251e-01
-2.076779365539550781e+00
