7.271595001220703125e-01
-7.110792398452758789e-01
8.803995251655578613e-01
-9.437656402587890625e-01
-8.145713806152343750e-01
-7.706419229507446289e-01
-3.027158975601196289e-01
-5.736453533172607422e-01
3.354066610336303711e-01
-2.621351718902587891e+00
3.833528161048889160e-01
1.752849966287612915e-01
4.752163290977478027e-01
-2.182877302169799805e+00
9.726625680923461914e-01
3.355086147785186768e-01
-2.041403353214263916e-01
1.121497273445129395e+00
1.093523383140563965e+00
2.311932325363159180e+00
-1.629967689514160156e+00
5.188330411911010742e-01
-6.494179964065551758e-01
6.447180509567260742e-01
-1.124455928802490234e+00
-6.563289463520050049e-02
-1.733604669570922852e-01
6.855191197246313095e-03
-1.098532199859619141e+00
1.049775004386901855e+00
-1.296898841857910156e+00
-9.764730930328369141e-01
-2.028759479522705078e+00
-8.970019221305847168e-01
2.103212922811508179e-01
1.528943419456481934e+00
-1.459717154502868652e+00
6.420712918043136597e-02
-1.309861540794372559e+00
-3.870961964130401611e-01
9.297869205474853516e-01
7.969421148300170898e-01
1.754865288734436035e+00
1.672918319702148438e+00
3.125368431210517883e-02
-3.598345220088958740e-01
-9.701363444328308105e-01
1.230580925941467285e+00
7.334039807319641113e-01
-1.734361529350280762e+00
4.116009473800659180e-01
-5.912466049194335938e-01
-2.779376804828643799e-01
6.530460119247436523e-01
3.086350858211517334e-01
8.975426554679870605e-01
6.365850567817687988e-02
7.506764531135559082e-01
-1.175067782402038574e+00
1.663961648941040039e+00
1.375209689140319824e+00
2.716975212097167969e-01
6.449354887008666992e-01
1.942396998405456543e+00
2.319862395524978638e-01
-2.118879795074462891e+00
1.891989856958389282e-01
1.323338747024536133e+00
-1.017091155052185059e+00
-6.987697482109069824e-01
1.998413503170013428e-01
1.408099889755249023e+00
2.837561607360839844e+00
7.330133914947509766e-01
-5.076331496238708496e-01
-1.537829518318176270e+00
1.074251294136047363e+00
-6.697201132774353027e-01
1.178330659866333008e+00
-2.971007347106933594e+00
-7.239098548889160156e-01
1.113108754158020020e+00
3.080462515354156494e-01
6.349786520004272461e-01
2.336296319961547852e+00
2.897455096244812012e-01
-2.674206495285034180e+00
2.094192504882812500e+00
-1.496129631996154785e-01
2.310351848602294922e+00
2.673807144165039062e-01
-3.452890872955322266e+00
1.223011136054992676e+00
1.605267077684402466e-01
9.917382895946502686e-02
1.356066823005676270e+00
1.129725337028503418e+00
-1.031238794326782227e+00
-9.899831414222717285e-01
-9.167382121086120605e-01
3.186820074915885925e-02
-5.523255467414855957e-01
-2.154210805892944336e+00
2.196285873651504517e-01
8.598164916038513184e-01
-4.514611959457397461e-01
-5.312716960906982422e-01
4.065334796905517578e-01
1.534132957458496094e+00
1.544197678565979004e+00
-2.818290948867797852e+00
1.470080137252807617e+00
-1.740167737007141113e+00
-4.780622422695159912e-01
-2.428632229566574097e-01
9.274947643280029297e-01
-6.486772894859313965e-01
-4.432185292243957520e-01
1.210516095161437988e+00
-1.679957211017608643e-01
-7.951773405075073242e-01
6.341282129287719727e-01
3.558406233787536621e-01
-1.300273656845092773e+00
-6.951394677162170410e-01
-2.169354446232318878e-02
-3.914665877819061279e-01
-1.543274998664855957e+00
