7.164540886878967285e-01
-3.919686675071716309e-01
6.675122976303100586e-01
-2.450412750244140625e+00
-2.710537672042846680e+00
-4.432042837142944336e-01
2.248406171798706055e+00
1.928375482559204102e+00
-1.300662755966186523e+00
-7.887812852859497070e-01
2.331450223922729492e+00
8.567995429039001465e-01
2.718760013580322266e+00
3.124760389328002930e-01
7.161053419113159180e-01
-1.017619729042053223e+00
-3.002423644065856934e-01
1.013861775398254395e+00
-1.152564883232116699e+00
1.141554832458496094e+00
4.454822093248367310e-02
2.260737419128417969e-01
8.889648318290710449e-01
3.113131523132324219e+00
-1.722420811653137207e+00
-2.335851192474365234e-01
-8.383365273475646973e-01
-8.396500945091247559e-01
5.871011614799499512e-01
1.379076480865478516e+00
-2.187867164611816406e+00
-2.345959901809692383e+00
-6.064134240150451660e-01
-1.606228113174438477e+00
9.732896834611892700e-02
1.107509493827819824e+00
-1.671427249908447266e+00
-4.497689306735992432e-01
9.999306499958038330e-02
-1.723763585090637207e+00
-1.516978263854980469e+00
-6.656184196472167969e-01
1.483131885528564453e+00
7.439725399017333984e-01
8.971620202064514160e-01
2.009610891342163086e+00
-1.472952514886856079e-01
1.639665842056274414e+00
-5.122500658035278320e-01
1.224575757980346680e+00
1.056889533996582031e+00
-5.359939932823181152e-01
2.136786222457885742e+00
8.606983423233032227e-01
-1.841357797384262085e-01
-9.621136784553527832e-01
9.195803403854370117e-01
1.294201016426086426e-01
-1.816862635314464569e-02
1.312178134918212891e+00
7.907351255416870117e-01
2.893765866756439209e-01
-1.009832143783569336e+00
2.252494841814041138e-01
1.302688270807266235e-01
-2.187115907669067383e+00
1.229131817817687988e+00
-7.783232331275939941e-01
3.100568652153015137e-01
2.109823971986770630e-01
9.881082773208618164e-01
1.447669029235839844e+00
2.159973621368408203e+00
-5.616779327392578125e-01
-3.768869638442993164e-01
-1.604785442352294922e+00
-8.802344202995300293e-01
-1.566530942916870117e+00
-1.599663615226745605e+00
-9.712658524513244629e-01
-6.664533019065856934e-01
-2.161486148834228516e-01
3.684414923191070557e-01
-9.074643850326538086e-01
1.758920311927795410e+00
-1.075993552803993225e-01
5.544636026024818420e-02
3.869189321994781494e-01
-1.217222690582275391e+00
1.998266279697418213e-01
-4.878685176372528076e-01
-1.304944634437561035e+00
-3.290180861949920654e-01
1.157685279846191406e+00
8.698468804359436035e-01
-1.288063451647758484e-02
1.080759167671203613e+00
3.258207142353057861e-01
6.206065416336059570e-01
2.119039535522460938e+00
1.746565341949462891e+00
-2.177955657243728638e-01
-9.941210746765136719e-01
-9.711335897445678711e-01
1.370327353477478027e+00
6.343422532081604004e-01
-3.938720747828483582e-02
1.165660262107849121e+00
-2.352811843156814575e-01
-1.491897463798522949e+00
-1.240166187286376953e+00
-2.528143823146820068e-01
-1.842702388763427734e+00
-1.738839864730834961e+00
1.724973917007446289e+00
-1.012748241424560547e+00
7.327413558959960938e-01
-1.331586837768554688e+00
-2.614052057266235352e+00
-8.142755627632141113e-01
-9.630985856056213379e-01
-4.628301411867141724e-02
9.498013854026794434e-01
-5.992295145988464355e-01
-9.106417298316955566e-01
-1.185266137123107910e+00
8.145794272422790527e-01
9.812221527099609375e-01
