2.323690414428710938e+00
-2.645452022552490234e+00
-6.418544054031372070e-01
8.805202841758728027e-01
1.242428302764892578e+00
-8.198603391647338867e-01
-1.880275487899780273e+00
-5.144560337066650391e-01
-1.445022463798522949e+00
2.269870936870574951e-01
7.614730000495910645e-01
1.109234809875488281e+00
1.330363273620605469e+00
-6.355660557746887207e-01
1.228518962860107422e+00
1.278675436973571777e+00
6.885749697685241699e-01
-4.426538050174713135e-01
5.640881657600402832e-01
5.179513096809387207e-01
9.143912792205810547e-01
-4.994125366210937500e-01
-1.259397566318511963e-01
1.021947503089904785e+00
5.460247397422790527e-01
-1.527599692344665527e+00
-9.507057666778564453e-01
-8.018950223922729492e-01
-1.451190471649169922e+00
-2.582058869302272797e-02
-1.399996995925903320e+00
7.709689736366271973e-01
3.372067809104919434e-01
6.761765480041503906e-01
-1.567182540893554688e+00
-1.081340909004211426e+00
2.742083370685577393e-01
-4.581706225872039795e-01
5.310269594192504883e-01
1.186607003211975098e+00
1.141483783721923828e+00
-1.603747963905334473e+00
1.281710386276245117e+00
-1.652214884757995605e+00
5.008758306503295898e-01
-1.066939353942871094e+00
1.546313643455505371e+00
1.900096058845520020e+00
-6.300526857376098633e-01
-1.593714833259582520e+00
-5.138492560945451260e-04
-2.408474922180175781e+00
1.100792050361633301e+00
-1.141385197639465332e+00
2.315021902322769165e-01
-5.105699300765991211e-01
-1.162699222564697266e+00
2.217100381851196289e+00
6.163021326065063477e-01
1.459038138389587402e+00
-6.891081929206848145e-01
-1.063686847686767578e+00
-1.219173908233642578e+00
8.703284263610839844e-01
1.378947734832763672e+00
-9.934446215629577637e-01
3.524456739425659180e+00
4.726403653621673584e-01
-1.773102730512619019e-01
-4.639823138713836670e-01
2.299411773681640625e+00
-2.188151329755783081e-01
-1.278926730155944824e+00
1.554607748985290527e+00
1.763422250747680664e+00
3.020985126495361328e-01
-6.941843628883361816e-01
4.067806899547576904e-01
5.479664355516433716e-02
1.219398453831672668e-01
1.384237408638000488e+00
-2.377071142196655273e+00
1.630661845207214355e+00
7.737134099006652832e-01
1.397742509841918945e+00
8.778771758079528809e-02
-4.155487120151519775e-01
2.567249059677124023e+00
4.752996563911437988e-01
-3.156007826328277588e-01
-1.877368450164794922e+00
-9.895445704460144043e-01
-9.617900848388671875e-01
9.564097523689270020e-01
-1.378324866294860840e+00
-9.124289751052856445e-01
-8.637228608131408691e-01
-1.637586832046508789e+00
-4.501516520977020264e-01
-9.031228423118591309e-01
6.831156611442565918e-01
-1.179136395454406738e+00
-9.957562685012817383e-01
9.607540965080261230e-01
-1.487529724836349487e-01
9.991905689239501953e-01
2.952182590961456299e-01
-7.514526247978210449e-01
-9.310474246740341187e-02
-2.155481100082397461e+00
6.612381339073181152e-01
-7.461086511611938477e-01
-1.371088624000549316e+00
1.460979461669921875e+00
1.648427486419677734e+00
-1.800675034523010254e+00
7.232571244239807129e-01
-1.037491798400878906e+00
-3.516492843627929688e-01
-2.101523876190185547e+00
-2.992529980838298798e-02
7.075471282005310059e-01
5.578427910804748535e-01
-1.730897188186645508e+00
-4.147460162639617920e-01
1.257363438606262207e+00
7.963725924491882324e-01
-1.756557106971740723e+00
