-1.844974040985107422e+00
8.931541442871093750e-01
-2.240190207958221436e-01
-3.408130109310150146e-01
-8.016877770423889160e-01
-2.115850895643234253e-01
-3.361822068691253662e-01
1.923698902130126953e+00
1.264136314392089844e+00
2.811875045299530029e-01
9.218536019325256348e-01
-8.826057612895965576e-02
-4.034168720245361328e+00
-2.707385420799255371e-01
7.306033968925476074e-01
-1.026855468750000000e+00
-1.049459457397460938e+00
9.289525747299194336e-01
2.351408720016479492e+00
-1.114913225173950195e+00
7.563045024871826172e-01
-1.768626928329467773e+00
-1.119917511940002441e+00
4.527892768383026123e-01
-1.954476952552795410e+00
-6.586548686027526855e-01
9.306727647781372070e-01
5.815899372100830078e-01
8.037222027778625488e-01
-4.525036215782165527e-01
-2.693251147866249084e-02
1.591734886169433594e+00
-2.028878211975097656e+00
2.000517845153808594e+00
1.279190421104431152e+00
-5.664958953857421875e-01
-3.295344412326812744e-01
-1.350869536399841309e+00
1.860423944890499115e-02
-1.888371586799621582e+00
-8.160440325736999512e-01
9.508545994758605957e-01
1.963281273841857910e+00
2.917355895042419434e-01
9.960126876831054688e-01
1.034318566322326660e+00
-2.937291860580444336e-01
2.371313333511352539e+00
-1.449284076690673828e+00
2.076620578765869141e+00
2.109995365142822266e+00
2.127816826105117798e-01
1.798854917287826538e-01
-1.066211581230163574e+00
9.250566363334655762e-01
1.137089014053344727e+00
2.680037260055541992e+00
-8.612142801284790039e-01
2.673534631729125977e+00
-9.098444879055023193e-02
-2.295957326889038086e+00
2.437565565109252930e+00
-6.300775408744812012e-01
-5.762786045670509338e-02
1.116510868072509766e+00
-9.155852794647216797e-01
-2.075280398130416870e-01
8.503320813179016113e-01
-7.052543163299560547e-01
1.099997311830520630e-01
4.686413109302520752e-01
1.035812616348266602e+00
-3.121941089630126953e-01
-5.007478594779968262e-01
-1.043060660362243652e+00
-4.905481338500976562e-01
-1.803769767284393311e-01
1.368958950042724609e+00
-1.482433080673217773e+00
-2.955717802047729492e+00
-8.817790746688842773e-01
-1.224410459399223328e-01
1.753347873687744141e+00
-8.063023090362548828e-01
2.044391632080078125e+00
-1.279206275939941406e+00
1.392272114753723145e+00
-3.874443471431732178e-02
1.094611763954162598e+00
-1.546226739883422852e+00
-1.523825049400329590e+00
-1.442900896072387695e+00
-5.548075959086418152e-02
4.214552044868469238e-01
-6.924906373023986816e-01
-4.794874489307403564e-01
1.479443073272705078e+00
-7.699350714683532715e-01
1.076640486717224121e+00
1.358691692352294922e+00
7.785576581954956055e-01
2.852388620376586914e+00
-4.383047223091125488e-01
1.281656146049499512e+00
1.504547119140625000e+00
1.282121896743774414e+00
-1.806169867515563965e+00
4.154261350631713867e-01
3.197145462036132812e-01
-1.591840744018554688e+00
-2.266809195280075073e-01
-9.087612032890319824e-01
-3.564414009451866150e-02
-3.041633367538452148e+00
-7.880972623825073242e-01
-2.032680511474609375e+00
-6.894538402557373047e-01
2.935629189014434814e-01
6.797372549772262573e-02
6.810343861579895020e-01
-1.058932662010192871e+00
-1.357806324958801270e+00
-1.013782620429992676e+00
-1.278054952621459961e+00
4.400162100791931152e-01
-3.862716853618621826e-01
-3.400309681892395020e-01
-2.420773506164550781e+00
