-5.661195516586303711e-01
-2.486613988876342773e+00
4.753143489360809326e-01
1.043129637837409973e-01
-1.902146816253662109e+00
8.482685685157775879e-02
3.700159192085266113e-01
-8.948913812637329102e-01
-1.555985510349273682e-01
3.926813006401062012e-01
1.178697273135185242e-01
-1.199899986386299133e-01
2.801624536514282227e-01
2.386722415685653687e-01
7.727005481719970703e-01
5.404226183891296387e-01
-2.465718537569046021e-01
2.072443246841430664e+00
-1.068610310554504395e+00
2.146102190017700195e+00
-6.726149916648864746e-01
3.791464865207672119e-01
1.386972308158874512e+00
4.666022956371307373e-01
-4.416333138942718506e-02
-7.685099244117736816e-01
1.303561449050903320e+00
-1.652098298072814941e-01
-6.881319880485534668e-01
-6.294597685337066650e-02
-5.397583842277526855e-01
3.330944180488586426e-01
5.020416975021362305e-01
6.015812158584594727e-01
1.344106793403625488e-01
2.813359260559082031e+00
-6.895567178726196289e-01
-6.862355470657348633e-01
-6.616564393043518066e-01
1.511676311492919922e+00
-1.514312386512756348e+00
-2.339750826358795166e-01
1.175878286361694336e+00
7.796812057495117188e-01
1.104489684104919434e+00
8.992134928703308105e-01
3.544129431247711182e-01
2.003943204879760742e+00
9.086469411849975586e-01
1.245403170585632324e+00
-4.427393078804016113e-01
-2.373182773590087891e+00
2.400465160608291626e-01
-5.186467170715332031e-01
-1.914321333169937134e-01
-1.179330945014953613e+00
-1.662977039813995361e-01
-4.370386302471160889e-01
-3.398830294609069824e-01
8.627158403396606445e-01
-1.111473202705383301e+00
1.339981079101562500e+00
1.672450184822082520e+00
1.746688604354858398e+00
1.422489881515502930e+00
1.319162964820861816e+00
-5.478054285049438477e-01
4.417296946048736572e-01
8.645877838134765625e-01
-1.074908494949340820e+00
7.680135965347290039e-01
-2.094677209854125977e+00
6.916195750236511230e-01
1.294324398040771484e+00
4.230843782424926758e-01
-1.478625178337097168e+00
1.035130262374877930e+00
-1.260648965835571289e+00
1.417428374290466309e+00
6.464703083038330078e-01
5.480320453643798828e-01
-9.758765697479248047e-01
-2.066183567047119141e+00
-6.614975929260253906e-01
-4.614411294460296631e-01
-2.688495397567749023e+00
-7.683265209197998047e-01
-8.751738071441650391e-01
-3.662533760070800781e-01
1.850997924804687500e+00
1.588750958442687988e+00
-9.962722063064575195e-01
-4.094790816307067871e-01
-2.080989778041839600e-01
6.850113868713378906e-01
-1.139887094497680664e+00
-7.740278728306293488e-03
-3.132606148719787598e-01
-1.431890010833740234e+00
-5.717717409133911133e-01
-1.612477302551269531e-01
4.413478076457977295e-01
2.019245326519012451e-01
1.415480732917785645e+00
1.688945055007934570e+00
-8.357313275337219238e-02
-2.361294925212860107e-01
-1.759266108274459839e-01
-1.915027946233749390e-02
-1.709195971488952637e-01
9.989441037178039551e-01
5.514459013938903809e-01
1.611259728670120239e-01
1.023700594902038574e+00
-1.078192353248596191e+00
-1.140431523323059082e+00
4.698725342750549316e-01
-5.550387129187583923e-02
-4.623597264289855957e-01
-8.433893322944641113e-01
-3.573560714721679688e+00
-1.277161002159118652e+00
1.617038965225219727e+00
-2.440258741378784180e+00
-1.426002979278564453e+00
-8.881050348281860352e-01
-1.631636977195739746e+00
8.145686984062194824e-02
