-8.143631815910339355e-01
-5.759965181350708008e-01
1.145632147789001465e+00
8.542716503143310547e-02
-6.729344725608825684e-01
1.195890784263610840e+00
-4.901027679443359375e-01
-8.654724359512329102e-01
1.122286319732666016e+00
-4.901920855045318604e-01
-2.300580292940139771e-01
1.894564509391784668e+00
-4.515724182128906250e-01
-1.155561357736587524e-01
7.081708908081054688e-01
5.554479956626892090e-01
-8.443547487258911133e-01
-1.831959843635559082e+00
1.069045662879943848e+00
2.020216360688209534e-02
-2.337991632521152496e-02
1.365056991577148438e+00
4.713145792484283447e-01
1.597181797027587891e+00
-6.422256827354431152e-01
-1.404190897941589355e+00
7.030112147331237793e-01
-9.953364729881286621e-01
1.785116195678710938e+00
4.704751372337341309e-01
-9.799978733062744141e-01
-8.502380847930908203e-01
1.351842999458312988e+00
9.737746119499206543e-01
-2.386182546615600586e+00
1.553611993789672852e+00
-1.158631086349487305e+00
-1.247161746025085449e+00
-1.265976786613464355e+00
1.198257803916931152e+00
3.269928693771362305e-01
-1.641391515731811523e+00
1.267683625221252441e+00
8.230956196784973145e-01
-4.471312761306762695e-01
2.946466505527496338e-01
-3.846606016159057617e-01
1.472472906112670898e+00
1.848461985588073730e+00
-9.339762926101684570e-01
-2.273745089769363403e-02
-6.881873607635498047e-01
-1.956786632537841797e+00
-1.796436309814453125e+00
-1.732295393943786621e+00
2.068306922912597656e+00
1.147158741950988770e+00
1.524500608444213867e+00
1.292253136634826660e-01
-7.062319517135620117e-01
-1.734264612197875977e+00
2.575063705444335938e+00
-1.355266928672790527e+00
1.479381561279296875e+00
8.945167064666748047e-01
-2.180166542530059814e-01
1.022098183631896973e+00
-1.140100285410881042e-01
-2.057679295539855957e-01
-2.333575636148452759e-01
-7.329999208450317383e-01
-1.635474801063537598e+00
-6.720619201660156250e-01
2.115093708038330078e+00
4.300323724746704102e-01
-7.099738121032714844e-01
3.033888936042785645e-01
1.268501043319702148e+00
-5.300219655036926270e-01
4.001697599887847900e-01
1.570662617683410645e+00
-1.173595339059829712e-01
7.334495186805725098e-01
-8.880452811717987061e-02
-1.252268791198730469e+00
-3.148852586746215820e-01
-1.868465781211853027e+00
5.187308788299560547e-01
-2.467952966690063477e+00
-1.719174504280090332e+00
-8.631035685539245605e-01
-1.733195066452026367e+00
-7.592409849166870117e-01
6.885677576065063477e-01
-1.673431247472763062e-01
-1.335364103317260742e+00
-7.515907883644104004e-01
-1.240567684173583984e+00
-2.485019683837890625e+00
-4.699952900409698486e-01
-2.925928533077239990e-01
-2.699600458145141602e-01
1.388029754161834717e-01
2.227769851684570312e+00
1.737072706222534180e+00
-7.360213398933410645e-01
-1.935034543275833130e-01
9.431912750005722046e-02
6.786497235298156738e-01
9.329153299331665039e-01
-8.977905511856079102e-01
2.362093687057495117e+00
-9.452675580978393555e-01
1.312110185623168945e+00
1.176692008972167969e+00
-2.829990863800048828e+00
1.754363656044006348e+00
3.362413048744201660e-01
-3.788369894027709961e-01
9.511422514915466309e-01
-1.506692528724670410e+00
2.090108633041381836e+00
-2.721078693866729736e-01
-5.997924208641052246e-01
-7.679907679557800293e-01
7.667735815048217773e-01
-2.297368049621582031e-01
9.011167101562023163e-03
