-1.966881036758422852e+00
2.197280526161193848e-01
1.609145998954772949e+00
-4.117963016033172607e-01
1.208978533744812012e+00
1.446723818778991699e+00
1.491145730018615723e+00
-9.514331221580505371e-01
4.285389780998229980e-01
-3.444452583789825439e-01
1.676023602485656738e+00
2.938696622848510742e+00
-8.735765218734741211e-01
3.311625421047210693e-01
7.773584723472595215e-01
-1.745678424835205078e+00
-8.916272521018981934e-01
7.100987434387207031e-01
2.963005900382995605e-01
-9.669498205184936523e-01
-3.139584958553314209e-01
6.437646746635437012e-01
1.002013564109802246e+00
3.761196434497833252e-01
-2.517730236053466797e+00
7.458699345588684082e-01
8.787440657615661621e-01
-1.906089186668395996e+00
-7.313053011894226074e-01
2.009148001670837402e-01
-3.881526291370391846e-01
8.138651847839355469e-01
1.019478917121887207e+00
-3.399271726608276367e+00
9.029811620712280273e-01
-7.401182651519775391e-01
-1.724019289016723633e+00
7.797684073448181152e-01
-2.629632949829101562e+00
1.000218987464904785e-01
-1.869034051895141602e+00
1.017954945564270020e+00
1.461384177207946777e+00
2.984497547149658203e+00
1.554542779922485352e+00
1.547107458114624023e+00
-6.243265047669410706e-02
1.808694601058959961e+00
-4.923436939716339111e-01
-6.499930024147033691e-01
-4.567948281764984131e-01
-1.462007164955139160e+00
2.499153465032577515e-01
2.564142942428588867e-01
-1.054423570632934570e+00
-3.257872462272644043e-01
-1.733366370201110840e+00
-9.191052913665771484e-01
2.795825302600860596e-01
-1.856891155242919922e+00
-1.705791234970092773e+00
3.200021982192993164e+00
-9.009979367256164551e-01
1.106665968894958496e+00
1.154958128929138184e+00
-3.535352051258087158e-01
-8.661852031946182251e-02
-1.350789546966552734e+00
1.548397839069366455e-01
-1.323486678302288055e-02
5.854032039642333984e-01
-1.275344729423522949e+00
1.044339895248413086e+00
2.404355406761169434e-01
-9.090585708618164062e-01
1.110491156578063965e-01
1.527617216110229492e+00
1.025609016418457031e+00
-6.363191008567810059e-01
-1.872131705284118652e+00
-3.850491046905517578e-01
-8.142554759979248047e-01
2.079282522201538086e+00
6.980876326560974121e-01
-8.594378829002380371e-02
-4.457235336303710938e-01
-2.116758346557617188e+00
-1.593489050865173340e+00
1.235196828842163086e+00
-8.503382205963134766e-01
1.885788202285766602e+00
-1.143487334251403809e+00
-1.836492300033569336e+00
1.290888190269470215e+00
-6.057233810424804688e-01
-8.443028330802917480e-01
1.650296926498413086e+00
-1.454448103904724121e+00
7.807691693305969238e-01
4.088524878025054932e-01
-7.965535521507263184e-01
-3.378531634807586670e-01
1.743523925542831421e-01
-5.718355178833007812e-01
1.124805927276611328e+00
-4.345679283142089844e-01
-4.365621507167816162e-01
3.642849624156951904e-01
-1.426834613084793091e-01
-2.741603553295135498e-02
1.014248490333557129e+00
8.484497666358947754e-01
2.465291023254394531e+00
-8.469614982604980469e-01
6.289799809455871582e-01
-2.886385917663574219e-01
3.782488405704498291e-01
2.908351719379425049e-01
-1.197686553001403809e+00
1.154567599296569824e+00
-1.880890727043151855e-01
-1.338039875030517578e+00
2.091008126735687256e-01
5.958855748176574707e-01
-9.477444291114807129e-01
-7.639791965484619141e-01
-6.796731147915124893e-03
-4.347186386585235596e-01
