-3.497243300080299377e-02
3.884121179580688477e-01
-3.899095952510833740e-01
5.098738670349121094e-01
1.554911494255065918e+00
1.503253877162933350e-01
-1.066497683525085449e+00
2.412879317998886108e-01
-1.150359630584716797e+00
-9.701598286628723145e-01
-2.163444757461547852e+00
8.036442995071411133e-01
-1.435107707977294922e+00
-2.417904615402221680e+00
1.263194561004638672e+00
6.412574648857116699e-02
7.667030692100524902e-01
-3.517400473356246948e-02
8.782727122306823730e-01
1.159222602844238281e+00
-8.951145410537719727e-02
1.527859807014465332e+00
-8.304360508918762207e-01
1.835148096084594727e+00
-1.046124339103698730e+00
1.803148269653320312e+00
3.006981872022151947e-02
-8.761863112449645996e-01
1.028939127922058105e+00
-7.996411323547363281e-01
2.549046874046325684e-01
-8.825908303260803223e-01
-1.430625081062316895e+00
-1.754271626472473145e+00
9.634642004966735840e-01
-3.902765810489654541e-01
1.782085537910461426e+00
-1.552245497703552246e+00
-1.200664758682250977e+00
-3.165736436843872070e+00
1.867033243179321289e+00
3.178392052650451660e-01
2.188924312591552734e+00
1.187903434038162231e-01
-6.381986737251281738e-01
-2.504820346832275391e+00
6.432260274887084961e-01
2.451327800750732422e+00
7.392259240150451660e-01
2.458050489425659180e+00
6.448031663894653320e-01
-2.500361502170562744e-01
-2.626861572265625000e+00
-9.657500386238098145e-01
-2.133709341287612915e-01
9.861483573913574219e-01
-9.053170680999755859e-03
7.170578837394714355e-01
-4.769543111324310303e-01
1.495204210281372070e+00
9.963840246200561523e-01
5.087804794311523438e-02
1.632609486579895020e+00
4.894061684608459473e-01
6.586387157440185547e-01
4.005281925201416016e-01
1.531290262937545776e-01
4.865987598896026611e-01
1.796351820230484009e-01
1.562862634658813477e+00
1.353851318359375000e+00
1.453249335289001465e+00
-9.443202018737792969e-01
2.596685290336608887e-01
-1.522044658660888672e+00
-2.779654264450073242e+00
6.718209385871887207e-01
-1.607806384563446045e-01
7.264842987060546875e-01
-2.670492172241210938e+00
6.063186749815940857e-02
-5.727778077125549316e-01
1.034559488296508789e+00
-1.051586508750915527e+00
1.764415264129638672e+00
1.876354068517684937e-01
4.279189109802246094e-01
9.644782543182373047e-01
-7.012355923652648926e-01
5.540019273757934570e-01
2.138049125671386719e+00
-1.542267084121704102e+00
1.419501066207885742e+00
-1.491039276123046875e+00
-4.124841094017028809e-01
-2.396126985549926758e+00
1.707686305046081543e+00
6.515513360500335693e-02
-1.489521980285644531e+00
3.351309895515441895e-01
-7.933124899864196777e-01
3.827326893806457520e-01
-2.896743118762969971e-01
1.869816482067108154e-01
9.394314289093017578e-01
-1.673594266176223755e-01
-2.648265838623046875e+00
-5.357618331909179688e-01
-3.032521717250347137e-02
-2.133366346359252930e+00
1.991476893424987793e+00
-2.033098459243774414e+00
-1.112930774688720703e+00
-7.438941597938537598e-01
-4.902419745922088623e-01
1.439754486083984375e+00
-4.590315520763397217e-01
1.658351778984069824e+00
-8.279088735580444336e-01
-2.553245723247528076e-01
3.955465853214263916e-01
-9.415255784988403320e-01
7.848967909812927246e-01
-2.300696134567260742e+00
6.891567111015319824e-01
4.571470618247985840e-01
-1.524204492568969727e+00
1.084121465682983398e-01
