-4.457538723945617676e-01
-2.412723302841186523e+00
-1.205779314041137695e+00
2.521570324897766113e-01
9.510749578475952148e-02
3.658987283706665039e-01
-1.252045184373855591e-01
-7.010542750358581543e-01
-1.241406321525573730e+00
1.656165838241577148e+00
-6.562192440032958984e-01
8.254227042198181152e-01
8.414369821548461914e-02
-9.385164976119995117e-01
5.666115283966064453e-01
3.233450232073664665e-03
-6.720969080924987793e-01
1.263365268707275391e+00
-5.034411549568176270e-01
-1.120751857757568359e+00
-6.105457544326782227e-01
8.368681073188781738e-01
-2.247213721275329590e-01
1.519446730613708496e+00
1.189468741416931152e+00
-3.727521896362304688e-01
-5.427360534667968750e-01
1.712123155593872070e-01
9.735234975814819336e-01
-3.838962912559509277e-01
-9.619441628456115723e-01
7.865856885910034180e-01
9.420320987701416016e-01
2.708261728286743164e+00
-6.174973845481872559e-01
1.218784213066101074e+00
2.855503559112548828e-01
3.914250731468200684e-01
-1.028745532035827637e+00
1.268746256828308105e+00
1.012107610702514648e+00
-9.363595843315124512e-01
2.225529432296752930e+00
9.290195703506469727e-01
6.411582231521606445e-01
-1.132630586624145508e+00
-2.583520412445068359e-01
-2.574389934539794922e+00
1.562853097915649414e+00
4.557242393493652344e-01
-4.004515111446380615e-01
-1.693075656890869141e+00
5.971741676330566406e-01
-3.621315956115722656e-01
8.345860056579113007e-03
1.031987667083740234e+00
-4.712949693202972412e-01
5.691420286893844604e-02
4.417297244071960449e-01
2.527111470699310303e-01
-2.380357742309570312e+00
5.324476957321166992e-01
7.723963260650634766e-01
1.524784136563539505e-02
5.387801527976989746e-01
-2.690691649913787842e-01
6.595661044120788574e-01
2.049882650375366211e+00
7.817971110343933105e-01
-6.500124931335449219e-01
5.644115805625915527e-01
-3.878441154956817627e-01
1.301137685775756836e+00
9.985873103141784668e-01
-6.671979427337646484e-01
-1.898450970649719238e+00
5.767773985862731934e-01
1.213565349578857422e+00
9.872689247131347656e-01
-7.087534666061401367e-02
1.009273290634155273e+00
-7.717408537864685059e-01
9.363911747932434082e-01
2.495926991105079651e-02
4.588773846626281738e-01
6.296794414520263672e-01
-7.026585340499877930e-01
-6.318687796592712402e-01
-1.459998130798339844e+00
-8.887226581573486328e-01
4.087233841419219971e-01
1.627900600433349609e+00
5.082494616508483887e-01
6.776216626167297363e-01
-1.476399302482604980e+00
7.620481401681900024e-02
-9.607528150081634521e-02
-1.702628374099731445e+00
2.000970579683780670e-02
8.587725162506103516e-01
9.968794584274291992e-01
1.110634580254554749e-01
1.017141938209533691e+00
-5.148055553436279297e-01
-2.260232210159301758e+00
-1.562085986137390137e+00
-1.216788649559020996e+00
-1.932046651840209961e+00
-9.372990131378173828e-01
-2.334651231765747070e+00
-3.857505321502685547e-01
2.430990338325500488e-01
-1.248643875122070312e+00
4.572999477386474609e-01
9.066988825798034668e-01
-1.389000535011291504e+00
-5.122438073158264160e-01
-2.161828428506851196e-01
-6.048502326011657715e-01
1.117141485214233398e+00
-1.509142160415649414e+00
8.263533711433410645e-01
1.168810486793518066e+00
1.733232021331787109e+00
-1.608592152595520020e+00
3.715701401233673096e-01
-1.197687506675720215e+00
-4.434448480606079102e-01
