1.816061258316040039e+00
3.761199861764907837e-02
4.248609840869903564e-01
1.814923584461212158e-01
-4.607835710048675537e-01
-1.238146781921386719e+00
-1.532587409019470215e-01
-1.395527362823486328e+00
5.716871619224548340e-01
1.863198518753051758e+00
-6.607922911643981934e-01
4.359026625752449036e-02
5.233169198036193848e-01
3.267234861850738525e-01
-1.114640712738037109e+00
1.282026767730712891e+00
-2.329705476760864258e+00
6.944033503532409668e-01
-2.166047692298889160e-01
-1.154845118522644043e+00
-1.854169011116027832e+00
-1.213709712028503418e+00
1.774542778730392456e-01
-8.557385206222534180e-02
-6.212372183799743652e-01
6.112089157104492188e-01
-3.172122240066528320e-01
-1.197242856025695801e+00
-1.297267377376556396e-01
9.631581306457519531e-01
-5.761904120445251465e-01
9.218763113021850586e-01
-5.692123770713806152e-01
1.211407899856567383e+00
-1.399766087532043457e+00
1.219145298004150391e+00
-1.855342030525207520e+00
-6.915070414543151855e-01
-6.257138848304748535e-01
6.235369443893432617e-01
-3.070439398288726807e-01
-1.487292647361755371e+00
1.906299591064453125e+00
2.453604936599731445e-01
5.025777220726013184e-01
-5.269571542739868164e-01
-1.048936486244201660e+00
1.141150817275047302e-01
-4.840730130672454834e-01
-8.376916050910949707e-01
6.310211420059204102e-01
-7.501548528671264648e-01
-6.075861454010009766e-01
8.541401028633117676e-01
2.090564489364624023e+00
1.107011079788208008e+00
-8.126328885555267334e-02
3.103365600109100342e-01
-2.885814309120178223e-01
1.192974805831909180e+00
7.958447337150573730e-01
3.612861037254333496e-01
2.273136377334594727e+00
1.413405418395996094e+00
-8.201182819902896881e-03
-1.932557225227355957e-01
-1.215271949768066406e+00
2.299099683761596680e+00
-1.497458577156066895e+00
-1.415086865425109863e+00
1.024647355079650879e+00
3.895774185657501221e-01
1.333212107419967651e-01
1.350465297698974609e+00
1.182154655456542969e+00
-1.014379620552062988e+00
5.424130558967590332e-01
1.756479740142822266e-01
-1.070601463317871094e+00
-4.026761353015899658e-01
3.402893304824829102e+00
-8.678492307662963867e-01
7.722414135932922363e-01
1.163119316101074219e+00
5.712116956710815430e-01
-4.311089217662811279e-02
-3.634884655475616455e-01
-4.406435489654541016e-01
-1.302077412605285645e+00
8.617787957191467285e-01
1.756609082221984863e+00
-7.825195789337158203e-01
8.812873065471649170e-02
4.445202648639678955e-01
1.061152935028076172e+00
-6.670650243759155273e-01
-1.446094661951065063e-01
-1.113848924636840820e+00
3.757709562778472900e-01
-7.700852304697036743e-02
5.466715618968009949e-02
1.866010427474975586e+00
-2.608509540557861328e+00
-5.062335729598999023e-01
1.047562360763549805e+00
-1.154628396034240723e+00
2.455211877822875977e+00
-1.072875976562500000e+00
-1.513812392950057983e-01
-8.954905867576599121e-01
-8.461030721664428711e-01
-1.354233622550964355e-01
-7.285894155502319336e-01
-2.222098350524902344e+00
1.211911514401435852e-01
-1.794929027557373047e+00
8.692280650138854980e-01
-1.014095783233642578e+00
-1.118027806282043457e+00
1.007738947868347168e+00
-4.712897241115570068e-01
-9.635361433029174805e-01
1.883755922317504883e+00
-1.857391715049743652e+00
-1.321206688880920410e+00
-6.788518428802490234e-01
-9.622795581817626953e-01
1.678050756454467773e+00
