8.463702797889709473e-01
-2.695407271385192871e-01
5.410745143890380859e-01
-2.427634477615356445e+00
-9.703776836395263672e-01
-5.211408734321594238e-01
1.637816190719604492e+00
1.592154741287231445e+00
-3.169699907302856445e+00
-1.954152286052703857e-01
9.616177678108215332e-01
3.140047788619995117e+00
2.253440618515014648e+00
-1.027922868728637695e+00
-2.976334281265735626e-02
-1.496973872184753418e+00
4.105529934167861938e-02
1.039760708808898926e+00
-9.833766222000122070e-01
-9.140400886535644531e-01
-2.125478833913803101e-01
1.828744113445281982e-01
3.426066935062408447e-01
3.509359598159790039e+00
-1.414924025535583496e+00
9.105928540229797363e-01
-1.585941314697265625e+00
-1.559231877326965332e+00
8.480178117752075195e-01
4.934593737125396729e-01
-1.592827081680297852e+00
-1.860026836395263672e+00
-2.824045121669769287e-01
-6.282189488410949707e-01
6.083512902259826660e-01
1.821096658706665039e+00
-5.359733104705810547e-01
5.191566348075866699e-01
1.487532407045364380e-01
-8.841943740844726562e-01
9.815565943717956543e-01
-1.089161396026611328e+00
1.583802819252014160e+00
-3.733355700969696045e-01
-4.499201476573944092e-01
-5.837055444717407227e-01
-3.749605417251586914e-01
5.475123524665832520e-01
7.407880388200283051e-03
-2.315915003418922424e-02
1.392885088920593262e+00
4.717319607734680176e-01
4.803288877010345459e-01
1.078095674514770508e+00
-2.206812500953674316e-01
1.376874446868896484e+00
-5.120647698640823364e-02
5.586268845945596695e-03
-2.791657745838165283e-01
-2.941383421421051025e-01
4.256007969379425049e-01
2.703412175178527832e-01
-5.084222555160522461e-01
-1.039561748504638672e+00
-1.877197623252868652e+00
-2.936830759048461914e+00
8.508450388908386230e-01
4.878844320774078369e-01
1.935630440711975098e-01
-3.396784365177154541e-01
7.982643246650695801e-01
1.988410949707031250e+00
6.667379736900329590e-01
-5.988189578056335449e-01
-1.540450930595397949e+00
-4.216876924037933350e-01
-1.077517032623291016e+00
2.885181903839111328e-01
-2.114401578903198242e+00
-1.131588578224182129e+00
-9.008675217628479004e-01
1.627039670944213867e+00
2.035794258117675781e+00
-6.565544009208679199e-01
2.983307361602783203e+00
1.335148453712463379e+00
-6.866313815116882324e-01
9.681476950645446777e-01
-1.608862161636352539e+00
-2.999645657837390900e-02
5.269874334335327148e-01
-3.645389080047607422e-01
-2.473905384540557861e-01
4.910449981689453125e-01
4.510361328721046448e-02
-5.547748804092407227e-01
1.006422042846679688e+00
-8.567684292793273926e-01
1.249054312705993652e+00
-1.182888150215148926e-01
2.029690027236938477e+00
2.460686024278402328e-03
-1.771160483360290527e+00
-6.810043454170227051e-01
-8.148955702781677246e-01
-9.715648740530014038e-02
-1.119996666908264160e+00
1.774081289768218994e-01
7.580226063728332520e-01
-2.471116065979003906e+00
-4.889499545097351074e-01
-1.331432819366455078e+00
-8.261514306068420410e-01
-6.414907574653625488e-01
1.217692136764526367e+00
-9.803503155708312988e-01
1.379351168870925903e-01
-2.348540306091308594e+00
-2.788727521896362305e+00
2.076300621032714844e+00
7.200630307197570801e-01
5.136317387223243713e-02
2.676246404647827148e+00
1.995949029922485352e+00
-3.612701296806335449e-01
1.533756554126739502e-01
4.208045303821563721e-01
1.639200150966644287e-01
