9.360690712928771973e-01
-1.688688516616821289e+00
-2.504016160964965820e-01
4.126275181770324707e-01
3.123563051223754883e+00
4.386347532272338867e-01
-7.452368140220642090e-01
-2.923292815685272217e-01
-9.129230976104736328e-01
5.942967534065246582e-01
-1.012398958206176758e+00
1.254892945289611816e+00
2.535277009010314941e-01
-3.433736324310302734e+00
-1.551978468894958496e+00
-1.328295469284057617e+00
-2.418986707925796509e-02
1.947421789169311523e+00
-1.897053956985473633e+00
7.746674418449401855e-01
-1.160515904426574707e+00
-8.638727068901062012e-01
7.937561869621276855e-01
4.009513258934020996e-01
-1.659749507904052734e+00
-8.601435422897338867e-01
6.198605298995971680e-01
-5.760816335678100586e-01
3.801054358482360840e-01
-2.686816733330488205e-03
-6.667928099632263184e-01
1.144859313964843750e+00
-2.077179193496704102e+00
5.151982307434082031e-01
2.454539835453033447e-01
9.137632250785827637e-01
1.234087467193603516e+00
-6.080225110054016113e-01
6.823500245809555054e-02
1.404321193695068359e+00
3.751342296600341797e-01
1.057771295309066772e-01
1.591895699501037598e+00
-5.407476425170898438e-01
1.434801578521728516e+00
-2.246755361557006836e+00
-1.374331831932067871e+00
-1.074694752693176270e+00
8.264628052711486816e-01
-7.034734487533569336e-01
1.633572727441787720e-01
-1.837278902530670166e-01
-7.714632749557495117e-01
3.220157921314239502e-01
-5.116718411445617676e-01
1.672792077064514160e+00
2.348538041114807129e-01
1.525506258010864258e+00
1.612993359565734863e+00
1.037031561136245728e-01
2.547308243811130524e-02
1.893428802490234375e+00
-1.021187901496887207e+00
-4.836837351322174072e-01
-2.285414695739746094e+00
-1.113563656806945801e+00
-7.079386115074157715e-01
1.044153332710266113e+00
-1.014819860458374023e+00
-4.469770491123199463e-01
6.225708127021789551e-01
-2.365407347679138184e-01
2.129735708236694336e+00
4.028531312942504883e-01
-6.271713376045227051e-01
-3.297064006328582764e-01
-1.914698004722595215e+00
2.101686716079711914e+00
-1.948367357254028320e-01
-1.584184050559997559e+00
-8.320488333702087402e-01
-8.105011284351348877e-02
8.056915402412414551e-01
8.388836979866027832e-01
-1.210721582174301147e-01
5.677481293678283691e-01
-4.831046164035797119e-01
-2.125103235244750977e+00
1.052647471427917480e+00
-1.878756433725357056e-01
8.045791983604431152e-01
2.776184119284152985e-02
-1.896045327186584473e+00
-2.929282374680042267e-02
-5.740329623222351074e-01
2.207316637039184570e+00
1.170400381088256836e+00
-8.675706386566162109e-01
-4.971113801002502441e-01
-3.647639602422714233e-02
-5.996869206428527832e-01
1.561705917119979858e-01
-4.786984026432037354e-01
4.556737095117568970e-02
-4.809211194515228271e-01
8.608423471450805664e-01
3.548308312892913818e-01
-2.184453606605529785e-01
2.765177249908447266e+00
-2.155738353729248047e+00
7.499396800994873047e-01
5.377581715583801270e-01
3.532673716545104980e-01
5.195891857147216797e-01
6.666429042816162109e-01
-8.592428565025329590e-01
8.851521462202072144e-02
-2.002231597900390625e+00
2.779327332973480225e-01
8.856294155120849609e-01
-3.413843512535095215e-01
-5.438639521598815918e-01
3.450526714324951172e+00
2.118637561798095703e+00
-9.150458574295043945e-01
-8.920043110847473145e-01
-9.473270177841186523e-01
4.023955464363098145e-01
