-1.391570866107940674e-01
-1.343143463134765625e+00
-2.217856496572494507e-01
-3.036655718460679054e-03
-5.762851610779762268e-02
1.358323693275451660e+00
-1.397071957588195801e+00
-7.629475593566894531e-01
7.222597002983093262e-01
-2.584935665130615234e+00
-4.725440144538879395e-01
-4.449625015258789062e-01
7.804074883460998535e-01
-7.273769378662109375e-01
-2.433387003839015961e-02
1.850537061691284180e+00
9.999765157699584961e-01
-1.791315436363220215e+00
-4.725728332996368408e-01
1.268175244331359863e+00
1.608360052108764648e+00
1.021156668663024902e+00
-1.995110958814620972e-01
1.880404710769653320e+00
-1.977026343345642090e+00
7.571198046207427979e-02
2.016347795724868774e-01
-5.527918338775634766e-01
2.137604355812072754e-02
4.961569607257843018e-01
-1.391528248786926270e-01
-9.124182462692260742e-01
6.862679719924926758e-01
-1.063998937606811523e+00
-5.906935334205627441e-01
1.105757117271423340e+00
3.413557112216949463e-01
-4.895619116723537445e-03
-1.438223481178283691e+00
3.889990150928497314e-01
-2.710414171218872070e+00
8.674433827400207520e-01
1.016911149024963379e+00
2.258788585662841797e+00
1.246008157730102539e+00
2.445102453231811523e+00
1.072074651718139648e+00
3.950566649436950684e-01
-2.521196380257606506e-02
-7.295452952384948730e-01
-1.400135397911071777e+00
8.493466377258300781e-01
-1.793509602546691895e+00
-1.545451760292053223e+00
1.395538568496704102e+00
6.455845832824707031e-01
-6.614995598793029785e-01
2.880273342132568359e+00
2.072280168533325195e+00
5.392410159111022949e-01
-3.155124664306640625e+00
-8.444889783859252930e-01
-9.683215022087097168e-01
3.271337747573852539e-01
-8.987523913383483887e-01
-1.096428155899047852e+00
1.622263714671134949e-02
2.543305158615112305e+00
2.296512722969055176e-01
2.206534892320632935e-01
-1.426108241081237793e+00
-1.004273071885108948e-01
7.741730809211730957e-01
2.142948627471923828e+00
1.945708841085433960e-01
-2.635708332061767578e+00
5.669690202921628952e-03
2.869855165481567383e-01
6.391274929046630859e-01
3.038843870162963867e-01
5.527498126029968262e-01
-8.828334808349609375e-01
-1.344069361686706543e+00
7.348510026931762695e-01
1.519159376621246338e-01
1.178749352693557739e-01
4.951238930225372314e-01
3.862791061401367188e-01
-1.225250720977783203e+00
-1.554919183254241943e-01
1.544428586959838867e+00
-2.854001283645629883e+00
1.495108962059020996e+00
1.200001001358032227e+00
1.063557624816894531e+00
-2.187217235565185547e+00
1.899202466011047363e-01
-1.421101242303848267e-01
-1.927104949951171875e+00
1.699406027793884277e+00
-2.037055194377899170e-01
-3.315384387969970703e-01
-2.611533105373382568e-01
-1.935709595680236816e+00
-1.338311076164245605e+00
4.645447060465812683e-02
-7.083748579025268555e-01
-2.813792526721954346e-01
5.739530324935913086e-01
-1.175584554672241211e+00
1.662639826536178589e-01
1.832915544509887695e+00
-1.436888337135314941e+00
-5.833116769790649414e-01
-8.259311914443969727e-01
2.267563343048095703e-01
1.598150968551635742e+00
2.613531351089477539e-01
1.712490677833557129e+00
-1.175673604011535645e+00
-4.670926630496978760e-01
-4.194903373718261719e-01
-5.582435131072998047e-01
7.187557220458984375e-01
-7.187954783439636230e-01
-1.254188776016235352e+00
-7.303958535194396973e-01
1.365107536315917969e+00
