1.080753207206726074e+00
4.179196059703826904e-01
6.463623642921447754e-01
1.264572978019714355e+00
8.120267987251281738e-01
4.466401934623718262e-01
1.375380903482437134e-02
-5.728752613067626953e-01
-4.188204705715179443e-01
8.886709809303283691e-02
-2.006504535675048828e+00
-6.662428379058837891e-01
2.158640146255493164e+00
8.005918860435485840e-01
7.854508161544799805e-01
8.951359391212463379e-01
-5.323566794395446777e-01
1.300069332122802734e+00
2.115142941474914551e-01
2.832553982734680176e-01
1.625146903097629547e-02
-2.014262199401855469e+00
-1.153051257133483887e+00
3.052636146545410156e+00
-1.038664057850837708e-01
1.406962633132934570e+00
5.306738615036010742e-01
-7.308127284049987793e-01
-8.927521854639053345e-02
7.655303478240966797e-01
3.070635497570037842e-01
-8.697417974472045898e-01
-8.055303692817687988e-01
9.659287333488464355e-01
-1.425709128379821777e+00
6.421185731887817383e-01
-4.475341737270355225e-01
5.123659372329711914e-01
7.540626525878906250e-01
1.720218300819396973e+00
8.747846633195877075e-02
-9.215482473373413086e-01
1.075578927993774414e+00
1.121413230895996094e+00
-4.075420498847961426e-01
6.971220672130584717e-02
-8.738415837287902832e-01
-4.044266641139984131e-01
-6.704776883125305176e-01
-5.039049386978149414e-01
7.375569343566894531e-01
4.954964220523834229e-01
-1.273314714431762695e+00
5.262606739997863770e-01
4.345920979976654053e-01
-3.408536016941070557e-01
1.935681819915771484e+00
-4.190197288990020752e-01
1.100096702575683594e+00
1.082386255264282227e+00
9.625405669212341309e-01
8.475169539451599121e-01
2.723851680755615234e+00
7.340284585952758789e-01
-6.926230192184448242e-01
-7.082256674766540527e-01
-4.896552264690399170e-01
2.206983327865600586e+00
1.487020969390869141e+00
-1.256933808326721191e-01
1.144868016242980957e+00
-4.203026890754699707e-01
-1.186945676803588867e+00
1.198431253433227539e+00
-9.628966450691223145e-02
-1.531340360641479492e+00
-1.713428020477294922e+00
-1.403617262840270996e+00
3.899633884429931641e-01
2.926056087017059326e-01
1.512009978294372559e+00
2.788782417774200439e-01
-1.241957783699035645e+00
-3.782195746898651123e-01
1.427293062210083008e+00
6.167177557945251465e-01
-1.739714026451110840e+00
-3.297306597232818604e-01
-2.819718420505523682e-01
1.794009357690811157e-01
9.166539311408996582e-01
-2.819921255111694336e+00
-1.712967395782470703e+00
9.675233960151672363e-01
-1.321587324142456055e+00
-1.361762881278991699e+00
1.462967276573181152e+00
-1.572126865386962891e+00
-1.210192799568176270e+00
-8.248720765113830566e-01
-2.590695142745971680e+00
-6.890376806259155273e-01
2.921563088893890381e-01
2.240585327148437500e+00
-1.257806062698364258e+00
-6.995003819465637207e-01
-3.390446901321411133e-01
1.594296097755432129e-01
1.061788678169250488e+00
-3.126133680343627930e-01
-2.029893875122070312e+00
1.371942758560180664e+00
-6.642064452171325684e-01
-9.394936561584472656e-01
2.321575134992599487e-01
-1.781507134437561035e+00
1.658230781555175781e+00
1.072339057922363281e+00
-6.998043060302734375e-01
-1.453377366065979004e+00
-2.466940402984619141e+00
-3.285105824470520020e-01
-2.416117340326309204e-01
-4.369954764842987061e-01
-1.072377324104309082e+00
3.384324908256530762e-01
-2.743355512619018555e+00
-2.711194157600402832e-01
