-2.610598504543304443e-01
1.591411948204040527e+00
-4.945804774761199951e-01
5.367687940597534180e-01
7.720608711242675781e-01
-2.371709644794464111e-01
-9.744483232498168945e-01
8.948265314102172852e-01
-1.206203699111938477e+00
-4.276284277439117432e-01
6.625826954841613770e-01
2.353031396865844727e+00
-9.272695779800415039e-01
-1.293892383575439453e+00
1.926059961318969727e+00
6.369166374206542969e-01
4.495671764016151428e-02
5.392226576805114746e-01
1.182207942008972168e+00
-1.932052373886108398e-01
-6.929610967636108398e-01
1.353074669837951660e+00
-3.920365571975708008e-01
1.747798442840576172e+00
-1.807866096496582031e+00
7.320656776428222656e-01
-1.081212997436523438e+00
6.982092857360839844e-01
1.496979951858520508e+00
3.279660940170288086e-01
-1.781120896339416504e+00
-1.145488023757934570e+00
-1.807958960533142090e+00
-3.193442225456237793e-01
-7.478297948837280273e-01
-9.031313061714172363e-01
5.855563879013061523e-01
-2.387079000473022461e+00
-3.192432224750518799e-01
-3.077435016632080078e+00
4.153994023799896240e-01
8.101880550384521484e-01
1.960085272789001465e+00
1.451968312263488770e+00
-1.327842235565185547e+00
2.417571842670440674e-01
-7.141797542572021484e-01
3.078947782516479492e+00
-8.589515089988708496e-02
2.632546663284301758e+00
3.712404072284698486e-01
3.844289481639862061e-01
-1.331948876380920410e+00
-1.905221462249755859e+00
-8.303695917129516602e-01
1.871019005775451660e-01
9.513263702392578125e-01
5.574466586112976074e-01
-2.169816970825195312e+00
1.559274792671203613e+00
3.194787800312042236e-01
2.488650321960449219e+00
2.543890476226806641e-01
6.071287989616394043e-01
1.553266882896423340e+00
-1.194652318954467773e-01
-5.172859430313110352e-01
-7.469289749860763550e-02
1.021672725677490234e+00
1.885239243507385254e+00
1.018269300460815430e+00
1.026134252548217773e+00
1.478465646505355835e-01
3.705627918243408203e-01
1.213684156537055969e-01
-2.856297969818115234e+00
2.301063776016235352e+00
-8.823276162147521973e-01
1.426288485527038574e+00
-2.656923532485961914e+00
9.925444722175598145e-01
-1.983360528945922852e+00
6.786034107208251953e-01
-1.227087378501892090e+00
-4.131046235561370850e-01
-6.199792027473449707e-01
1.935122311115264893e-01
5.489011108875274658e-02
6.176701784133911133e-01
9.841451644897460938e-01
1.397095322608947754e+00
-1.003263592720031738e+00
1.635035872459411621e+00
6.638249754905700684e-02
-1.197548031806945801e+00
-1.845803499221801758e+00
1.317495822906494141e+00
4.649845957756042480e-01
-1.537166595458984375e+00
3.022994101047515869e-01
-1.446026265621185303e-01
2.689871490001678467e-01
4.401741623878479004e-01
1.138773113489151001e-01
1.431728124618530273e+00
-3.043416440486907959e-01
-1.416943430900573730e+00
2.579774558544158936e-01
-1.013478994369506836e+00
-8.896002769470214844e-01
-9.629889726638793945e-01
-3.720230758190155029e-01
-2.006743907928466797e+00
-2.532250881195068359e+00
8.467693328857421875e-01
-3.602842688560485840e-01
6.984609961509704590e-01
1.542881131172180176e+00
-2.489852905273437500e+00
-1.118948817253112793e+00
-1.280251264572143555e+00
-1.944816857576370239e-02
5.377120375633239746e-01
-1.680467009544372559e+00
7.823703289031982422e-01
1.954013705253601074e-01
-2.467845201492309570e+00
5.702664852142333984e-01
