9.692651629447937012e-01
-1.633059144020080566e+00
1.027443408966064453e+00
-1.534323096275329590e-01
-3.247905671596527100e-01
6.172593235969543457e-01
3.853079676628112793e-01
-8.666538447141647339e-02
-1.203578352928161621e+00
1.154973626136779785e+00
-2.039809226989746094e+00
6.163905933499336243e-02
1.028274297714233398e+00
3.155717849731445312e-01
-2.143210411071777344e+00
5.996692180633544922e-01
4.491970837116241455e-01
1.402064204216003418e+00
-4.297001659870147705e-01
1.531145811080932617e+00
9.559323787689208984e-01
-2.672563791275024414e-01
1.298644691705703735e-01
-4.445360228419303894e-02
-2.162138372659683228e-01
-5.565065145492553711e-01
-1.680652976036071777e+00
-2.998397648334503174e-01
-4.139844775199890137e-01
8.604655861854553223e-01
-3.015054948627948761e-02
-7.821024060249328613e-01
-9.769170880317687988e-01
9.892791509628295898e-01
2.046699047088623047e+00
5.461117625236511230e-01
5.794609189033508301e-01
9.416335821151733398e-01
-1.580471754074096680e+00
-4.683306906372308731e-03
1.424390077590942383e+00
4.018054604530334473e-01
1.914148926734924316e+00
6.849735379219055176e-01
1.671888977289199829e-01
-2.812347412109375000e+00
6.006776690483093262e-01
1.599536776542663574e+00
-3.800325691699981689e-01
2.073965311050415039e+00
7.126600742340087891e-01
-1.319122672080993652e+00
8.869196176528930664e-01
1.218850851058959961e+00
1.314664006233215332e+00
-1.636309742927551270e+00
-7.572571635246276855e-01
4.872471392154693604e-01
-1.645544052124023438e+00
2.264153718948364258e+00
1.900985002517700195e+00
-2.406623125076293945e+00
2.379746586084365845e-01
1.458620309829711914e+00
2.064469575881958008e+00
-6.360858678817749023e-01
-4.889208674430847168e-01
-3.005763888359069824e-01
-1.135614633560180664e+00
1.502411246299743652e+00
-9.749355912208557129e-02
-1.207836389541625977e+00
-8.161029815673828125e-01
7.267210483551025391e-01
-1.278406500816345215e+00
-5.551297664642333984e-01
1.953975677490234375e+00
-1.962267160415649414e+00
-1.294895648956298828e+00
-4.710519611835479736e-01
-1.840190738439559937e-01
-1.339169740676879883e+00
8.600691556930541992e-01
-4.355534613132476807e-01
1.651698470115661621e+00
4.390729069709777832e-01
3.957486450672149658e-01
2.368125915527343750e+00
-6.847308874130249023e-01
-1.520992040634155273e+00
4.823710620403289795e-01
-1.947764873504638672e+00
-9.980956912040710449e-01
1.927598267793655396e-01
-2.118747830390930176e-01
2.195903778076171875e+00
1.154125213623046875e+00
-1.174943327903747559e+00
-1.637016057968139648e+00
1.816058516502380371e+00
4.976940751075744629e-01
1.577116727828979492e+00
-2.223020046949386597e-02
6.096942424774169922e-01
-1.657174706459045410e+00
-4.640609920024871826e-01
-2.308749675750732422e+00
3.920279443264007568e-01
-2.208798974752426147e-01
-1.362190604209899902e+00
1.417932033538818359e+00
5.076923593878746033e-02
-6.062518954277038574e-01
2.667599320411682129e-01
1.161152482032775879e+00
-2.079943180084228516e+00
1.204818129539489746e+00
-1.437081694602966309e+00
-7.592884898185729980e-01
-1.017001628875732422e+00
-1.835441291332244873e-01
-5.551090836524963379e-02
-2.145392894744873047e+00
-8.920935988426208496e-01
-1.023042559623718262e+00
-2.536362171173095703e+00
1.257844209671020508e+00
-2.850243151187896729e-01
