1.286478161811828613e+00
-1.208389878273010254e+00
-1.443515568971633911e-01
-6.462532281875610352e-02
8.044097423553466797e-01
-2.424838095903396606e-01
-3.767803013324737549e-01
3.576423525810241699e-01
3.223815560340881348e-01
-2.400586158037185669e-01
-1.972316026687622070e+00
-1.013566702604293823e-01
1.270091295242309570e+00
-1.264785289764404297e+00
-1.676587104797363281e+00
-1.697902441024780273e+00
-3.454909622669219971e-01
2.924135029315948486e-01
-1.435401320457458496e+00
2.092140018939971924e-01
1.233417272567749023e+00
5.609258413314819336e-01
1.098638415336608887e+00
5.724756717681884766e-01
-1.154139995574951172e+00
8.821689486503601074e-01
1.697086691856384277e+00
-2.096805334091186523e+00
-2.865805029869079590e-01
2.650761306285858154e-01
9.419724941253662109e-01
1.033675312995910645e+00
-9.186269640922546387e-01
-5.753783583641052246e-01
1.202700212597846985e-01
2.807230234146118164e+00
3.061633110046386719e+00
-2.872098684310913086e+00
-2.012814730405807495e-01
2.364509552717208862e-01
1.326753616333007812e+00
-4.143175482749938965e-01
1.640438318252563477e+00
1.143757551908493042e-01
-4.739674031734466553e-01
-2.264505624771118164e+00
-9.855128526687622070e-01
-3.804548084735870361e-01
8.012315630912780762e-01
-3.455632030963897705e-01
-2.767745964229106903e-02
-7.141996026039123535e-01
5.951977372169494629e-01
2.770851552486419678e-01
1.089236289262771606e-01
-7.614932060241699219e-01
-6.323684453964233398e-01
1.261384367942810059e+00
2.277220487594604492e+00
8.988827466964721680e-02
1.374696612358093262e+00
2.220027148723602295e-01
1.497197270393371582e+00
-9.423971176147460938e-01
-2.911797761917114258e-01
-5.409645438194274902e-01
-3.310006558895111084e-01
-1.318879485130310059e+00
-1.487418293952941895e+00
6.178017854690551758e-01
1.095514297485351562e+00
-6.388394236564636230e-01
1.328779757022857666e-01
5.162171125411987305e-01
-1.568174481391906738e+00
-1.247844219207763672e+00
-4.901750683784484863e-01
9.912425875663757324e-01
1.868626773357391357e-01
-1.058666229248046875e+00
-1.241445660591125488e+00
-5.465810298919677734e-01
1.496088385581970215e+00
7.166883349418640137e-01
-4.873909354209899902e-01
2.672097682952880859e-01
4.856914579868316650e-01
-1.656174808740615845e-01
-1.847451567649841309e+00
6.208926439285278320e-01
7.409896254539489746e-01
-1.372986793518066406e+00
-1.602084875106811523e+00
5.422543287277221680e-01
1.130321860313415527e+00
1.959526777267456055e+00
3.734415471553802490e-01
3.156248629093170166e-01
-1.201141357421875000e+00
7.512474656105041504e-01
6.894542574882507324e-01
1.631248593330383301e+00
-4.411634802818298340e-01
-7.796295881271362305e-01
1.809455037117004395e+00
-7.216336131095886230e-01
-1.975539088249206543e+00
-7.923493981361389160e-01
1.985414862632751465e+00
-2.442223310470581055e+00
3.850764334201812744e-01
6.046638488769531250e-01
-1.537441462278366089e-02
4.043494224548339844e+00
-2.216695547103881836e-01
-4.559914171695709229e-01
-3.122979402542114258e-01
-1.959305524826049805e+00
8.992537260055541992e-01
3.236515820026397705e-01
-2.908586263656616211e-01
-5.422188043594360352e-01
3.491254448890686035e-01
-1.841034889221191406e+00
-8.147785067558288574e-01
-6.539203524589538574e-01
-8.030619025230407715e-01
6.419486999511718750e-01
