1.272550821304321289e+00
4.276051223278045654e-01
-1.207789063453674316e+00
-2.417988777160644531e+00
3.626181781291961670e-01
3.618076816201210022e-02
-4.206971824169158936e-01
-2.616817951202392578e-01
-1.796739459037780762e+00
-1.714953184127807617e+00
-7.983176708221435547e-01
1.033781409263610840e+00
-8.529808521270751953e-01
-2.322978019714355469e+00
-6.319181919097900391e-01
-1.841931343078613281e+00
1.037725448608398438e+00
8.935729414224624634e-02
-1.340273141860961914e+00
1.498676419258117676e+00
-1.765502691268920898e+00
-8.477050065994262695e-01
2.069959193468093872e-01
3.369626998901367188e+00
-4.633658528327941895e-01
1.114953398704528809e+00
2.486347407102584839e-01
-1.860387563705444336e+00
1.106807947158813477e+00
-2.289104163646697998e-01
-8.513112068176269531e-01
-1.150583386421203613e+00
-1.435470879077911377e-01
1.230900406837463379e+00
1.786850810050964355e+00
1.011693596839904785e+00
1.757523268461227417e-01
-4.386515170335769653e-02
-3.731125295162200928e-01
1.927167773246765137e-01
7.179026603698730469e-01
2.824229001998901367e-01
1.885208934545516968e-01
1.654603034257888794e-01
1.932216525077819824e+00
-1.110478997230529785e+00
1.220371246337890625e+00
5.781997442245483398e-01
2.079521179199218750e+00
-3.285184800624847412e-01
8.234385251998901367e-01
-2.777004837989807129e-01
-2.002275466918945312e+00
1.579058766365051270e+00
8.133630752563476562e-01
6.919153928756713867e-01
8.924661874771118164e-01
8.224194645881652832e-01
3.425678014755249023e-01
1.381790637969970703e+00
-1.237686395645141602e+00
3.636397793889045715e-02
3.834481537342071533e-01
1.385485887527465820e+00
-7.464039921760559082e-01
-3.541227102279663086e+00
1.834604144096374512e+00
-4.174206256866455078e-01
1.243979454040527344e+00
8.659775257110595703e-01
4.117210209369659424e-01
1.613186240196228027e+00
-7.713895440101623535e-01
9.362218528985977173e-02
-1.667301803827285767e-01
-1.734562158584594727e+00
-1.955955028533935547e-01
1.779477238655090332e+00
-1.043923974037170410e+00
-2.611552953720092773e+00
-1.547544360160827637e+00
8.587451577186584473e-01
-4.364060163497924805e-01
1.180740594863891602e+00
1.888485908508300781e+00
3.160076379776000977e+00
-2.300950765609741211e+00
-9.810043573379516602e-01
-1.308156102895736694e-01
-3.362329900264739990e-01
3.193753242492675781e+00
-2.511490583419799805e+00
-1.687962889671325684e+00
7.461249083280563354e-02
-4.209078848361968994e-01
7.675588726997375488e-01
-1.088102340698242188e+00
-3.881376683712005615e-01
1.245704412460327148e+00
5.850878953933715820e-01
6.280926614999771118e-02
-5.422081947326660156e-01
-1.023536920547485352e+00
1.025532245635986328e+00
-1.134222149848937988e+00
-1.394260644912719727e+00
-1.505174756050109863e+00
1.499535590410232544e-01
1.403714299201965332e+00
-9.753352999687194824e-01
8.193864822387695312e-01
-1.814098238945007324e+00
1.139186024665832520e+00
1.369031548500061035e+00
-1.249766945838928223e+00
5.892564058303833008e-01
-7.838571667671203613e-01
1.393424272537231445e+00
-3.456270694732666016e-01
1.597398042678833008e+00
-1.540433645248413086e+00
-2.073616981506347656e+00
1.353009700775146484e+00
-7.052466273307800293e-02
3.103800117969512939e-01
2.520952224731445312e-01
1.077008724212646484e+00
-6.960874199867248535e-01
