1.058940768241882324e+00
2.242720872163772583e-01
-8.478115797042846680e-01
3.691619038581848145e-01
-5.992941260337829590e-01
-1.138703584671020508e+00
-4.968127906322479248e-01
5.976234078407287598e-01
-3.112452030181884766e+00
-2.049833059310913086e+00
1.156229972839355469e+00
-1.657078981399536133e+00
-2.012088537216186523e+00
-2.387750893831253052e-01
-1.333954453468322754e+00
1.445142388343811035e+00
2.316357344388961792e-01
5.058696269989013672e-01
-1.028341725468635559e-01
5.461501479148864746e-01
1.422810316085815430e+00
-3.587170243263244629e-01
-1.776477217674255371e+00
-2.410090416669845581e-01
-2.166868448257446289e+00
1.724493622779846191e+00
4.169847488403320312e+00
-6.321153044700622559e-01
3.104879856109619141e+00
-1.933278739452362061e-01
1.768826544284820557e-01
-8.622474074363708496e-01
-9.631434679031372070e-01
-7.371158599853515625e-01
-3.917702734470367432e-01
1.486652731895446777e+00
1.068017840385437012e+00
-1.710383057594299316e+00
-1.820537745952606201e-01
-1.169348716735839844e+00
3.350962698459625244e-01
-8.763703703880310059e-01
4.880197644233703613e-01
9.975555539131164551e-01
-1.228659510612487793e+00
7.402355074882507324e-01
8.903647065162658691e-01
2.064663410186767578e+00
-5.920372009277343750e-01
1.555009961128234863e+00
-1.084330528974533081e-01
-1.215983271598815918e+00
-1.599401235580444336e+00
2.420137643814086914e+00
-9.439797401428222656e-01
-2.228474244475364685e-02
3.565355062484741211e+00
-1.163850307464599609e+00
3.956152871251106262e-02
1.746756136417388916e-01
4.875195771455764771e-02
6.292085647583007812e-01
1.134937107563018799e-01
1.460151433944702148e+00
1.949638366699218750e+00
-1.999197602272033691e+00
5.915729999542236328e-01
2.086033821105957031e+00
-1.012594580650329590e+00
1.007026314735412598e+00
-1.798794388771057129e+00
-1.129548907279968262e+00
1.343508720397949219e+00
1.089136004447937012e+00
6.646966338157653809e-01
-1.796456456184387207e+00
1.443025231361389160e+00
-4.403883814811706543e-01
8.403016924858093262e-01
-1.116688132286071777e+00
1.354936838150024414e+00
-8.669777512550354004e-01
6.049550175666809082e-01
6.373681873083114624e-02
3.434224724769592285e-01
-4.601744189858436584e-02
-1.104150176048278809e+00
-1.270269274711608887e+00
-1.087872505187988281e+00
9.748955965042114258e-01
-1.236094355583190918e+00
-1.538067102432250977e+00
-1.522586107254028320e+00
1.557390570640563965e+00
5.207640528678894043e-01
1.560397267341613770e+00
7.806256413459777832e-01
-4.511540830135345459e-01
2.014770030975341797e+00
8.358479738235473633e-01
-1.555615186691284180e+00
-1.406151413917541504e+00
-1.731212019920349121e+00
1.282402753829956055e+00
1.932743668556213379e+00
-4.752523824572563171e-02
-1.520211696624755859e+00
-1.761072278022766113e+00
-8.013358712196350098e-02
-1.976877093315124512e+00
1.248887062072753906e+00
1.310057044029235840e+00
3.252306282520294189e-01
-1.087242126464843750e+00
-3.160648107528686523e+00
3.331156969070434570e-01
3.441078066825866699e-01
1.048677802085876465e+00
-1.467082977294921875e+00
-1.759867817163467407e-01
-3.918612301349639893e-01
-1.204508066177368164e+00
8.790381550788879395e-01
6.876631081104278564e-02
1.104739159345626831e-01
-1.268676161766052246e+00
7.568774819374084473e-01
8.560563921928405762e-01
