1.421225666999816895e+00
3.093966655433177948e-02
3.531955480575561523e-01
-1.326986700296401978e-01
-1.707485914230346680e+00
1.654559254646301270e+00
2.704573631286621094e+00
3.612810075283050537e-01
-3.407238006591796875e+00
-1.646996259689331055e+00
-3.965337276458740234e-01
-5.552765727043151855e-01
2.564409971237182617e+00
-2.286182641983032227e+00
-1.961088329553604126e-01
-7.949286103248596191e-01
-7.912154197692871094e-01
4.815463125705718994e-01
-7.673296332359313965e-01
1.095826148986816406e+00
-8.478983640670776367e-01
4.943996369838714600e-01
-9.145297408103942871e-01
2.307510375976562500e+00
-9.882017374038696289e-01
1.007420301437377930e+00
9.504399895668029785e-01
-5.373890399932861328e-01
-1.355025291442871094e+00
7.980976700782775879e-01
-1.377101302146911621e+00
-6.670316457748413086e-01
2.051425874233245850e-01
-1.951146841049194336e+00
5.414941906929016113e-01
9.101211428642272949e-01
-4.003960788249969482e-01
1.374559998512268066e+00
1.209934592247009277e+00
-1.754150271415710449e+00
6.809627413749694824e-01
-1.872161626815795898e+00
9.533933401107788086e-01
2.463768482208251953e+00
-9.544431567192077637e-01
-5.830602645874023438e-01
-1.338215321302413940e-01
2.479849100112915039e+00
-1.066114902496337891e+00
-1.830218076705932617e+00
-7.387841939926147461e-01
-1.307434797286987305e+00
1.056618571281433105e+00
-1.411788016557693481e-01
-3.305432498455047607e-01
2.225680649280548096e-01
-1.549374964088201523e-02
1.033327698707580566e+00
6.807059645652770996e-01
1.747074842453002930e+00
2.303800582885742188e+00
-4.078653454780578613e-01
-8.676739782094955444e-02
-3.014160692691802979e-01
-3.083957433700561523e-01
-2.660642623901367188e+00
7.599079012870788574e-01
1.088346719741821289e+00
1.241446256637573242e+00
4.806827902793884277e-01
6.013451218605041504e-01
1.529227852821350098e+00
1.183633089065551758e+00
6.982849240303039551e-01
-2.571939229965209961e-01
-2.284766435623168945e+00
-2.442744821310043335e-01
-4.664441645145416260e-01
-2.115752249956130981e-01
-7.829868197441101074e-01
-5.181745290756225586e-01
9.366403818130493164e-01
5.349513888359069824e-01
-1.790041625499725342e-01
7.541136145591735840e-01
-1.143698930740356445e+00
-1.283072590827941895e+00
-4.615336060523986816e-01
-2.153001785278320312e+00
1.348354697227478027e+00
5.567483901977539062e-01
-3.382183551788330078e+00
-1.319765686988830566e+00
1.637927144765853882e-01
1.153301119804382324e+00
6.301858425140380859e-01
2.416617155075073242e+00
-1.894067287445068359e+00
4.372827410697937012e-01
3.045160770416259766e-01
-8.479773253202438354e-02
-7.741366028785705566e-01
-1.925757765769958496e+00
8.267080187797546387e-01
2.452041625976562500e+00
2.213921785354614258e+00
1.868462264537811279e-01
1.050046205520629883e+00
1.527908563613891602e+00
-3.580943346023559570e-01
-1.700605601072311401e-01
1.485029816627502441e+00
-1.571610569953918457e+00
-1.817079186439514160e+00
-1.026858329772949219e+00
1.281659841537475586e+00
2.562776505947113037e-01
-1.673554062843322754e+00
-1.098810911178588867e+00
-1.006580114364624023e+00
-1.311920166015625000e+00
-3.540552556514739990e-01
2.046807050704956055e+00
6.880473494529724121e-01
-3.798289000988006592e-01
6.179622411727905273e-01
-7.622224092483520508e-01
4.894962906837463379e-02
