2.731097340583801270e-01
-9.348029494285583496e-01
9.955978393554687500e-01
6.366714239120483398e-01
9.621552824974060059e-01
-1.015344858169555664e+00
-1.893230199813842773e+00
1.979301571846008301e-01
7.746602296829223633e-01
-2.957667112350463867e-01
-3.787514269351959229e-01
2.054102897644042969e+00
1.786758154630661011e-01
-1.179519534111022949e+00
2.066714465618133545e-01
1.648294687271118164e+00
-7.200721502304077148e-01
3.695174157619476318e-01
-1.453149437904357910e+00
1.922495216131210327e-01
8.951008915901184082e-01
-2.328117042779922485e-01
-3.262632191181182861e-01
1.896223306655883789e+00
1.359389662742614746e+00
-1.990250051021575928e-01
-1.546192884445190430e+00
1.005752325057983398e+00
-3.968002796173095703e-01
2.380502074956893921e-01
-4.736579954624176025e-01
-3.560895621776580811e-01
-2.456128358840942383e+00
6.376706957817077637e-01
-2.093398094177246094e+00
9.672940969467163086e-01
-1.225224494934082031e+00
1.707383036613464355e+00
2.095292806625366211e+00
4.667129740118980408e-02
2.654538154602050781e+00
-1.411605954170227051e+00
1.149304032325744629e+00
1.939061641693115234e+00
1.961862742900848389e-01
5.926010012626647949e-01
2.133763313293457031e+00
8.489990234375000000e-01
-1.333778142929077148e+00
7.771054506301879883e-01
1.379840821027755737e-01
-2.605913877487182617e+00
1.783139824867248535e+00
3.646353483200073242e-01
1.289363622665405273e+00
-1.352272510528564453e+00
2.828234136104583740e-01
1.400961399078369141e+00
1.962940454483032227e+00
1.277706027030944824e+00
-4.242082536220550537e-01
-2.478900909423828125e+00
-9.021937847137451172e-01
-1.788511276245117188e-01
2.184954643249511719e+00
-3.725167810916900635e-01
8.176205754280090332e-01
2.698677778244018555e+00
8.187121748924255371e-01
8.451448082923889160e-01
3.973055481910705566e-01
1.292643785476684570e+00
-7.420283555984497070e-01
2.947342097759246826e-01
1.434824466705322266e+00
-1.384960412979125977e+00
-1.764962077140808105e+00
-1.017447948455810547e+00
-5.281106233596801758e-01
-2.061509847640991211e+00
4.171676933765411377e-02
-1.118360280990600586e+00
1.135433077812194824e+00
-9.946085810661315918e-01
4.155699312686920166e-01
3.965374827384948730e-01
-1.156838893890380859e+00
2.407548189163208008e+00
-1.010597586631774902e+00
4.315983355045318604e-01
4.809865355491638184e-01
5.971731543540954590e-01
1.187762692570686340e-01
2.786358594894409180e-01
-9.374099373817443848e-01
-1.927000522613525391e+00
-1.067001342773437500e+00
-3.469684720039367676e-01
-1.336377620697021484e+00
1.387945115566253662e-01
-2.553819119930267334e-01
3.041925907135009766e+00
-2.201006889343261719e+00
-1.281078934669494629e+00
-6.958487629890441895e-01
1.233365833759307861e-01
-2.202650785446166992e+00
-9.281462430953979492e-01
4.100558161735534668e-01
-2.414902210235595703e+00
-7.091628313064575195e-01
3.415433764457702637e-01
-1.762766987085342407e-01
-8.052880167961120605e-01
1.983028888702392578e+00
-2.636248767375946045e-01
-8.692320585250854492e-01
-2.181129217147827148e+00
4.843273162841796875e-01
2.425783723592758179e-01
-7.472360730171203613e-01
8.649800419807434082e-01
-1.571555256843566895e+00
-1.376013040542602539e+00
-4.527715146541595459e-01
-1.357104539871215820e+00
-1.435550153255462646e-01
1.082942485809326172e+00
