-3.701725244522094727e+00
2.800909578800201416e-01
-7.913535833358764648e-01
9.116229414939880371e-01
-4.741864204406738281e-01
-1.126941204071044922e+00
2.415938824415206909e-01
-1.005505800247192383e+00
1.105039641261100769e-01
-1.681020706892013550e-01
-4.564898014068603516e-01
7.929512113332748413e-02
-1.627939343452453613e+00
1.256465673446655273e+00
-1.017070651054382324e+00
-5.185843110084533691e-01
1.861742258071899414e+00
7.826704382896423340e-01
6.765445470809936523e-01
9.660640358924865723e-01
5.169729590415954590e-01
-2.475656509399414062e+00
-1.764508038759231567e-01
1.703647732734680176e+00
-1.463701844215393066e+00
2.470475584268569946e-01
1.104619622230529785e+00
-1.258827090263366699e+00
-1.777410149574279785e+00
-1.053897380828857422e+00
3.815642893314361572e-01
-2.358302026987075806e-01
4.558416008949279785e-01
9.492987990379333496e-01
2.686448335647583008e+00
1.309912651777267456e-01
1.242231369018554688e+00
6.162130832672119141e-01
3.806681334972381592e-01
-1.553339838981628418e+00
-1.240300655364990234e+00
-1.621673703193664551e-01
1.540129184722900391e+00
5.126008987426757812e-01
1.903735280036926270e+00
6.368160843849182129e-01
9.862009286880493164e-01
-4.457012400962412357e-04
1.006493687629699707e+00
3.014746606349945068e-01
-9.978779554367065430e-01
-8.110033869743347168e-01
7.373645901679992676e-01
-9.914529323577880859e-01
-1.462059140205383301e+00
-4.366251528263092041e-01
1.237183928489685059e+00
9.005696177482604980e-01
-3.244765996932983398e-01
2.877595901489257812e+00
5.628886222839355469e-01
3.051488101482391357e-01
3.285942077636718750e-01
5.141012072563171387e-01
1.122757494449615479e-01
-6.566310524940490723e-01
-8.337569832801818848e-01
-6.009087562561035156e-01
1.537068486213684082e+00
1.348918318748474121e+00
-3.369993567466735840e-01
-1.834975481033325195e+00
1.399806499481201172e+00
-3.161064982414245605e-01
-1.802159667015075684e+00
8.839944005012512207e-01
1.169473230838775635e-01
5.902538299560546875e-01
-1.725255250930786133e+00
-1.787207484245300293e+00
-1.186384439468383789e+00
-3.479697704315185547e+00
3.776693105697631836e+00
-1.347113370895385742e+00
1.765567660331726074e+00
3.142306953668594360e-02
-1.771373987197875977e+00
-6.468209624290466309e-01
1.235316395759582520e+00
2.186858177185058594e+00
-8.780509829521179199e-01
1.296463727951049805e+00
-7.347549777477979660e-03
9.969806671142578125e-01
5.173680782318115234e-01
4.348109364509582520e-01
1.632061839103698730e+00
6.523133516311645508e-01
-1.729153543710708618e-01
1.115047261118888855e-01
-3.068796396255493164e-01
2.565905451774597168e-01
9.272129535675048828e-01
1.933772325515747070e+00
3.317940950393676758e+00
3.076138794422149658e-01
-8.217331171035766602e-01
-6.394549012184143066e-01
-4.989147782325744629e-01
-2.181596755981445312e+00
-9.670159816741943359e-01
4.815703928470611572e-01
-6.154561042785644531e-01
2.244348078966140747e-01
-7.579990625381469727e-01
-9.398192167282104492e-01
-9.626455307006835938e-01
-3.525083959102630615e-01
-6.532709002494812012e-01
-5.370922684669494629e-01
-6.779602169990539551e-01
-5.600602030754089355e-01
-2.457066178321838379e-01
-7.776903510093688965e-01
-5.990480184555053711e-01
-2.458798170089721680e+00
1.019483566284179688e+00
-2.640936374664306641e-01
