1.854835510253906250e+00
2.717617452144622803e-01
8.428034186363220215e-02
2.950531840324401855e-01
-1.921178579330444336e+00
-1.701452374458312988e+00
-1.390675008296966553e-01
-2.428091168403625488e-01
-3.662470579147338867e+00
-6.463327407836914062e-01
-1.919293701648712158e-01
1.425493836402893066e+00
1.341526269912719727e+00
-2.071223407983779907e-01
5.595134496688842773e-01
8.775762319564819336e-01
1.216080427169799805e+00
-7.533555030822753906e-01
-2.014002323150634766e+00
-6.744848489761352539e-01
-2.429609149694442749e-01
1.884312182664871216e-01
1.842475652694702148e+00
-9.170928597450256348e-01
-3.617047548294067383e+00
1.933193087577819824e+00
2.547547221183776855e-01
-3.048416674137115479e-01
1.973980665206909180e+00
-1.310618281364440918e+00
-4.556923806667327881e-01
-2.751064673066139221e-02
9.318865090608596802e-02
5.692917108535766602e-02
-5.851704478263854980e-01
5.191324353218078613e-01
3.961396217346191406e-01
-2.355023324489593506e-01
5.088180899620056152e-01
4.226239025592803955e-01
7.915905714035034180e-01
-2.464473009109497070e+00
1.567151665687561035e+00
1.177028059959411621e+00
-1.098052620887756348e+00
-1.457141399383544922e+00
-6.415249109268188477e-01
5.919469892978668213e-02
-1.591249942779541016e+00
-3.476725518703460693e-01
7.100148797035217285e-01
1.028803139925003052e-01
-1.036721944808959961e+00
-8.628140687942504883e-01
5.113107562065124512e-01
8.191608786582946777e-01
3.105101883411407471e-01
6.127265691757202148e-01
1.897967100143432617e+00
1.066706851124763489e-01
2.511031925678253174e-02
1.350426316261291504e+00
5.670512914657592773e-01
-8.874073028564453125e-01
-3.341466188430786133e+00
-2.633156538009643555e+00
-8.960487246513366699e-01
2.407381772994995117e+00
-1.376503229141235352e+00
-3.092993423342704773e-02
1.750625491142272949e+00
-8.417650461196899414e-01
-7.385089397430419922e-01
5.819944143295288086e-01
-5.293633341789245605e-01
1.290285289287567139e-01
-1.649666070938110352e+00
-7.040303945541381836e-01
6.024135947227478027e-01
-1.425950169563293457e+00
1.225847005844116211e+00
2.194490909576416016e+00
1.088430523872375488e+00
-2.051751762628555298e-01
2.667479276657104492e+00
-7.590028643608093262e-01
-5.494540333747863770e-01
-5.221647024154663086e-01
1.543250203132629395e+00
8.763598203659057617e-01
3.332800865173339844e-01
-1.661471843719482422e+00
1.916461288928985596e-01
4.282650351524353027e-01
1.048093199729919434e+00
-3.328180611133575439e-01
1.551979184150695801e-01
-1.788301229476928711e+00
1.841274201869964600e-01
-2.578465044498443604e-01
7.251579165458679199e-01
-3.778972625732421875e-01
-2.080070495605468750e+00
2.594489336013793945e+00
8.369752764701843262e-02
7.416974287480115891e-03
-7.868923544883728027e-01
-2.139577627182006836e+00
2.141366004943847656e+00
-3.203063488006591797e+00
2.065204858779907227e+00
4.721854925155639648e-01
8.772611618041992188e-01
-4.374823272228240967e-01
-1.472469687461853027e+00
-1.378772616386413574e+00
1.990926027297973633e+00
-2.168144732713699341e-01
-3.204777538776397705e-01
1.404258012771606445e+00
2.035573959350585938e+00
-2.034627437591552734e+00
4.919356107711791992e-01
1.044045925140380859e+00
7.634317874908447266e-02
1.159592941403388977e-01
4.883319437503814697e-01
-2.781479246914386749e-02
