1.748412251472473145e-01
-1.334451913833618164e+00
3.741817772388458252e-01
-2.760325558483600616e-02
1.890457868576049805e+00
2.231457084417343140e-01
5.692629143595695496e-02
-3.303150832653045654e-01
-2.159037828445434570e+00
1.456184744834899902e+00
5.337508916854858398e-01
1.086315631866455078e+00
1.537407040596008301e+00
-9.123839139938354492e-01
-1.013618521392345428e-02
1.269227731972932816e-02
-9.186653494834899902e-01
-1.968789249658584595e-01
-3.437136709690093994e-01
6.650407910346984863e-01
5.251757502555847168e-01
-5.626040697097778320e-01
3.382207155227661133e-01
7.338028550148010254e-01
1.230692863464355469e+00
-7.982971668243408203e-01
-2.954270541667938232e-01
-3.294219970703125000e-01
-4.746631681919097900e-01
7.472835779190063477e-01
-1.345541924238204956e-01
1.895640611648559570e+00
-8.121374249458312988e-01
1.227499604225158691e+00
-1.122428417205810547e+00
1.786307454109191895e+00
-1.740031123161315918e+00
-3.765982389450073242e-01
-8.011033535003662109e-01
6.155664920806884766e-01
6.658824682235717773e-01
-1.680242657661437988e+00
1.406684041023254395e+00
8.534648418426513672e-01
1.177676081657409668e+00
-1.406464815139770508e+00
-6.578225493431091309e-01
6.802214920753613114e-05
9.762711524963378906e-01
9.514062404632568359e-01
-4.130956158041954041e-02
-1.652688384056091309e+00
1.465644717216491699e+00
1.212637901306152344e+00
2.597386240959167480e-01
-5.996481776237487793e-01
1.701939940452575684e+00
-1.054330989718437195e-01
5.910351872444152832e-01
1.424896001815795898e+00
-2.104011297225952148e+00
2.596527338027954102e+00
1.179282069206237793e-01
-2.634503841400146484e-01
1.215566635131835938e+00
-9.700189828872680664e-01
-7.175601124763488770e-01
1.343997836112976074e+00
1.223557472229003906e+00
-3.339608907699584961e-01
6.896750330924987793e-01
-4.210412204265594482e-01
-5.377460718154907227e-01
1.188283205032348633e+00
5.895177125930786133e-01
1.716379761695861816e+00
-4.654337763786315918e-01
6.863911747932434082e-01
9.948907047510147095e-02
-4.638186693191528320e-01
1.034455657005310059e+00
-1.952310442924499512e+00
1.401914190500974655e-02
4.522196054458618164e-01
-1.002632617950439453e+00
-1.524729371070861816e+00
-1.706080198287963867e+00
-1.309382557868957520e+00
-1.378514289855957031e+00
-4.711398780345916748e-01
1.643727898597717285e+00
7.670035958290100098e-02
9.069734066724777222e-02
-1.798206925392150879e+00
1.532045125961303711e+00
-1.179151892662048340e+00
-3.312634527683258057e-01
-4.309763014316558838e-01
-1.750016927719116211e+00
-1.176746249198913574e+00
7.980991601943969727e-01
6.356429457664489746e-01
-2.683947563171386719e+00
1.498223781585693359e+00
2.008692026138305664e-01
2.049386739730834961e+00
-2.496057599782943726e-01
-1.137883901596069336e+00
2.146067619323730469e-01
9.912175536155700684e-01
5.611163973808288574e-01
1.528642416000366211e+00
-1.331453561782836914e+00
-4.534708559513092041e-01
1.279058098793029785e+00
-2.745454549789428711e+00
-2.854199707508087158e-01
-1.993043422698974609e+00
-9.665909409523010254e-02
6.178914904594421387e-01
-1.154134154319763184e+00
-4.700206220149993896e-01
4.318516850471496582e-01
-1.330067515373229980e+00
-1.549201369285583496e+00
2.155329845845699310e-02
-1.069616317749023438e+00
8.729059696197509766e-01
