-1.597399830818176270e+00
4.194834828376770020e-01
-6.703798174858093262e-01
1.554310787469148636e-02
1.837569288909435272e-02
8.443501591682434082e-01
3.988274335861206055e-01
2.084847688674926758e+00
3.764300942420959473e-01
-1.885502338409423828e-01
1.182134628295898438e+00
-1.140370368957519531e+00
-1.924718737602233887e+00
-5.712205171585083008e-01
-8.990964889526367188e-01
1.072950839996337891e+00
2.323492765426635742e-01
1.470767498016357422e+00
-2.060745000839233398e+00
-1.152733325958251953e+00
2.067855000495910645e-01
-1.053293466567993164e+00
-1.068588137626647949e+00
-1.588056534528732300e-01
-1.991960704326629639e-01
1.136604428291320801e+00
1.546437501907348633e+00
-1.045272588729858398e+00
7.915211915969848633e-01
-4.104337394237518311e-01
-4.937911331653594971e-01
-1.008074522018432617e+00
-1.098255395889282227e+00
-1.116692781448364258e+00
5.639364123344421387e-01
1.248396992683410645e+00
1.227041721343994141e+00
-5.999232530593872070e-01
-2.822203040122985840e-01
-6.841235756874084473e-01
1.723776459693908691e+00
-9.472230076789855957e-01
3.030674755573272705e-01
1.227520227432250977e+00
-1.339058637619018555e+00
3.222701072692871094e+00
-1.599568873643875122e-02
2.045166015625000000e+00
1.122051477432250977e+00
5.754061937332153320e-01
-3.403952345252037048e-02
1.022456526756286621e+00
4.681322723627090454e-02
-3.398972451686859131e-01
-2.731008827686309814e-01
5.698900222778320312e-01
3.920514285564422607e-01
-1.178829431533813477e+00
6.697224080562591553e-02
2.342324554920196533e-01
-7.591395378112792969e-01
3.495872497558593750e+00
7.073280811309814453e-01
1.387074351310729980e+00
2.623222172260284424e-01
-2.448019981384277344e+00
1.181376576423645020e-01
-6.733690500259399414e-01
9.768357276916503906e-01
2.233756303787231445e+00
-1.057944893836975098e+00
-5.703959465026855469e-01
1.411968111991882324e+00
1.163974851369857788e-01
-1.585211232304573059e-02
-2.645595550537109375e+00
2.182386875152587891e+00
-4.022186398506164551e-01
-7.432511448860168457e-01
-8.224368691444396973e-01
2.548976242542266846e-01
-7.813585996627807617e-01
1.962519407272338867e+00
-1.225080490112304688e+00
1.839569807052612305e+00
-9.112900495529174805e-02
-2.559884548187255859e+00
-1.695760846138000488e+00
-1.484906971454620361e-01
2.836940765380859375e+00
-8.305669426918029785e-01
-1.894740104675292969e+00
4.742756187915802002e-01
7.827193140983581543e-01
4.522939324378967285e-01
1.177817225456237793e+00
6.364922523498535156e-01
3.940129876136779785e-01
5.401374697685241699e-01
1.051239252090454102e+00
-4.974678158760070801e-01
-1.071166396141052246e+00
-2.294536828994750977e+00
3.182299375534057617e+00
3.645034551620483398e+00
2.584442030638456345e-03
1.145738139748573303e-01
-4.206479191780090332e-01
-5.990857481956481934e-01
-1.715608835220336914e+00
-5.665533989667892456e-02
1.516893625259399414e+00
5.513898655772209167e-02
-8.963783979415893555e-01
-3.314148664474487305e+00
-1.595749735832214355e+00
-4.360736012458801270e-01
-3.037246130406856537e-02
-1.569633364677429199e+00
5.683194994926452637e-01
-1.012005805969238281e+00
-8.729135394096374512e-01
-1.404942393302917480e+00
1.294236540794372559e+00
-9.301403760910034180e-01
-1.815061211585998535e+00
4.517475143074989319e-02
-3.189918994903564453e-01
