2.430517692118883133e-03
-1.386442035436630249e-02
-9.267356991767883301e-01
3.086195886135101318e-01
-7.554795742034912109e-01
-1.162798047065734863e+00
-6.233856678009033203e-01
7.555373311042785645e-01
5.896018743515014648e-01
-1.376565933227539062e+00
2.153029203414916992e+00
1.734774470329284668e+00
-1.141696944832801819e-01
-3.246296942234039307e-01
-1.219185471534729004e+00
2.314960807561874390e-01
1.291456699371337891e+00
2.748397886753082275e-01
-9.924818277359008789e-01
1.409423947334289551e+00
1.018124938011169434e+00
-1.539862871170043945e+00
1.535199642181396484e+00
-6.476904153823852539e-01
-4.304852187633514404e-01
-1.700730323791503906e+00
8.469163179397583008e-01
1.553167309612035751e-02
1.269636869430541992e+00
1.376668810844421387e+00
-7.870736122131347656e-01
-1.264541268348693848e+00
-1.849815249443054199e-01
7.033472657203674316e-01
2.232436835765838623e-01
6.809827685356140137e-02
7.622383236885070801e-01
-8.865962028503417969e-01
-2.029577255249023438e+00
-2.726494967937469482e-01
1.683263421058654785e+00
-7.776795029640197754e-01
1.475175976753234863e+00
1.322872281074523926e+00
2.110011875629425049e-01
8.039846420288085938e-01
-1.600845813751220703e+00
1.098381876945495605e+00
7.688506841659545898e-01
1.583948135375976562e+00
2.210208773612976074e-01
-2.336154937744140625e+00
2.917495250701904297e+00
-2.329694032669067383e+00
-1.245220422744750977e+00
-2.192752838134765625e+00
-1.623261809349060059e+00
5.826830863952636719e-02
-7.970345616340637207e-01
1.037855505943298340e+00
8.084974437952041626e-02
2.274378299713134766e+00
-4.886826276779174805e-01
3.043427467346191406e+00
7.887431979179382324e-01
-5.776753425598144531e-01
-1.593203544616699219e+00
-2.525552988052368164e+00
1.441701948642730713e-01
6.753423810005187988e-01
2.352781146764755249e-01
6.485503911972045898e-01
4.035226702690124512e-01
9.241931438446044922e-01
4.200150966644287109e-01
-2.600965499877929688e-01
1.641672372817993164e+00
-2.061728477478027344e+00
-1.000086665153503418e+00
-5.911743640899658203e-01
-8.429921269416809082e-01
-6.913843154907226562e-01
1.418576389551162720e-01
-1.937500357627868652e+00
1.095218181610107422e+00
-1.005250573158264160e+00
-7.413730025291442871e-01
6.414946913719177246e-01
1.864092707633972168e+00
1.972291350364685059e+00
2.312602043151855469e+00
-9.043391048908233643e-02
1.544061779975891113e+00
1.136138319969177246e+00
4.944337904453277588e-01
-1.224960759282112122e-01
5.615384578704833984e-01
-2.830847799777984619e-01
6.527000069618225098e-01
1.090663373470306396e-01
-4.768164455890655518e-01
9.609155058860778809e-01
-4.923456907272338867e-01
1.505181431770324707e+00
2.006465196609497070e+00
2.452195644378662109e+00
-2.110857248306274414e+00
-2.149924337863922119e-01
2.572179436683654785e-01
-2.389957904815673828e+00
-1.641815185546875000e+00
-1.416431069374084473e-01
-3.373044431209564209e-01
-6.821497678756713867e-01
6.109845638275146484e-01
-1.151797771453857422e+00
1.567155361175537109e+00
-1.422621496021747589e-02
3.015702366828918457e-01
-2.363233089447021484e+00
-1.871168375015258789e+00
-1.115920901298522949e+00
-1.252105832099914551e+00
-8.599861860275268555e-01
-3.260710239410400391e-01
-1.650973200798034668e+00
-1.474416494369506836e+00
9.009091258049011230e-01
