-2.133319616317749023e+00
1.187322258949279785e+00
9.582567960023880005e-02
4.331539273262023926e-01
-2.190144360065460205e-01
-4.653520584106445312e-01
-1.080463051795959473e+00
7.529835104942321777e-01
2.457675337791442871e-01
-1.482493877410888672e+00
1.918273806571960449e+00
1.654210567474365234e+00
1.629285812377929688e+00
1.151287913322448730e+00
9.043126702308654785e-01
-2.966312766075134277e-01
-9.596614167094230652e-03
6.939758062362670898e-01
1.801238507032394409e-01
7.676522731781005859e-01
4.276874363422393799e-01
-1.069522500038146973e+00
-7.061690688133239746e-01
1.544610261917114258e+00
-1.173163294792175293e+00
1.208873629570007324e+00
-5.838962197303771973e-01
-1.702995061874389648e+00
1.047277331352233887e+00
1.240024089813232422e+00
-9.428344964981079102e-01
-6.489041447639465332e-01
-2.875711202621459961e+00
1.417551159858703613e+00
-1.438084006309509277e+00
7.931784391403198242e-01
-1.185020804405212402e-01
8.142847800627350807e-04
-6.844101101160049438e-02
2.570410966873168945e-01
1.010261654853820801e+00
-5.260441899299621582e-01
1.673253536224365234e+00
-5.685631632804870605e-01
7.509019225835800171e-02
1.427362561225891113e+00
2.122210152447223663e-02
3.288547694683074951e-01
1.624032974243164062e+00
6.828102469444274902e-02
-1.542202234268188477e-01
-1.528313308954238892e-01
-1.694039702415466309e+00
-1.322467207908630371e+00
-9.802423119544982910e-01
-5.655775070190429688e-01
1.962137967348098755e-01
-1.801550626754760742e+00
-3.596570193767547607e-01
7.689524888992309570e-01
-1.147571086883544922e+00
2.292842388153076172e+00
6.617948412895202637e-01
-3.601615428924560547e-01
-7.258081436157226562e-02
-3.983335196971893311e-02
-2.343533277511596680e+00
-8.639010787010192871e-01
2.261224269866943359e+00
-5.604623556137084961e-01
8.657903671264648438e-01
-4.054525196552276611e-01
7.823812365531921387e-01
8.957823514938354492e-01
-3.391754031181335449e-01
-7.526091933250427246e-01
-8.570117950439453125e-01
4.893978536128997803e-01
-1.230407714843750000e+00
-1.446383118629455566e+00
1.900179982185363770e+00
-2.238703727722167969e+00
9.559554457664489746e-01
1.157321810722351074e+00
1.556338071823120117e-01
1.821916997432708740e-01
-3.047681646421551704e-03
-2.541439056396484375e+00
-3.666400015354156494e-01
1.834713853895664215e-02
9.372659325599670410e-01
-6.556404232978820801e-01
-1.146812677383422852e+00
1.162064075469970703e+00
2.547438442707061768e-01
3.439051806926727295e-01
4.485288560390472412e-01
-8.036592006683349609e-01
-2.206138849258422852e+00
-1.708843372762203217e-02
1.196828722953796387e+00
-6.422965526580810547e-01
2.237039804458618164e+00
2.541402816772460938e+00
2.960610985755920410e-01
-1.017553806304931641e-01
5.825994610786437988e-01
-6.352452039718627930e-01
4.217795848846435547e+00
1.101715803146362305e+00
-2.948739051818847656e+00
1.735046505928039551e+00
-8.399091362953186035e-01
-4.181213378906250000e-01
2.457213550806045532e-01
8.566391468048095703e-01
1.573694825172424316e+00
-8.078280091285705566e-01
-1.711644172668457031e+00
-3.290310502052307129e-01
-8.646423220634460449e-01
-1.729398131370544434e+00
-1.446251630783081055e+00
4.149285554885864258e-01
-3.520227968692779541e-01
-1.644033312797546387e+00
-2.359284639358520508e+00
2.104824781417846680e-01
