-2.391053736209869385e-01
-2.475229740142822266e+00
6.420695781707763672e-01
4.071927070617675781e-01
-1.305842250585556030e-01
-1.725672602653503418e+00
2.016522884368896484e-01
-8.553825318813323975e-04
8.894618153572082520e-01
-6.620986461639404297e-01
-2.072187662124633789e+00
-2.504686117172241211e-01
1.654536843299865723e+00
1.617096364498138428e-01
-6.741027832031250000e-01
1.082820653915405273e+00
2.977966964244842529e-01
-2.673661410808563232e-01
-2.833932638168334961e-01
3.656288087368011475e-01
3.750596344470977783e-01
-1.338478922843933105e+00
-7.198351621627807617e-02
1.267436623573303223e+00
4.516250193119049072e-01
9.266252517700195312e-01
5.315141677856445312e-01
-1.122133255004882812e+00
-3.089881241321563721e-01
-3.017626702785491943e-01
-1.538789510726928711e+00
1.293138265609741211e-01
-8.335267305374145508e-01
-8.554919958114624023e-01
-2.100745290517807007e-01
2.167872905731201172e+00
4.567347168922424316e-01
4.096770584583282471e-01
7.205529808998107910e-01
-5.250669717788696289e-01
-1.863881587982177734e+00
4.196224808692932129e-01
2.032413005828857422e+00
1.779593825340270996e+00
5.051029920578002930e-01
2.282063007354736328e+00
1.981235444545745850e-01
1.188185811042785645e+00
-2.943512424826622009e-02
-4.592790603637695312e-01
-6.781316995620727539e-01
-6.359577775001525879e-01
7.030429840087890625e-01
-2.041801214218139648e+00
-5.665992498397827148e-01
-1.107966542243957520e+00
5.618315562605857849e-02
2.855041503906250000e+00
8.472909927368164062e-01
5.438711047172546387e-01
-1.057175755500793457e+00
-8.628374338150024414e-01
7.468561530113220215e-01
6.853837966918945312e-01
1.278739809989929199e+00
-2.102235108613967896e-01
-1.999725997447967529e-01
-5.427407026290893555e-01
9.096609950065612793e-01
1.911720037460327148e+00
-7.541353106498718262e-01
-1.022540926933288574e+00
5.179713964462280273e-01
4.384209513664245605e-01
-8.090382814407348633e-02
-1.564329147338867188e+00
-1.276706814765930176e+00
-1.034433603286743164e+00
-2.926420569419860840e-01
-8.711768686771392822e-02
3.197882175445556641e-01
-2.506619930267333984e+00
4.767813980579376221e-01
1.254841089248657227e-01
-1.851984143257141113e+00
-1.819774031639099121e+00
1.867900639772415161e-01
5.336368680000305176e-01
1.228654265403747559e+00
1.437099575996398926e+00
2.132257461547851562e+00
-1.537492632865905762e+00
3.152046203613281250e-01
8.031512498855590820e-01
1.068504825234413147e-01
1.571396589279174805e+00
3.540837764739990234e-01
1.090054750442504883e+00
-1.773317098617553711e+00
1.085687279701232910e+00
-1.005168557167053223e+00
1.021087646484375000e+00
1.065036892890930176e+00
-1.254432082176208496e+00
1.145428895950317383e+00
2.162143230438232422e+00
-7.756797671318054199e-01
-9.232121706008911133e-02
2.194942235946655273e+00
-2.367701292037963867e+00
2.194902449846267700e-01
1.071923971176147461e+00
-3.065256476402282715e-01
-7.602948546409606934e-01
8.073656558990478516e-01
-3.594704568386077881e-01
1.248189568519592285e+00
1.695993542671203613e-01
6.280463933944702148e-01
-1.156413674354553223e+00
-2.390127182006835938e+00
-1.290166497230529785e+00
-8.844538927078247070e-01
-2.842872381210327148e+00
-9.466583728790283203e-01
-1.886559724807739258e+00
-8.111116886138916016e-01
1.893657922744750977e+00
