-4.452210366725921631e-01
2.641917467117309570e-01
6.210379004478454590e-01
9.421396255493164062e-02
8.340791463851928711e-01
5.812929272651672363e-01
1.088373661041259766e+00
2.752087116241455078e-01
5.359482169151306152e-01
2.012410610914230347e-01
2.201315462589263916e-01
4.956099763512611389e-02
2.011619508266448975e-02
1.119995489716529846e-01
-1.905358023941516876e-02
1.189201027154922485e-01
4.139417707920074463e-01
9.533587098121643066e-01
-2.721369266510009766e+00
1.602325677871704102e+00
8.349760770797729492e-01
-1.224463701248168945e+00
2.512207746505737305e+00
-1.118022799491882324e+00
-2.712784290313720703e+00
7.307905554771423340e-01
1.693964838981628418e+00
1.565134048461914062e+00
1.302760362625122070e+00
7.527015358209609985e-02
-6.156722903251647949e-01
-1.869812965393066406e+00
-9.654355049133300781e-01
7.353477925062179565e-02
-2.169961690902709961e+00
-9.676584005355834961e-01
-4.776395484805107117e-02
-7.794621586799621582e-01
-1.199036836624145508e+00
-3.081583790481090546e-02
-1.695444136857986450e-01
-2.956572532653808594e+00
1.341979503631591797e+00
3.360559344291687012e-01
3.309267759323120117e-01
-1.116046071052551270e+00
-1.034911155700683594e+00
-2.921148240566253662e-01
-1.904306560754776001e-01
1.138886809349060059e+00
4.822580516338348389e-01
-1.373906850814819336e+00
5.496114492416381836e-01
2.678029239177703857e-02
1.032791256904602051e+00
-1.172388792037963867e+00
-1.154569268226623535e+00
-5.303299427032470703e-01
1.231934547424316406e+00
1.856263160705566406e+00
-7.431731224060058594e-01
2.780956268310546875e+00
-4.529151692986488342e-02
1.482093334197998047e+00
-8.691022992134094238e-01
-9.631509184837341309e-01
4.614587128162384033e-01
6.926804184913635254e-01
-1.989607334136962891e+00
8.944800123572349548e-03
2.103187799453735352e+00
4.236734807491302490e-01
4.342303574085235596e-01
5.728518962860107422e-01
7.943181991577148438e-01
-1.788419723510742188e+00
-2.091416120529174805e+00
-2.754729270935058594e+00
-6.119889616966247559e-01
-1.109638929367065430e+00
1.978276729583740234e+00
1.437468230724334717e-01
1.180822849273681641e+00
-4.404650330543518066e-01
2.024697065353393555e+00
-2.032957077026367188e+00
6.946445107460021973e-01
-8.455001115798950195e-01
-4.340931475162506104e-01
-5.914959907531738281e-01
1.393049597740173340e+00
-2.585742712020874023e+00
1.069584608078002930e+00
-1.017000436782836914e+00
1.305950164794921875e+00
-2.998014092445373535e-01
3.871123790740966797e-01
1.027289152145385742e+00
-1.359907835721969604e-01
1.779715776443481445e+00
-1.039656877517700195e+00
1.139666795730590820e+00
-3.697338402271270752e-01
-3.925475478172302246e-01
1.956390976905822754e+00
1.201605558395385742e+00
-8.847129344940185547e-01
-3.761730790138244629e-01
2.216169118881225586e+00
1.058389544486999512e+00
-5.010850429534912109e-01
3.558637499809265137e-01
-3.049310922622680664e+00
-9.742513895034790039e-01
2.506773546338081360e-02
-6.915082335472106934e-01
-6.739440560340881348e-02
1.138399600982666016e+00
-2.636747658252716064e-01
-2.032897949218750000e+00
6.916512250900268555e-01
-1.621506452560424805e+00
2.808258295059204102e+00
-8.865419626235961914e-01
-6.798632740974426270e-01
-1.178060889244079590e+00
1.138830780982971191e+00
1.510612219572067261e-01
