-1.424372315406799316e+00
8.347064256668090820e-01
-2.727192342281341553e-01
5.449138283729553223e-01
6.029467582702636719e-01
2.051690816879272461e+00
1.926145434379577637e+00
2.885566949844360352e-01
7.105345129966735840e-01
-3.308514356613159180e+00
1.228157877922058105e+00
3.046864271163940430e-02
1.300969362258911133e+00
-2.450220108032226562e+00
4.651931822299957275e-01
-7.662380933761596680e-01
1.501612901687622070e+00
6.156922578811645508e-01
-1.791887044906616211e+00
-1.435349225997924805e+00
-1.241964817047119141e+00
-6.394355893135070801e-01
4.370191991329193115e-01
5.591005086898803711e-01
4.388101100921630859e-01
1.932873725891113281e+00
6.806036233901977539e-01
7.944099903106689453e-01
-2.071278095245361328e+00
6.202706098556518555e-01
3.581326007843017578e-01
9.981802701950073242e-01
-9.782474637031555176e-01
1.395011186599731445e+00
-9.924596548080444336e-01
1.403334021568298340e+00
7.064407318830490112e-02
-2.220980674028396606e-01
6.724625825881958008e-02
7.095094323158264160e-01
2.332590967416763306e-01
1.776514530181884766e+00
1.394334673881530762e+00
1.002149343490600586e+00
1.358213901519775391e+00
1.434257864952087402e+00
-5.269297361373901367e-01
3.932755887508392334e-01
6.509178783744573593e-04
-3.004842042922973633e+00
-2.674783766269683838e-01
-1.225522994995117188e+00
4.746941924095153809e-01
5.843433737754821777e-01
-9.776349067687988281e-01
-5.034161806106567383e-01
-1.006065845489501953e+00
1.511260986328125000e+00
3.243582546710968018e-01
5.198489427566528320e-01
-1.636082888580858707e-03
3.947844803333282471e-01
1.810807347297668457e+00
1.181902050971984863e+00
5.562687516212463379e-01
-1.761113762855529785e+00
1.648587703704833984e+00
4.091978669166564941e-01
-3.184721469879150391e-01
1.432435989379882812e+00
1.033147335052490234e+00
5.874583125114440918e-01
3.724629282951354980e-01
4.115770384669303894e-02
-2.272629022598266602e+00
-4.137340784072875977e-01
1.259650826454162598e+00
-6.032274365425109863e-01
1.524218320846557617e-01
-1.741181969642639160e+00
3.876430690288543701e-01
-5.104846358299255371e-01
-1.262361288070678711e+00
-1.172373294830322266e+00
1.020669102668762207e+00
-2.809295654296875000e-01
-2.247577428817749023e+00
-2.959546446800231934e-01
4.726492464542388916e-01
-1.037532567977905273e+00
-9.395565986633300781e-01
-1.932071208953857422e+00
-1.065740510821342468e-01
-1.137985587120056152e+00
-8.442948460578918457e-01
-1.538787841796875000e+00
-6.505649685859680176e-01
-2.276369035243988037e-01
-2.105524301528930664e+00
-2.392319917678833008e+00
1.026829361915588379e+00
1.287222146987915039e+00
-1.030360341072082520e+00
2.589999437332153320e-01
3.057024240493774414e+00
-8.887131810188293457e-01
-1.666067481040954590e+00
-6.912084221839904785e-01
1.890121102333068848e-01
1.109334900975227356e-01
-1.062439322471618652e+00
9.433233141899108887e-01
-1.438197255134582520e+00
-6.514765322208404541e-02
1.612987399101257324e+00
3.101886808872222900e-01
7.925501465797424316e-02
3.556416928768157959e-01
1.162527441978454590e+00
-2.643228769302368164e+00
-4.898454546928405762e-01
1.024260997772216797e+00
1.875196218490600586e+00
-5.195522904396057129e-01
-8.508383035659790039e-01
-1.818132519721984863e+00
9.474928379058837891e-01
1.353161692619323730e+00
