4.821952581405639648e-01
7.564255595207214355e-01
-4.488587379455566406e-01
4.807723760604858398e-01
1.108134508132934570e+00
1.122810319066047668e-01
-7.958309054374694824e-01
-3.402398228645324707e-01
-1.938851118087768555e+00
-5.658169984817504883e-01
1.792144298553466797e+00
1.779188871383666992e+00
4.993357658386230469e-01
-1.226311087608337402e+00
3.186655044555664062e-01
-5.240615606307983398e-01
-8.685193061828613281e-01
9.321002364158630371e-01
-1.067303061485290527e+00
-6.709592938423156738e-01
-1.404271006584167480e+00
-2.099854469299316406e+00
1.588112711906433105e+00
3.042335033416748047e+00
-1.034716248512268066e+00
5.291355252265930176e-01
1.086016774177551270e+00
-2.446036338806152344e+00
-1.432546973228454590e+00
2.100100994110107422e+00
-1.556877493858337402e+00
1.870520263910293579e-01
1.470684170722961426e+00
-3.379200100898742676e-01
-7.291040420532226562e-01
1.071440100669860840e+00
3.978047966957092285e-01
-1.980307102203369141e+00
3.532429337501525879e-01
3.659318685531616211e-01
-5.546202659606933594e-01
-1.600610136985778809e+00
1.839619874954223633e+00
7.261627912521362305e-01
-9.650414586067199707e-01
-1.358577251434326172e+00
-4.997510910034179688e-01
5.742456912994384766e-01
-4.600190222263336182e-01
8.022944331169128418e-01
1.709280252456665039e+00
-9.968227148056030273e-01
2.670135200023651123e-01
-5.044229030609130859e-01
-9.373366832733154297e-01
-9.080678820610046387e-01
-1.765099287033081055e+00
2.951961994171142578e+00
1.750492453575134277e-01
1.512136936187744141e+00
-4.788129627704620361e-01
-1.244879364967346191e+00
1.645884871482849121e+00
7.677290439605712891e-01
-1.216258287429809570e+00
-2.266052007675170898e+00
5.746062397956848145e-01
-5.633968114852905273e-01
3.634338825941085815e-02
5.657159090042114258e-01
-5.714647769927978516e-01
5.459008216857910156e-01
-1.474496908485889435e-02
4.443980455398559570e-01
-1.237819194793701172e+00
-2.989135384559631348e-01
1.708144843578338623e-01
6.243287324905395508e-01
1.188633441925048828e+00
-9.044904708862304688e-01
7.895473241806030273e-01
-2.110135316848754883e+00
1.381065547466278076e-01
-3.310194611549377441e-02
2.309422731399536133e+00
7.743604183197021484e-01
1.589092910289764404e-01
1.128381609916687012e+00
1.301040649414062500e+00
3.428041338920593262e-01
4.283042997121810913e-02
-1.752928853034973145e+00
1.813194513320922852e+00
-6.808295845985412598e-03
-9.560084342956542969e-01
-4.170601069927215576e-01
-6.503677964210510254e-01
2.690880596637725830e-01
-2.371763467788696289e+00
1.749418973922729492e-01
-7.365785837173461914e-01
1.018898963928222656e+00
-2.213358640670776367e+00
-1.663005232810974121e+00
1.175388097763061523e+00
1.320414423942565918e+00
1.045049190521240234e+00
-7.905087471008300781e-01
1.873658537864685059e+00
1.242915749549865723e+00
-1.855487346649169922e+00
2.031618833541870117e+00
-1.298925876617431641e+00
1.307514667510986328e+00
3.463151752948760986e-01
-8.502321243286132812e-01
2.738355398178100586e-01
-9.656105041503906250e-01
-3.628756403923034668e-01
-5.439087152481079102e-01
-1.018514037132263184e+00
-1.241850182414054871e-01
2.869194030761718750e+00
3.029111623764038086e-01
-3.011104464530944824e-01
-1.773354291915893555e+00
-7.745576500892639160e-01
-2.841282486915588379e-01
