1.789978891611099243e-01
-7.311455011367797852e-01
-5.771382451057434082e-01
6.102386116981506348e-01
4.934601187705993652e-01
5.242098569869995117e-01
-6.210625171661376953e-01
-1.458031892776489258e+00
-1.346466183662414551e+00
-2.694148421287536621e-01
2.093140363693237305e+00
-1.979707241058349609e+00
-4.113960266113281250e-02
1.293749809265136719e+00
3.747231066226959229e-01
-1.659186929464340210e-01
-9.663047790527343750e-01
1.352570533752441406e+00
-2.351464271545410156e+00
1.940791010856628418e+00
-7.474777102470397949e-01
-5.631585121154785156e-01
1.610498428344726562e+00
7.287852764129638672e-01
-1.426064491271972656e+00
7.624674439430236816e-01
2.717510700225830078e+00
-1.458376944065093994e-01
-7.419608235359191895e-01
1.223649621009826660e+00
-9.975671768188476562e-01
-4.125259816646575928e-01
6.661180257797241211e-01
3.980451822280883789e-01
-4.684154987335205078e-01
7.116352319717407227e-01
-8.882188200950622559e-01
-1.661773025989532471e-01
-1.479636907577514648e+00
-7.761514931917190552e-02
1.756410241127014160e+00
-1.749759078025817871e+00
5.828482508659362793e-01
3.052350521087646484e+00
6.571107506752014160e-01
8.976215720176696777e-01
2.824763953685760498e-01
2.856050252914428711e+00
1.850292801856994629e+00
1.221704125404357910e+00
3.022502660751342773e-01
-1.814307689666748047e+00
4.231310188770294189e-01
-9.773200005292892456e-02
-9.159367084503173828e-01
-1.292257189750671387e+00
1.605158090591430664e+00
-7.491423487663269043e-01
-1.254312992095947266e-01
2.699131727218627930e+00
-1.400189757347106934e+00
-2.891695201396942139e-01
-1.412753582000732422e+00
1.742030978202819824e+00
1.401742100715637207e+00
3.980114758014678955e-01
9.575292468070983887e-01
1.181195490062236786e-02
-4.446343481540679932e-01
-7.762489467859268188e-02
1.231012344360351562e+00
-2.371572017669677734e+00
1.924214124679565430e+00
8.390043377876281738e-01
4.835900962352752686e-01
-4.042842686176300049e-01
-4.517654180526733398e-01
-1.925426006317138672e+00
6.845610141754150391e-01
-5.764603614807128906e-01
5.869237780570983887e-01
-1.496936231851577759e-01
-7.536153197288513184e-01
-1.675054669380187988e+00
-2.453995645046234131e-01
-1.493143320083618164e+00
-1.535568833351135254e+00
-2.322204589843750000e+00
-2.874563336372375488e-01
-6.403335928916931152e-01
-3.258762955665588379e-01
-1.873866796493530273e+00
-6.458289623260498047e-01
-7.193378210067749023e-01
8.464148640632629395e-01
-1.626855731010437012e+00
-1.838745921850204468e-02
8.985890746116638184e-01
-1.379687547683715820e+00
7.219439744949340820e-02
9.125692844390869141e-01
-6.073036789894104004e-02
-1.032885551452636719e+00
9.413417577743530273e-01
1.741269588470458984e+00
8.600668311119079590e-01
-1.374566912651062012e+00
2.780134379863739014e-01
-6.612520217895507812e-01
1.568002223968505859e+00
2.075999736785888672e+00
3.340873956680297852e+00
-1.471824944019317627e-01
-1.353356480598449707e+00
1.098034739494323730e+00
-8.502162098884582520e-01
-2.729242146015167236e-01
8.419958949089050293e-01
2.102312892675399780e-01
-1.823150157928466797e+00
-7.013112306594848633e-01
-1.099171519279479980e+00
3.795578479766845703e-01
-2.604809522628784180e+00
-7.367395162582397461e-01
1.115785717964172363e+00
-1.449713826179504395e+00
6.507190465927124023e-01
