1.478945732116699219e+00
-4.688923358917236328e-01
-1.053292155265808105e-01
-2.654262483119964600e-01
-1.833788037300109863e+00
1.324421167373657227e+00
7.522002458572387695e-01
1.038202166557312012e+00
-1.315099954605102539e+00
-6.512241363525390625e-01
-1.205459237098693848e+00
-7.318834662437438965e-01
5.516673922538757324e-01
1.309915482997894287e-01
-1.565987706184387207e+00
2.710981070995330811e-01
6.049856916069984436e-02
1.186506628990173340e+00
-1.580548048019409180e+00
-5.329536795616149902e-01
1.555015802383422852e+00
-8.449544012546539307e-02
-8.142557926476001740e-03
-3.453786373138427734e-01
1.567662835121154785e+00
-1.659278392791748047e+00
5.025699734687805176e-01
-8.425799012184143066e-01
1.310385942459106445e+00
-1.435447096824645996e+00
1.196927785873413086e+00
-5.050231888890266418e-02
-3.932087719440460205e-01
-4.720995947718620300e-02
1.947479248046875000e+00
1.037668585777282715e+00
6.680288165807723999e-02
-1.934559941291809082e+00
-1.057671666145324707e+00
-8.717952966690063477e-01
2.491958141326904297e+00
1.298865318298339844e+00
1.055007696151733398e+00
-5.942695140838623047e-01
-5.754231214523315430e-01
-9.926573038101196289e-01
9.310815930366516113e-01
2.398895978927612305e+00
7.809774875640869141e-01
2.520143508911132812e+00
-1.011744961142539978e-01
-1.305870413780212402e+00
-1.472137719392776489e-01
1.535153985023498535e+00
5.733146071434020996e-01
-1.307299852371215820e+00
3.309303998947143555e+00
4.628681391477584839e-02
1.303375810384750366e-01
1.923264741897583008e+00
7.076114416122436523e-01
-3.247207880020141602e+00
2.547964220866560936e-03
1.177698373794555664e+00
2.070122003555297852e+00
-5.739623308181762695e-01
6.003796458244323730e-01
1.067234158515930176e+00
-4.056008160114288330e-01
3.404647707939147949e-01
1.527188867330551147e-01
-2.014385938644409180e+00
-4.442605376243591309e-01
8.026212453842163086e-01
4.526295065879821777e-01
-1.479321241378784180e+00
1.319301962852478027e+00
-6.234450936317443848e-01
-1.675618410110473633e+00
-1.537115573883056641e+00
-3.720011934638023376e-02
8.612266778945922852e-01
-1.318373084068298340e+00
-5.991290807723999023e-01
2.817544221878051758e+00
1.657206296920776367e+00
-6.897377371788024902e-01
1.312691688537597656e+00
-2.456746101379394531e+00
-5.890153646469116211e-01
1.832195520401000977e+00
1.345326937735080719e-02
-2.078543424606323242e+00
-6.199693679809570312e-01
7.906078696250915527e-01
1.328082442283630371e+00
-4.784401059150695801e-01
-1.133880496025085449e+00
9.091048836708068848e-01
9.147409200668334961e-01
9.376053214073181152e-01
1.908822804689407349e-01
-1.451602220535278320e+00
4.229492247104644775e-01
1.451363414525985718e-02
9.538295865058898926e-01
-1.671264886856079102e+00
-1.348379492759704590e+00
1.116375684738159180e+00
-1.691280841827392578e+00
1.364475727081298828e+00
6.711996197700500488e-01
9.545490741729736328e-01
1.166345119476318359e+00
6.199859976768493652e-01
1.374218463897705078e-01
-3.553110659122467041e-01
-6.309896111488342285e-01
-9.796320796012878418e-01
-3.120666027069091797e+00
-1.242884323000907898e-01
-2.924523115158081055e+00
4.768464267253875732e-01
-2.237446069717407227e+00
-6.684457063674926758e-01
-1.086892604827880859e+00
-7.454554438591003418e-01
-1.761647343635559082e+00
