-1.035925626754760742e+00
3.440476655960083008e-01
-1.403008341789245605e+00
-3.229698657989501953e+00
-6.564012169837951660e-02
4.769178032875061035e-01
2.729194641113281250e+00
5.124778747558593750e-01
1.804638981819152832e+00
-1.418277859687805176e+00
-2.138272076845169067e-01
6.932200193405151367e-01
-1.397706031799316406e+00
1.218303442001342773e+00
-9.281604886054992676e-01
1.464668869972229004e+00
1.476521342992782593e-01
-3.740279078483581543e-01
-3.353615105152130127e-01
1.108965635299682617e+00
-1.281384229660034180e+00
-7.043703794479370117e-01
-1.800520718097686768e-01
2.458465576171875000e+00
-1.592094182968139648e+00
-2.972978353500366211e-01
4.103780910372734070e-02
1.305420756340026855e+00
1.785469613969326019e-02
1.111516237258911133e+00
-5.748883485794067383e-01
-1.917531967163085938e+00
4.813753962516784668e-01
2.420933246612548828e+00
-1.131530284881591797e+00
-8.325828313827514648e-01
-4.789116084575653076e-01
7.954505854286253452e-04
-4.764451980590820312e-01
-1.044035077095031738e+00
1.146147474646568298e-01
2.491987228393554688e+00
8.208019733428955078e-01
8.275569677352905273e-01
-7.790692448616027832e-01
-1.228247284889221191e+00
5.704120993614196777e-01
2.638974905014038086e+00
-5.279132723808288574e-01
1.833321452140808105e+00
1.148471832275390625e+00
-6.472927331924438477e-01
-5.101144313812255859e-01
-3.995563387870788574e-01
9.918004870414733887e-01
-8.275335282087326050e-02
1.879701495170593262e+00
-4.913682639598846436e-01
-9.321461915969848633e-01
-2.224743366241455078e-02
-1.736097574234008789e+00
1.000727295875549316e+00
-9.973635077476501465e-01
1.798706173896789551e+00
2.077642679214477539e+00
-7.276626825332641602e-01
-1.411218792200088501e-01
9.622498750686645508e-01
2.590854763984680176e-01
-2.516519725322723389e-01
-2.329127788543701172e-01
3.746343404054641724e-02
-1.135254263877868652e+00
-4.381321668624877930e-01
-2.026264518499374390e-01
-4.207926392555236816e-01
4.885628223419189453e-01
1.386202812194824219e+00
1.380852907896041870e-01
-3.841584920883178711e+00
-5.810553431510925293e-01
-9.944494962692260742e-01
1.449820995330810547e+00
-9.817371368408203125e-01
1.884506464004516602e+00
1.282831002026796341e-02
1.068750739097595215e+00
-6.184905022382736206e-02
7.766320705413818359e-01
-1.783191442489624023e+00
-2.130878210067749023e+00
-5.343510508537292480e-01
-2.423264980316162109e+00
1.387060433626174927e-01
-2.280735820531845093e-01
1.646335572004318237e-01
5.362736582756042480e-01
-2.165785878896713257e-01
9.160706400871276855e-01
2.208950281143188477e+00
1.197616219520568848e+00
-5.663306117057800293e-01
-9.811300635337829590e-01
2.256930112838745117e+00
1.982211947441101074e+00
-2.638286724686622620e-02
1.176249384880065918e+00
2.268205732107162476e-01
5.197517275810241699e-01
-3.558137178421020508e+00
-1.215233445167541504e+00
-1.168357491493225098e+00
-1.564277336001396179e-02
-6.694405674934387207e-01
1.988694787025451660e+00
1.248672008514404297e+00
-3.518832623958587646e-01
-1.877649426460266113e+00
-1.116046190261840820e+00
2.016502380371093750e+00
2.048033714294433594e+00
-1.111484766006469727e+00
-1.367961883544921875e+00
-1.132146358489990234e+00
7.473282814025878906e-01
-2.689387321472167969e+00
1.724137663841247559e-01
-1.480244398117065430e+00
