6.081231832504272461e-01
-1.426117539405822754e+00
1.026174187660217285e+00
-1.324717640876770020e+00
-9.826048016548156738e-01
-5.602312684059143066e-01
-8.343868851661682129e-01
-1.623190402984619141e+00
7.157108187675476074e-01
-1.483845114707946777e-01
-8.069484680891036987e-02
-5.131734013557434082e-01
2.085587501525878906e+00
1.438878893852233887e+00
-1.028799772262573242e+00
-8.254641294479370117e-01
-7.099344730377197266e-01
9.542952775955200195e-01
6.253186464309692383e-01
2.062619924545288086e+00
9.772353768348693848e-01
7.140726596117019653e-02
3.987140655517578125e-01
1.652563691139221191e+00
2.761009931564331055e-01
-8.893500566482543945e-01
-1.076962351799011230e+00
-3.500167131423950195e-01
5.106384158134460449e-01
1.780818849802017212e-01
-1.916760087013244629e+00
-3.760533571243286133e+00
-1.048741936683654785e+00
9.451883435249328613e-01
5.237945914268493652e-01
1.230101704597473145e+00
-7.400924563407897949e-01
-5.257712006568908691e-01
-1.293825209140777588e-01
2.723637521266937256e-01
7.446010708808898926e-01
1.555117487907409668e+00
1.813143730163574219e+00
5.723489522933959961e-01
6.132941842079162598e-01
-2.352550476789474487e-01
1.238863095641136169e-01
1.470485091209411621e+00
-7.153796553611755371e-01
1.289955496788024902e+00
1.062207579612731934e+00
-1.942631125450134277e+00
6.397573351860046387e-01
2.404110193252563477e+00
-5.345107913017272949e-01
-1.890939921140670776e-01
2.252070903778076172e+00
2.895550429821014404e-01
1.793152928352355957e+00
1.759294509887695312e+00
2.864248491823673248e-02
-1.340350031852722168e+00
1.233784675598144531e+00
-5.866762995719909668e-01
-3.835868835449218750e-01
-1.920009702444076538e-01
1.964998245239257812e+00
8.669951558113098145e-01
-1.482481002807617188e+00
1.865374147891998291e-01
-5.565026402473449707e-02
2.598643779754638672e+00
-9.199262261390686035e-01
-5.430786609649658203e-01
-9.112023711204528809e-01
-1.205680489540100098e+00
-9.698768854141235352e-01
-7.281695604324340820e-01
-9.956404566764831543e-01
-3.059115409851074219e+00
-9.852780401706695557e-02
-1.223122477531433105e+00
1.014486193656921387e+00
-1.446525692939758301e+00
3.322095870971679688e+00
1.558240056037902832e-01
-2.284808456897735596e-01
8.764665722846984863e-01
-2.064988374710083008e+00
-1.789177179336547852e+00
6.456635594367980957e-01
-3.840923309326171875e-01
9.748557209968566895e-01
3.189861178398132324e-01
6.392480134963989258e-01
-4.149835705757141113e-01
1.942391633987426758e+00
-9.044286608695983887e-01
6.376619935035705566e-01
5.827204585075378418e-01
-1.117945909500122070e-01
1.140483260154724121e+00
-1.395271301269531250e+00
-4.887641668319702148e-01
-8.846198916435241699e-01
1.050697565078735352e+00
-3.975910842418670654e-01
1.295386403799057007e-01
-1.970909237861633301e+00
-1.744433760643005371e+00
2.397578209638595581e-01
-5.101522803306579590e-01
1.059638243168592453e-02
2.343085289001464844e+00
1.287611007690429688e+00
-7.336018085479736328e-01
-7.249068617820739746e-01
-8.462803363800048828e-01
-1.343939423561096191e+00
-8.386240601539611816e-01
2.277417898178100586e+00
-9.598941802978515625e-01
-6.351412534713745117e-01
-1.927128553390502930e+00
-5.772148370742797852e-01
-1.544727236032485962e-01
2.595730312168598175e-02
1.293855309486389160e-01
