-1.486334800720214844e+00
-3.451582193374633789e-01
7.178358435630798340e-01
2.312175333499908447e-01
2.455922126770019531e+00
-5.169044137001037598e-01
8.346412777900695801e-01
-8.857687711715698242e-01
-2.474273443222045898e+00
-7.127732634544372559e-01
-4.880369901657104492e-01
3.677197694778442383e-01
-3.734001219272613525e-01
-3.863433003425598145e-01
-1.510959267616271973e+00
-7.273268699645996094e-01
-1.507260203361511230e+00
-3.167371153831481934e-01
-9.074015021324157715e-01
-2.030840158462524414e+00
-7.396089434623718262e-01
-1.488378643989562988e+00
3.672755956649780273e-01
1.730793714523315430e+00
-1.290284752845764160e+00
7.774977087974548340e-01
1.547943711280822754e+00
-2.050821542739868164e+00
-7.454531639814376831e-02
-1.459742188453674316e+00
-1.447662711143493652e-01
1.327087163925170898e+00
-1.032075762748718262e+00
5.120893120765686035e-01
1.094082444906234741e-01
8.013854622840881348e-01
9.547216296195983887e-01
1.214322522282600403e-01
-9.964094758033752441e-01
1.026052474975585938e+00
1.991209387779235840e+00
-2.650972127914428711e+00
1.677760481834411621e+00
-3.202846944332122803e-01
-3.517028391361236572e-01
-6.731893420219421387e-01
1.540726125240325928e-01
-9.449752569198608398e-01
1.693621993064880371e+00
-1.376653909683227539e+00
1.324997544288635254e+00
-2.208954572677612305e+00
-3.649199604988098145e-01
-1.125621318817138672e+00
-2.251230239868164062e+00
-1.763178557157516479e-01
-1.054954886436462402e+00
1.973207473754882812e+00
-2.513245046138763428e-01
1.732653737068176270e+00
-1.292546629905700684e+00
1.995999693870544434e+00
1.247639536857604980e+00
-8.558206558227539062e-01
-9.139905571937561035e-01
-1.815186500549316406e+00
-7.534782290458679199e-01
1.118036150932312012e+00
9.924607872962951660e-01
-7.415611296892166138e-02
-3.278907239437103271e-01
-1.275599241256713867e+00
5.906320810317993164e-01
1.009810641407966614e-01
-1.112424805760383606e-01
-1.086650729179382324e+00
-1.026117444038391113e+00
1.744068861007690430e+00
-5.893827676773071289e-01
-1.336334228515625000e+00
-4.926870390772819519e-02
3.035309724509716034e-02
2.476742267608642578e+00
1.031440973281860352e+00
9.422852396965026855e-01
1.013045549392700195e+00
-1.045904159545898438e+00
-6.573721170425415039e-01
1.410920917987823486e-01
1.701070666313171387e+00
1.528370194137096405e-02
-4.921498894691467285e-01
1.116742491722106934e-01
1.578255653381347656e+00
-1.715907305479049683e-01
4.431394487619400024e-02
3.462888672947883606e-02
2.640100419521331787e-01
-1.035484552383422852e+00
-1.318851262331008911e-01
7.711840420961380005e-02
5.341788008809089661e-02
7.037187814712524414e-01
1.250725537538528442e-01
-3.668766915798187256e-01
-4.750443100929260254e-01
-1.659553289413452148e+00
4.788024127483367920e-01
1.779261231422424316e+00
-1.266904115676879883e+00
-1.801930785179138184e+00
-7.740796804428100586e-01
1.115745902061462402e+00
1.370421290397644043e+00
1.967024445533752441e+00
5.760212540626525879e-01
-9.807521104812622070e-02
-9.126551151275634766e-01
-3.664203360676765442e-02
1.455041527748107910e+00
2.913216352462768555e+00
-8.811625838279724121e-01
1.965199708938598633e+00
-5.696563124656677246e-01
-7.042443156242370605e-01
8.872997760772705078e-01
1.229093790054321289e+00
1.734511703252792358e-01
