1.075511693954467773e+00
6.611250340938568115e-02
9.041421860456466675e-02
4.068590402603149414e-01
8.595053553581237793e-01
1.454051852226257324e+00
-9.679382443428039551e-01
-1.916814148426055908e-01
2.339246869087219238e-01
1.819716095924377441e-01
1.027231335639953613e+00
-9.192445278167724609e-01
8.619629144668579102e-01
1.859896302223205566e+00
-2.055031619966030121e-02
4.252740740776062012e-01
-6.807932853698730469e-01
1.683820962905883789e+00
2.007695436477661133e-01
-4.639824628829956055e-01
3.501144647598266602e-01
-6.302167773246765137e-01
-1.708534598350524902e+00
4.790325462818145752e-01
-1.162429690361022949e+00
-3.202797770500183105e-01
-7.434017062187194824e-01
-1.453744769096374512e+00
9.296720623970031738e-01
1.163636445999145508e+00
2.636524736881256104e-01
-2.882058918476104736e-01
-1.854682445526123047e+00
3.102827072143554688e+00
-1.942290425300598145e+00
1.360115408897399902e+00
-5.392702817916870117e-01
-9.161597490310668945e-01
2.086364775896072388e-01
4.014813005924224854e-01
-1.097143054008483887e+00
1.795607089996337891e+00
1.361789107322692871e+00
8.354018926620483398e-01
4.612347185611724854e-01
8.098840117454528809e-01
3.628464937210083008e-01
-1.345764100551605225e-01
9.325897097587585449e-01
2.844414412975311279e-01
9.935861825942993164e-01
-4.294391572475433350e-01
2.309527635574340820e+00
-1.528036713600158691e+00
1.551011085510253906e+00
-1.668937057256698608e-01
-7.181963920593261719e-01
-8.319131135940551758e-01
-2.509686231613159180e+00
7.365892529487609863e-01
-1.375811696052551270e+00
1.003891348838806152e+00
-9.620428681373596191e-01
8.215171098709106445e-01
6.250829696655273438e-01
-1.744000792503356934e+00
-9.839956164360046387e-01
-7.804862856864929199e-01
1.895737767219543457e+00
3.662307560443878174e-01
2.901047170162200928e-01
-1.281189441680908203e+00
1.102680206298828125e+00
1.661832809448242188e+00
-3.683415651321411133e-01
2.864708602428436279e-01
-5.860687494277954102e-01
-8.436127901077270508e-01
-9.580352306365966797e-01
-4.985320568084716797e-01
2.360942840576171875e+00
-2.950951099395751953e+00
-2.307079732418060303e-01
1.137930750846862793e+00
-9.363930225372314453e-01
-2.691141068935394287e-01
-1.119857907295227051e+00
-1.126734018325805664e+00
6.886060237884521484e-01
-3.325142562389373779e-01
1.146034002304077148e+00
-1.738482117652893066e+00
-1.698974490165710449e+00
-3.930869698524475098e-01
-1.105191588401794434e+00
2.059923708438873291e-01
9.100332260131835938e-01
-4.844541847705841064e-01
-6.536144018173217773e-01
7.115870714187622070e-02
8.041182756423950195e-01
1.591360718011856079e-01
1.312000870704650879e+00
7.810940146446228027e-01
-4.157105386257171631e-01
-1.840898990631103516e-01
6.413789391517639160e-01
1.404503941535949707e+00
1.356596946716308594e+00
-1.333064675331115723e+00
-2.051395893096923828e+00
1.369349479675292969e+00
3.284472040832042694e-03
-6.652186512947082520e-01
-3.664923906326293945e-01
4.816011786460876465e-01
1.669353961944580078e+00
8.090824484825134277e-01
-3.623586595058441162e-01
-7.969776391983032227e-01
-1.384009361267089844e+00
-2.356463432312011719e+00
1.457541584968566895e+00
-2.890260517597198486e-01
-1.078607678413391113e+00
-7.265455126762390137e-01
-3.290144443511962891e+00
-1.229560077190399170e-01
