-8.648164868354797363e-01
-5.014274716377258301e-01
-5.207535028457641602e-01
5.022035837173461914e-01
-7.088969945907592773e-01
-2.466591745615005493e-01
1.888077855110168457e+00
1.079765483736991882e-01
-1.903951168060302734e-01
1.292530179023742676e+00
-6.875190734863281250e-01
5.986386537551879883e-01
-1.654878497123718262e+00
1.543007194995880127e-01
-1.272230148315429688e-01
-8.204007744789123535e-01
2.208033084869384766e+00
6.805648207664489746e-01
-4.896573722362518311e-01
6.488973498344421387e-01
2.475076727569103241e-02
-2.404333829879760742e+00
2.691693782806396484e+00
6.422026455402374268e-02
-1.610658884048461914e+00
7.781319022178649902e-01
2.157908916473388672e+00
-2.169418811798095703e+00
2.053589105606079102e+00
1.415612816810607910e+00
1.141212821006774902e+00
-5.721383690834045410e-01
-1.177765607833862305e+00
-9.052295684814453125e-01
1.272254109382629395e+00
1.136315345764160156e+00
2.084288120269775391e+00
-8.256483674049377441e-01
-7.362071275711059570e-01
-4.375662207603454590e-01
1.124220848083496094e+00
-3.630026876926422119e-01
1.977954804897308350e-01
-2.998670041561126709e-01
2.814589738845825195e-01
9.908367395401000977e-01
2.841979861259460449e-01
8.772724121809005737e-02
-5.524970293045043945e-01
2.066867351531982422e+00
-2.594195120036602020e-02
-5.696281790733337402e-01
3.631822168827056885e-01
-2.501364946365356445e+00
-9.912252426147460938e-01
-1.496242880821228027e+00
2.193480491638183594e+00
-1.707115620374679565e-01
5.576132535934448242e-01
3.045047819614410400e-01
-2.268079280853271484e+00
2.052200555801391602e+00
-1.147305250167846680e+00
-1.547984182834625244e-01
-2.258908748626708984e+00
-1.571306943893432617e+00
-1.069551467895507812e+00
6.399946808815002441e-01
-8.736367225646972656e-01
9.916528463363647461e-01
-6.116809844970703125e-01
-3.155618011951446533e-01
2.226422071456909180e+00
8.072484731674194336e-01
-1.453699827194213867e+00
-9.304275512695312500e-01
1.856199055910110474e-01
-2.657608985900878906e+00
-2.251764059066772461e+00
-1.366121053695678711e+00
-1.671890169382095337e-02
1.217916727066040039e+00
3.019500076770782471e-01
-1.685243368148803711e+00
1.514972209930419922e+00
8.375728130340576172e-01
-1.262192726135253906e+00
-8.519681692123413086e-01
1.021516680717468262e+00
2.464712142944335938e+00
-8.491517901420593262e-01
3.525252938270568848e-01
-2.817439138889312744e-01
2.159818649291992188e+00
1.348177552223205566e+00
7.510883808135986328e-01
-7.819008827209472656e-01
2.316685467958450317e-01
6.711351871490478516e-01
1.976758360862731934e+00
-5.180242657661437988e-01
-3.189800381660461426e-01
-2.033907413482666016e+00
4.108273506164550781e+00
2.697783708572387695e+00
-3.089882731437683105e-01
-1.271157979965209961e+00
-1.435002923011779785e+00
-3.841685652732849121e-01
-8.657740950584411621e-01
-4.091680347919464111e-01
7.244057655334472656e-01
-2.532214820384979248e-01
1.019855499267578125e+00
-1.391725659370422363e+00
-2.208048820495605469e+00
8.284678459167480469e-01
-1.387353241443634033e-01
-1.000983789563179016e-01
-7.131655812263488770e-01
-5.213610082864761353e-02
8.856700733304023743e-03
-1.866981625556945801e+00
-1.332450389862060547e+00
-7.865801453590393066e-02
-1.804643154144287109e+00
1.614259123802185059e+00
7.416874170303344727e-01
