-9.142590165138244629e-01
1.156020462512969971e-01
6.696992516517639160e-01
-4.413011670112609863e-01
1.673257350921630859e+00
1.705335855484008789e+00
9.517773985862731934e-01
-6.050515547394752502e-02
2.114606648683547974e-01
-3.455490469932556152e-01
6.700323224067687988e-01
5.969385504722595215e-01
-1.518067955970764160e+00
-1.206120729446411133e+00
1.695415019989013672e+00
-9.123700857162475586e-02
6.187044382095336914e-01
1.817818731069564819e-01
-1.637163400650024414e+00
9.437332153320312500e-01
1.716420173645019531e+00
-1.266534805297851562e+00
-1.118651509284973145e+00
6.099902391433715820e-01
5.544971823692321777e-01
-5.864236354827880859e-01
5.960024595260620117e-01
-1.967545151710510254e+00
1.501012444496154785e-01
-4.791099131107330322e-01
1.153151154518127441e+00
1.141939759254455566e+00
1.205340549349784851e-01
-1.515318751335144043e+00
2.791946530342102051e-01
1.728437304496765137e+00
2.032099008560180664e+00
-1.565035343170166016e+00
-2.516042947769165039e+00
1.571923255920410156e+00
1.446571946144104004e+00
-7.513654977083206177e-02
1.242263674736022949e+00
2.755617797374725342e-01
-8.202175498008728027e-01
-1.169554710388183594e+00
4.156146049499511719e-01
-5.685706734657287598e-01
1.450395286083221436e-01
2.542474865913391113e-01
-7.686810195446014404e-02
-2.487925767898559570e+00
1.187405455857515335e-02
5.558065772056579590e-01
8.855968713760375977e-01
1.916780352592468262e+00
-3.717059493064880371e-01
9.777282476425170898e-01
2.854997158050537109e+00
1.193200230598449707e+00
-4.812004044651985168e-02
-3.103994846343994141e+00
-7.549766898155212402e-01
1.203455209732055664e+00
-9.707126617431640625e-01
7.162858545780181885e-02
3.233878016471862793e-01
1.542258381843566895e+00
-1.529658436775207520e+00
-1.860881000757217407e-01
-6.742889881134033203e-01
-1.546235442161560059e+00
6.598841547966003418e-01
1.630169987678527832e+00
-1.212346434593200684e+00
-5.617910623550415039e-01
1.544117033481597900e-01
-1.009756445884704590e+00
-1.809461593627929688e+00
-1.278609752655029297e+00
-1.925994634628295898e+00
9.724151343107223511e-02
1.020652532577514648e+00
9.604683518409729004e-02
1.578027248382568359e+00
1.326317429542541504e+00
-1.306805849075317383e+00
1.652343750000000000e+00
-4.347399771213531494e-01
8.172930479049682617e-01
-1.972050964832305908e-01
-6.226460337638854980e-01
-1.513530462980270386e-01
4.582481682300567627e-01
4.971288442611694336e-01
-3.075930476188659668e-01
1.777959465980529785e-01
1.217693328857421875e+00
5.878126025199890137e-01
4.520605206489562988e-01
3.543637692928314209e-01
-1.394422501325607300e-01
-2.801435708999633789e+00
1.254023909568786621e-01
-1.048216700553894043e+00
3.035591542720794678e-01
2.910129427909851074e-01
-1.930508136749267578e+00
8.389590382575988770e-01
-2.854623556137084961e+00
2.715424597263336182e-01
8.415590524673461914e-01
1.083373546600341797e+00
1.429746985435485840e+00
-2.022912979125976562e+00
-3.285706043243408203e-01
1.128317594528198242e+00
-1.033361554145812988e+00
-4.668284058570861816e-01
-2.194691181182861328e+00
1.863581418991088867e+00
-1.111461997032165527e+00
-4.984096884727478027e-01
9.073656797409057617e-01
-1.068670630455017090e+00
-2.229425191879272461e+00
-2.013966441154479980e-01
-1.028821319341659546e-01
