-1.776287674903869629e+00
-2.895560026168823242e+00
5.709881782531738281e-01
7.768965363502502441e-01
1.296158909797668457e+00
3.403884768486022949e-01
1.392543077468872070e+00
-5.470091700553894043e-01
-4.747515916824340820e-01
-1.380367517471313477e+00
9.898983836174011230e-01
7.652206420898437500e-01
6.074806451797485352e-01
-6.427415013313293457e-01
5.644845962524414062e-01
-3.646607324481010437e-02
6.305236816406250000e-01
6.065613776445388794e-02
-3.439246714115142822e-01
8.523908257484436035e-01
-2.778788506984710693e-01
-1.324629876762628555e-02
-7.217653989791870117e-01
2.001203536987304688e+00
-9.472888112068176270e-01
-5.010221600532531738e-01
3.657085597515106201e-01
-9.379940629005432129e-01
1.454366445541381836e+00
-5.940903425216674805e-01
-1.734980463981628418e+00
1.710664629936218262e+00
-8.471446633338928223e-01
2.605296075344085693e-01
3.008494675159454346e-01
-2.112289518117904663e-01
2.677911221981048584e-01
-5.773330926895141602e-01
-2.794654071331024170e-01
1.726826727390289307e-01
-5.393688678741455078e-01
1.170900464057922363e+00
1.162433147430419922e+00
2.284096479415893555e+00
2.246773481369018555e+00
2.513763904571533203e+00
-4.034663140773773193e-01
1.723906040191650391e+00
-4.230181276798248291e-01
-1.916930437088012695e+00
3.897452950477600098e-01
1.495144367218017578e-01
-5.981267690658569336e-01
-2.896417140960693359e+00
-1.039578542113304138e-01
-1.344057917594909668e-01
8.867292404174804688e-01
4.010566473007202148e-01
1.480155229568481445e+00
-1.790226340293884277e+00
-1.764995813369750977e+00
9.042907357215881348e-01
-2.079722881317138672e+00
4.890520572662353516e-01
-7.188163399696350098e-01
-3.757053911685943604e-01
9.626218080520629883e-01
5.396350622177124023e-01
-9.578873217105865479e-02
1.042205095291137695e+00
6.719703674316406250e-01
-1.232884526252746582e+00
4.239426255226135254e-01
1.136138796806335449e+00
9.104825258255004883e-01
-2.595077514648437500e+00
-1.380708999931812286e-02
6.248263120651245117e-01
2.077210694551467896e-01
-5.090161785483360291e-02
-1.407359480857849121e+00
-5.257944464683532715e-01
1.873744487762451172e+00
1.761021852493286133e+00
1.204581618309020996e+00
8.384023904800415039e-01
7.392642498016357422e-01
-1.461462616920471191e+00
-5.815729126334190369e-02
1.571641445159912109e+00
1.584811806678771973e+00
-6.378504037857055664e-01
-2.366091728210449219e+00
5.411437153816223145e-01
-2.281335353851318359e+00
5.647208690643310547e-01
-1.474245309829711914e+00
-1.154097914695739746e+00
-1.386402368545532227e+00
3.429216861724853516e+00
-1.753106474876403809e+00
-1.009883522987365723e+00
4.567085802555084229e-01
1.401794791221618652e+00
-1.026738882064819336e+00
1.913511008024215698e-02
-3.524448275566101074e-01
-1.969469308853149414e+00
1.701744437217712402e+00
-1.075828790664672852e+00
-1.079562067985534668e+00
1.995287775993347168e+00
-1.414103031158447266e+00
2.646931409835815430e-01
-3.935368359088897705e-01
-1.699507474899291992e+00
6.438255310058593750e-01
-2.072869539260864258e+00
-5.521915555000305176e-01
4.596316218376159668e-01
-1.028699278831481934e+00
1.476184576749801636e-01
1.077471971511840820e+00
-2.196674495935440063e-01
-5.275661945343017578e-01
-1.292558431625366211e+00
8.019708991050720215e-01
-5.374830961227416992e-01
