-1.632435679435729980e+00
1.075016617774963379e+00
-9.221017956733703613e-01
5.412590503692626953e-01
1.939189583063125610e-01
-5.387325882911682129e-01
-9.830621480941772461e-01
8.527220487594604492e-01
-1.990292072296142578e-01
-7.477684617042541504e-01
-9.677675366401672363e-01
1.050158977508544922e+00
-2.516063213348388672e+00
-1.056602835655212402e+00
1.509747982025146484e+00
1.239667981863021851e-01
6.667854189872741699e-01
3.691745549440383911e-02
1.747019290924072266e+00
1.251778125762939453e+00
-5.107043981552124023e-01
1.588352799415588379e+00
-6.631214618682861328e-01
1.464124798774719238e+00
-2.052619457244873047e+00
2.036143064498901367e+00
-2.374338209629058838e-01
-1.734984517097473145e-01
1.892400741577148438e+00
-1.689565628767013550e-01
-7.823294997215270996e-01
-1.064230322837829590e+00
-1.659608364105224609e+00
-1.285879611968994141e+00
4.943122342228889465e-02
-8.381894230842590332e-01
1.338538527488708496e+00
-2.320773601531982422e+00
-8.858407139778137207e-01
-3.885568618774414062e+00
5.450282096862792969e-01
1.011371135711669922e+00
1.795117735862731934e+00
3.733446300029754639e-01
-3.842536807060241699e-01
-6.336207389831542969e-01
6.168025135993957520e-01
2.674835205078125000e+00
3.331949114799499512e-01
3.643513917922973633e+00
4.358950257301330566e-01
1.254082471132278442e-01
-1.849339485168457031e+00
-1.366722822189331055e+00
-2.893159985542297363e-01
1.110637426376342773e+00
1.550981998443603516e+00
-3.094913959503173828e-01
-1.542067885398864746e+00
1.408662796020507812e+00
1.135408580303192139e-01
1.728196501731872559e+00
-3.134455084800720215e-01
7.457808256149291992e-01
1.785153865814208984e+00
8.160176277160644531e-01
-2.760843336582183838e-01
-2.390075325965881348e-01
5.579168796539306641e-01
1.956838607788085938e+00
1.050750255584716797e+00
1.153193354606628418e+00
-1.090841181576251984e-02
3.093255758285522461e-01
-1.326817035675048828e+00
-2.195539951324462891e+00
1.240865111351013184e+00
-1.104011833667755127e-01
1.164595961570739746e+00
-2.781820058822631836e+00
1.215260103344917297e-01
-1.875991225242614746e+00
2.132734775543212891e+00
-1.017039418220520020e+00
8.359855413436889648e-02
4.004325270652770996e-01
1.263257145881652832e+00
2.607181072235107422e-01
-3.806380331516265869e-01
1.189616084098815918e+00
4.810172915458679199e-01
-8.299845457077026367e-01
1.018741130828857422e+00
-3.453690111637115479e-01
-1.315454840660095215e+00
-2.384193181991577148e+00
1.496124386787414551e+00
-8.587041497230529785e-02
-9.261687994003295898e-01
1.700123667716979980e+00
-7.443231940269470215e-01
-1.893603503704071045e-01
5.583501458168029785e-01
5.077043771743774414e-01
2.230004549026489258e+00
2.813458070158958435e-02
-2.234705686569213867e+00
-6.542338728904724121e-01
-1.346008419990539551e+00
-2.266796350479125977e+00
9.780622720718383789e-01
-1.358139872550964355e+00
-4.820758700370788574e-01
-1.347270011901855469e+00
-4.355423450469970703e-01
1.028859138488769531e+00
-7.858770340681076050e-02
1.616458415985107422e+00
-1.148889303207397461e+00
-7.479264140129089355e-01
-5.512465238571166992e-01
2.068065665662288666e-02
-2.459492534399032593e-01
-3.272380352020263672e+00
1.111754417419433594e+00
-5.139042735099792480e-01
-1.640672206878662109e+00
4.987690597772598267e-02
