1.150270819664001465e+00
-7.266542315483093262e-01
-5.522142648696899414e-01
-2.907775640487670898e-01
1.083003401756286621e+00
1.023538187146186829e-01
-1.319824576377868652e+00
-5.757718682289123535e-01
-1.004209637641906738e+00
4.118788242340087891e-01
1.078488230705261230e+00
1.487686187028884888e-01
-1.695689260959625244e-01
3.331933617591857910e-01
6.952449679374694824e-01
4.916297197341918945e-01
-2.078099966049194336e+00
1.008932828903198242e+00
8.708787560462951660e-01
-4.676226526498794556e-02
-1.480536818504333496e+00
-2.155415862798690796e-01
4.024883806705474854e-01
-4.122721403837203979e-02
-5.908517837524414062e-01
7.836975902318954468e-02
6.586461067199707031e-01
-7.405718564987182617e-01
-1.656733870506286621e+00
3.689613342285156250e-01
5.151641368865966797e-01
9.330209493637084961e-01
-1.171320080757141113e-01
7.230584621429443359e-01
-1.761691570281982422e+00
1.331287145614624023e+00
1.159157156944274902e+00
-2.470366954803466797e+00
-3.760492503643035889e-01
8.736726641654968262e-01
-9.070482850074768066e-02
-1.241054892539978027e+00
1.726880431175231934e+00
-5.454642772674560547e-01
-6.816589087247848511e-02
-1.687233805656433105e+00
-4.808308482170104980e-01
1.408473253250122070e+00
1.141891598701477051e+00
3.424989938735961914e+00
8.519101738929748535e-01
-1.057064175605773926e+00
1.558606266975402832e+00
8.212121725082397461e-01
5.749632120132446289e-01
9.816567301750183105e-01
-4.244381487369537354e-01
1.144392132759094238e+00
8.213718533515930176e-01
1.215333819389343262e+00
-2.390477210283279419e-01
-1.126747250556945801e+00
3.137163817882537842e-01
-7.589944005012512207e-01
-4.818986058235168457e-01
-3.322280943393707275e-02
1.217118144035339355e+00
-5.967186018824577332e-02
1.260931015014648438e+00
-4.726500213146209717e-01
2.603114247322082520e-01
-8.779649138450622559e-01
-4.378419518470764160e-01
1.174343824386596680e+00
7.563779950141906738e-01
2.903912067413330078e-01
1.378716588020324707e+00
-3.647353649139404297e-01
3.438360691070556641e-01
-5.913957953453063965e-02
3.006512403488159180e+00
-8.291917443275451660e-01
-6.304474920034408569e-02
-2.109536528587341309e-01
6.201976537704467773e-01
-7.767639309167861938e-02
-1.173370718955993652e+00
-1.041907072067260742e+00
-1.474301218986511230e-01
-1.389039039611816406e+00
1.261289358139038086e+00
-1.329539895057678223e+00
7.438246607780456543e-01
-4.064016044139862061e-01
-2.777290344238281250e-01
-9.049286842346191406e-01
2.068301737308502197e-01
-5.762182474136352539e-01
-1.473896265029907227e+00
9.198480844497680664e-01
8.763107061386108398e-01
1.233958080410957336e-01
-1.462243556976318359e+00
-3.068453311920166016e+00
-1.821397095918655396e-01
1.417156577110290527e+00
2.334241420030593872e-01
-9.113113284111022949e-01
-6.314445137977600098e-01
-1.837456703186035156e+00
5.740599334239959717e-02
-5.084624886512756348e-01
8.362958431243896484e-01
1.126454830169677734e+00
1.831705331802368164e+00
-1.978567838668823242e+00
-6.090919375419616699e-01
-1.663250088691711426e+00
1.246622085571289062e+00
5.822404026985168457e-01
-1.644106745719909668e+00
8.664346933364868164e-01
4.182083606719970703e-01
-1.909314393997192383e+00
-1.746147871017456055e+00
-4.080906808376312256e-01
-6.692355275154113770e-01
-1.134452372789382935e-01
