4.953651130199432373e-01
5.071840286254882812e-01
4.308038055896759033e-01
-3.416998863220214844e+00
2.684431076049804688e-01
4.425713419914245605e-01
-1.014276266098022461e+00
1.078528165817260742e+00
-7.570105791091918945e-01
-4.256227016448974609e-01
1.021418333053588867e+00
3.683619797229766846e-01
1.026477456092834473e+00
6.721450090408325195e-01
-1.212745308876037598e+00
2.854390621185302734e+00
-6.399777531623840332e-01
-9.857323765754699707e-02
3.269630372524261475e-01
-1.458151340484619141e-01
-1.245179623365402222e-01
-5.092527866363525391e-01
8.215351104736328125e-01
1.669620990753173828e+00
6.974542886018753052e-02
-9.135684967041015625e-01
-1.937511444091796875e+00
-3.911435306072235107e-01
-8.646488189697265625e-01
2.138233900070190430e+00
-1.917450547218322754e+00
-3.620620727539062500e+00
-4.028407037258148193e-01
2.683516144752502441e-01
-5.508906841278076172e-01
-8.474537134170532227e-01
-1.356421709060668945e+00
5.888367891311645508e-01
-1.647242158651351929e-01
5.184864997863769531e-01
1.412679433822631836e+00
4.469411075115203857e-01
1.846952080726623535e+00
9.086842536926269531e-01
-4.532634615898132324e-01
-1.625938892364501953e+00
-9.543121606111526489e-02
2.321524858474731445e+00
2.970669269561767578e+00
-1.171813830733299255e-01
1.406516283750534058e-01
-8.803745508193969727e-01
1.187923789024353027e+00
-1.257900428026914597e-02
1.557317614555358887e+00
-1.142551228404045105e-01
9.681490063667297363e-01
1.180709838867187500e+00
1.199950933456420898e+00
5.622310042381286621e-01
2.484050989151000977e-01
1.802655458450317383e-01
9.936576485633850098e-01
7.466199398040771484e-01
-3.836107552051544189e-01
-1.797932028770446777e+00
-1.375204771757125854e-01
2.010275125503540039e-01
9.230232238769531250e-02
9.884133338928222656e-01
1.117301225662231445e+00
-2.982162237167358398e-01
-1.256141364574432373e-01
-7.218057513236999512e-01
-1.654609799385070801e+00
-2.442068010568618774e-01
4.265288710594177246e-01
-2.977770268917083740e-01
7.922644168138504028e-02
-3.400875806808471680e+00
1.478619277477264404e-01
-1.013334512710571289e+00
-8.470587134361267090e-01
-5.265324115753173828e-01
5.653019547462463379e-01
4.438616335391998291e-01
-1.310302257537841797e+00
1.427483320236206055e+00
-8.965829610824584961e-01
1.039461135864257812e+00
9.452306032180786133e-01
-1.213163971900939941e+00
-8.636631369590759277e-01
2.273390591144561768e-01
1.694351673126220703e+00
-8.495478034019470215e-01
1.836720228195190430e+00
-4.284798800945281982e-01
-1.504870772361755371e+00
-1.221298336982727051e+00
2.576523780822753906e+00
1.923931121826171875e+00
5.593750998377799988e-02
-1.252869069576263428e-01
-9.587468504905700684e-01
6.439992785453796387e-02
3.618947267532348633e-01
-6.782303750514984131e-02
3.746116161346435547e-02
-1.514210104942321777e+00
-2.101560533046722412e-01
7.438667118549346924e-02
-1.668997049331665039e+00
-1.374661087989807129e+00
3.186323165893554688e+00
-1.588853836059570312e+00
-1.389720011502504349e-02
-1.148397088050842285e+00
-8.680767416954040527e-01
-5.017161965370178223e-01
2.011899232864379883e+00
-1.508949846029281616e-01
1.871204078197479248e-01
1.508117914199829102e-01
7.389207370579242706e-03
-5.277484655380249023e-01
-4.942738115787506104e-01
-2.178429126739501953e+00
