1.223987936973571777e+00
-7.126441597938537598e-01
7.328227758407592773e-01
1.203363060951232910e+00
-2.979122102260589600e-01
2.665455639362335205e-01
1.056275010108947754e+00
-7.074856162071228027e-01
-3.934142351150512695e+00
-1.119679450988769531e+00
-5.017847418785095215e-01
2.115910053253173828e+00
9.580198526382446289e-01
-1.385201692581176758e+00
4.412098228931427002e-01
-1.052906066179275513e-01
1.458834409713745117e+00
-2.227127850055694580e-01
-7.227976322174072266e-01
-1.226853847503662109e+00
7.990128993988037109e-01
-1.328916549682617188e+00
2.334172874689102173e-01
4.853508621454238892e-02
-5.741497874259948730e-01
1.190222024917602539e+00
1.413269042968750000e+00
-1.074771881103515625e+00
-5.183255672454833984e-01
9.075862169265747070e-01
-3.766840696334838867e-01
4.670142531394958496e-01
1.153033748269081116e-01
1.579406619071960449e+00
-6.656107306480407715e-02
1.154953002929687500e+00
1.445059537887573242e+00
2.581846237182617188e+00
-5.658185482025146484e-01
-6.544209122657775879e-01
1.734216332435607910e+00
-6.975464224815368652e-01
1.624266743659973145e+00
1.894588947296142578e+00
-4.252176284790039062e-01
-1.622920483350753784e-01
-9.942366182804107666e-02
-1.124202832579612732e-01
-6.445152312517166138e-02
-4.054844677448272705e-01
9.400893449783325195e-01
-5.194368958473205566e-01
-5.549570322036743164e-01
-2.319238334894180298e-01
3.560839891433715820e-01
-3.276688456535339355e-01
-8.202506303787231445e-01
-5.909098312258720398e-02
-5.236625298857688904e-02
1.128869295120239258e+00
2.509777784347534180e+00
1.989765763282775879e+00
-8.151651024818420410e-01
1.017101526260375977e+00
-3.716970384120941162e-01
-2.234322071075439453e+00
-1.017240166664123535e+00
3.655087947845458984e-01
-1.665195107460021973e+00
-3.120611608028411865e-01
8.737521767616271973e-01
-2.751204729080200195e+00
-1.462822318077087402e+00
1.299939956516027451e-02
-1.736835718154907227e+00
1.126778870820999146e-01
-4.725567996501922607e-01
-8.240867853164672852e-01
-1.560971289873123169e-01
1.033234745264053345e-01
-5.305848121643066406e-01
2.829085290431976318e-01
5.007873177528381348e-01
-6.838085055351257324e-01
3.805467128753662109e+00
-2.709611654281616211e-01
-2.524306058883666992e+00
-1.516299605369567871e+00
-2.761248052120208740e-01
1.273905396461486816e+00
1.405616521835327148e+00
6.248018741607666016e-01
8.638203144073486328e-01
3.909668624401092529e-01
-1.842845320701599121e+00
-9.718679636716842651e-02
1.361282467842102051e+00
-1.263539314270019531e+00
7.672503590583801270e-01
-1.996651291847229004e+00
5.096065253019332886e-02
4.031450450420379639e-01
-2.253222942352294922e+00
3.885370790958404541e-01
9.598746895790100098e-01
-1.248662352561950684e+00
-1.848269462585449219e+00
-2.704901695251464844e+00
1.807736009359359741e-01
-2.662613153457641602e+00
1.662096381187438965e+00
-4.597441554069519043e-01
-2.601816654205322266e+00
9.446104168891906738e-01
-1.974201917648315430e+00
-1.251421570777893066e+00
-3.951604366302490234e-01
-2.617495059967041016e+00
6.888825893402099609e-01
3.082098484039306641e+00
8.602288365364074707e-01
-1.799919307231903076e-01
2.069969028234481812e-01
1.778029918670654297e+00
4.023236036300659180e-01
7.599761486053466797e-01
1.164089202880859375e+00
4.314828813076019287e-01
