-1.174723744392395020e+00
1.187039256095886230e+00
-1.102622151374816895e+00
1.541589051485061646e-01
-2.449213504791259766e+00
1.057410001754760742e+00
-7.155455946922302246e-01
-1.622127890586853027e-01
-7.885047793388366699e-02
-5.139337182044982910e-01
-1.115683674812316895e+00
-4.115901589393615723e-01
1.078242778778076172e+00
-1.109828710556030273e+00
-1.228772997856140137e+00
2.686316072940826416e-01
-1.398504137992858887e+00
-5.502026677131652832e-01
-2.264747470617294312e-01
9.743658304214477539e-01
-1.118779182434082031e+00
-1.922525465488433838e-01
5.468618869781494141e-01
-2.677893042564392090e-01
3.545243144035339355e-01
1.043967485427856445e+00
-3.586589694023132324e-01
2.651893794536590576e-01
5.778924822807312012e-01
3.116866946220397949e-01
-5.207735300064086914e-01
-1.506074547767639160e+00
2.820429205894470215e-01
-8.101827651262283325e-02
-4.977371077984571457e-03
-9.724392890930175781e-01
-1.349763751029968262e+00
1.198471337556838989e-01
-5.230612158775329590e-01
-6.708559393882751465e-02
1.582247018814086914e+00
6.091004237532615662e-02
1.460389256477355957e+00
2.142644405364990234e+00
-3.568902909755706787e-01
-5.559281706809997559e-01
7.685995101928710938e-01
1.739677071571350098e+00
-2.250539213418960571e-01
3.952756524085998535e-02
-1.186608910560607910e+00
2.100311517715454102e-01
3.852041065692901611e-01
6.664593517780303955e-02
6.681197285652160645e-01
1.723108410835266113e+00
2.795707464218139648e+00
-1.048924103379249573e-01
1.015490651130676270e+00
1.663031816482543945e+00
-1.874259829521179199e+00
-6.026298403739929199e-01
-2.408224344253540039e+00
1.711063385009765625e-01
5.735319852828979492e-01
-2.183604001998901367e+00
-6.185474991798400879e-01
2.326729297637939453e+00
1.787649869918823242e+00
-3.565325736999511719e-01
2.582160942256450653e-02
9.822814464569091797e-01
6.187946200370788574e-01
1.781584024429321289e+00
-9.332868456840515137e-01
-8.100042343139648438e-01
1.139899015426635742e+00
2.790510468184947968e-02
3.198206722736358643e-01
-1.971840977668762207e+00
-1.029048323631286621e+00
2.501103878021240234e-01
3.172332525253295898e+00
6.234365701675415039e-01
-8.693280816078186035e-01
1.650185286998748779e-01
-1.437637060880661011e-01
-2.695901870727539062e+00
-1.190011620521545410e+00
6.965963244438171387e-01
-6.131086945533752441e-01
-1.276343941688537598e+00
-2.161534547805786133e+00
1.555772781372070312e+00
-7.052979469299316406e-01
2.200853586196899414e+00
1.498064279556274414e+00
-7.098193168640136719e-01
3.220927715301513672e+00
2.701175928115844727e+00
1.936583518981933594e+00
-4.843245446681976318e-02
-3.777132183313369751e-02
1.173148751258850098e+00
9.277665019035339355e-01
-1.283514034003019333e-02
-1.152508854866027832e+00
-1.687514036893844604e-01
-1.143658161163330078e+00
-3.030855655670166016e+00
-2.396387010812759399e-01
1.409047365188598633e+00
2.338056325912475586e+00
-7.222805619239807129e-01
-8.676161170005798340e-01
-4.056356251239776611e-01
-6.365828961133956909e-02
-6.451727151870727539e-01
9.843882918357849121e-01
-5.554710626602172852e-01
-1.478786230087280273e+00
-5.928524136543273926e-01
-3.401796817779541016e+00
-2.043677091598510742e+00
-6.905661430209875107e-04
2.604991197586059570e+00
-7.732791900634765625e-01
-2.426565170288085938e+00
