7.893031239509582520e-01
-2.755547463893890381e-01
1.573165655136108398e-01
2.475248277187347412e-02
-1.736733555793762207e+00
4.976131618022918701e-01
6.432915925979614258e-01
-1.248646259307861328e+00
-9.388499259948730469e-01
-5.157731175422668457e-01
1.023621201515197754e+00
1.315367519855499268e-01
-9.202723503112792969e-01
-9.671500921249389648e-01
-2.299951314926147461e-01
8.295626193284988403e-02
-1.514622092247009277e+00
-2.277640402317047119e-01
-7.532554268836975098e-01
-6.712285876274108887e-01
2.587003707885742188e-01
7.908869981765747070e-01
-9.685584343969821930e-03
9.593815207481384277e-01
-4.573352038860321045e-01
7.346693277359008789e-01
1.395616292953491211e+00
-1.778117716312408447e-01
-1.907677173614501953e+00
-1.299967020750045776e-01
7.813684642314910889e-02
-3.007304370403289795e-01
6.838808059692382812e-01
-1.435731649398803711e+00
-7.143992781639099121e-01
-1.417067289352416992e+00
4.570852518081665039e-01
-1.701023340225219727e+00
-1.272402763366699219e+00
-2.844924926757812500e-01
-2.930346727371215820e+00
1.358775258064270020e+00
2.021863222122192383e+00
2.795626878738403320e+00
5.999996066093444824e-01
2.593074798583984375e+00
1.405410647392272949e+00
1.333175182342529297e+00
-1.999251395463943481e-01
1.360286712646484375e+00
2.080598622560501099e-01
-1.450641393661499023e+00
8.616315722465515137e-01
1.721666604280471802e-01
-7.391442656517028809e-01
-5.537565350532531738e-01
-6.867007613182067871e-01
7.722492814064025879e-01
1.620483875274658203e+00
-5.299810171127319336e-01
7.451365590095520020e-01
9.734792709350585938e-01
1.950994282960891724e-01
1.673367381095886230e+00
2.192333221435546875e+00
-1.134330868721008301e+00
6.734309196472167969e-01
-2.122514963150024414e+00
-6.576999425888061523e-01
1.270879149436950684e+00
4.493187367916107178e-01
-1.015280246734619141e+00
1.137128233909606934e+00
5.966026782989501953e-01
1.716812729835510254e+00
-7.895206809043884277e-01
-5.329759716987609863e-01
-3.109825253486633301e-01
-1.121053576469421387e+00
-9.839758276939392090e-01
1.284942507743835449e+00
-3.297105133533477783e-01
-1.189449191093444824e+00
2.176874279975891113e-01
1.614016771316528320e+00
-1.953340172767639160e+00
-1.675392150878906250e+00
-8.009898066520690918e-01
-1.414585947990417480e+00
-1.669059991836547852e+00
2.687752485275268555e+00
-5.668874382972717285e-01
-2.422460168600082397e-01
1.088898181915283203e+00
1.128832459449768066e+00
2.113061398267745972e-01
4.150979220867156982e-01
4.478447735309600830e-01
1.005822062492370605e+00
6.633870005607604980e-01
2.814677357673645020e-01
9.578205347061157227e-01
-1.322452306747436523e+00
7.031669020652770996e-01
2.243431806564331055e+00
-5.779922008514404297e-01
-9.620667248964309692e-02
-5.122104287147521973e-01
2.494643330574035645e-01
-5.203719735145568848e-01
6.402686834335327148e-01
-7.462504506111145020e-01
-1.578924775123596191e+00
1.037923336029052734e+00
8.250635266304016113e-01
5.855134129524230957e-01
-1.170048356056213379e+00
1.486704111099243164e+00
-5.418646931648254395e-01
-1.600774168968200684e+00
-6.754575371742248535e-01
1.254186391830444336e+00
-3.011262118816375732e-01
-3.241888999938964844e+00
-1.212411999702453613e+00
3.435287475585937500e-01
-2.413469552993774414e+00
1.507283806800842285e+00
