8.714898228645324707e-01
2.806963324546813965e-01
-8.194960951805114746e-01
6.017231345176696777e-01
3.154917001724243164e+00
2.886871337890625000e+00
1.142578244209289551e+00
7.268495559692382812e-01
-1.939048022031784058e-01
-2.807984501123428345e-02
-1.725536227226257324e+00
2.996911406517028809e-01
2.340071462094783783e-02
-7.230805158615112305e-01
-1.472562670707702637e+00
-1.749227881431579590e+00
-6.373134851455688477e-01
-1.653450578451156616e-01
-5.937575101852416992e-01
2.186055928468704224e-01
8.694441914558410645e-01
9.741783142089843750e-02
3.348065316677093506e-01
6.715710759162902832e-01
-2.448729038238525391e+00
9.887381792068481445e-01
8.752748966217041016e-01
-1.638953447341918945e+00
-5.623417496681213379e-01
-1.767341732978820801e+00
-3.822178840637207031e-01
3.641392588615417480e-01
7.211943268775939941e-01
5.101528763771057129e-01
3.811256587505340576e-01
-4.467099606990814209e-01
1.741725087165832520e+00
-1.350386023521423340e+00
-2.480581998825073242e-01
1.982209086418151855e-01
1.386193186044692993e-01
-1.620791435241699219e+00
1.818314671516418457e+00
-2.690516114234924316e-01
-1.821004003286361694e-01
-1.624122738838195801e+00
1.222063064575195312e+00
-1.490811944007873535e+00
1.316241025924682617e+00
7.664315700531005859e-01
-5.667477846145629883e-01
-2.407701730728149414e+00
-1.158741116523742676e-02
1.099780052900314331e-01
-2.221983671188354492e+00
1.465000271797180176e+00
1.466915965080261230e+00
2.984080016613006592e-01
2.285001993179321289e+00
8.352854847908020020e-01
7.211415171623229980e-01
-1.036863680928945541e-02
7.917568087577819824e-01
-3.045840561389923096e-01
-1.320782780647277832e+00
-3.867311477661132812e-01
1.048359423875808716e-01
1.025293946266174316e+00
-3.750236630439758301e-01
-1.183235645294189453e+00
2.195056974887847900e-01
-1.331539392471313477e+00
-3.031973540782928467e-01
6.069236397743225098e-01
-1.483054757118225098e+00
8.451490998268127441e-01
1.080556154251098633e+00
-1.268847584724426270e+00
6.042237952351570129e-02
-5.029779672622680664e-02
-7.372489571571350098e-01
1.223071455955505371e+00
8.235104084014892578e-01
-7.690460085868835449e-01
6.577632427215576172e-01
2.355097770690917969e+00
-7.137963771820068359e-01
-5.972223877906799316e-01
4.804351553320884705e-02
1.025011420249938965e+00
1.186175227165222168e+00
-7.587787508964538574e-01
-5.033908486366271973e-01
-1.657895207405090332e+00
5.796067714691162109e-01
7.083792090415954590e-01
-1.183565557003021240e-01
6.572954058647155762e-01
4.955008327960968018e-01
-3.145544230937957764e-01
-3.016266524791717529e-01
-2.899278700351715088e-01
-9.386110901832580566e-01
-6.867447495460510254e-01
1.838854670524597168e+00
-1.181264519691467285e+00
-2.524842023849487305e+00
-2.224800825119018555e+00
9.389891624450683594e-01
-1.303082704544067383e+00
-6.530453562736511230e-01
-6.059830784797668457e-01
1.367492824792861938e-01
1.628839850425720215e+00
1.143327355384826660e+00
-3.394865393638610840e-01
5.117585659027099609e-01
-1.677191257476806641e+00
3.750522732734680176e-01
1.599739074707031250e+00
9.191702008247375488e-01
-1.007302880287170410e+00
2.389049530029296875e+00
-7.674931883811950684e-01
-1.174501299858093262e+00
-1.562121033668518066e+00
6.721416860818862915e-02
8.293682932853698730e-01
