-1.252845048904418945e+00
-6.632072925567626953e-01
3.303752541542053223e-01
7.872378230094909668e-01
-2.317727953195571899e-01
-1.143318414688110352e+00
-1.778704285621643066e+00
-8.127414584159851074e-01
4.120555222034454346e-01
-1.586334943771362305e+00
-2.622758150100708008e-01
-1.231361150741577148e+00
-1.215906888246536255e-01
-2.730356693267822266e+00
2.961256206035614014e-01
-1.381178796291351318e-01
-5.066101551055908203e-01
-1.414528042078018188e-01
4.783454537391662598e-01
5.610992908477783203e-01
2.301097363233566284e-01
1.734347939491271973e+00
-1.305438578128814697e-01
4.694932103157043457e-01
-6.362962126731872559e-01
-8.995268344879150391e-01
-4.663484394550323486e-01
5.202665925025939941e-01
-3.379562497138977051e-01
1.723483800888061523e-01
-8.703882098197937012e-01
2.318190813064575195e+00
-9.181679487228393555e-01
7.332478761672973633e-01
1.871330618858337402e+00
8.517192602157592773e-01
9.448739886283874512e-01
-5.178534239530563354e-02
-4.436030387878417969e-01
-2.491259336471557617e+00
1.279440402984619141e+00
7.390524148941040039e-01
1.974495053291320801e+00
9.302798509597778320e-01
-4.195120930671691895e-01
-1.349764943122863770e+00
4.210739731788635254e-01
1.236920952796936035e+00
9.224326610565185547e-01
1.439393758773803711e+00
1.537930369377136230e+00
-5.195048451423645020e-01
1.138777732849121094e+00
3.258434534072875977e-01
1.082464531064033508e-01
-6.769387722015380859e-01
2.340815961360931396e-01
1.367234736680984497e-01
-1.696170568466186523e+00
4.531425952911376953e+00
1.031173348426818848e+00
1.015554219484329224e-01
8.059634566307067871e-01
1.153314590454101562e+00
5.188114196062088013e-02
1.567449808120727539e+00
-1.760842204093933105e-01
1.338785767555236816e+00
-6.746107935905456543e-01
-9.984520077705383301e-01
-4.454115927219390869e-01
1.127287864685058594e+00
1.337967664003372192e-01
-5.084645375609397888e-02
-7.683814167976379395e-01
-1.216433405876159668e+00
4.583323597908020020e-01
-5.160910487174987793e-01
-1.549734592437744141e+00
-1.014582514762878418e+00
5.510591864585876465e-01
5.736055374145507812e-01
1.335918903350830078e+00
-4.785317480564117432e-01
5.105540752410888672e+00
-8.256505131721496582e-01
-2.263743132352828979e-01
1.945463180541992188e+00
-8.606360107660293579e-02
-1.127166906371712685e-03
2.923892736434936523e-01
-2.109385013580322266e+00
-2.561079263687133789e-01
-8.302096128463745117e-01
2.692762911319732666e-01
-6.766469478607177734e-01
1.672775983810424805e+00
-9.915242344141006470e-02
-4.299965202808380127e-01
8.800594210624694824e-01
-5.932773351669311523e-01
7.943795323371887207e-01
-1.318389177322387695e+00
5.776222944259643555e-01
-2.068744659423828125e+00
2.079078197479248047e+00
-1.274296641349792480e+00
-9.385479092597961426e-01
-1.003001928329467773e+00
-8.405101299285888672e-01
-3.776826262474060059e-01
1.424357414245605469e+00
-8.948621749877929688e-01
-1.038437604904174805e+00
-4.027328789234161377e-01
7.608850598335266113e-01
-1.266368985176086426e+00
-1.112688779830932617e+00
4.845943748950958252e-01
2.294743657112121582e-01
-2.537464797496795654e-01
7.420890331268310547e-01
-1.737931132316589355e+00
-2.500649690628051758e+00
-5.163160562515258789e-01
-1.129539251327514648e+00
-1.299223899841308594e+00
-2.283376932144165039e+00
