8.483704924583435059e-01
-4.580498337745666504e-01
6.055622696876525879e-01
8.817858248949050903e-02
-5.925762653350830078e-01
-1.808751374483108521e-01
6.122150421142578125e-01
2.759167194366455078e+00
6.385130882263183594e-01
-1.936303377151489258e+00
3.592056334018707275e-01
2.749303579330444336e-01
4.119493365287780762e-01
-1.134945750236511230e-01
9.330917000770568848e-01
-3.531015291810035706e-02
-1.045266032218933105e+00
4.614667296409606934e-01
-1.144950032234191895e+00
4.738180041313171387e-01
8.267087936401367188e-01
-9.190838336944580078e-01
3.101963102817535400e-01
5.939504504203796387e-01
-3.360803723335266113e-01
-3.380746543407440186e-01
3.945153653621673584e-01
8.910869359970092773e-01
3.135597109794616699e-01
3.173252046108245850e-01
2.819903194904327393e-01
-1.375128746032714844e+00
3.219367265701293945e-01
3.318566679954528809e-01
1.072721838951110840e+00
7.738634347915649414e-01
1.163325071334838867e+00
-9.613084197044372559e-01
-1.762014389038085938e+00
1.050619363784790039e+00
-2.405476331710815430e+00
-2.520733773708343506e-01
1.722472906112670898e+00
1.434428453445434570e+00
-6.827592253684997559e-01
-7.561992406845092773e-01
1.567759960889816284e-01
-1.271257281303405762e+00
-1.148366808891296387e+00
1.136912584304809570e+00
4.650390148162841797e-01
-1.561294674873352051e+00
-2.147914171218872070e+00
-9.018524885177612305e-01
-1.311216711997985840e+00
-9.272631406784057617e-01
-4.210214316844940186e-01
3.715709686279296875e+00
-6.588427722454071045e-02
1.005008578300476074e+00
1.196497797966003418e+00
3.575365408323705196e-04
-6.993019580841064453e-01
1.917355656623840332e+00
-1.023111701011657715e+00
-4.294497668743133545e-01
7.149416208267211914e-02
7.959222197532653809e-01
4.094571173191070557e-01
-3.473915755748748779e-01
-7.291943430900573730e-01
-3.278585374355316162e-01
6.219294071197509766e-01
8.878559470176696777e-01
1.568605780601501465e+00
-2.141276597976684570e-01
-5.314941406250000000e-01
-1.589083552360534668e+00
-7.466883659362792969e-01
-2.805178165435791016e-01
-8.804023265838623047e-01
-1.694894313812255859e+00
-1.855551481246948242e+00
-9.805926680564880371e-01
2.038947582244873047e+00
-2.906240701675415039e+00
-2.153361886739730835e-01
1.407512545585632324e+00
-1.811855196952819824e+00
9.991557896137237549e-02
1.682860255241394043e+00
-1.226060509681701660e+00
-1.185719743371009827e-01
1.467582583427429199e-01
1.553904891014099121e+00
-1.036991119384765625e+00
4.219633638858795166e-01
-3.618413805961608887e-01
-4.282827675342559814e-01
-4.156892895698547363e-01
-2.494026899337768555e+00
-9.850074648857116699e-01
1.809484601020812988e+00
9.115962386131286621e-01
2.842626810073852539e+00
3.163834810256958008e-01
1.999252289533615112e-01
-3.722951114177703857e-01
1.893795132637023926e+00
-1.429059267044067383e+00
-1.747004836797714233e-01
-6.571571230888366699e-01
7.237465977668762207e-01
5.567185878753662109e-01
1.784489303827285767e-01
-8.024498820304870605e-01
-1.182672619819641113e+00
2.038848161697387695e+00
-4.782649576663970947e-01
-1.445733666419982910e+00
1.931528747081756592e-01
1.151942253112792969e+00
1.001755833625793457e+00
-1.000710487365722656e+00
-1.580356001853942871e+00
-4.154561758041381836e-01
8.424218893051147461e-01
1.391919493675231934e+00
