5.421897768974304199e-01
1.316085457801818848e+00
-8.269692659378051758e-01
8.488181829452514648e-01
-1.063475370407104492e+00
-3.900377750396728516e-01
5.176032185554504395e-01
-9.410986900329589844e-01
-1.185571074485778809e+00
2.837893962860107422e-01
2.710135936737060547e+00
1.331746578216552734e+00
3.377178013324737549e-01
2.337392717599868774e-01
-2.931122183799743652e-01
1.225506439805030823e-01
-1.007055997848510742e+00
4.734001159667968750e-01
-2.317318201065063477e+00
6.189955398440361023e-02
-5.210043191909790039e-01
-1.051181674003601074e+00
1.850538969039916992e+00
3.512042462825775146e-01
-5.910553932189941406e-01
5.366164445877075195e-01
1.118434429168701172e+00
-4.039981663227081299e-01
1.609000086784362793e+00
7.840207815170288086e-01
-2.513571381568908691e-01
-4.297870099544525146e-01
5.239075422286987305e-01
1.543138325214385986e-01
-1.474882721900939941e+00
-1.334490161389112473e-02
8.267126679420471191e-01
1.332818269729614258e+00
-7.547120451927185059e-01
6.076664328575134277e-01
6.154340505599975586e-01
-3.267929077148437500e+00
9.534531235694885254e-01
3.239654302597045898e+00
-6.371492892503738403e-02
9.420455694198608398e-01
-2.573702812194824219e+00
1.106672167778015137e+00
4.749557375907897949e-01
2.125561237335205078e+00
8.123372197151184082e-01
-1.410555958747863770e+00
-5.472252368927001953e-01
1.166433572769165039e+00
-2.973786592483520508e-01
2.465739473700523376e-02
2.531464338302612305e+00
-3.441217184066772461e+00
-1.288352370262145996e+00
6.996097564697265625e-01
-2.371263265609741211e+00
1.952648878097534180e+00
-1.960189461708068848e+00
-7.220039963722229004e-01
-7.571463286876678467e-02
-1.346939206123352051e+00
-3.202636241912841797e-01
6.933416128158569336e-01
-1.624679327011108398e+00
9.167144447565078735e-02
3.119051456451416016e-01
-2.084495782852172852e+00
2.802329361438751221e-01
6.853535175323486328e-01
9.245465397834777832e-01
-2.441907674074172974e-01
-1.032459020614624023e+00
-4.417899549007415771e-01
8.979713916778564453e-01
-4.224481582641601562e-01
5.704589486122131348e-01
-8.125973939895629883e-01
1.923885703086853027e+00
1.223290339112281799e-01
-3.700357675552368164e-01
-1.327958941459655762e+00
-2.395300626754760742e+00
-3.762021303176879883e+00
1.059692576527595520e-01
1.692525863647460938e+00
-6.484147310256958008e-01
-1.473935961723327637e+00
6.106489300727844238e-01
8.361331820487976074e-01
-1.446048617362976074e-01
1.933248490095138550e-01
2.462834566831588745e-01
8.036941885948181152e-01
-7.866201549768447876e-02
-1.016108512878417969e+00
2.247365415096282959e-01
7.760073542594909668e-01
-4.148226976394653320e-01
2.707756757736206055e+00
2.618344545364379883e+00
1.434506326913833618e-01
-1.350758433341979980e+00
1.887278705835342407e-01
1.684252619743347168e+00
-6.070541143417358398e-01
-1.418598175048828125e+00
1.821961402893066406e+00
-8.184490203857421875e-01
-1.361599922180175781e+00
1.354033231735229492e+00
-2.171473503112792969e+00
-2.307040840387344360e-01
-6.722956895828247070e-01
-1.624477386474609375e+00
4.109006524085998535e-01
-1.741642951965332031e+00
-9.761425852775573730e-01
1.770473361015319824e+00
-5.414294451475143433e-02
-1.648384779691696167e-01
1.510365962982177734e+00
3.224647641181945801e-01
9.415082335472106934e-01
