-7.519041895866394043e-01
1.539525270462036133e+00
5.313385725021362305e-01
7.004645466804504395e-01
1.411137104034423828e+00
3.095048666000366211e-01
1.398440837860107422e+00
4.127449095249176025e-01
1.130254939198493958e-01
-2.362871170043945312e+00
1.914262294769287109e+00
-4.412714242935180664e-01
1.606479287147521973e+00
-1.997911691665649414e+00
-6.393977254629135132e-02
1.212103366851806641e+00
6.385272145271301270e-01
1.425377964973449707e+00
-1.994057297706604004e+00
-2.809665679931640625e+00
-1.378721237182617188e+00
-1.418551445007324219e+00
1.352801561355590820e+00
8.747361898422241211e-01
5.946594476699829102e-01
5.496374368667602539e-01
-5.779412984848022461e-01
7.889760732650756836e-01
-1.368668794631958008e+00
6.139833107590675354e-02
-2.768961191177368164e-01
1.404021680355072021e-01
-1.763354659080505371e+00
1.271706342697143555e+00
-1.553193688392639160e+00
4.807029366493225098e-01
1.033617854118347168e+00
-6.920997500419616699e-01
-3.858975693583488464e-02
1.957931995391845703e+00
1.256594777107238770e+00
1.858650207519531250e+00
1.816632509231567383e+00
-3.046442866325378418e-01
8.011564016342163086e-01
5.252043604850769043e-01
-1.654699444770812988e+00
-3.533986806869506836e-01
-5.558214783668518066e-01
-1.845361828804016113e+00
-1.723817348480224609e+00
3.351163566112518311e-01
5.468483567237854004e-01
-4.947074130177497864e-02
-4.388450384140014648e-01
-1.950729489326477051e+00
2.116647362709045410e-01
2.020074605941772461e+00
1.012566447257995605e+00
-2.246976792812347412e-01
6.293982863426208496e-01
9.091892838478088379e-01
1.386322855949401855e+00
9.015114307403564453e-01
5.555835962295532227e-01
-2.252967834472656250e+00
7.198817729949951172e-01
1.549910306930541992e+00
-7.123408913612365723e-01
-2.776108980178833008e-01
1.388859272003173828e+00
3.705757617950439453e+00
-8.418176174163818359e-01
1.378376632928848267e-01
-6.802989244461059570e-01
-1.327129840850830078e+00
-7.574912160634994507e-02
-3.345848619937896729e-01
-1.307399153709411621e+00
-1.419325113296508789e+00
6.702994704246520996e-01
-4.943892955780029297e-01
-6.562168002128601074e-01
1.306677460670471191e-01
1.395258665084838867e+00
1.036068797111511230e-01
-1.226871371269226074e+00
-7.432245612144470215e-01
9.618021547794342041e-02
-1.462235808372497559e+00
-7.803739905357360840e-01
-1.454439997673034668e+00
5.808357000350952148e-01
-6.494301557540893555e-01
-5.684766173362731934e-01
-4.789203405380249023e-02
-4.393341839313507080e-01
-2.951012253761291504e-01
-1.241566538810729980e+00
-1.911072254180908203e+00
3.336732983589172363e-01
3.304029107093811035e-01
-4.612415432929992676e-01
-3.044560849666595459e-01
1.708573222160339355e+00
-4.771122634410858154e-01
-1.343005061149597168e+00
-6.004494801163673401e-02
1.193223953247070312e+00
1.620178520679473877e-01
-6.013464331626892090e-01
-1.415826916694641113e+00
-1.719080567359924316e+00
-1.140911340713500977e+00
1.466574907302856445e+00
-8.953725695610046387e-01
7.171245813369750977e-01
-6.337449550628662109e-01
1.002882480621337891e+00
-1.270187854766845703e+00
4.111171364784240723e-01
1.594636321067810059e+00
-2.001230418682098389e-01
2.876435220241546631e-01
-9.549633860588073730e-01
-1.535121321678161621e+00
1.355110049247741699e+00
2.040364027023315430e+00
