1.233827769756317139e-01
1.023278459906578064e-01
3.741674721240997314e-01
6.898986101150512695e-01
1.712859869003295898e+00
6.854868531227111816e-01
2.354852557182312012e-01
1.112640947103500366e-01
-1.053030610084533691e+00
-8.224818706512451172e-01
-1.833549022674560547e+00
-1.712533831596374512e+00
-7.875797152519226074e-01
-1.940846323966979980e+00
3.006874322891235352e+00
-5.164697170257568359e-01
-7.315194606781005859e-02
3.327626585960388184e-01
4.674645960330963135e-01
1.358510136604309082e+00
2.239849090576171875e+00
7.788975834846496582e-01
1.078131556510925293e+00
4.289205074310302734e-01
-1.655109524726867676e-01
1.066707015037536621e+00
8.156469464302062988e-01
-8.082980513572692871e-01
-7.207784056663513184e-01
-5.390067696571350098e-01
1.308369189500808716e-01
-4.688211083412170410e-01
-1.425489187240600586e+00
-1.791506409645080566e+00
1.896480202674865723e+00
9.368155598640441895e-01
1.598759889602661133e+00
-2.614208459854125977e+00
-2.101209402084350586e+00
-2.822061061859130859e+00
2.779431819915771484e+00
1.592327952384948730e+00
1.799742817878723145e+00
5.363912582397460938e-01
-1.051292300224304199e+00
-6.992657184600830078e-01
5.775257349014282227e-01
7.076628804206848145e-01
1.169637560844421387e+00
1.131314873695373535e+00
1.508904099464416504e+00
-2.404786586761474609e+00
-2.290985822677612305e+00
-1.730793237686157227e+00
-1.683101356029510498e-01
-6.072933077812194824e-01
2.390142917633056641e+00
-5.086714029312133789e-01
-1.552250981330871582e+00
7.885720729827880859e-01
7.513101100921630859e-01
8.398000895977020264e-02
2.193372249603271484e-01
-1.568022221326828003e-01
-3.342994749546051025e-01
-5.282272696495056152e-01
-4.326941668987274170e-01
1.967076301574707031e+00
8.100898861885070801e-01
6.379184722900390625e-01
7.809700369834899902e-01
-1.989756226539611816e-01
-6.484032869338989258e-01
1.558848738670349121e+00
-1.452671289443969727e+00
-3.558858484029769897e-02
-1.686111450195312500e+00
-7.684707045555114746e-01
-1.045160055160522461e+00
-1.301780343055725098e+00
-1.551003903150558472e-01
-1.428119689226150513e-01
1.112022280693054199e+00
-3.935319781303405762e-01
1.445700049400329590e+00
6.136907935142517090e-01
6.167884469032287598e-01
-1.573076844215393066e+00
-1.222836017608642578e+00
-5.231801867485046387e-01
2.943570613861083984e+00
3.719407021999359131e-01
3.262219727039337158e-01
-1.253840446472167969e+00
5.757846832275390625e-01
-1.221115827560424805e+00
1.576382637023925781e+00
-2.601161599159240723e-01
3.420316576957702637e-01
-5.850545763969421387e-01
2.904972136020660400e-01
-4.018351137638092041e-01
3.752763941884040833e-02
7.953506708145141602e-02
-4.852117598056793213e-02
-6.230200827121734619e-02
-1.813880801200866699e+00
-3.477414369583129883e+00
7.213516831398010254e-01
3.857964575290679932e-01
2.708054304122924805e+00
-4.898509085178375244e-01
-3.019039034843444824e-01
-3.621078133583068848e-01
-3.248907625675201416e-02
-5.155766010284423828e-01
-1.293119549751281738e+00
-7.813818454742431641e-01
1.003943800926208496e+00
-8.156720399856567383e-01
-3.382521271705627441e-01
7.027996778488159180e-01
4.221347272396087646e-01
-2.692152500152587891e+00
5.350297689437866211e-02
1.441344738006591797e+00
-9.372926354408264160e-01
-2.557540833950042725e-01
