2.046338081359863281e+00
2.142486162483692169e-02
4.735302329063415527e-01
-3.875463083386421204e-02
-1.201590448617935181e-01
-1.195602059364318848e+00
4.993754029273986816e-01
-1.225055098533630371e+00
-9.618122875690460205e-02
-7.045741677284240723e-01
2.063797473907470703e+00
1.235069036483764648e+00
-9.088234901428222656e-01
-8.322891592979431152e-01
-3.540512919425964355e-01
-1.532779455184936523e+00
-1.693204194307327271e-01
5.128219723701477051e-01
-4.704354330897331238e-02
7.437811791896820068e-02
1.506791591644287109e+00
-7.844203710556030273e-01
-5.739578604698181152e-01
-7.341991662979125977e-01
-2.170638322830200195e+00
-2.353179901838302612e-01
2.886684656143188477e+00
-3.051461093127727509e-02
1.190716505050659180e+00
-1.258735775947570801e+00
3.010807752609252930e+00
4.908978044986724854e-01
1.887959718704223633e+00
-6.917431354522705078e-01
-2.089519500732421875e+00
-1.164365530014038086e+00
-6.009311079978942871e-01
1.027114629745483398e+00
-5.045485496520996094e-01
-2.350824885070323944e-02
-1.103634476661682129e+00
1.287891507148742676e+00
8.737506270408630371e-01
1.057405710220336914e+00
-1.025741934776306152e+00
2.268886804580688477e+00
8.425522446632385254e-01
1.136808991432189941e+00
-1.053492069244384766e+00
-2.246819019317626953e+00
-6.732888519763946533e-02
-2.935312271118164062e+00
-1.613552331924438477e+00
1.926163911819458008e+00
-6.432638764381408691e-01
1.514677405357360840e+00
2.750921487808227539e+00
-3.944070339202880859e-01
-7.024099677801132202e-02
-2.047565698623657227e+00
-1.626489520072937012e+00
2.162270545959472656e+00
-1.865923762321472168e+00
-1.132775664329528809e+00
1.033806681632995605e+00
-1.911248683929443359e+00
-8.018403500318527222e-02
-1.099403619766235352e+00
-2.012104511260986328e+00
1.485021591186523438e+00
-4.415331184864044189e-01
-1.153429269790649414e+00
3.810743093490600586e-01
5.287791490554809570e-01
-3.142103552818298340e-01
-1.555655479431152344e+00
-6.839724779129028320e-01
-5.285701751708984375e-01
-1.398770570755004883e+00
-1.985555410385131836e+00
1.208366870880126953e+00
-8.740448951721191406e-02
-2.432017624378204346e-01
1.034043669700622559e+00
1.124134182929992676e+00
1.796054095029830933e-01
3.794285356998443604e-01
-1.972283720970153809e+00
2.579125881195068359e+00
3.979591727256774902e-01
4.691937267780303955e-01
-1.147851586341857910e+00
-1.454024791717529297e+00
9.466780424118041992e-01
-2.076555490493774414e+00
3.474645018577575684e-01
2.676546096801757812e+00
-1.016129255294799805e+00
1.514655709266662598e+00
2.719380259513854980e-01
2.008235007524490356e-01
5.094722509384155273e-01
-1.005941987037658691e+00
1.140272140502929688e+00
2.531331300735473633e+00
-7.821210026741027832e-01
-1.061677098274230957e+00
-2.394243001937866211e+00
9.701743721961975098e-01
1.266519665718078613e+00
-4.818645864725112915e-02
1.579954862594604492e+00
6.603335142135620117e-01
-1.152314662933349609e+00
4.119666516780853271e-01
-7.770677804946899414e-01
9.345008134841918945e-01
2.620479464530944824e-01
-2.540828585624694824e-01
1.015784621238708496e+00
-1.359653830528259277e+00
-3.035989999771118164e-01
8.749160766601562500e-01
-6.759326457977294922e-01
-2.770724892616271973e-01
-2.875466942787170410e-01
7.222596406936645508e-01
7.881444096565246582e-01
