1.149625182151794434e+00
-4.042111635208129883e-01
-2.169308513402938843e-01
5.826858282089233398e-01
3.248024582862854004e-01
-3.473490476608276367e-01
-3.482785224914550781e-01
-5.515608936548233032e-02
-2.696962833404541016e+00
-1.248521685600280762e+00
1.348192095756530762e+00
1.604155898094177246e+00
4.484200850129127502e-02
-1.695454597473144531e+00
7.768465876579284668e-01
6.062501668930053711e-01
-1.065500140190124512e+00
-5.954653620719909668e-01
-1.486420631408691406e+00
-1.054568409919738770e+00
2.566140592098236084e-01
1.887812256813049316e+00
-2.886250913143157959e-01
-1.097965478897094727e+00
7.363197803497314453e-01
2.398964643478393555e+00
3.777748942375183105e-01
3.472283482551574707e-01
2.069237232208251953e-01
-2.951749861240386963e-01
-1.324258446693420410e+00
1.231874227523803711e-01
-1.202670216560363770e+00
3.007116317749023438e+00
4.424027502536773682e-01
1.467824339866638184e+00
1.667882680892944336e+00
7.199267745018005371e-01
-4.327400326728820801e-01
8.399204611778259277e-01
2.376108169555664062e+00
-4.581619054079055786e-02
4.088259041309356689e-01
1.516819477081298828e+00
-1.540060400962829590e+00
-2.593748092651367188e+00
-5.810920000076293945e-01
1.523186922073364258e+00
-6.171922087669372559e-01
-9.430506825447082520e-01
1.238064885139465332e+00
-6.483092308044433594e-01
5.708596110343933105e-01
1.198401331901550293e+00
-1.649386286735534668e+00
2.626073598861694336e+00
8.359091281890869141e-01
-1.402041763067245483e-01
-2.984773397445678711e+00
-2.713205292820930481e-02
5.754705667495727539e-01
7.216039896011352539e-01
-9.433223009109497070e-01
1.239491343498229980e+00
4.314133226871490479e-01
-1.760590195655822754e+00
9.776551723480224609e-01
1.076639056205749512e+00
3.461172878742218018e-01
4.640857875347137451e-01
-6.012750267982482910e-01
1.222391009330749512e+00
-1.671648740768432617e+00
8.596344590187072754e-01
4.648840129375457764e-01
-1.342907905578613281e+00
6.678523868322372437e-02
-1.156963229179382324e+00
6.542952060699462891e-01
-1.723944187164306641e+00
-7.018796205520629883e-01
1.744329810142517090e+00
1.030457377433776855e+00
-3.899616748094558716e-02
2.056257486343383789e+00
4.202535450458526611e-01
-1.312930822372436523e+00
5.033436417579650879e-01
1.632443785667419434e+00
-1.099440827965736389e-01
1.203129649162292480e+00
-1.482336282730102539e+00
-2.084916830062866211e+00
-2.703401148319244385e-01
-1.094000816345214844e+00
3.611767590045928955e-01
1.792862713336944580e-01
-1.145289540290832520e-01
-4.107532501220703125e-01
-1.361750960350036621e+00
5.246117115020751953e-01
1.659178376197814941e+00
-3.502180576324462891e-01
2.022309303283691406e+00
-2.922486782073974609e+00
-1.840609550476074219e+00
-2.339479684829711914e+00
-2.840716600418090820e+00
1.598820090293884277e+00
-8.873985409736633301e-01
3.396745324134826660e-01
1.591385722160339355e+00
1.045409321784973145e+00
1.619183719158172607e-01
-1.049156308174133301e+00
-1.498454213142395020e+00
-1.264733433723449707e+00
-1.572376132011413574e+00
-6.213033795356750488e-01
6.822612881660461426e-01
1.374250799417495728e-01
1.214561939239501953e+00
-2.736882269382476807e-01
3.945631384849548340e-01
-9.761933088302612305e-01
-4.477519392967224121e-01
3.932989239692687988e-01
3.727987706661224365e-01
