-4.532759785652160645e-01
4.410563409328460693e-01
1.878103613853454590e-01
2.035440057516098022e-01
2.883266210556030273e-01
-1.602667331695556641e+00
9.332507848739624023e-01
7.225752472877502441e-01
6.275982260704040527e-01
-1.533391714096069336e+00
-7.928265929222106934e-01
-6.715444922447204590e-01
-9.610786437988281250e-01
-2.066997885704040527e-01
2.927420854568481445e+00
1.749654293060302734e+00
-3.910320997238159180e-01
1.146352410316467285e+00
2.412922620773315430e+00
2.109366655349731445e+00
8.641394972801208496e-01
6.561624407768249512e-01
6.490029096603393555e-01
-5.914984941482543945e-01
-2.417965650558471680e+00
1.931906342506408691e+00
7.493055462837219238e-01
-6.220589950680732727e-02
2.589234113693237305e-01
-4.654015600681304932e-02
5.264857411384582520e-01
-1.089889883995056152e+00
-2.488297462463378906e+00
-1.627725005149841309e+00
3.894071578979492188e-01
8.855901360511779785e-01
1.195444345474243164e+00
-1.608359813690185547e+00
4.802311062812805176e-01
-1.894870638847351074e+00
1.802569866180419922e+00
8.223969340324401855e-01
1.270423650741577148e+00
2.355084419250488281e+00
1.812723726034164429e-01
1.734662055969238281e+00
5.200184583663940430e-01
4.622172713279724121e-01
-4.170302748680114746e-01
1.777004480361938477e+00
6.714964509010314941e-01
-2.016927957534790039e+00
-9.739178419113159180e-01
-1.012302398681640625e+00
7.173415422439575195e-01
-1.310838580131530762e+00
2.940586805343627930e+00
6.775308847427368164e-01
-6.904537081718444824e-01
-4.442235231399536133e-01
4.265235066413879395e-01
3.894270583987236023e-02
-2.270269393920898438e+00
-1.512688040733337402e+00
1.937157869338989258e+00
-1.866945743560791016e+00
-1.362475991249084473e+00
2.255439519882202148e+00
-2.295346260070800781e-01
1.368433237075805664e+00
-1.213123083114624023e+00
-1.550473570823669434e+00
1.317299723625183105e+00
1.158710122108459473e+00
-4.892837405204772949e-01
-6.102733612060546875e-01
-2.557414054870605469e+00
-3.587799370288848877e-01
7.974523901939392090e-01
-1.936344981193542480e+00
9.528556466102600098e-02
-8.083375096321105957e-01
2.438143014907836914e+00
-7.035386562347412109e-01
1.071972846984863281e+00
-1.210293099284172058e-01
2.413549832999706268e-02
-2.040882110595703125e+00
-1.656532287597656250e+00
3.629644513130187988e-01
-1.339003086090087891e+00
8.975318074226379395e-01
-6.964847445487976074e-01
2.002320051193237305e+00
-4.800922572612762451e-01
2.034292928874492645e-02
3.143417537212371826e-01
-1.903735101222991943e-01
7.832792401313781738e-01
1.753964543342590332e+00
-9.731085300445556641e-01
6.307029128074645996e-01
4.030592143535614014e-01
1.236474871635437012e+00
-8.016863465309143066e-01
-1.121443212032318115e-01
-7.529597282409667969e-01
-3.260772466659545898e+00
-1.670110583305358887e+00
-1.516881346702575684e+00
1.985777020454406738e-01
7.028501629829406738e-01
1.706179618835449219e+00
-8.223278522491455078e-01
-1.343672424554824829e-01
-9.202216267585754395e-01
-6.431186199188232422e-01
-9.195142984390258789e-01
1.042658329010009766e+00
-4.934749603271484375e-01
5.956412553787231445e-01
1.703764311969280243e-02
-2.442701578140258789e+00
-2.116013288497924805e+00
3.541854619979858398e-01
-1.788688659667968750e+00
1.630147218704223633e+00
-1.633094549179077148e+00
