-1.277936816215515137e+00
8.569030165672302246e-01
2.484307140111923218e-01
3.139160275459289551e-01
7.114214897155761719e-01
-7.360663414001464844e-01
1.655784010887145996e+00
1.486992597579956055e+00
5.374178886413574219e-01
-7.859585881233215332e-01
1.405758023262023926e+00
-4.737489521503448486e-01
-2.224312782287597656e+00
-1.399038881063461304e-01
2.129495292901992798e-01
2.072668313980102539e+00
9.836651682853698730e-01
1.084174633026123047e+00
1.411698102951049805e+00
1.003992408514022827e-01
-3.807345628738403320e-01
-3.293105840682983398e+00
9.195704758167266846e-02
-2.860189080238342285e-01
-2.030394554138183594e+00
2.557771801948547363e-01
4.456370174884796143e-01
-1.583508968353271484e+00
7.799633145332336426e-01
1.425644010305404663e-01
1.161793693900108337e-01
-4.537862300872802734e+00
-9.543619751930236816e-01
-7.677466869354248047e-01
1.219386577606201172e+00
-4.159467518329620361e-01
-8.360891938209533691e-01
-6.918146610260009766e-01
-9.130595922470092773e-01
-1.822425603866577148e+00
-4.756294190883636475e-01
1.536226034164428711e+00
1.953470945358276367e+00
5.280520915985107422e-01
2.650874853134155273e-01
-5.007560551166534424e-02
-2.318421006202697754e-01
-6.973354816436767578e-01
1.551993966102600098e+00
-1.204991459846496582e+00
2.565682828426361084e-01
-8.891384601593017578e-01
3.091551065444946289e-01
1.336215257644653320e+00
-2.596356391906738281e+00
6.619157195091247559e-01
1.084334969520568848e+00
9.089253544807434082e-01
-2.147817611694335938e+00
-2.116379976272583008e+00
-1.217245221138000488e+00
1.509671926498413086e+00
-1.257558584213256836e+00
1.634598612785339355e+00
3.409139811992645264e-01
7.428897619247436523e-01
1.684731006622314453e+00
1.056989431381225586e+00
6.226778626441955566e-01
-8.432070165872573853e-02
2.488741636276245117e+00
2.378889620304107666e-01
-3.671720623970031738e-02
2.335641533136367798e-01
1.521859318017959595e-01
-8.875735402107238770e-01
-1.601761221885681152e+00
-9.404471516609191895e-01
-3.556452095508575439e-01
-8.141585588455200195e-01
-2.853991985321044922e-01
-1.417203307151794434e+00
1.411429047584533691e+00
-7.609134912490844727e-01
4.473523423075675964e-02
5.598492920398712158e-02
-6.703473925590515137e-01
1.218805313110351562e+00
-1.227484345436096191e+00
1.345494151115417480e+00
1.095608472824096680e+00
-9.602683186531066895e-01
4.543810486793518066e-01
-2.493608593940734863e-01
-2.407591819763183594e+00
5.455103516578674316e-01
1.684147357940673828e+00
9.591647982597351074e-02
6.175274848937988281e-01
2.383771657943725586e+00
-3.594628870487213135e-01
3.634603694081306458e-02
7.161236405372619629e-01
7.829546928405761719e-01
2.026537656784057617e+00
-1.036736741662025452e-01
-9.486558437347412109e-01
-6.305516958236694336e-01
3.019727170467376709e-01
-4.068545103073120117e-01
9.307526350021362305e-01
3.723490834236145020e-01
8.634412884712219238e-01
9.609590768814086914e-01
-1.183610111474990845e-01
-2.715887725353240967e-01
-1.807546496391296387e+00
-1.169210076332092285e+00
1.188467621803283691e+00
-2.280277758836746216e-01
-2.941373825073242188e+00
2.533315122127532959e-02
-5.410212278366088867e-01
1.456058174371719360e-01
-4.543412625789642334e-01
-2.380789995193481445e+00
4.389533400535583496e-01
1.549747467041015625e+00
