1.910176426172256470e-01
7.508903741836547852e-02
-1.158246994018554688e+00
-2.245177507400512695e+00
-9.944875836372375488e-01
-1.741434633731842041e-01
2.240591526031494141e+00
8.702095150947570801e-01
5.709849596023559570e-01
-1.040068507194519043e+00
2.041757822036743164e+00
9.309458732604980469e-01
1.523451805114746094e+00
2.894001007080078125e-01
5.315639078617095947e-02
1.173459529876708984e+00
-2.787473499774932861e-01
1.289666295051574707e-01
-1.753671407699584961e+00
-1.497290879487991333e-01
-4.819980263710021973e-01
-1.182382106781005859e+00
1.040820479393005371e+00
1.622913122177124023e+00
-7.584695219993591309e-01
-7.500407099723815918e-01
-3.543106019496917725e-01
-7.063592970371246338e-02
8.799971938133239746e-01
7.960492372512817383e-01
6.998267769813537598e-01
-3.019968271255493164e+00
-7.770745158195495605e-01
1.584171652793884277e+00
8.848866820335388184e-01
-5.540770888328552246e-01
-1.973657727241516113e+00
-7.488884329795837402e-01
2.212245166301727295e-01
-1.574605464935302734e+00
3.958095908164978027e-01
1.193900227546691895e+00
1.145694017410278320e+00
2.421997070312500000e+00
1.260585546493530273e+00
1.609635353088378906e-01
-9.593886882066726685e-02
3.548262357711791992e+00
2.405781596899032593e-01
1.910676956176757812e+00
-1.099421620368957520e+00
2.144504636526107788e-01
7.371587157249450684e-01
3.097314201295375824e-02
-2.640748322010040283e-01
-1.047407388687133789e+00
1.301985859870910645e+00
4.333602488040924072e-01
-1.196454405784606934e+00
1.236931204795837402e+00
-1.051772594451904297e+00
6.052060127258300781e-01
-9.395676106214523315e-02
4.898600876331329346e-01
8.299338072538375854e-02
-1.982957363128662109e+00
4.796648621559143066e-01
4.564680159091949463e-01
-9.352484345436096191e-01
1.465418219566345215e+00
5.697464942932128906e-01
-1.815975666046142578e+00
1.451133728027343750e+00
-1.596720665693283081e-01
5.275352001190185547e-01
-1.610830903053283691e+00
1.919376254081726074e+00
-1.482675313949584961e+00
-7.982290387153625488e-01
-2.466500043869018555e+00
-1.637595057487487793e+00
-1.753890156745910645e+00
-1.620148539543151855e+00
-3.636611700057983398e-01
1.765105366706848145e+00
1.152739167213439941e+00
-3.267043828964233398e-01
-2.728479802608489990e-01
-2.274622023105621338e-01
-3.410122394561767578e-01
4.475294947624206543e-01
-9.700357317924499512e-01
-1.532899498939514160e+00
2.396333456039428711e+00
1.493654131889343262e+00
2.293987274169921875e+00
1.515983104705810547e+00
1.411154150962829590e+00
-1.024172186851501465e+00
9.081612229347229004e-01
2.297856569290161133e+00
-5.845139920711517334e-02
6.016904711723327637e-01
-9.794648289680480957e-01
-5.181776285171508789e-01
9.836685657501220703e-01
-1.385524988174438477e+00
2.519235610961914062e-01
3.824425637722015381e-01
1.387082576751708984e+00
-2.887260615825653076e-01
1.960950970649719238e+00
-3.972043469548225403e-02
-1.821610450744628906e+00
9.200804233551025391e-01
-9.076727181673049927e-02
-9.858740121126174927e-02
-9.908578395843505859e-01
-1.194861412048339844e+00
-1.371588230133056641e+00
7.624988909810781479e-03
-1.005063295364379883e+00
-1.945300698280334473e+00
-1.501486539840698242e+00
-5.837538838386535645e-01
-2.739233732223510742e+00
-4.463972747325897217e-01
-4.958598613739013672e-01
