1.534428238868713379e+00
-1.818382143974304199e-01
-7.537806630134582520e-01
-3.771128356456756592e-01
1.522577643394470215e+00
3.070508718490600586e+00
1.325554609298706055e+00
-5.572549700736999512e-01
9.008340239524841309e-01
8.043008297681808472e-02
2.187789916992187500e+00
-2.329598367214202881e-01
-1.152102708816528320e+00
7.814694643020629883e-01
-6.456518173217773438e-01
-3.730697333812713623e-01
2.175538390874862671e-01
-6.201347112655639648e-01
-1.538791179656982422e+00
-2.137608379125595093e-01
-6.255966424942016602e-01
-4.612910449504852295e-01
9.308941662311553955e-02
4.092614352703094482e-01
-2.483083486557006836e+00
-2.624192237854003906e-01
5.308699011802673340e-01
-1.776979714632034302e-01
-5.716026425361633301e-01
1.524058580398559570e+00
1.612760126590728760e-01
-6.610952615737915039e-01
5.631012916564941406e-01
-1.578972578048706055e+00
-1.875237941741943359e+00
1.867578268051147461e+00
2.330029249191284180e+00
-4.075599089264869690e-02
-4.548338353633880615e-01
1.138449430465698242e+00
2.778577208518981934e-01
1.630065917968750000e+00
1.134603381156921387e+00
-3.732197284698486328e-01
9.614670872688293457e-01
-7.904918789863586426e-01
-1.130516767501831055e+00
1.173528060317039490e-01
1.343131214380264282e-01
-9.201501011848449707e-01
-7.845784723758697510e-02
-1.607010722160339355e+00
-5.445829033851623535e-01
-2.708505094051361084e-01
1.347335100173950195e+00
-1.242089390754699707e+00
6.405567526817321777e-01
2.138627767562866211e+00
-6.424780488014221191e-01
1.918343305587768555e-01
-3.838983178138732910e-01
-1.053577288985252380e-01
1.026196360588073730e+00
-1.288855552673339844e+00
5.675183534622192383e-01
-7.785832285881042480e-01
-7.473310828208923340e-01
-2.279724031686782837e-01
7.762259840965270996e-01
-1.066381216049194336e+00
-7.329713702201843262e-01
2.875426292419433594e+00
9.697688817977905273e-01
9.499699473381042480e-01
-5.219087004661560059e-01
6.030502319335937500e-01
6.971417069435119629e-01
1.431018561124801636e-01
2.338211983442306519e-03
-1.151224970817565918e+00
1.481877446174621582e+00
-1.466364562511444092e-01
-1.614989757537841797e+00
-4.077253937721252441e-01
7.330212593078613281e-01
-1.577055931091308594e+00
-1.785191893577575684e+00
-2.485063314437866211e+00
2.549991905689239502e-01
1.291926652193069458e-01
1.846300482749938965e+00
-5.525401234626770020e-01
1.053046345710754395e+00
4.715625643730163574e-01
3.947010040283203125e-01
-5.638959407806396484e-01
-3.637015223503112793e-01
-7.223084568977355957e-01
-2.521836519241333008e+00
7.295599579811096191e-01
-1.521173357963562012e+00
-4.280780553817749023e-01
-9.668918848037719727e-01
2.170723676681518555e+00
1.049975752830505371e+00
-7.020467519760131836e-01
-8.321318030357360840e-01
1.509565114974975586e-01
1.391056180000305176e+00
1.394952535629272461e+00
1.195409774780273438e+00
1.158142805099487305e+00
-7.306093722581863403e-02
-5.845038294792175293e-01
-1.010578989982604980e+00
-2.637972831726074219e+00
-1.133256033062934875e-01
8.421437740325927734e-01
-6.996010541915893555e-01
-1.091565638780593872e-01
-1.427234292030334473e+00
1.334498643875122070e+00
4.520283639430999756e-02
-1.589815378189086914e+00
-1.570227265357971191e+00
2.583241462707519531e-01
-7.456838488578796387e-01
2.484037637710571289e+00
