6.465339064598083496e-01
-2.641576290130615234e+00
1.181402444839477539e+00
9.574468247592449188e-03
9.314926266670227051e-01
-4.361493289470672607e-01
1.096477210521697998e-01
-1.927455425262451172e+00
-8.806731104850769043e-01
-1.427299737930297852e+00
2.478477954864501953e-01
2.449680089950561523e+00
7.611200213432312012e-01
-1.323132038116455078e+00
-6.700451970100402832e-01
-7.269302010536193848e-01
-2.809223532676696777e-01
6.612956523895263672e-01
-5.824407935142517090e-01
-2.842252552509307861e-01
-1.521540522575378418e+00
-4.406202733516693115e-01
6.355521678924560547e-01
1.463407874107360840e+00
-7.157156467437744141e-01
4.317357763648033142e-02
-8.436425924301147461e-01
-2.057112932205200195e+00
-1.989967465400695801e+00
-4.284819960594177246e-01
-1.296107411384582520e+00
1.636932611465454102e+00
1.873395889997482300e-01
2.467363327741622925e-01
-5.432409644126892090e-01
2.263359308242797852e+00
7.517403364181518555e-01
-1.350298523902893066e-01
6.220272779464721680e-01
-5.489154458045959473e-01
-1.568768918514251709e-01
8.489993810653686523e-01
1.389017224311828613e+00
-5.099224448204040527e-01
6.384097933769226074e-01
3.118646740913391113e-01
-9.791062474250793457e-01
1.172489643096923828e+00
1.921785771846771240e-01
1.740886211395263672e+00
-8.393160700798034668e-01
-1.295173406600952148e+00
5.362635850906372070e-01
1.598138689994812012e+00
-5.100231170654296875e-01
-8.313162922859191895e-01
5.912339687347412109e-01
1.915631771087646484e+00
1.503445863723754883e+00
6.383972167968750000e-01
-1.380759954452514648e+00
-5.778471753001213074e-02
1.894182443618774414e+00
-1.145011067390441895e+00
-1.242807626724243164e+00
-1.238161325454711914e+00
-1.605207681655883789e+00
2.288796424865722656e+00
7.536481618881225586e-01
-6.544780731201171875e-01
1.333087444305419922e+00
3.653458058834075928e-01
7.702229022979736328e-01
1.657793045043945312e+00
9.207112193107604980e-01
2.004691064357757568e-01
6.832089424133300781e-01
3.884594142436981201e-01
1.389112949371337891e+00
-9.866029024124145508e-01
1.980926513671875000e+00
-1.175203800201416016e+00
-9.312657713890075684e-01
1.397431015968322754e+00
-1.550204038619995117e+00
-2.015616178512573242e+00
-4.665833413600921631e-01
1.019838809967041016e+00
-3.370366990566253662e-01
1.108860015869140625e+00
1.329501032829284668e+00
-8.734216690063476562e-01
4.863961040973663330e-02
1.269064664840698242e+00
7.776746153831481934e-01
-3.625690564513206482e-02
-2.496377229690551758e-01
1.187867164611816406e+00
-1.059572577476501465e+00
1.117792487144470215e+00
-2.368874847888946533e-01
2.396841526031494141e+00
-1.317954301834106445e+00
-5.903189778327941895e-01
-1.098129510879516602e+00
-3.102902173995971680e-01
-2.475197166204452515e-01
-4.089798033237457275e-01
2.699663937091827393e-01
-1.345526933670043945e+00
2.625097036361694336e-01
1.489007830619812012e+00
-1.476079702377319336e+00
6.419696807861328125e-01
2.536077797412872314e-01
-1.375344395637512207e+00
6.717026829719543457e-01
-1.496855616569519043e+00
-1.442932724952697754e+00
-1.220121502876281738e+00
-1.033292055130004883e+00
1.104363560676574707e+00
1.865211009979248047e+00
-1.018533945083618164e+00
-1.024101376533508301e+00
-8.760067224502563477e-01
-1.367606639862060547e+00
-1.555776715278625488e+00
