1.568800449371337891e+00
-8.731829524040222168e-01
-6.532012224197387695e-01
2.843886017799377441e-01
7.248663902282714844e-01
1.688156723976135254e+00
7.002980709075927734e-01
3.215275406837463379e-01
1.509203910827636719e+00
-2.363678932189941406e+00
5.451127290725708008e-01
-5.160021185874938965e-01
8.988378643989562988e-01
-6.497982144355773926e-01
-2.429920732975006104e-01
9.031978845596313477e-01
-7.750813364982604980e-01
-7.323490381240844727e-01
-6.683872938156127930e-01
-1.121334791183471680e+00
1.639863491058349609e+00
-1.770096659660339355e+00
1.399972915649414062e+00
-2.866424322128295898e-01
-3.920026719570159912e-01
-1.120751500129699707e+00
1.756534278392791748e-01
-1.449019312858581543e+00
9.820908904075622559e-01
3.315172791481018066e-01
8.747564554214477539e-01
2.934851884841918945e+00
7.341545224189758301e-01
-1.721528053283691406e+00
-9.222622513771057129e-01
7.172977924346923828e-01
1.783604025840759277e+00
-1.593399643898010254e+00
-1.102106809616088867e+00
6.577652692794799805e-01
1.294148564338684082e+00
5.732490420341491699e-01
1.217605471611022949e+00
-1.419032067060470581e-01
1.367769122123718262e+00
1.670311838388442993e-01
-1.421808123588562012e+00
1.480896949768066406e+00
-1.992832869291305542e-01
1.043586850166320801e+00
-1.381137490272521973e+00
-7.319815158843994141e-01
-8.708415627479553223e-01
-2.074046134948730469e+00
7.344224452972412109e-01
-2.143062591552734375e+00
5.417552590370178223e-01
1.801728129386901855e+00
8.897248506546020508e-01
4.722354114055633545e-01
1.473277926445007324e+00
8.548471331596374512e-01
2.987935245037078857e-01
-1.493857242166996002e-02
8.551694154739379883e-01
2.262956798076629639e-01
9.468625187873840332e-01
1.090184211730957031e+00
1.442975759506225586e+00
1.227043032646179199e+00
4.891002178192138672e-01
-5.850808024406433105e-01
2.262874603271484375e+00
9.248946905136108398e-01
-6.712761521339416504e-01
-1.980412364006042480e+00
-9.717822670936584473e-01
-7.593618035316467285e-01
-4.595696628093719482e-01
-8.753046393394470215e-01
-5.640366077423095703e-01
-8.693625926971435547e-01
-7.044264078140258789e-01
4.962512552738189697e-01
-8.516287803649902344e-01
-1.625778436660766602e+00
-1.750663161277770996e+00
-1.548672676086425781e+00
-1.485676288604736328e+00
1.333092749118804932e-01
7.570605278015136719e-01
-9.295597076416015625e-01
-8.952527642250061035e-01
-2.411024719476699829e-01
6.261263489723205566e-01
1.294513583183288574e+00
1.093954443931579590e+00
6.487124562263488770e-01
-1.526332616806030273e+00
1.972255706787109375e+00
-7.346819639205932617e-01
-2.504210710525512695e+00
1.451378166675567627e-01
-2.109966039657592773e+00
7.691472172737121582e-01
4.524940550327301025e-01
-1.996111512184143066e+00
4.347361922264099121e-01
9.806370139122009277e-01
-2.298690557479858398e+00
-5.125861167907714844e-01
1.729007601737976074e+00
-1.218247652053833008e+00
1.285485148429870605e+00
1.241591572761535645e+00
-1.121095299720764160e+00
4.509654641151428223e-02
-8.187822699546813965e-01
-1.770702749490737915e-02
-9.833589792251586914e-01
2.229519933462142944e-02
-1.089810013771057129e+00
1.604902505874633789e+00
-1.725807070732116699e+00
-6.975510120391845703e-01
1.095145106315612793e+00
-3.824504017829895020e-01
1.302101850509643555e+00
