-1.246038198471069336e+00
2.302292175590991974e-02
-9.218817949295043945e-01
-5.509284138679504395e-02
1.297340989112854004e+00
-1.070969700813293457e+00
-1.390573263168334961e+00
1.801595330238342285e+00
-5.716731548309326172e-01
2.969415187835693359e-01
1.186315536499023438e+00
9.533947110176086426e-01
2.436095714569091797e+00
1.631929725408554077e-01
1.703115224838256836e+00
1.646569371223449707e+00
-1.018354415893554688e+00
1.974664479494094849e-01
-1.245395183563232422e+00
9.568331241607666016e-01
1.174872159957885742e+00
-8.804870247840881348e-01
-8.705153465270996094e-01
-4.878301620483398438e-01
-1.550700664520263672e+00
-4.822625517845153809e-01
-3.301357626914978027e-01
-9.430848360061645508e-01
2.077054828405380249e-01
2.560508012771606445e+00
6.547467708587646484e-01
-2.420667648315429688e+00
-3.019051074981689453e+00
4.869430884718894958e-02
-1.630831956863403320e-01
1.191717982292175293e+00
-7.054585218429565430e-01
-4.485361576080322266e-01
2.436264008283615112e-01
7.233305573463439941e-01
-9.154517054557800293e-01
6.738581508398056030e-02
8.681173920631408691e-01
1.795347094535827637e+00
-1.125047683715820312e+00
1.578331708908081055e+00
-1.015020847320556641e+00
4.869791865348815918e-01
-1.311059117317199707e+00
1.456809043884277344e-01
9.048033356666564941e-01
1.435733556747436523e+00
4.875766634941101074e-01
8.704611659049987793e-01
-1.304767966270446777e+00
-1.823031306266784668e-01
2.042338252067565918e-01
-4.147581011056900024e-02
-1.085928678512573242e+00
8.051277399063110352e-01
1.814001321792602539e+00
2.693523645401000977e+00
-7.319855093955993652e-01
1.479864597320556641e+00
1.999567270278930664e+00
-1.075711011886596680e+00
-8.309399485588073730e-01
1.368394255638122559e+00
8.416949510574340820e-01
-4.262866079807281494e-01
8.770479559898376465e-01
-1.407321095466613770e+00
1.719075441360473633e+00
1.815251857042312622e-01
-6.049446463584899902e-01
-1.312078475952148438e+00
-2.576541900634765625e-01
-8.556475043296813965e-01
5.709607005119323730e-01
-1.230024576187133789e+00
-6.389932334423065186e-02
-3.119582869112491608e-02
9.657974839210510254e-01
-1.017807602882385254e+00
1.508404612541198730e+00
-5.510622859001159668e-01
9.121931195259094238e-01
-1.271307229995727539e+00
2.597274303436279297e+00
1.524998545646667480e+00
1.266502022743225098e+00
5.099125206470489502e-02
-1.126650720834732056e-01
2.133075475692749023e+00
-6.842548847198486328e-01
6.541579961776733398e-01
3.118092715740203857e-01
-1.727550029754638672e+00
8.907347321510314941e-01
4.347280561923980713e-01
-1.821921467781066895e-01
-1.614049077033996582e-01
-1.635525822639465332e-01
7.414207458496093750e-01
-2.908965349197387695e-01
-1.021493315696716309e+00
-2.545651793479919434e-01
-1.376230120658874512e+00
8.293507099151611328e-01
4.451098740100860596e-01
-2.206168413162231445e+00
1.946839988231658936e-01
-4.182793200016021729e-01
-1.576552152633666992e+00
1.621608972549438477e+00
-1.087405204772949219e+00
1.899600148200988770e+00
-1.219738960266113281e+00
-1.214963793754577637e+00
-3.738189458847045898e+00
-2.974702119827270508e+00
5.839978456497192383e-01
3.638129234313964844e-01
-1.024178504943847656e+00
-1.080684661865234375e+00
-1.531552970409393311e-01
-3.524425923824310303e-01
-1.387473344802856445e+00
