7.507858276367187500e-01
7.313417792320251465e-01
6.480356454849243164e-01
2.436287701129913330e-01
1.698356151580810547e+00
-1.448208808898925781e+00
2.688595354557037354e-01
5.862305760383605957e-01
-4.385138154029846191e-01
-5.842332839965820312e-01
1.181619524955749512e+00
-3.294832110404968262e-01
-1.060329437255859375e+00
-6.236702203750610352e-01
6.311897933483123779e-02
2.324143648147583008e+00
-9.855348616838455200e-02
1.064249992370605469e+00
1.074371218681335449e+00
-4.059619009494781494e-01
5.977138280868530273e-01
-3.473207712173461914e+00
3.738459050655364990e-01
5.005144476890563965e-01
-6.797972321510314941e-01
-1.234492659568786621e+00
-8.280763030052185059e-01
-7.429389357566833496e-01
-6.403976082801818848e-01
2.135095894336700439e-01
-1.461037993431091309e-01
-3.429682016372680664e+00
-1.085606455802917480e+00
3.971963524818420410e-01
1.568813800811767578e+00
-1.347564160823822021e-01
-1.366129040718078613e+00
1.081914678215980530e-01
-1.708877533674240112e-01
-7.508428692817687988e-01
5.990680456161499023e-01
7.787743806838989258e-01
2.181700229644775391e+00
7.917435765266418457e-01
-3.378381729125976562e-01
-2.194376468658447266e+00
-6.961347460746765137e-01
-2.404433190822601318e-01
9.449554681777954102e-01
-5.840509533882141113e-01
2.194649130105972290e-01
-1.357197403907775879e+00
1.819984674453735352e+00
2.287903547286987305e+00
-1.634436964988708496e+00
-9.307600557804107666e-02
6.457579135894775391e-01
1.655991077423095703e+00
-1.913887262344360352e+00
-2.459042668342590332e-01
-4.502857029438018799e-01
-3.134045004844665527e-01
6.839470863342285156e-01
1.086130380630493164e+00
2.899176254868507385e-02
7.986389398574829102e-01
1.460517764091491699e+00
2.184821605682373047e+00
1.355701804161071777e+00
-1.404328346252441406e-01
3.015279293060302734e+00
1.638463139533996582e+00
-1.583992004394531250e+00
3.532418608665466309e-01
1.018349409103393555e+00
-3.336814939975738525e-01
-3.904397189617156982e-01
-1.446908473968505859e+00
-9.317703247070312500e-01
-8.580420613288879395e-01
9.355626106262207031e-01
-1.704045534133911133e+00
3.859216272830963135e-01
-5.218566656112670898e-01
5.572432875633239746e-01
-7.004711031913757324e-01
-6.327828168869018555e-01
2.374285697937011719e+00
-1.406838417053222656e+00
2.857124432921409607e-03
1.355925679206848145e+00
-8.963931798934936523e-01
9.744853973388671875e-01
2.328372001647949219e-01
-1.634876728057861328e+00
-5.857995748519897461e-01
1.408027529716491699e+00
-4.552164971828460693e-01
-9.713988006114959717e-02
1.586889505386352539e+00
4.785455167293548584e-01
1.580329537391662598e+00
-5.241541862487792969e-01
-2.921141684055328369e-01
2.539021670818328857e-01
5.394718647003173828e-01
-3.241186439990997314e-01
-4.985831379890441895e-01
-6.562149524688720703e-01
-6.543263196945190430e-01
6.826674342155456543e-01
-3.334529995918273926e-01
-7.600469887256622314e-02
1.558921784162521362e-01
1.679689288139343262e+00
-1.043628096580505371e+00
-1.924464702606201172e+00
-2.261814832687377930e+00
7.919605970382690430e-01
-9.629619121551513672e-01
-3.124461412429809570e+00
4.428887367248535156e-01
-1.284793615341186523e+00
1.270707845687866211e-01
-7.586681246757507324e-01
-1.480188846588134766e+00
-6.741527915000915527e-01
1.032183051109313965e+00
