-6.428415179252624512e-01
-1.423442482948303223e+00
-1.630269408226013184e+00
2.735911309719085693e-01
1.735273241996765137e+00
9.627400040626525879e-01
1.724942922592163086e-01
-9.766332507133483887e-01
-1.551976203918457031e-01
-1.388430356979370117e+00
-1.218351721763610840e+00
4.749458432197570801e-01
-1.859768390655517578e+00
-2.548353910446166992e+00
8.911471366882324219e-01
-6.489993333816528320e-01
-6.891145110130310059e-01
7.865540981292724609e-01
-8.226549029350280762e-01
-1.705661296844482422e+00
4.754849374294281006e-01
9.143797755241394043e-01
5.614091157913208008e-01
3.041086792945861816e-01
-5.740863084793090820e-02
5.981006026268005371e-01
-2.155195325613021851e-01
-1.048903822898864746e+00
-1.066034793853759766e+00
8.820590972900390625e-01
-4.734754264354705811e-01
4.889690577983856201e-01
1.815867900848388672e+00
9.474499821662902832e-01
-1.163129806518554688e+00
3.104617118835449219e+00
1.684194564819335938e+00
-2.202030420303344727e+00
-6.611323356628417969e-01
1.477872967720031738e+00
8.942114114761352539e-01
1.548656105995178223e+00
1.562161803245544434e+00
3.634678423404693604e-01
-9.431095719337463379e-01
-1.279498815536499023e+00
-1.944648027420043945e+00
2.137409597635269165e-01
1.048362374305725098e+00
-1.376714944839477539e+00
-6.079387664794921875e-01
-7.070228457450866699e-01
-5.968876481056213379e-01
-1.397730857133865356e-01
1.749733328819274902e+00
1.857220053672790527e+00
-2.320544570684432983e-01
1.954665303230285645e+00
1.060679435729980469e+00
-1.419895529747009277e+00
4.167297109961509705e-02
-6.841822862625122070e-01
1.417833417654037476e-01
1.614760756492614746e-01
-7.471702694892883301e-01
8.678758740425109863e-01
8.525624275207519531e-01
9.164122939109802246e-01
6.722161173820495605e-01
1.573437333106994629e+00
8.479982018470764160e-01
-1.343045115470886230e+00
7.270298004150390625e-01
6.558722257614135742e-01
-1.630940079689025879e+00
-1.770053148269653320e+00
-2.434904575347900391e+00
-1.086754053831100464e-01
1.973472982645034790e-01
-4.851751029491424561e-01
3.963845074176788330e-01
3.726359307765960693e-01
9.770607948303222656e-01
9.215834736824035645e-02
2.115413695573806763e-01
2.059161424636840820e+00
-4.552579522132873535e-01
-7.212524414062500000e-01
1.303082823753356934e+00
-7.437038421630859375e-01
2.251883983612060547e+00
-4.374899864196777344e-01
-1.352204680442810059e+00
1.882524043321609497e-01
-6.814584136009216309e-01
-6.290660798549652100e-02
-1.002506494522094727e+00
-1.624177217483520508e+00
1.727884888648986816e+00
-1.130935430526733398e+00
7.979562878608703613e-01
-1.669697090983390808e-02
-5.127626657485961914e-01
1.728919446468353271e-01
-1.655438542366027832e+00
3.990848064422607422e-01
-1.408881783485412598e+00
-1.951577782630920410e+00
5.082032680511474609e-01
-9.005274772644042969e-01
-9.515420198440551758e-01
9.917244315147399902e-01
-1.232463121414184570e-01
8.327203243970870972e-02
-3.644291460514068604e-01
-8.109447956085205078e-01
-3.041559457778930664e-01
-5.156885385513305664e-01
-4.982724785804748535e-01
6.560727953910827637e-01
3.278020322322845459e-01
-5.388334393501281738e-01
2.904691457748413086e+00
1.598209619522094727e+00
-1.178825974464416504e+00
8.715515732765197754e-01
1.953926831483840942e-01
1.337735295295715332e+00
