7.541979551315307617e-01
-6.508101224899291992e-01
-1.011071681976318359e+00
-1.315733313560485840e+00
-6.701720356941223145e-01
-1.527345180511474609e+00
-3.922382295131683350e-01
7.596579380333423615e-03
-9.690647125244140625e-01
-3.424539864063262939e-01
-1.008054390549659729e-01
-4.486976265907287598e-01
7.856023311614990234e-01
1.417911171913146973e+00
7.028677463531494141e-01
-1.073561787605285645e+00
7.886974215507507324e-01
-5.780650973320007324e-01
-2.500736415386199951e-01
1.089715480804443359e+00
1.322269201278686523e+00
-2.149752140045166016e+00
2.218428254127502441e-02
3.517833232879638672e+00
-1.711824536323547363e-01
-1.056774973869323730e+00
3.220071196556091309e-01
-1.564545929431915283e-01
-9.551664590835571289e-01
8.891837298870086670e-02
8.347825407981872559e-01
3.442290127277374268e-01
-1.501809358596801758e-01
-8.630649447441101074e-01
-6.387419104576110840e-01
-1.387135505676269531e+00
2.892181575298309326e-01
-3.244349956512451172e-01
-1.110349178314208984e+00
1.089255809783935547e+00
7.454048991203308105e-01
1.979581236839294434e+00
2.042627096176147461e+00
-4.809926152229309082e-01
5.122413039207458496e-01
-2.976257503032684326e-01
4.077309966087341309e-01
1.460890293121337891e+00
1.767025709152221680e+00
-7.461253553628921509e-02
3.053679466247558594e-01
-2.868934154510498047e+00
9.515519142150878906e-01
1.086359143257141113e+00
-7.151463627815246582e-01
-9.507822990417480469e-01
5.282659530639648438e-01
1.779587507247924805e+00
6.654533091932535172e-03
1.053304314613342285e+00
-6.060875058174133301e-01
-1.366159200668334961e+00
3.019142746925354004e-01
-1.844129264354705811e-01
4.629003703594207764e-01
9.342428445816040039e-01
3.158535361289978027e-01
-2.588667273521423340e-01
4.772889614105224609e-01
1.152974247932434082e+00
4.187432825565338135e-01
-2.833325862884521484e-01
-1.325954914093017578e+00
-3.075365424156188965e-01
-9.005914330482482910e-01
-1.795518517494201660e+00
-1.038678362965583801e-01
2.027184814214706421e-01
-9.038194417953491211e-01
-1.568738937377929688e+00
3.105762481689453125e+00
4.981006681919097900e-01
7.709677219390869141e-01
-2.727301418781280518e-01
1.548969149589538574e+00
-1.454915404319763184e+00
2.149070501327514648e+00
1.666181802749633789e+00
-1.854725837707519531e+00
-8.757515549659729004e-01
2.566666603088378906e-01
-1.501966267824172974e-01
2.092235237360000610e-01
-1.776356816291809082e+00
-2.304316312074661255e-01
-1.440705060958862305e+00
4.528618812561035156e+00
2.954575717449188232e-01
1.500311493873596191e+00
3.628939986228942871e-01
-1.161095976829528809e+00
2.365418195724487305e+00
-8.959678411483764648e-01
6.133809089660644531e-01
8.371893167495727539e-01
-7.581216692924499512e-01
-2.445660352706909180e+00
-5.169041752815246582e-01
8.259881138801574707e-01
-2.478896617889404297e+00
1.077104508876800537e-01
-9.257959723472595215e-01
-1.546763062477111816e+00
-1.305139780044555664e+00
9.454243779182434082e-01
2.341621369123458862e-01
6.477755308151245117e-01
1.283830311149358749e-02
-1.678702980279922485e-01
-5.758476853370666504e-01
-1.369904398918151855e+00
9.259027242660522461e-02
-2.446309804916381836e+00
-1.868944764137268066e-01
-5.578231066465377808e-02
1.128958940505981445e+00
-9.925013184547424316e-01
-1.151451706886291504e+00
