2.140950918197631836e+00
1.144229292869567871e+00
3.883548378944396973e-01
8.684146404266357422e-01
7.056881785392761230e-01
9.082213044166564941e-01
-1.265643715858459473e+00
4.373046755790710449e-01
4.068126082420349121e-01
-6.253214478492736816e-01
-2.124885022640228271e-01
-6.718121469020843506e-02
4.522257447242736816e-01
-1.815155863761901855e+00
1.386449187994003296e-01
4.332906901836395264e-01
-1.298773288726806641e+00
1.529273152351379395e+00
-5.621882155537605286e-02
-1.200124025344848633e+00
-6.411489844322204590e-01
-8.792349696159362793e-01
7.660872936248779297e-01
-1.981447190046310425e-01
1.863005518913269043e+00
-4.871900081634521484e-01
-8.189333677291870117e-01
2.036957740783691406e+00
1.065944582223892212e-01
-1.598115265369415283e-01
-1.518931388854980469e+00
2.139966964721679688e+00
-2.218795537948608398e+00
6.216250658035278320e-01
-1.952566385269165039e+00
1.885540485382080078e+00
-2.915745675563812256e-01
-7.000533514656126499e-04
4.505443274974822998e-01
-1.791429042816162109e+00
2.200527906417846680e+00
-1.070490360260009766e+00
2.266925811767578125e+00
2.278694391250610352e+00
-1.219522476196289062e+00
8.693792819976806641e-01
1.415447115898132324e+00
1.031890034675598145e+00
-5.320813059806823730e-01
-9.154059886932373047e-01
1.024741902947425842e-01
-9.322715997695922852e-01
-1.281362175941467285e+00
-7.341120839118957520e-01
3.725693225860595703e-01
-7.625113129615783691e-01
1.551856637001037598e+00
2.523267507553100586e+00
1.581359267234802246e+00
-8.477057814598083496e-01
8.479450941085815430e-01
-6.450413465499877930e-01
2.582638561725616455e-01
5.289399996399879456e-02
1.092807888984680176e+00
-1.445920467376708984e+00
1.224038124084472656e+00
2.395131349563598633e+00
-1.156167685985565186e-01
1.997107714414596558e-01
-9.701684862375259399e-02
-7.660758495330810547e-01
3.863461315631866455e-01
1.842121243476867676e+00
2.146363019943237305e+00
-3.680697083473205566e-01
4.572982490062713623e-01
-8.646672368049621582e-01
-9.185364842414855957e-01
-9.285003542900085449e-01
-6.137477234005928040e-02
7.176341861486434937e-02
3.100097179412841797e-01
8.788354396820068359e-01
9.653381705284118652e-01
-1.875657558441162109e+00
-2.187481164932250977e+00
1.452519744634628296e-01
-2.920234918594360352e+00
7.656034827232360840e-01
1.031091809272766113e+00
-3.373324573040008545e-01
-2.701529860496520996e-01
1.754827201366424561e-01
-5.486877560615539551e-01
1.146654725074768066e+00
9.215705990791320801e-01
1.627217978239059448e-02
-4.770471751689910889e-01
-3.084925651550292969e+00
-6.319910287857055664e-01
-4.452982544898986816e-01
-1.683290243148803711e+00
-1.243143558502197266e+00
-1.187534809112548828e+00
-3.109213113784790039e-01
-8.001735806465148926e-01
-1.326445102691650391e+00
2.394373416900634766e+00
-1.380639672279357910e+00
2.664325833320617676e-01
2.782843112945556641e+00
-1.057438611984252930e+00
-8.814746141433715820e-01
-4.800002574920654297e-01
-1.285707950592041016e+00
-8.855973482131958008e-01
-9.207172393798828125e-01
4.931558668613433838e-01
-1.197142481803894043e+00
-1.172801613807678223e+00
1.941606849431991577e-01
-1.371769011020660400e-01
-1.245517969131469727e+00
-5.632818937301635742e-01
-6.810506582260131836e-01
1.221666485071182251e-01
-2.982569038867950439e-01
