1.531136989593505859e+00
-1.538163900375366211e+00
4.144141376018524170e-01
3.734896481037139893e-01
1.371226668357849121e+00
-1.768600344657897949e+00
1.695265062153339386e-02
-3.647191077470779419e-02
1.426402211189270020e+00
-2.875190973281860352e-01
7.969223856925964355e-01
-2.887099742889404297e+00
-6.062505245208740234e-01
-5.441093817353248596e-02
4.368131160736083984e-01
-4.472422301769256592e-01
1.006921410560607910e+00
-1.789911985397338867e-01
-2.887703478336334229e-01
1.360558509826660156e+00
6.873973608016967773e-01
-1.315155029296875000e+00
5.615022778511047363e-01
-1.904301196336746216e-01
4.204113781452178955e-01
5.935078859329223633e-01
1.363935708999633789e+00
3.834021687507629395e-01
6.130676865577697754e-01
-1.728336572647094727e+00
1.052146673202514648e+00
3.621381521224975586e-01
-3.000863075256347656e+00
-1.372822642326354980e+00
3.140288591384887695e+00
1.091405898332595825e-01
1.156116962432861328e+00
4.688026010990142822e-01
7.400890588760375977e-01
-1.062888130545616150e-01
7.754337191581726074e-01
2.486903034150600433e-02
1.235506653785705566e+00
4.160044193267822266e-01
-2.569247722625732422e+00
-2.079439640045166016e+00
1.304819226264953613e+00
2.227727651596069336e+00
-2.762398719787597656e-01
9.638645052909851074e-01
2.299294024705886841e-01
-2.063188076019287109e+00
-8.908094763755798340e-01
1.831556856632232666e-01
2.671723604202270508e+00
2.046380788087844849e-01
-6.695204377174377441e-01
1.216068029403686523e+00
5.587204098701477051e-01
1.217847585678100586e+00
1.183476090431213379e+00
-1.655578017234802246e+00
8.165195584297180176e-01
1.958268433809280396e-01
-5.989910960197448730e-01
8.158888816833496094e-01
1.667939543724060059e+00
9.675870537757873535e-01
-2.159517109394073486e-01
1.320074439048767090e+00
5.001698136329650879e-01
-5.083247274160385132e-02
-6.821693778038024902e-01
5.020856857299804688e-01
-3.790546357631683350e-01
-2.701661586761474609e+00
1.966520994901657104e-01
-1.617402911186218262e+00
1.726825088262557983e-01
-7.213813066482543945e-01
1.388161540031433105e+00
2.543910503387451172e+00
1.435376167297363281e+00
-9.234208613634109497e-02
1.613454103469848633e+00
-7.599121928215026855e-01
-7.898671627044677734e-01
-1.015264511108398438e+00
6.174742579460144043e-01
9.477992057800292969e-01
3.904320597648620605e-01
-1.997009038925170898e+00
-1.433008432388305664e+00
1.123937726020812988e+00
8.460014462471008301e-01
-6.728925704956054688e-01
-5.918683409690856934e-01
-1.310298442840576172e+00
2.304619789123535156e+00
-2.960381507873535156e-01
-3.783141970634460449e-01
-4.857308268547058105e-01
-2.375054836273193359e+00
4.328413605690002441e-01
1.469975113868713379e+00
-8.609206080436706543e-01
-4.447779655456542969e-01
-2.799386262893676758e+00
7.191951274871826172e-01
-3.896759271621704102e+00
1.183001995086669922e+00
-1.341605037450790405e-01
-2.741217315196990967e-01
7.884423732757568359e-01
-1.923374235630035400e-01
-1.778242588043212891e+00
-8.383705615997314453e-01
-1.665359586477279663e-01
-1.470458745956420898e+00
-3.017975568771362305e+00
6.156187057495117188e-01
-1.150469899177551270e+00
-1.520863533020019531e+00
-5.775493383407592773e-01
-1.815902143716812134e-01
-5.022215843200683594e-01
2.150409936904907227e+00
-1.237893939018249512e+00
