3.338665664196014404e-01
-5.731216073036193848e-01
-2.170196324586868286e-01
1.425259858369827271e-01
1.347012162208557129e+00
-2.403055727481842041e-01
1.577906012535095215e+00
-1.690067768096923828e+00
9.329963922500610352e-01
-9.699862599372863770e-01
-1.155328869819641113e+00
-4.093945920467376709e-01
6.901855468750000000e-01
-2.489017963409423828e+00
-1.954264640808105469e+00
-3.009495437145233154e-01
3.976853787899017334e-01
9.717520475387573242e-01
-1.356650352478027344e+00
-5.612778663635253906e-01
2.203580856323242188e+00
-6.808236241340637207e-01
1.960201412439346313e-01
1.184444665908813477e+00
-6.430726647377014160e-01
-1.224927678704261780e-01
1.548099040985107422e+00
-7.294833064079284668e-01
-4.548100233078002930e-01
-6.260504722595214844e-01
2.096452236175537109e+00
-2.938138723373413086e+00
-1.232228755950927734e+00
-8.090353608131408691e-01
2.645248174667358398e+00
-7.191891074180603027e-01
1.121185302734375000e+00
-1.649503827095031738e+00
-1.892818927764892578e+00
6.461912989616394043e-01
2.346225023269653320e+00
-1.015954732894897461e+00
1.243854403495788574e+00
-1.659859061241149902e+00
-1.165621519088745117e+00
-4.827642738819122314e-01
1.279342770576477051e+00
7.015841603279113770e-01
4.375657737255096436e-01
1.244896769523620605e+00
8.158004283905029297e-02
-6.363760232925415039e-01
5.803154110908508301e-01
1.464303135871887207e+00
1.083178758621215820e+00
2.346987962722778320e+00
1.761637210845947266e+00
9.018702507019042969e-01
9.307753443717956543e-01
-2.762862145900726318e-01
-5.022238492965698242e-01
-1.324744939804077148e+00
-9.070746898651123047e-01
8.283112049102783203e-01
-5.612844228744506836e-02
1.397590637207031250e-01
2.125457048416137695e+00
4.204939007759094238e-01
1.232643127441406250e+00
4.095921218395233154e-01
9.023439288139343262e-01
-1.673135012388229370e-01
8.244310617446899414e-01
-1.605286449193954468e-01
-2.039797782897949219e+00
-1.588886618614196777e+00
-1.450312852859497070e+00
-1.551648497581481934e+00
-2.478812262415885925e-02
-1.646787405014038086e+00
1.714693665504455566e+00
2.406393587589263916e-01
7.013486623764038086e-01
2.312540076673030853e-02
2.759829282760620117e+00
4.540617763996124268e-01
-1.028218269348144531e+00
6.693840026855468750e-01
-1.059833407402038574e+00
1.889057636260986328e+00
4.658046662807464600e-01
-2.943774223327636719e+00
-4.354536235332489014e-01
-9.901025295257568359e-01
-1.047291994094848633e+00
-1.501148462295532227e+00
-9.073978066444396973e-01
-9.632417559623718262e-02
-1.747731268405914307e-01
8.950802683830261230e-01
-8.640395104885101318e-02
3.226524218916893005e-02
-6.682014465332031250e-01
-3.858360052108764648e-01
-1.391644924879074097e-01
1.346845179796218872e-03
-1.013938188552856445e+00
-8.882754296064376831e-02
2.184125661849975586e+00
-1.670072793960571289e+00
1.547244548797607422e+00
1.329519450664520264e-01
7.900232672691345215e-01
2.326558530330657959e-01
2.271321415901184082e-01
1.309550762176513672e+00
7.670615911483764648e-01
2.125272750854492188e+00
-2.198667287826538086e+00
-5.024425387382507324e-01
1.435966253280639648e+00
-5.801113247871398926e-01
-1.239607706665992737e-01
-1.211454749107360840e+00
-8.641160130500793457e-01
-5.068916082382202148e-01
-1.056602597236633301e+00
-1.457983016967773438e+00
