-6.785874962806701660e-01
4.150457382202148438e-01
-3.678871393203735352e-01
1.044001057744026184e-01
-1.067812919616699219e+00
6.079437136650085449e-01
-6.726776361465454102e-01
-1.510879755020141602e+00
-8.759037256240844727e-01
-6.124671101570129395e-01
2.469024419784545898e+00
1.283403873443603516e+00
-7.601923942565917969e-01
1.182338595390319824e+00
-1.033133417367935181e-01
9.068586826324462891e-01
-1.405961871147155762e+00
3.189858436584472656e+00
3.904547989368438721e-01
2.335123538970947266e+00
-2.466073989868164062e+00
6.050300002098083496e-01
1.496768295764923096e-01
1.768725275993347168e+00
-1.379718899726867676e+00
-1.125145033001899719e-01
5.398198366165161133e-01
-2.381386280059814453e+00
1.370271146297454834e-01
3.958917558193206787e-01
-1.126222848892211914e+00
-1.317597866058349609e+00
-3.261631727218627930e-01
-9.081262350082397461e-01
-2.296157628297805786e-01
1.570386886596679688e+00
5.739183425903320312e-01
-1.692360281944274902e+00
-1.708051323890686035e+00
-2.190186738967895508e+00
1.631237149238586426e+00
-4.098545908927917480e-01
9.694622159004211426e-01
-1.715699881315231323e-01
2.133338689804077148e+00
-1.865081638097763062e-01
-9.703826308250427246e-01
1.308810234069824219e+00
1.529486060142517090e+00
2.300868272781372070e+00
-3.254923522472381592e-01
1.123627662658691406e+00
-4.484450817108154297e-01
-4.138882160186767578e-01
-1.837337732315063477e+00
-8.262549042701721191e-01
-1.227005839347839355e+00
-1.086565256118774414e+00
6.616892814636230469e-01
4.145430028438568115e-01
-1.462849855422973633e+00
2.856751680374145508e+00
-2.966141939163208008e+00
4.993877112865447998e-01
1.365374326705932617e+00
-2.851399421691894531e+00
1.517445564270019531e+00
-7.849406599998474121e-01
1.460153460502624512e-01
4.559351503849029541e-01
6.936858296394348145e-01
-9.649649262428283691e-01
1.784806609153747559e+00
3.285154402256011963e-01
-1.018448233604431152e+00
3.966457545757293701e-01
-1.966535001993179321e-01
2.034233331680297852e+00
-7.477087378501892090e-01
-5.832243561744689941e-01
-5.172494649887084961e-01
1.354972004890441895e+00
-9.117829799652099609e-02
-2.316148757934570312e+00
-1.587340950965881348e+00
-1.510674595832824707e+00
-5.723389387130737305e-01
-2.884782791137695312e+00
3.770430982112884521e-01
8.049773573875427246e-01
-7.408949732780456543e-01
1.145950317382812500e+00
1.369495391845703125e+00
2.409747093915939331e-01
-5.607748031616210938e-01
1.068259239196777344e+00
1.536818407475948334e-02
1.408656120300292969e+00
-3.706542849540710449e-01
-1.088346958160400391e+00
-8.818385004997253418e-01
5.706756711006164551e-01
-1.440087258815765381e-01
2.144157648086547852e+00
1.245138287544250488e+00
6.985431313514709473e-01
-8.761031627655029297e-01
1.546477228403091431e-01
2.194823265075683594e+00
-8.923130035400390625e-01
2.343735098838806152e-01
1.169013142585754395e+00
-1.577264815568923950e-02
-3.194094821810722351e-02
-9.127591252326965332e-01
-6.733307838439941406e-01
4.694437384605407715e-01
-2.536015510559082031e-01
-5.072843432426452637e-01
-6.909591555595397949e-01
2.410716861486434937e-01
7.939683645963668823e-02
2.208065271377563477e+00
-1.228532433509826660e+00
-6.232333183288574219e-01
5.409552454948425293e-01
-4.073742330074310303e-01
6.043593883514404297e-01
