1.316540837287902832e-01
3.781307935714721680e-01
5.697641372680664062e-01
-2.608541727066040039e+00
-2.353133916854858398e+00
1.205534115433692932e-01
2.396262884140014648e+00
2.281607151031494141e+00
-1.690061092376708984e+00
-7.638798952102661133e-01
2.807458162307739258e+00
2.727910518646240234e+00
2.455224037170410156e+00
-2.175790518522262573e-01
4.221579432487487793e-01
-1.382633924484252930e+00
-2.023977041244506836e-01
1.419177293777465820e+00
-4.350089728832244873e-01
-2.444963306188583374e-01
-9.181934595108032227e-01
-1.310951858758926392e-01
5.865823030471801758e-01
3.200763463973999023e+00
-2.361496210098266602e+00
6.032108664512634277e-01
-1.094679355621337891e+00
-1.308940172195434570e+00
1.161689996719360352e+00
1.347305059432983398e+00
-2.194992303848266602e+00
-2.619245529174804688e+00
-4.880688786506652832e-01
-1.201256394386291504e+00
-5.943391919136047363e-01
1.554821491241455078e+00
-7.748107910156250000e-01
-3.661242723464965820e-01
-2.286036461591720581e-01
-1.779370307922363281e+00
-1.284118771553039551e+00
-6.902276277542114258e-01
1.434011220932006836e+00
6.093645691871643066e-01
1.084785014390945435e-01
2.109067678451538086e+00
-4.484400749206542969e-01
1.270702481269836426e+00
-2.770556211471557617e-01
1.744025796651840210e-01
1.213538050651550293e+00
3.414976596832275391e-01
1.015904784202575684e+00
5.532432794570922852e-01
-6.698762774467468262e-01
3.403371199965476990e-02
1.096133470535278320e+00
-3.105064928531646729e-01
-4.161587655544281006e-01
-2.316181659698486328e-01
2.605155110359191895e-01
1.881085038185119629e+00
-1.843687534332275391e+00
-3.207753896713256836e-01
-6.836372613906860352e-01
-3.085303544998168945e+00
8.121975660324096680e-01
-4.994121193885803223e-01
3.626315295696258545e-01
9.518816322088241577e-02
7.368459701538085938e-01
1.064024567604064941e+00
1.956418395042419434e+00
-5.359101891517639160e-01
-7.282398939132690430e-01
-1.186992287635803223e+00
-1.131266832351684570e+00
-5.242146253585815430e-01
-1.571576118469238281e+00
-1.008404016494750977e+00
-8.771905899047851562e-01
5.335558205842971802e-02
1.774260640144348145e+00
-9.574017524719238281e-01
1.531195521354675293e+00
7.177562117576599121e-01
-7.016806006431579590e-01
1.091212704777717590e-01
-9.851041436195373535e-01
9.223852157592773438e-01
2.001881897449493408e-01
-1.003248691558837891e+00
-2.587208449840545654e-01
8.375381231307983398e-01
-6.445930153131484985e-02
2.981131970882415771e-01
9.692533612251281738e-01
-5.525295138359069824e-01
8.815458416938781738e-01
1.153899908065795898e+00
1.436131358146667480e+00
-6.924089789390563965e-01
-1.088440179824829102e+00
6.226354278624057770e-03
1.150700688362121582e+00
-1.524926871061325073e-01
-1.832754462957382202e-01
8.730898499488830566e-01
3.433071374893188477e-01
-1.195530772209167480e+00
-1.525892257690429688e+00
2.905457913875579834e-01
-1.186825156211853027e+00
-1.620105266571044922e+00
1.499247431755065918e+00
-1.137374162673950195e+00
8.728947639465332031e-01
-1.620291709899902344e+00
-3.097572803497314453e+00
7.636245489120483398e-01
-4.203293025493621826e-01
1.882695965468883514e-02
2.341654539108276367e+00
1.142379283905029297e+00
-4.462495446205139160e-01
-1.009446382522583008e+00
7.151951789855957031e-01
4.758045077323913574e-01
