-2.068918228149414062e+00
-2.452908039093017578e+00
-2.065259695053100586e+00
4.344646036624908447e-01
-2.192158937454223633e+00
-8.274366259574890137e-01
1.520450472831726074e+00
-1.728543341159820557e-01
5.309898257255554199e-01
2.154527790844440460e-02
-1.393976926803588867e+00
-6.401886790990829468e-02
-1.975648522377014160e+00
2.197905331850051880e-01
-1.193347811698913574e+00
2.450450509786605835e-01
2.379136234521865845e-01
2.918615043163299561e-01
7.858344167470932007e-02
3.151788711547851562e-01
-1.040042042732238770e+00
-1.778480038046836853e-02
-1.902890205383300781e-01
4.777967035770416260e-01
-3.608230352401733398e-01
5.162338018417358398e-01
3.905458450317382812e-01
-1.920068025588989258e+00
1.280677795410156250e+00
5.280119776725769043e-01
-7.928427457809448242e-01
1.530843615531921387e+00
2.218701124191284180e+00
-1.435382723808288574e+00
-1.940720081329345703e-01
1.449095129966735840e+00
1.363040447235107422e+00
4.156487435102462769e-02
-5.977391600608825684e-01
-3.151739239692687988e-01
1.200423240661621094e+00
6.827220916748046875e-01
1.411776423454284668e+00
3.500738441944122314e-01
5.279453992843627930e-01
2.097229957580566406e+00
2.876126170158386230e-01
-6.689316630363464355e-01
-3.877005577087402344e-01
1.096131801605224609e+00
-5.968392491340637207e-01
-1.292880773544311523e+00
-9.581747651100158691e-01
-1.396531164646148682e-01
1.723957300186157227e+00
3.391255438327789307e-01
6.973655223846435547e-01
-3.561509400606155396e-02
8.822820782661437988e-01
1.119915723800659180e+00
-9.449188709259033203e-01
5.432912707328796387e-01
-7.224086523056030273e-01
2.363902032375335693e-01
1.651698112487792969e+00
-4.539044499397277832e-01
1.021852016448974609e+00
2.611074686050415039e+00
-1.181410402059555054e-01
2.283044606447219849e-01
-2.957522124052047729e-02
-1.198750138282775879e+00
2.048314332962036133e+00
8.704372048377990723e-01
-1.113317728042602539e+00
-2.151966094970703125e+00
-2.205259561538696289e+00
1.359514713287353516e+00
7.006605863571166992e-01
-4.901627004146575928e-01
2.122745364904403687e-01
-1.952995538711547852e+00
2.183189392089843750e+00
7.006205320358276367e-01
-1.559495925903320312e+00
3.117539286613464355e-01
7.063094377517700195e-01
-3.614706099033355713e-01
-6.235371828079223633e-01
1.001160144805908203e+00
1.429012656211853027e+00
8.803690075874328613e-01
-7.431281805038452148e-01
5.778318643569946289e-01
-1.129493951797485352e+00
7.014712095260620117e-01
-2.120660841464996338e-01
-1.348376035690307617e+00
-4.963662922382354736e-01
3.846490144729614258e+00
-7.591441869735717773e-01
1.188115000724792480e+00
2.513633966445922852e-01
-6.355972290039062500e-01
-6.022276878356933594e-01
2.646935284137725830e-01
-7.206537723541259766e-01
-1.397126674652099609e+00
-3.771225810050964355e-01
-2.098276615142822266e+00
-9.164683222770690918e-01
1.236143469810485840e+00
2.471433877944946289e-01
-1.793973147869110107e-01
5.837696194648742676e-01
2.090501226484775543e-02
2.127041816711425781e-01
-1.772353768348693848e+00
-2.735052108764648438e-01
-8.547685742378234863e-01
-1.702236533164978027e+00
1.002016901969909668e+00
2.323256060481071472e-02
-2.146357059478759766e+00
-1.105583786964416504e+00
-1.154349446296691895e+00
3.430925011634826660e-01
1.480928659439086914e+00
