2.178437232971191406e+00
-2.931392192840576172e-01
-9.503952413797378540e-02
-2.194450616836547852e+00
-5.708664059638977051e-01
1.220702767372131348e+00
2.143578767776489258e+00
1.957231402397155762e+00
-1.490503907203674316e+00
-1.193091750144958496e+00
3.438780307769775391e-01
7.695826888084411621e-01
1.906177282333374023e+00
-1.411611676216125488e+00
-8.342288136482238770e-01
2.571714818477630615e-01
-6.243320107460021973e-01
1.434844613075256348e+00
-3.037472779396921396e-04
-4.808089137077331543e-01
1.007859110832214355e+00
-4.617771804332733154e-01
6.822733879089355469e-01
1.462125480175018311e-01
2.754630148410797119e-01
-4.397663101553916931e-02
-6.947937011718750000e-01
-2.371933937072753906e+00
-6.007295846939086914e-01
1.737725496292114258e+00
-2.795404754579067230e-02
-2.732578516006469727e+00
-2.730297148227691650e-01
1.215571522712707520e+00
3.236362934112548828e-01
7.983705997467041016e-01
-7.656449675559997559e-01
-8.318599462509155273e-01
-2.050615310668945312e+00
-1.815150141716003418e+00
5.932441949844360352e-01
5.185163766145706177e-02
1.967102408409118652e+00
-5.485429167747497559e-01
6.112025380134582520e-01
-9.240998625755310059e-01
-8.393047451972961426e-01
1.580578565597534180e+00
8.934869617223739624e-02
9.935273230075836182e-02
1.468519210815429688e+00
-7.290408015251159668e-01
5.289689302444458008e-01
2.936036288738250732e-01
-2.010032981634140015e-01
-7.873349189758300781e-01
-9.316635131835937500e-02
1.243650794029235840e+00
-5.480896681547164917e-02
2.220349073410034180e+00
-5.640557408332824707e-01
8.270980715751647949e-01
-1.302656233310699463e-01
1.070646166801452637e+00
1.475453376770019531e+00
-4.792441844940185547e+00
-3.365741372108459473e-01
1.004255414009094238e+00
-4.300765991210937500e-01
-7.872785627841949463e-02
3.830745518207550049e-01
-5.774732679128646851e-02
1.039971232414245605e+00
-1.126687079668045044e-01
9.239829778671264648e-01
-2.219030857086181641e+00
-1.214735507965087891e-01
-1.563891172409057617e+00
-3.334503769874572754e-01
-1.049461245536804199e+00
2.127765119075775146e-01
6.947340071201324463e-02
-1.769780158996582031e+00
-5.043978095054626465e-01
1.797203063964843750e+00
9.064356088638305664e-01
-5.917403697967529297e-01
6.838262677192687988e-01
-4.650577008724212646e-01
5.582296848297119141e-01
2.215372025966644287e-01
-2.329232454299926758e+00
-1.001263260841369629e+00
-1.616394519805908203e+00
2.739261686801910400e-01
2.277135848999023438e+00
7.297884225845336914e-01
-7.515609264373779297e-01
-2.129802256822586060e-01
1.118898391723632812e+00
-3.053549863398075104e-02
5.321762561798095703e-01
6.373555064201354980e-01
-3.585820794105529785e-01
1.328606605529785156e+00
7.308326959609985352e-01
-1.315855622291564941e+00
1.365404129028320312e+00
3.102422714233398438e+00
1.409825086593627930e+00
3.937949240207672119e-01
3.309412598609924316e-01
6.570143699645996094e-01
-1.976418733596801758e+00
-3.670760989189147949e-01
3.296539783477783203e-01
1.731705069541931152e+00
-1.647516846656799316e+00
-2.079875707626342773e+00
-1.015697836875915527e+00
1.621998429298400879e+00
-1.691097736358642578e+00
1.590425729751586914e+00
-7.361838817596435547e-01
-3.674139380455017090e-01
-1.799997210502624512e+00
-7.898510098457336426e-01
-3.104654550552368164e-01
