4.488870799541473389e-01
-6.531431674957275391e-01
1.465014457702636719e+00
-5.465787649154663086e-01
-7.035388946533203125e-01
-1.056200265884399414e+00
1.498973846435546875e+00
4.527029991149902344e-01
-6.038128137588500977e-01
-3.162229061126708984e+00
-9.133770465850830078e-01
2.053571701049804688e+00
1.828721046447753906e+00
-1.420939564704895020e+00
-9.442501664161682129e-01
9.866172075271606445e-01
-1.661003232002258301e+00
2.495331525802612305e+00
5.936007499694824219e-01
4.242423474788665771e-01
-1.173668622970581055e+00
-1.193755026906728745e-02
6.254625320434570312e-01
-2.266532331705093384e-01
9.543032646179199219e-01
-2.503074146807193756e-02
-3.623995780944824219e-01
-9.753915071487426758e-01
-1.028595089912414551e+00
2.178958654403686523e+00
-3.946069478988647461e-01
-3.498762249946594238e-01
-3.255344867706298828e+00
-1.707396864891052246e+00
6.599369645118713379e-01
1.290830135345458984e+00
-1.344227910041809082e+00
2.691819667816162109e+00
4.613271057605743408e-01
1.403510123491287231e-01
-9.344357997179031372e-02
4.305053502321243286e-02
1.227596521377563477e+00
4.187473058700561523e-01
-1.950017213821411133e+00
-3.239498138427734375e-01
-2.966264262795448303e-02
1.395393490791320801e+00
-3.423162996768951416e-01
-1.207469031214714050e-01
6.350400447845458984e-01
-2.592683434486389160e-01
2.206238985061645508e+00
-2.711592018604278564e-01
7.474105954170227051e-01
1.116377472877502441e+00
9.165348112583160400e-02
2.043865680694580078e+00
-6.720527410507202148e-01
4.823006987571716309e-01
2.649605512619018555e+00
6.418831348419189453e-01
5.554500818252563477e-01
1.078114286065101624e-01
-5.571882724761962891e-01
2.568126469850540161e-02
1.094125628471374512e+00
3.914713487029075623e-02
1.480302095413208008e+00
2.918252050876617432e-01
3.188210129737854004e-01
2.155988931655883789e+00
-1.656128466129302979e-01
1.105346083641052246e+00
9.550411701202392578e-01
-1.982877969741821289e+00
1.710651665925979614e-01
-1.349285960197448730e+00
-3.910260498523712158e-01
-1.978299617767333984e+00
1.612201333045959473e+00
1.957818269729614258e+00
-2.171513885259628296e-01
5.259906053543090820e-01
7.489559054374694824e-01
-5.878548026084899902e-01
-1.084330797195434570e+00
1.581389904022216797e+00
-1.112955451011657715e+00
1.377339124679565430e+00
3.104967474937438965e-01
-1.220831871032714844e+00
-7.653893232345581055e-01
-3.765827789902687073e-02
4.169892966747283936e-01
1.739116609096527100e-01
-3.452176749706268311e-01
-1.266235232353210449e+00
1.871253967285156250e+00
-1.306461811065673828e+00
1.417694449424743652e+00
8.398533463478088379e-01
-2.614606618881225586e+00
-9.705275893211364746e-01
-2.267913103103637695e+00
-2.238321304321289062e-01
-2.004266023635864258e+00
-6.174435615539550781e-01
-6.713495850563049316e-01
-8.034232854843139648e-01
-2.399559020996093750e+00
4.231345355510711670e-01
-1.598558902740478516e+00
-1.895076394081115723e+00
1.294468522071838379e+00
-9.947403669357299805e-01
1.660702109336853027e+00
-1.811514735221862793e+00
5.765313506126403809e-01
-1.165336251258850098e+00
6.343152523040771484e-01
9.977455139160156250e-01
-1.292153835296630859e+00
8.237688988447189331e-02
-5.970038175582885742e-01
-1.217673420906066895e+00
1.037487626075744629e+00
-2.049560546875000000e+00
