2.623010575771331787e-01
2.263568937778472900e-01
7.378254085779190063e-02
1.037980556488037109e+00
1.850323677062988281e+00
1.348538041114807129e+00
2.053844213485717773e+00
-1.731615141034126282e-02
-1.474684119224548340e+00
-2.588874816894531250e+00
-4.729841053485870361e-01
1.655253529548645020e+00
6.031218171119689941e-01
3.020028173923492432e-01
-2.278723269701004028e-01
9.211810827255249023e-01
6.022215485572814941e-01
-5.543985962867736816e-01
-1.709870845079421997e-01
-1.402516484260559082e+00
-1.123326420783996582e-01
-2.469080686569213867e-01
-3.211614862084388733e-02
1.405772328376770020e+00
-1.294231057167053223e+00
1.805752635002136230e+00
2.652918696403503418e-01
-1.965548872947692871e+00
1.114364504814147949e+00
9.639492034912109375e-01
5.952128171920776367e-01
6.214882731437683105e-01
-9.453898668289184570e-01
-1.583883166313171387e+00
-5.159019231796264648e-01
7.234910130500793457e-01
8.836444020271301270e-01
1.300947308540344238e+00
-2.597700655460357666e-01
-2.614153027534484863e-01
2.421174526214599609e+00
8.044437766075134277e-01
9.195783734321594238e-01
-1.119952559471130371e+00
-2.427204251289367676e-01
-1.478481888771057129e+00
1.576916873455047607e-01
2.305564880371093750e-01
2.720965147018432617e-01
8.529372811317443848e-01
3.624830022454261780e-02
-1.073610857129096985e-01
-1.692306697368621826e-01
-1.421359181404113770e+00
-1.353935718536376953e+00
1.212847009301185608e-01
-1.516710072755813599e-01
-1.911056339740753174e-01
2.213437080383300781e+00
3.817108273506164551e-01
9.392816424369812012e-01
-2.120898962020874023e-01
-2.888045608997344971e-01
4.837341308593750000e-01
-1.103442192077636719e+00
-1.235342741012573242e+00
1.112923383712768555e+00
1.036444544792175293e+00
1.650552988052368164e+00
6.782677173614501953e-01
6.615294814109802246e-01
8.221483230590820312e-01
1.121419787406921387e+00
-4.292668700218200684e-01
-6.637024879455566406e-01
-9.157171249389648438e-01
-4.419759273529052734e+00
1.041997313499450684e+00
-1.277826309204101562e+00
-2.251505136489868164e+00
2.647217921912670135e-02
-4.642889201641082764e-01
7.293421626091003418e-01
-7.838338613510131836e-01
1.941515445709228516e+00
6.558443903923034668e-01
-1.436417579650878906e+00
9.398286789655685425e-02
1.048761844635009766e+00
1.429445385932922363e+00
-5.704668164253234863e-01
1.200258359313011169e-01
9.014289379119873047e-01
-1.520906239748001099e-01
-9.690803289413452148e-01
-3.063086271286010742e+00
-8.612384200096130371e-01
-7.596338540315628052e-02
-4.195988774299621582e-01
-6.789989471435546875e-01
2.892198860645294189e-01
-2.391240186989307404e-02
-2.015106439590454102e+00
-3.365292251110076904e-01
1.897886633872985840e+00
-1.242144942283630371e+00
-3.539937973022460938e+00
-1.272128373384475708e-01
9.176759719848632812e-01
-1.469961762428283691e+00
1.410092830657958984e+00
-1.317179501056671143e-01
-1.002301335334777832e+00
1.285381793975830078e+00
-1.542292684316635132e-01
-8.502137660980224609e-02
-5.129629969596862793e-01
-1.341508507728576660e+00
1.151916861534118652e+00
-3.580961823463439941e-01
3.195591926574707031e+00
-1.990932345390319824e+00
1.638985157012939453e+00
-4.806439578533172607e-01
-1.062404751777648926e+00
-1.197860836982727051e+00
-4.432187378406524658e-01
5.547362565994262695e-01
