3.706766963005065918e-01
2.683240771293640137e-01
1.852830201387405396e-01
2.502357959747314453e-01
-2.431418299674987793e-01
-1.921281456947326660e+00
-3.557238876819610596e-01
1.068381071090698242e+00
1.039171695709228516e+00
1.088207960128784180e-01
2.832541475072503090e-03
-1.455474972724914551e+00
-6.295014172792434692e-02
6.196485757827758789e-01
6.887010335922241211e-01
-1.041752696037292480e+00
1.360731124877929688e+00
3.112299144268035889e-01
-4.216817021369934082e-01
-2.353202998638153076e-01
5.910353660583496094e-01
-1.442065536975860596e-01
6.587633490562438965e-01
-4.796116054058074951e-01
-2.311172962188720703e+00
1.479439139366149902e-01
7.025758028030395508e-01
-2.855543375015258789e+00
1.962156772613525391e+00
5.125938653945922852e-01
1.174463272094726562e+00
-3.858086585998535156e+00
-3.613352775573730469e-01
2.431831508874893188e-02
-9.422236680984497070e-01
8.321922421455383301e-01
5.354475975036621094e-01
-4.788822233676910400e-01
8.287112116813659668e-01
-2.249161005020141602e+00
-7.299230247735977173e-02
2.108636617660522461e+00
8.246854543685913086e-01
-9.711577743291854858e-02
2.931810021400451660e-01
1.452493309974670410e+00
7.932628989219665527e-01
-3.594757020473480225e-01
1.936770081520080566e-01
-4.890415370464324951e-01
1.483927607536315918e+00
6.094354391098022461e-01
-9.742947816848754883e-01
1.792307734489440918e+00
-7.674484848976135254e-01
-5.268931984901428223e-01
4.501183629035949707e-01
-1.181199193000793457e+00
1.759420394897460938e+00
-1.719904661178588867e+00
-1.036955118179321289e-01
2.321339368820190430e+00
-1.630315065383911133e+00
2.500174283981323242e+00
2.158569097518920898e+00
-2.018233537673950195e+00
-9.148239344358444214e-02
-2.922866642475128174e-01
1.782189369201660156e+00
1.293226003646850586e+00
-1.015504598617553711e+00
-2.375641584396362305e+00
1.244206190109252930e+00
-2.095157504081726074e-01
-2.130959987640380859e+00
-9.596547484397888184e-01
-1.571320533752441406e+00
-1.105102539062500000e+00
-1.673399925231933594e+00
-1.505556821823120117e+00
-7.797721028327941895e-01
-5.232557654380798340e-01
1.489060997962951660e+00
2.461834251880645752e-01
7.328941822052001953e-01
1.272802591323852539e+00
-1.276292681694030762e+00
-4.117954969406127930e-01
6.655282378196716309e-01
6.928445696830749512e-01
1.312987923622131348e+00
-2.137380838394165039e+00
-3.116104900836944580e-01
9.587496519088745117e-01
4.575701430439949036e-02
-1.827470541000366211e+00
1.051300644874572754e+00
-3.041814267635345459e-01
7.159742712974548340e-01
5.502792000770568848e-01
-1.214041784405708313e-01
-6.787177324295043945e-01
3.387891948223114014e-01
8.354597687721252441e-01
1.103792071342468262e+00
1.554932594299316406e-01
7.607192732393741608e-03
-2.773364782333374023e+00
-5.031495094299316406e-01
-5.436390042304992676e-01
7.832205891609191895e-01
1.135089993476867676e+00
1.857771873474121094e+00
-1.544353604316711426e+00
-1.524888724088668823e-01
1.710490584373474121e+00
3.512837171554565430e+00
-1.548523783683776855e+00
1.527423381805419922e+00
-1.559561043977737427e-01
-2.891213260591030121e-02
1.204587817192077637e+00
2.878691852092742920e-01
-2.459682941436767578e+00
-3.732707202434539795e-01
-2.422205686569213867e+00
-1.054617643356323242e+00
-3.188487589359283447e-01
