-1.137557387351989746e+00
-5.233829841017723083e-02
2.621873319149017334e-01
6.165599226951599121e-01
-9.335087612271308899e-03
-1.927747249603271484e+00
-1.521515846252441406e+00
-8.615912199020385742e-01
-3.390794992446899414e-01
-5.638384819030761719e-01
2.298909187316894531e+00
-5.179468989372253418e-01
1.102637887001037598e+00
-1.731847882270812988e+00
1.172401905059814453e+00
-1.670354157686233521e-01
-1.017250895500183105e+00
2.501260042190551758e+00
-8.087555766105651855e-01
-5.344199538230895996e-01
-2.627110183238983154e-01
-1.510051131248474121e+00
-6.998392343521118164e-01
9.192470908164978027e-01
-1.760028123855590820e+00
-4.471570849418640137e-01
1.041208982467651367e+00
1.070079207420349121e+00
-1.264364719390869141e+00
1.298720836639404297e+00
-1.140077471733093262e+00
5.978038311004638672e-01
-8.272237181663513184e-01
-3.525803685188293457e-01
-3.818171620368957520e-01
-6.852217316627502441e-01
-8.942191004753112793e-01
-1.014377832412719727e+00
-8.634712696075439453e-01
1.592039227485656738e+00
-2.705045223236083984e+00
2.592884004116058350e-01
1.562327146530151367e+00
6.248927116394042969e-01
-1.228767514228820801e+00
1.195398196578025818e-01
-7.000242173671722412e-02
1.815554618835449219e+00
3.139768242835998535e-01
1.927966475486755371e+00
-4.089759290218353271e-01
-7.695587873458862305e-01
-7.071512751281261444e-03
6.399789452552795410e-01
-1.658023357391357422e+00
-5.465395450592041016e-01
-1.699349135160446167e-01
2.728224039077758789e+00
7.180387377738952637e-01
2.222215175628662109e+00
-2.051291987299919128e-02
1.380042910575866699e+00
7.128691673278808594e-01
-1.603194028139114380e-01
1.310548186302185059e+00
2.466703206300735474e-01
3.825200200080871582e-01
-3.194239139556884766e-01
-1.138917684555053711e+00
4.978621602058410645e-01
-1.164859414100646973e+00
-1.995431423187255859e+00
-2.426463812589645386e-01
6.933798789978027344e-01
2.150868624448776245e-01
-6.424657106399536133e-01
1.467040181159973145e+00
-1.860470652580261230e+00
-2.889692783355712891e-01
-4.768781363964080811e-01
-6.960233449935913086e-01
-8.383207917213439941e-01
6.400508880615234375e-01
-3.603577017784118652e-01
-1.549298465251922607e-01
3.862653672695159912e-01
1.032748222351074219e+00
-2.510753393173217773e+00
7.893953323364257812e-01
-7.256845235824584961e-01
-2.189710140228271484e+00
-1.723108172416687012e+00
3.163807988166809082e-01
1.677246391773223877e-01
1.120949625968933105e+00
4.536413848400115967e-01
1.578064918518066406e+00
1.105121254920959473e+00
-2.615087628364562988e-01
2.395466089248657227e+00
7.093206644058227539e-01
-8.044787049293518066e-01
-2.709891647100448608e-02
-9.468659758567810059e-01
1.597583770751953125e+00
-5.645512938499450684e-01
4.353689253330230713e-01
-4.937587678432464600e-01
1.030691146850585938e+00
-2.864217162132263184e-01
1.519530415534973145e-01
3.327800273895263672e+00
-9.273182749748229980e-01
1.272537827491760254e+00
1.588019609451293945e+00
-7.349789887666702271e-02
4.019699990749359131e-01
-2.180454015731811523e+00
-6.995133161544799805e-01
-3.395566344261169434e-01
-1.737916707992553711e+00
1.143122315406799316e+00
5.922313928604125977e-01
5.065008401870727539e-01
-1.296638965606689453e+00
-1.346694588661193848e+00
1.023387908935546875e+00
1.654687523841857910e+00
