-3.148458600044250488e-01
-1.899909257888793945e+00
1.550826787948608398e+00
1.183074265718460083e-01
3.769095540046691895e-01
1.742485880851745605e+00
4.988500773906707764e-01
1.688205480575561523e+00
9.604714512825012207e-01
-2.445302963256835938e+00
3.014542818069458008e+00
9.159433245658874512e-01
4.972888529300689697e-01
-1.668549776077270508e+00
-4.279766976833343506e-01
-2.920869588851928711e-01
-2.616873085498809814e-01
-4.640463739633560181e-02
1.383838653564453125e-01
8.353812098503112793e-01
1.494807600975036621e+00
1.359703660011291504e+00
7.073416709899902344e-01
1.552542209625244141e+00
-3.881165981292724609e-01
2.870484828948974609e+00
-5.878857970237731934e-01
-4.474598169326782227e-01
2.574480175971984863e-01
8.595646023750305176e-01
-2.322320699691772461e+00
-2.814765930175781250e+00
-1.169439196586608887e+00
-1.140719175338745117e+00
1.717782393097877502e-02
2.045359611511230469e+00
-1.106293439865112305e+00
4.811379313468933105e-01
-1.512640595436096191e+00
-1.580281376838684082e+00
8.952549844980239868e-02
-3.469095826148986816e-01
7.884967327117919922e-01
5.890703201293945312e-01
-2.510730624198913574e-01
8.465275764465332031e-01
1.013701796531677246e+00
-5.938559174537658691e-01
2.572033181786537170e-02
1.387885570526123047e+00
-5.142620801925659180e-01
3.868529200553894043e-01
-2.025300979614257812e+00
-1.630078434944152832e+00
-2.088629961013793945e+00
1.437432765960693359e+00
-2.878776490688323975e-01
7.123919576406478882e-02
-1.769847571849822998e-01
-1.048660278320312500e+00
-1.513722896575927734e+00
1.784533739089965820e+00
-3.321084976196289062e+00
-1.014152407646179199e+00
-5.268310382962226868e-02
-2.923856675624847412e-01
-6.191511750221252441e-01
-1.289435148239135742e+00
-5.388595461845397949e-01
2.415088713169097900e-01
-8.440780639648437500e-01
-1.752700090408325195e+00
8.523530960083007812e-01
5.924293398857116699e-01
-7.656774520874023438e-01
-1.300130724906921387e+00
5.274816155433654785e-01
-8.874154090881347656e-02
-1.871887445449829102e-01
-1.632212638854980469e+00
1.308254837989807129e+00
-1.428409218788146973e+00
-9.554064869880676270e-01
7.047140505164861679e-03
1.186772465705871582e+00
2.138012647628784180e+00
8.814952969551086426e-01
-3.429031968116760254e-01
-1.133713960647583008e+00
4.478627741336822510e-01
-1.381923198699951172e+00
-2.270890474319458008e+00
-3.522432222962379456e-02
1.290899634361267090e+00
-5.581118464469909668e-01
1.108639240264892578e+00
5.122722983360290527e-01
1.180704712867736816e+00
4.886788129806518555e-01
2.194337368011474609e+00
-1.928272485733032227e+00
1.570408582687377930e+00
3.264807164669036865e-01
2.196260452270507812e+00
1.230409860610961914e+00
6.608092188835144043e-01
-1.394199848175048828e+00
2.009321004152297974e-01
1.532474279403686523e+00
-3.585903048515319824e-01
-3.308407664299011230e-01
2.475170135498046875e+00
-1.121394991874694824e+00
-1.321707606315612793e+00
-2.476044297218322754e-01
-1.503250241279602051e+00
-1.979175060987472534e-01
-1.297947525978088379e+00
-1.083013057708740234e+00
9.701870679855346680e-01
-1.130008101463317871e+00
1.016492843627929688e+00
2.082741260528564453e+00
1.017184257507324219e+00
-4.780395627021789551e-01
-8.884998410940170288e-02
1.972034096717834473e+00
1.153561994433403015e-01
