-1.532491203397512436e-02
-6.829257607460021973e-01
6.426173448562622070e-02
-2.022180557250976562e-01
4.960963875055313110e-02
-1.019907236099243164e+00
4.271617531776428223e-01
5.282796174287796021e-02
-2.812996149063110352e+00
5.064597725868225098e-01
8.340053558349609375e-01
1.435204744338989258e+00
-5.092989206314086914e-01
-4.178840816020965576e-01
1.104547262191772461e+00
4.427882283926010132e-02
1.185449242591857910e+00
-3.952887952327728271e-01
-9.540688395500183105e-01
2.234973907470703125e+00
1.451617777347564697e-01
-5.687226653099060059e-01
7.564581632614135742e-01
-7.851191163063049316e-01
-1.946924090385437012e+00
1.918887943029403687e-01
4.172589778900146484e-01
-1.354864716529846191e+00
-1.281714439392089844e-01
1.464752197265625000e+00
-1.223888158798217773e+00
9.123380780220031738e-01
-8.952566236257553101e-02
-2.816901504993438721e-01
-1.695304989814758301e+00
1.366239905357360840e+00
-8.039896935224533081e-02
-6.081901192665100098e-01
-6.242525577545166016e-01
8.573920130729675293e-01
1.939525723457336426e+00
5.884625315666198730e-01
1.825856447219848633e+00
-9.217445850372314453e-01
1.047513365745544434e+00
-1.393520355224609375e+00
-8.828543424606323242e-01
-3.252153396606445312e-01
-2.262056171894073486e-01
-7.797326892614364624e-02
-1.686921343207359314e-02
2.248288542032241821e-01
-6.000350713729858398e-01
-2.135674715042114258e+00
6.321731209754943848e-01
2.267559051513671875e+00
-2.482681989669799805e+00
-9.485729336738586426e-01
9.464754164218902588e-02
1.355239748954772949e+00
-1.178587794303894043e+00
-9.155131876468658447e-02
9.049022197723388672e-01
2.769907116889953613e-01
1.134239554405212402e+00
-1.044872045516967773e+00
-1.208025097846984863e+00
6.149967908859252930e-01
-5.024474859237670898e-01
2.740150988101959229e-01
1.547350406646728516e+00
1.133129596710205078e+00
-2.610999643802642822e-01
1.358906388282775879e+00
4.238386452198028564e-01
-8.692365884780883789e-01
-2.377364158630371094e+00
-2.812630534172058105e-01
1.621239185333251953e+00
-5.222182869911193848e-01
-4.556936025619506836e-01
2.574820220470428467e-01
-2.340919375419616699e-01
6.101738214492797852e-01
3.559258580207824707e-01
-8.210909366607666016e-01
2.487527877092361450e-01
7.352890074253082275e-02
4.944140613079071045e-01
5.062605738639831543e-01
1.117321610450744629e+00
-2.214908361434936523e+00
2.330252408981323242e+00
-6.617269515991210938e-01
-8.261237293481826782e-03
-2.103522777557373047e+00
-1.061544179916381836e+00
-7.394770532846450806e-02
-1.114669442176818848e+00
-2.845721244812011719e+00
1.779051303863525391e+00
-9.055199474096298218e-02
-9.311840534210205078e-01
8.777590394020080566e-01
6.770206689834594727e-01
1.439780354499816895e+00
1.195230126380920410e+00
-1.027752757072448730e+00
2.161235094070434570e+00
-1.001496672630310059e+00
-8.756355047225952148e-01
7.037857174873352051e-01
-1.588260754942893982e-02
1.143122762441635132e-01
-1.588294506072998047e+00
-1.345617890357971191e+00
2.331709146499633789e+00
1.087801218032836914e+00
-5.598539113998413086e-01
-3.477669954299926758e-01
2.007807016372680664e+00
-1.723529338836669922e+00
1.488652110099792480e+00
-1.174091100692749023e+00
-1.083112359046936035e+00
3.817690014839172363e-01
-1.661718249320983887e+00
1.327427387237548828e+00
