-1.453972935676574707e+00
-6.102921962738037109e-01
-1.211642399430274963e-01
9.714145958423614502e-02
-1.770818829536437988e+00
3.019222319126129150e-01
5.246567726135253906e-01
-1.281643152236938477e+00
-5.204824209213256836e-01
-1.601025700569152832e+00
-5.265080332756042480e-01
-1.158914566040039062e+00
3.270779550075531006e-01
-1.576017886400222778e-01
8.250769376754760742e-01
1.245040178298950195e+00
-8.630381226539611816e-01
3.161429166793823242e-01
-3.830271959304809570e-01
4.967644810676574707e-01
1.045145034790039062e+00
-3.737389743328094482e-01
8.528549075126647949e-01
6.336393952369689941e-01
-1.879306793212890625e+00
-3.875969052314758301e-01
4.722192585468292236e-01
-4.778924286365509033e-01
1.903575956821441650e-01
1.857328891754150391e+00
-1.076027393341064453e+00
6.138850450515747070e-01
1.183989167213439941e+00
-1.377746224403381348e+00
-2.005424261093139648e+00
1.413967609405517578e+00
3.796102404594421387e-01
-6.327974796295166016e-01
-3.672763407230377197e-01
-1.096414446830749512e+00
-2.577378042042255402e-02
6.911052465438842773e-01
1.738703966140747070e+00
-5.803653597831726074e-01
-2.178352773189544678e-01
2.326819419860839844e+00
-5.165853500366210938e-01
2.353288888931274414e+00
1.439982652664184570e+00
1.287120580673217773e+00
-1.926097035408020020e+00
-2.260670423507690430e+00
9.877334833145141602e-01
-6.154077872633934021e-02
-1.378891468048095703e+00
-7.559358477592468262e-01
-7.877282798290252686e-02
-1.313878655433654785e+00
1.823675751686096191e+00
2.211397647857666016e+00
-1.300574541091918945e+00
6.284472346305847168e-01
3.556786775588989258e-01
1.735628604888916016e+00
1.823014736175537109e+00
2.481980621814727783e-01
5.157848000526428223e-01
2.185897827148437500e+00
5.297327041625976562e-01
-6.029300093650817871e-01
1.175502061843872070e+00
-1.503138542175292969e+00
1.407609462738037109e+00
8.635445237159729004e-01
-9.390894770622253418e-01
-1.278838872909545898e+00
-4.372450709342956543e-01
-2.997129559516906738e-01
7.697736620903015137e-01
-2.995167672634124756e-01
3.678744137287139893e-01
-1.438842535018920898e+00
-1.459132552146911621e+00
-9.135387539863586426e-01
-1.596236824989318848e+00
-1.684023022651672363e+00
7.026677131652832031e-01
1.995250135660171509e-01
2.643503546714782715e-01
-3.504576981067657471e-01
1.720273375511169434e+00
-5.844680070877075195e-01
3.916943669319152832e-01
2.011613547801971436e-01
1.442904472351074219e+00
-7.188878059387207031e-01
-3.914504647254943848e-01
5.192194581031799316e-01
-2.370890676975250244e-01
-3.449929654598236084e-01
1.439554095268249512e+00
6.280984729528427124e-02
4.787293076515197754e-01
7.268391549587249756e-02
1.493172764778137207e+00
-9.460000693798065186e-02
-5.989696979522705078e-01
-9.242893196642398834e-03
7.234157621860504150e-02
4.565929174423217773e-01
1.520537495613098145e+00
3.474726974964141846e-01
-1.839425206184387207e+00
1.894408017396926880e-01
4.544096291065216064e-01
3.819801509380340576e-01
-5.183482766151428223e-01
-2.283977568149566650e-01
-3.743823617696762085e-03
-2.734755754470825195e+00
-2.602586507797241211e+00
-1.728964686393737793e+00
2.303621053695678711e+00
-1.603580594062805176e+00
-1.282803297042846680e+00
2.760822474956512451e-01
-1.758955419063568115e-01
2.019243001937866211e+00
