1.602266430854797363e+00
-5.674312710762023926e-01
-9.841362833976745605e-01
8.216879367828369141e-01
2.323998928070068359e+00
-5.987635254859924316e-01
-4.825423359870910645e-01
-1.849541425704956055e+00
3.315871581435203552e-02
-8.631141781806945801e-01
3.674442768096923828e-01
-1.396368503570556641e+00
8.441147804260253906e-01
-1.205644682049751282e-01
-9.979571700096130371e-01
-5.515482425689697266e-01
6.811565756797790527e-01
8.811170458793640137e-01
-7.199556231498718262e-01
2.191451340913772583e-01
1.704170703887939453e+00
6.193235516548156738e-02
5.380155518651008606e-02
-5.459271073341369629e-01
-9.227639064192771912e-03
2.275817990303039551e-01
1.001607418060302734e+00
-1.148727178573608398e+00
-2.903621196746826172e+00
-4.364596903324127197e-01
4.710289090871810913e-02
-6.699475925415754318e-04
-2.526489198207855225e-01
2.128387212753295898e+00
2.573385715484619141e+00
5.240724682807922363e-01
9.989748597145080566e-01
2.361496210098266602e+00
-1.414274096488952637e+00
-9.470434486865997314e-02
1.352682590484619141e+00
-2.266928672790527344e+00
1.317479848861694336e+00
-2.952156066894531250e-01
2.127098478376865387e-02
-4.164340794086456299e-01
3.337957262992858887e-01
-7.304020226001739502e-02
4.445037841796875000e-01
1.506338357925415039e+00
3.131861090660095215e-01
-1.445519447326660156e+00
2.094432115554809570e+00
-3.501726314425468445e-02
1.222873687744140625e+00
-1.338684678077697754e+00
-1.616967320442199707e+00
1.296514272689819336e+00
7.299013733863830566e-01
1.780411601066589355e+00
1.783585786819458008e+00
1.251793652772903442e-01
-7.793731689453125000e-01
2.653770923614501953e+00
9.409283399581909180e-01
3.321591019630432129e-01
-7.580283284187316895e-01
-1.086535573005676270e+00
-1.922180175781250000e+00
1.139139309525489807e-01
-3.501160144805908203e-01
1.360142707824707031e+00
-9.114041924476623535e-01
4.076639115810394287e-01
-6.950376629829406738e-01
-8.820793628692626953e-01
-2.884214401245117188e+00
4.426970779895782471e-01
-1.713394284248352051e+00
-8.838199377059936523e-01
-8.160707354545593262e-01
-1.226609706878662109e+00
1.881171822547912598e+00
-1.580074548721313477e+00
1.224224925041198730e+00
8.872044086456298828e-01
-9.313828349113464355e-01
8.953295946121215820e-01
-1.303081154823303223e+00
-3.493649065494537354e-01
4.852566719055175781e-01
-1.766675829887390137e+00
-7.965172529220581055e-01
-1.069222092628479004e+00
1.801198244094848633e+00
9.128667116165161133e-01
2.418941736221313477e+00
-2.161753922700881958e-02
1.082450747489929199e+00
2.438606619834899902e-01
-6.655744314193725586e-01
9.680746793746948242e-01
-1.638953238725662231e-01
3.313495814800262451e-01
4.082921147346496582e-02
3.517514094710350037e-02
-1.326089024543762207e+00
-2.649154067039489746e-01
2.831689119338989258e-01
-3.160229921340942383e+00
9.654689431190490723e-01
-1.221601366996765137e+00
9.346429109573364258e-01
1.402378439903259277e+00
1.426203846931457520e+00
-1.371820092201232910e+00
1.354651927947998047e+00
-4.571479558944702148e-01
5.844333171844482422e-01
-1.974665671586990356e-01
2.357989363372325897e-02
-2.039529561996459961e+00
-7.855756282806396484e-01
-1.411159992218017578e+00
-1.008728623390197754e+00
-1.851081132888793945e+00
1.784026145935058594e+00
-1.229453206062316895e+00
