2.520371913909912109e+00
-3.388489484786987305e-01
2.920789457857608795e-02
-2.288106203079223633e+00
-3.929285407066345215e-01
3.462937846779823303e-02
1.083755016326904297e+00
1.308479666709899902e+00
-1.969527125358581543e+00
-7.957834005355834961e-01
1.703369915485382080e-01
1.328589797019958496e+00
1.995459318161010742e+00
-1.018244743347167969e+00
-1.227402448654174805e+00
3.452536463737487793e-01
-1.255378961563110352e+00
1.540985584259033203e+00
3.027402460575103760e-01
-1.284117460250854492e+00
1.134973764419555664e+00
-4.778161346912384033e-01
8.036050796508789062e-01
8.613134026527404785e-01
5.135050415992736816e-01
-6.038111448287963867e-01
-2.147815704345703125e+00
-1.862716555595397949e+00
-5.704261064529418945e-01
1.837038993835449219e+00
-2.659346759319305420e-01
-2.284890174865722656e+00
-3.942869603633880615e-01
2.388005018234252930e+00
6.117780208587646484e-01
1.077260613441467285e+00
-1.062730073928833008e+00
-5.827627182006835938e-01
-1.362470626831054688e+00
-1.104740023612976074e+00
1.181288003921508789e+00
-5.685656145215034485e-02
2.058046579360961914e+00
-7.538791894912719727e-01
6.320486217737197876e-02
-2.116630554199218750e+00
-8.649401664733886719e-01
1.585390806198120117e+00
-1.879441440105438232e-01
1.005010366439819336e+00
1.322675466537475586e+00
-7.928373813629150391e-01
1.939848542213439941e+00
1.040871500968933105e+00
3.969720900058746338e-01
-8.705334663391113281e-01
3.192069232463836670e-01
1.138201355934143066e+00
-4.271658957004547119e-01
2.861009836196899414e+00
-6.994702816009521484e-01
4.702503681182861328e-01
-4.506902396678924561e-01
4.883069396018981934e-01
1.288537621498107910e+00
-4.067236423492431641e+00
-6.295232772827148438e-01
1.688187122344970703e+00
-4.011670872569084167e-02
-1.452070325613021851e-01
4.864394664764404297e-01
4.894785881042480469e-01
-4.041729867458343506e-02
-1.068230718374252319e-01
1.166728377342224121e+00
-1.348183512687683105e+00
8.928847908973693848e-01
-1.193982243537902832e+00
-1.053331851959228516e+00
-1.132910966873168945e+00
1.257845520973205566e+00
-5.372709035873413086e-01
-9.819747209548950195e-01
-3.174647986888885498e-01
2.019958019256591797e+00
1.474941849708557129e+00
-1.467068791389465332e-01
1.456871390342712402e+00
-4.906778335571289062e-01
-4.889723062515258789e-01
-3.049350976943969727e-01
-1.280513167381286621e+00
-1.078666448593139648e+00
-9.136118888854980469e-01
-1.371999531984329224e-01
1.617544770240783691e+00
7.054151892662048340e-01
-1.310331463813781738e+00
4.387487173080444336e-01
1.002825736999511719e+00
5.183612108230590820e-01
1.511093735694885254e+00
1.999976933002471924e-01
-8.602522611618041992e-01
-3.109800256788730621e-02
7.405709624290466309e-01
-1.082966804504394531e+00
1.045050024986267090e+00
1.649180531501770020e+00
4.967977106571197510e-01
1.569194197654724121e-01
-5.718758702278137207e-01
3.786940574645996094e-01
-2.161034107208251953e+00
1.012258291244506836e+00
-6.444631218910217285e-01
1.757306575775146484e+00
-2.728519916534423828e+00
-2.815461874008178711e+00
-1.131247520446777344e+00
1.788019418716430664e+00
-8.990179300308227539e-01
8.676291108131408691e-01
-5.541654825210571289e-01
-7.857450842857360840e-02
-1.218764543533325195e+00
-1.617254734039306641e+00
-1.093925833702087402e+00
