1.060005128383636475e-01
-4.428910613059997559e-01
-6.919056773185729980e-01
4.392139315605163574e-01
-5.846381783485412598e-01
-7.108779549598693848e-01
-6.355581879615783691e-01
2.660252451896667480e-01
2.405736446380615234e-01
-6.010091304779052734e-01
1.896099448204040527e+00
1.332604646682739258e+00
1.324225187301635742e+00
-3.933330252766609192e-02
1.484549045562744141e+00
2.688036486506462097e-02
-1.321431994438171387e+00
9.757276773452758789e-01
1.280822515487670898e+00
1.042417764663696289e+00
5.204840898513793945e-01
-1.178831577301025391e+00
-1.863345980644226074e+00
1.616067528724670410e+00
-1.552397161722183228e-01
-5.625484585762023926e-01
-1.900104880332946777e+00
-2.067538022994995117e+00
-2.309415102005004883e+00
2.692193686962127686e-01
1.447329878807067871e+00
5.763758420944213867e-01
8.112089037895202637e-01
5.823152661323547363e-01
-1.121872305870056152e+00
1.921384930610656738e+00
-4.736912846565246582e-01
8.842126131057739258e-01
1.291805386543273926e+00
-1.093981266021728516e+00
1.422662734985351562e-01
9.746515154838562012e-01
1.563194990158081055e+00
2.133584499359130859e+00
-6.788926571607589722e-02
1.855835914611816406e-01
-1.381185948848724365e-01
-7.228301763534545898e-01
5.017547607421875000e-01
5.509664416313171387e-01
1.058274358510971069e-01
-9.661484956741333008e-01
-1.104823946952819824e+00
-1.524551987648010254e+00
-1.108392596244812012e+00
-3.006470799446105957e-01
-5.824850797653198242e-01
1.068527579307556152e+00
1.627314448356628418e+00
9.053062796592712402e-01
7.210173010826110840e-01
-1.454128265380859375e+00
1.961147427558898926e+00
-6.371034383773803711e-01
-2.989987432956695557e-01
-1.696413159370422363e+00
4.599015712738037109e-01
7.021532654762268066e-01
5.795263648033142090e-01
-1.460227966308593750e+00
2.684716582298278809e-01
4.988708794116973877e-01
-5.829555988311767578e-01
6.389197707176208496e-01
-6.946466863155364990e-02
-1.101796627044677734e+00
-3.987193703651428223e-01
9.610472321510314941e-01
9.639606475830078125e-01
2.070689052343368530e-01
1.775250792503356934e+00
-6.332466006278991699e-01
2.215136289596557617e-01
-3.983491361141204834e-01
2.361188381910324097e-01
4.852168858051300049e-01
-1.236150622367858887e+00
-2.171719819307327271e-01
3.883618116378784180e-01
3.583797514438629150e-01
2.109199285507202148e+00
-1.701207041740417480e+00
-3.464415371417999268e-01
2.688518166542053223e-01
-7.948433160781860352e-01
-8.899770975112915039e-01
1.827188014984130859e+00
8.452925682067871094e-01
-2.412811279296875000e+00
-3.646310806274414062e+00
1.044907450675964355e+00
-3.997054100036621094e-01
2.991858124732971191e-01
1.959328651428222656e+00
2.670572698116302490e-01
-9.391641616821289062e-01
2.112257957458496094e+00
-1.777954220771789551e+00
2.512851715087890625e+00
-1.207164049148559570e+00
-1.347360491752624512e+00
1.229698061943054199e+00
4.055250063538551331e-02
-6.393005847930908203e-01
1.529559850692749023e+00
-1.228778600692749023e+00
1.074926733970642090e+00
-1.557837605476379395e+00
-1.639628559350967407e-01
-4.760887324810028076e-01
-1.996618509292602539e+00
-6.213697791099548340e-01
-1.120171189308166504e+00
5.701038613915443420e-02
-8.785877823829650879e-01
-2.932139873504638672e+00
-3.975779414176940918e-01
3.601518869400024414e-01
