-5.511457920074462891e-01
-4.640071392059326172e-01
3.016179203987121582e-01
-3.412954568862915039e+00
1.238859072327613831e-01
7.715344429016113281e-01
-4.252893328666687012e-01
1.110298871994018555e+00
-3.041945695877075195e-01
-6.351189017295837402e-01
-5.927748680114746094e-01
-9.321496486663818359e-01
1.086635217070579529e-01
3.171959817409515381e-01
-1.173018693923950195e+00
2.597443580627441406e+00
4.730532169342041016e-01
-5.206712484359741211e-01
-1.012080460786819458e-01
1.176919579505920410e+00
1.078547611832618713e-01
-1.317067146301269531e-01
3.292880058288574219e-01
1.125437974929809570e+00
-2.796225249767303467e-01
3.311065211892127991e-02
-3.991841077804565430e-01
-1.725727915763854980e+00
-1.925381422042846680e-01
1.122346997261047363e+00
-7.744005918502807617e-01
-3.922927618026733398e+00
-1.318631321191787720e-01
-1.100907325744628906e+00
6.939005255699157715e-01
-6.406232118606567383e-01
-5.631759166717529297e-01
3.747753202915191650e-01
-5.770751237869262695e-01
-1.785871759057044983e-02
1.732687592506408691e+00
2.950636446475982666e-01
1.914345026016235352e+00
2.460422925651073456e-02
2.641004920005798340e-01
-1.749786496162414551e+00
8.357485532760620117e-01
1.836245417594909668e+00
3.757601976394653320e+00
-1.742504984140396118e-01
3.871144950389862061e-01
-1.152233123779296875e+00
-2.853711247444152832e-01
6.637848168611526489e-02
1.372696638107299805e+00
8.494379520416259766e-01
3.297727406024932861e-01
5.441876649856567383e-01
1.580835938453674316e+00
-1.171582266688346863e-01
4.848824143409729004e-01
-5.056699514389038086e-01
7.827915549278259277e-01
1.019970059394836426e+00
-6.432911157608032227e-01
-1.152152538299560547e+00
5.682596564292907715e-01
-4.784307181835174561e-01
-8.388059735298156738e-01
7.243974208831787109e-01
9.444223642349243164e-01
-1.007228493690490723e+00
2.063954770565032959e-01
-7.954052090644836426e-01
-2.902477741241455078e+00
-6.840189695358276367e-01
-1.198640108108520508e+00
1.999084204435348511e-01
-2.002247422933578491e-01
-3.568464756011962891e+00
-1.107327699661254883e+00
-2.396471649408340454e-01
-3.647629022598266602e-01
-6.121472120285034180e-01
1.699538946151733398e+00
1.180173873901367188e+00
-1.156903862953186035e+00
1.102045178413391113e+00
-1.557928919792175293e+00
1.182359695434570312e+00
1.153367161750793457e+00
-1.239436388015747070e+00
-1.407160162925720215e+00
-6.858614087104797363e-01
1.855551481246948242e+00
-6.109505295753479004e-01
2.215790748596191406e+00
1.521598100662231445e-01
-8.845684528350830078e-01
-3.213392794132232666e-01
2.405344963073730469e+00
1.339794397354125977e+00
2.453573942184448242e-01
3.732925653457641602e-01
-3.370774984359741211e-01
4.561615362763404846e-02
-1.031491279602050781e+00
-5.834485888481140137e-01
9.933680295944213867e-01
-2.417876482009887695e+00
1.980093598365783691e+00
-5.276376605033874512e-01
-6.173233389854431152e-01
2.883396148681640625e-01
1.365604758262634277e+00
-6.594995968043804169e-03
-5.571664571762084961e-01
-3.900207281112670898e-01
3.939482867717742920e-01
4.196673035621643066e-01
2.932441949844360352e+00
-8.804357647895812988e-01
4.304543137550354004e-01
-3.683652877807617188e-01
-9.741183370351791382e-02
-7.442277669906616211e-01
5.188977122306823730e-01
-1.785299539566040039e+00
