6.136366128921508789e-01
-1.091327548027038574e+00
-6.487055420875549316e-01
4.113815426826477051e-01
9.310979247093200684e-01
1.641188859939575195e-01
2.544457018375396729e-01
7.317000031471252441e-01
-8.681995272636413574e-01
3.468777537345886230e-01
-2.256518125534057617e+00
1.987456321716308594e+00
-2.871053516864776611e-01
-1.642603039741516113e+00
-5.697433352470397949e-01
-5.098427534103393555e-01
1.958185195922851562e+00
1.346569299697875977e+00
1.671128392219543457e+00
2.946237027645111084e-01
-1.235347539186477661e-01
-1.393891312181949615e-02
-2.151787877082824707e-01
2.208533287048339844e-01
-2.320425659418106079e-01
1.678927779197692871e+00
-4.435301721096038818e-01
-2.347472667694091797e+00
1.027843832969665527e+00
-9.970052540302276611e-02
3.332298398017883301e-01
-1.344472885131835938e+00
-2.072493791580200195e+00
-1.862880110740661621e+00
5.036349296569824219e-01
2.362542867660522461e+00
1.436728119850158691e+00
6.284709554165601730e-03
-2.898093760013580322e-01
-1.956380307674407959e-01
1.315894961357116699e+00
1.295481801033020020e+00
1.906805634498596191e+00
-1.488229393959045410e+00
-2.981751263141632080e-01
-1.297099471092224121e+00
-7.002896070480346680e-01
-2.800975143909454346e-01
2.263291597366333008e+00
3.911559879779815674e-01
9.140770435333251953e-01
-2.393445014953613281e+00
-2.051680088043212891e+00
-8.596635609865188599e-02
1.440017461776733398e+00
3.866738975048065186e-01
-2.126024246215820312e+00
1.508718132972717285e+00
6.153547763824462891e-02
-2.351145744323730469e-01
-1.395100235939025879e+00
2.331675529479980469e+00
1.236634373664855957e+00
-2.657854929566383362e-02
4.226917922496795654e-01
-6.496927142143249512e-01
3.214570283889770508e-01
6.602121889591217041e-02
-1.042487859725952148e+00
1.046754598617553711e+00
-7.134902477264404297e-01
2.299876958131790161e-01
-1.096709258854389191e-02
1.289303898811340332e-01
4.317149221897125244e-01
-1.921902894973754883e+00
-1.651843190193176270e+00
-3.883072733879089355e-01
-5.625211596488952637e-01
-4.813209921121597290e-02
6.231243014335632324e-01
-9.472457170486450195e-01
-2.199621915817260742e+00
-1.229498147964477539e+00
1.060829639434814453e+00
3.887745738029479980e-01
-5.750134587287902832e-01
6.336304545402526855e-01
1.177472695708274841e-01
2.026222944259643555e+00
5.559976100921630859e-01
-1.360689163208007812e+00
-6.839099526405334473e-01
-1.389891624450683594e+00
2.695712745189666748e-01
-2.126128196716308594e+00
-6.756590604782104492e-01
7.881297469139099121e-01
1.988281130790710449e+00
-2.831025600433349609e+00
1.409194588661193848e+00
2.254796743392944336e+00
-8.422769904136657715e-01
1.953699141740798950e-01
6.333206295967102051e-01
-1.940738111734390259e-01
-1.762019753456115723e+00
6.048207283020019531e-01
3.681347966194152832e-01
-1.726655244827270508e+00
1.228363752365112305e+00
-1.715768337249755859e+00
1.272693514823913574e+00
8.532378077507019043e-01
3.687398731708526611e-01
-4.681816101074218750e-01
-1.551370620727539062e+00
-1.069035291671752930e+00
9.892041087150573730e-01
-3.583357334136962891e-01
4.073052108287811279e-01
-9.180901050567626953e-01
1.964845657348632812e+00
1.001478075981140137e+00
-3.426353335380554199e-01
-2.512272119522094727e+00
2.202452182769775391e+00
-7.272733449935913086e-01
