-2.157927900552749634e-01
-1.571133546531200409e-02
-1.237719058990478516e-01
8.357126265764236450e-02
6.809369921684265137e-01
1.128296107053756714e-01
-2.111980915069580078e+00
-8.191892504692077637e-01
-4.932538568973541260e-01
1.743741154670715332e+00
-1.693053841590881348e+00
1.520629882812500000e+00
-3.280249834060668945e+00
-6.900388598442077637e-01
-1.447851538658142090e+00
-1.203377366065979004e+00
6.762418150901794434e-01
4.864653348922729492e-01
1.156438469886779785e+00
-1.176121592521667480e+00
-6.029616594314575195e-01
-7.735860347747802734e-02
-6.929897069931030273e-01
3.353984951972961426e-01
-2.263464212417602539e+00
-1.792041584849357605e-02
-9.041957855224609375e-01
-1.199850440025329590e+00
4.934107363224029541e-01
2.413682639598846436e-02
-1.149491190910339355e+00
-2.719994187355041504e-01
1.071376204490661621e+00
1.016137361526489258e+00
-3.110024631023406982e-01
2.072202444076538086e+00
1.097486764192581177e-01
-2.623464763164520264e-01
-2.294296473264694214e-01
3.199430704116821289e-01
1.826639652252197266e+00
-5.905701518058776855e-01
1.445034861564636230e+00
-2.147750616073608398e+00
1.857852004468441010e-02
-1.580394953489303589e-01
-1.488376259803771973e-01
1.209836840629577637e+00
-4.142760932445526123e-01
8.697828650474548340e-01
-1.676500320434570312e+00
-1.652104496955871582e+00
4.972362518310546875e-01
7.580218911170959473e-01
-1.834897100925445557e-01
8.733657598495483398e-01
-1.008580684661865234e+00
9.066059589385986328e-01
-5.934541225433349609e-01
2.584930181503295898e+00
-3.123445034027099609e+00
3.455901145935058594e+00
1.952334046363830566e+00
9.022289514541625977e-01
-9.488076567649841309e-01
-1.528102010488510132e-01
7.335190176963806152e-01
1.662322759628295898e+00
1.040422320365905762e+00
-7.945783138275146484e-01
6.194161176681518555e-01
-6.192539334297180176e-01
-1.125584483146667480e+00
7.266709208488464355e-01
1.504793167114257812e-01
-8.857071399688720703e-01
-5.934167504310607910e-01
-8.331097364425659180e-01
-5.533857941627502441e-01
-7.799239158630371094e-01
1.570400118827819824e+00
-6.216806545853614807e-02
-9.585012793540954590e-01
-5.477327108383178711e-01
-7.438304424285888672e-01
7.681323289871215820e-01
1.162808656692504883e+00
8.382573723793029785e-01
3.570931255817413330e-01
5.963350534439086914e-01
-3.710592091083526611e-01
1.021769270300865173e-01
-6.899512410163879395e-01
1.912505269050598145e+00
-1.521217584609985352e+00
-2.044510602951049805e+00
-1.182074189186096191e+00
6.950880289077758789e-01
3.305073454976081848e-02
-1.498281598091125488e+00
2.907799959182739258e+00
7.253154516220092773e-01
1.317850351333618164e-01
-2.888619899749755859e-01
-1.010475277900695801e+00
-4.130979478359222412e-01
-2.042957067489624023e+00
5.716049671173095703e-01
9.137864708900451660e-01
-3.111053466796875000e+00
-1.618515104055404663e-01
3.144798278808593750e-01
2.178309857845306396e-01
-3.210832178592681885e-02
2.003376960754394531e+00
-5.471829771995544434e-01
7.745147943496704102e-01
-7.244836091995239258e-01
2.522354125976562500e-01
1.352570891380310059e+00
6.565892100334167480e-01
-1.377990603446960449e+00
1.324242353439331055e+00
1.251897454261779785e+00
-9.870685935020446777e-01
1.144158601760864258e+00
-6.208091974258422852e-01
1.775476694107055664e+00
