7.538521289825439453e-01
-4.588971436023712158e-01
-7.659240365028381348e-01
1.907020658254623413e-01
1.865278601646423340e+00
-1.649834990501403809e+00
-2.239673852920532227e+00
2.372134849429130554e-02
-1.676839709281921387e+00
-6.628734469413757324e-01
1.284474849700927734e+00
1.589108109474182129e+00
3.924317955970764160e-01
-1.253054738044738770e+00
6.851607561111450195e-01
-1.026230454444885254e+00
-1.108083054423332214e-01
1.861338615417480469e+00
8.747109770774841309e-01
4.077681899070739746e-01
5.439079366624355316e-03
-1.104961276054382324e+00
1.578619480133056641e+00
1.309183001518249512e+00
6.741409301757812500e-01
-8.482176810503005981e-02
-7.815706729888916016e-01
-5.870825648307800293e-01
-5.633745789527893066e-01
-1.415481448173522949e+00
-1.101716756820678711e+00
-2.020794153213500977e+00
-1.536391019821166992e+00
2.213459014892578125e+00
-4.668232500553131104e-01
9.684693068265914917e-02
-6.817688941955566406e-01
8.791227638721466064e-02
4.148055016994476318e-01
2.921087741851806641e-01
1.794155478477478027e+00
9.597905874252319336e-01
1.561428427696228027e+00
2.502545416355133057e-01
-1.004728555679321289e+00
-5.045930743217468262e-01
-1.026008129119873047e+00
8.262225985527038574e-01
2.929944753646850586e+00
6.872711181640625000e-01
3.438453078269958496e-01
2.492032796144485474e-01
-1.906287193298339844e+00
8.724203705787658691e-01
-5.967307090759277344e-01
3.089790105819702148e+00
-8.087599873542785645e-01
9.590763449668884277e-01
-1.512790083885192871e+00
-1.657651662826538086e+00
-1.767310380935668945e+00
1.489301323890686035e+00
9.302839636802673340e-01
-7.414623498916625977e-01
-2.023994684219360352e+00
-1.901749014854431152e+00
4.935560524463653564e-01
1.219028234481811523e+00
1.041358113288879395e+00
-3.258574008941650391e-01
-6.095803380012512207e-01
5.338743329048156738e-01
1.625290632247924805e+00
-1.363126933574676514e-01
-1.226522207260131836e+00
-1.408825993537902832e+00
5.392895340919494629e-01
-2.186628103256225586e+00
-1.642705321311950684e+00
-2.037565708160400391e+00
-1.625490307807922363e+00
-2.487486839294433594e+00
1.200128436088562012e+00
-1.616563647985458374e-01
2.124927043914794922e+00
1.549457192420959473e+00
-3.532729446887969971e-01
6.735050678253173828e-01
4.903502464294433594e-01
-2.008497565984725952e-01
3.290081501007080078e+00
6.304958462715148926e-01
1.233864352107048035e-01
1.368883967399597168e+00
6.989938616752624512e-01
2.309423089027404785e-01
-1.057920336723327637e+00
-2.182753086090087891e+00
7.953534722328186035e-01
-8.646911978721618652e-01
-1.074147343635559082e+00
1.127603888511657715e+00
1.278687477111816406e+00
-1.192529201507568359e+00
-5.012002587318420410e-02
-9.522846937179565430e-01
-5.167907476425170898e-01
-1.845618247985839844e+00
3.118417859077453613e-01
-8.006935119628906250e-01
-1.141697287559509277e+00
-5.266816616058349609e-01
1.767493247985839844e+00
1.088271617889404297e+00
1.593456268310546875e+00
-1.194067716598510742e+00
-6.388565301895141602e-01
-2.235770523548126221e-01
-6.675013899803161621e-01
2.227671384811401367e+00
1.714637637138366699e+00
-1.637800693511962891e+00
8.788571953773498535e-01
-4.892637133598327637e-01
7.798492163419723511e-02
1.470503449440002441e+00
6.105452179908752441e-01
-4.072758555412292480e-01
