-8.804513812065124512e-01
-3.914345204830169678e-01
2.383497655391693115e-01
-2.620774507522583008e-01
5.395702719688415527e-01
-9.756400585174560547e-01
1.643843889236450195e+00
1.430817365646362305e+00
9.701766371726989746e-01
-1.087994813919067383e+00
-3.293477371335029602e-02
1.810752391815185547e+00
-1.103709414601325989e-01
1.887158751487731934e+00
9.969608187675476074e-01
2.877653241157531738e-01
-1.466681122779846191e+00
-7.528403401374816895e-01
2.524468302726745605e-01
2.805841207504272461e+00
-5.415007472038269043e-01
1.245900869369506836e+00
8.303688466548919678e-02
1.179175153374671936e-01
-3.252552747726440430e-01
1.218110509216785431e-02
1.122169733047485352e+00
-3.471268653869628906e+00
6.465601325035095215e-01
-2.452265173196792603e-01
6.188541054725646973e-01
1.449649214744567871e+00
-8.959531038999557495e-02
-9.212760925292968750e-01
7.274837493896484375e-01
-1.393738746643066406e+00
-3.148609995841979980e-01
-1.852165609598159790e-01
-1.895383954048156738e+00
-3.497662842273712158e-01
-6.025483608245849609e-01
1.213113188743591309e+00
1.299931764602661133e+00
2.462398290634155273e+00
5.687230825424194336e-01
1.431628465652465820e+00
6.493286490440368652e-01
2.980087399482727051e-01
-1.619216442108154297e+00
8.202036619186401367e-01
-5.049714446067810059e-01
-1.394771933555603027e+00
1.342350363731384277e+00
4.709774255752563477e-02
-1.051198318600654602e-01
-1.538192987442016602e+00
-2.267317026853561401e-01
2.046084403991699219e+00
1.786276996135711670e-01
-1.077510356903076172e+00
-2.752050876617431641e+00
-1.858467906713485718e-01
-1.601719617843627930e+00
-2.594443857669830322e-01
1.358971476554870605e+00
-5.992655754089355469e-01
1.927784830331802368e-01
-6.099146604537963867e-01
-4.230467379093170166e-01
6.981491297483444214e-02
8.010844588279724121e-01
-1.719866991043090820e+00
9.175381064414978027e-01
4.420779049396514893e-01
-6.372631788253784180e-01
1.355095028877258301e+00
-1.155446052551269531e+00
-2.672347128391265869e-01
1.620729416608810425e-01
-2.404089689254760742e+00
-1.563504815101623535e+00
-1.919227242469787598e+00
1.303941130638122559e+00
8.113814145326614380e-02
9.024880528450012207e-01
-7.166680693626403809e-01
8.647046089172363281e-01
-2.599262893199920654e-01
-1.944490551948547363e+00
-1.156825304031372070e+00
-4.149499535560607910e-01
4.466512501239776611e-01
-2.765967130661010742e+00
1.708074927330017090e+00
-2.174215555191040039e+00
7.515212297439575195e-01
2.676857113838195801e-01
-1.282435417175292969e+00
1.677221179008483887e+00
1.203546166419982910e+00
-2.278330326080322266e-01
7.925248146057128906e-01
-1.189781278371810913e-01
1.636806011199951172e+00
2.156312704086303711e+00
-6.406798958778381348e-01
-1.325061440467834473e+00
-2.111757278442382812e+00
8.165879249572753906e-01
-1.941737174987792969e+00
4.767955839633941650e-01
-2.290358692407608032e-01
3.372667551040649414e+00
9.820929169654846191e-01
1.410625219345092773e+00
-1.492180585861206055e+00
2.933630347251892090e-01
-4.142360091209411621e-01
2.208960652351379395e-01
-8.919341564178466797e-01
1.109229445457458496e+00
4.798327982425689697e-01
-6.188075542449951172e-01
-5.152595639228820801e-01
-8.643117547035217285e-01
-2.849040925502777100e-01
-1.708744764328002930e-01
4.826501905918121338e-01
