2.261454463005065918e-01
-2.246399879455566406e+00
5.157740116119384766e-01
-4.334430098533630371e-01
4.785998910665512085e-02
-3.176086246967315674e-01
1.006416559219360352e+00
-1.448566913604736328e-01
1.410818099975585938e+00
9.617289304733276367e-01
-5.330181121826171875e-01
-1.682458966970443726e-01
5.430406928062438965e-01
-5.281912088394165039e-01
2.271893620491027832e-01
-5.078526139259338379e-01
-6.286910176277160645e-01
1.298417925834655762e+00
1.148071169853210449e+00
1.286081075668334961e-01
-1.816940665245056152e+00
7.898597717285156250e-01
8.849651813507080078e-01
3.034147918224334717e-01
-1.304763793945312500e+00
-6.992555260658264160e-01
2.060566902160644531e+00
-7.501237392425537109e-01
-1.862511992454528809e+00
5.599411129951477051e-01
8.740596771240234375e-01
9.677389264106750488e-01
7.478064894676208496e-01
-5.528353452682495117e-01
-1.296694278717041016e+00
1.914868116378784180e+00
9.655596017837524414e-01
-1.785348206758499146e-01
-6.754498481750488281e-01
-5.248409509658813477e-01
-8.826484680175781250e-01
-1.830742806196212769e-01
1.902176976203918457e+00
5.635154843330383301e-01
1.122628450393676758e+00
1.184515133500099182e-01
-1.517443776130676270e+00
9.251989722251892090e-01
1.680078864097595215e+00
1.857683897018432617e+00
1.781020760536193848e-01
-2.837609052658081055e+00
5.199887976050376892e-02
-2.361192107200622559e-01
-9.391137957572937012e-01
-5.499257445335388184e-01
3.005936741828918457e-01
8.114242553710937500e-01
2.014512777328491211e+00
4.987685978412628174e-01
-1.621649146080017090e+00
-9.571243524551391602e-01
1.599885702133178711e+00
-4.357706904411315918e-01
-1.402430057525634766e+00
-7.667481899261474609e-01
-3.122740983963012695e-01
7.951190471649169922e-01
-6.998175382614135742e-01
-5.121508836746215820e-01
4.881822168827056885e-01
-5.082393288612365723e-01
1.316196441650390625e+00
9.673408269882202148e-01
-2.226920276880264282e-01
-1.326606512069702148e+00
-1.755860209465026855e+00
-9.686120748519897461e-01
1.706874966621398926e+00
5.206317901611328125e-01
9.400768280029296875e-01
-1.167890429496765137e+00
-1.662451922893524170e-01
7.108798623085021973e-01
8.386875689029693604e-02
-3.413693010807037354e-01
-7.290906310081481934e-01
1.974927037954330444e-01
1.033014535903930664e+00
1.135162472724914551e+00
2.068055868148803711e+00
-8.429653048515319824e-01
-8.493465781211853027e-01
2.990362644195556641e-01
1.336201429367065430e+00
1.367142796516418457e+00
-5.064759254455566406e-01
1.175596714019775391e+00
-1.158158302307128906e+00
6.540194153785705566e-01
3.477297723293304443e-01
-2.940967977046966553e-01
8.546565175056457520e-01
2.485306710004806519e-01
-1.091598272323608398e+00
7.332329154014587402e-01
-5.384451746940612793e-01
-6.058982610702514648e-01
7.877128720283508301e-01
-6.957413554191589355e-01
-1.321707725524902344e+00
9.535583853721618652e-01
-2.787284612655639648e+00
-8.195426464080810547e-01
-6.551171541213989258e-01
-4.966569542884826660e-01
-3.024766743183135986e-01
-4.124203622341156006e-01
1.451587796211242676e+00
-8.842332959175109863e-01
-1.489220142364501953e+00
-1.676701903343200684e+00
1.679330229759216309e+00
-1.719497919082641602e+00
-1.461592674255371094e+00
-1.394965052604675293e+00
-8.738666772842407227e-01
1.390037894248962402e+00
