3.975051045417785645e-01
9.059204459190368652e-01
-4.907481372356414795e-01
4.125586450099945068e-01
9.582957625389099121e-01
-1.202885866165161133e+00
-5.498693585395812988e-01
6.117190048098564148e-02
-2.322147369384765625e+00
7.263280749320983887e-01
-1.171382308006286621e+00
7.101581096649169922e-01
-8.452355861663818359e-01
-1.794184207916259766e+00
2.529390811920166016e+00
7.372151017189025879e-01
8.139376640319824219e-01
-1.781843900680541992e-01
-2.621027529239654541e-01
6.502612233161926270e-01
9.077581763267517090e-01
2.260974884033203125e+00
-5.859800577163696289e-01
9.607088565826416016e-01
-1.506089687347412109e+00
5.421299934387207031e-01
-5.065270513296127319e-02
5.116321444511413574e-01
1.536658287048339844e+00
-2.723093628883361816e-01
-1.524892687797546387e+00
-9.841965436935424805e-01
-1.479380249977111816e+00
-5.720273852348327637e-01
5.327468514442443848e-01
-9.669310450553894043e-01
-2.244210392236709595e-01
-8.904450535774230957e-01
1.210033670067787170e-01
-2.332080364227294922e+00
1.443235874176025391e+00
1.469344258308410645e+00
1.958057284355163574e+00
5.867264270782470703e-01
-5.700597763061523438e-01
-6.891913414001464844e-01
-2.717373073101043701e-01
2.413252353668212891e+00
2.223858833312988281e-01
3.143377304077148438e+00
4.560700654983520508e-01
-1.260500997304916382e-01
-2.000270366668701172e+00
-1.890878438949584961e+00
-8.464298248291015625e-01
1.305185914039611816e+00
-5.787870883941650391e-01
8.442919254302978516e-01
-2.107660770416259766e+00
2.466356515884399414e+00
1.049216747283935547e+00
6.757073402404785156e-01
1.068195104598999023e+00
3.006485700607299805e-01
2.028332948684692383e+00
8.328877687454223633e-01
2.189411669969558716e-01
-5.139678120613098145e-01
6.151367425918579102e-01
1.060428619384765625e+00
8.505933284759521484e-01
1.208729386329650879e+00
7.625342607498168945e-01
3.809576630592346191e-01
-2.720881998538970947e-01
-2.375411272048950195e+00
1.506304860115051270e+00
-1.118490576744079590e+00
1.213199257850646973e+00
-2.834109783172607422e+00
8.848614990711212158e-02
-5.547511205077171326e-02
8.756007999181747437e-02
-1.224665164947509766e+00
6.252475976943969727e-01
-7.523779869079589844e-01
4.795191287994384766e-01
4.595109820365905762e-01
-2.744215726852416992e-01
-2.885590493679046631e-02
1.222972273826599121e+00
-1.323040723800659180e+00
1.632034182548522949e+00
-3.589414060115814209e-02
-7.652968168258666992e-01
-2.591081619262695312e+00
1.279194235801696777e+00
1.578889608383178711e+00
-9.334564805030822754e-01
6.975774168968200684e-01
7.802592217922210693e-02
2.497519105672836304e-01
1.411923527717590332e+00
-1.280968546867370605e+00
1.825007945299148560e-01
6.116590499877929688e-01
-1.897991299629211426e+00
2.737050354480743408e-01
-9.339236617088317871e-01
-1.842578649520874023e+00
-4.493134841322898865e-02
-1.720492005348205566e+00
-2.255537033081054688e+00
-1.018706917762756348e+00
4.433725774288177490e-01
3.128867745399475098e-01
1.348292678594589233e-01
2.249785900115966797e+00
-2.107673883438110352e+00
-8.479314446449279785e-01
-1.267738461494445801e+00
-8.592905998229980469e-01
-6.369532346725463867e-01
-2.687369823455810547e+00
5.755912065505981445e-01
7.191717624664306641e-01
-2.670938968658447266e+00
1.551520466804504395e+00
