3.668503835797309875e-02
-1.132001206278800964e-01
-8.253926634788513184e-01
-3.033907175064086914e+00
8.628270626068115234e-01
-5.282800197601318359e-01
3.390410423278808594e+00
-1.038007438182830811e-01
-1.067697927355766296e-01
2.087450325489044189e-01
-1.906369626522064209e-02
2.317165732383728027e-01
4.788300991058349609e-01
2.013687342405319214e-01
6.518172025680541992e-01
1.953775048255920410e+00
9.042326807975769043e-01
-1.960317790508270264e-01
-2.192121267318725586e+00
6.049664616584777832e-01
-2.932052016258239746e-01
8.460487723350524902e-01
-8.199988603591918945e-01
1.718655943870544434e+00
-1.807133078575134277e+00
-1.384598135948181152e+00
6.680057048797607422e-01
1.153831958770751953e+00
6.650162339210510254e-01
8.521077036857604980e-01
-2.049138069152832031e+00
-2.281836748123168945e+00
5.822121500968933105e-01
2.385322570800781250e+00
1.877414248883724213e-02
-4.037140607833862305e-01
-1.021290183067321777e+00
1.598053425550460815e-01
1.185301780700683594e+00
3.047261536121368408e-01
5.921580195426940918e-01
2.655257225036621094e+00
8.973820805549621582e-01
7.599988579750061035e-01
-1.210260391235351562e+00
-5.437714457511901855e-01
-5.581200718879699707e-01
2.638353824615478516e+00
-7.735490798950195312e-02
1.476482868194580078e+00
1.085196614265441895e+00
-1.033938765525817871e+00
-5.463816523551940918e-01
-1.144494652748107910e+00
1.232668757438659668e-01
9.394914656877517700e-02
-6.032026186585426331e-02
2.039567232131958008e-01
-2.354435920715332031e+00
6.934734582901000977e-01
-7.279737591743469238e-01
1.323508739471435547e+00
-2.857259213924407959e-01
1.237250804901123047e+00
1.925996184349060059e+00
-2.083970904350280762e-01
3.371290862560272217e-01
-2.415322698652744293e-02
-1.886620223522186279e-01
-9.036678671836853027e-01
-6.617441773414611816e-01
-9.295883774757385254e-01
2.450959980487823486e-01
-4.545454382896423340e-01
-6.009843945503234863e-02
-9.975568056106567383e-01
-2.406550347805023193e-01
5.169123411178588867e-01
5.467985197901725769e-02
-3.695192813873291016e+00
-8.260260820388793945e-01
-1.538836956024169922e-02
-4.382891654968261719e-01
-1.264379620552062988e+00
2.548682451248168945e+00
2.696594297885894775e-01
7.871247082948684692e-02
2.456399947404861450e-01
2.629341781139373779e-01
-2.085961818695068359e+00
-8.529328107833862305e-01
-6.734883785247802734e-01
-1.649433374404907227e+00
5.791873931884765625e-01
-3.519677817821502686e-01
4.373368620872497559e-01
5.072721838951110840e-01
1.465964198112487793e+00
1.487759351730346680e+00
1.492329120635986328e+00
1.990988373756408691e+00
-4.456442296504974365e-01
-2.119975835084915161e-01
1.241457581520080566e+00
2.494565993547439575e-01
-4.831804335117340088e-01
-2.139589190483093262e-01
4.860776066780090332e-01
1.414675712585449219e+00
-2.949675083160400391e+00
-1.029056787490844727e+00
-1.517548441886901855e+00
-1.287809967994689941e+00
-1.118365675210952759e-01
1.822880029678344727e+00
1.053790569305419922e+00
-1.429719626903533936e-01
-8.248641490936279297e-01
-2.431394815444946289e+00
2.652478933334350586e+00
1.626925826072692871e+00
-1.185732722282409668e+00
-7.318491339683532715e-01
-7.440332770347595215e-01
-3.064093887805938721e-01
-1.813229799270629883e+00
-2.926464974880218506e-01
5.331717729568481445e-01
