-1.279922962188720703e+00
7.814340591430664062e-01
-8.430889993906021118e-02
-1.128027319908142090e+00
-1.068776249885559082e+00
1.212371230125427246e+00
-6.071658134460449219e-01
4.371452033519744873e-01
-1.641047120094299316e+00
4.500592499971389771e-02
-7.302181124687194824e-01
-1.198204278945922852e+00
-2.074831485748291016e+00
-1.091322422027587891e+00
6.439068913459777832e-01
-1.717853665351867676e+00
-5.792691111564636230e-01
3.115881234407424927e-03
-1.468412280082702637e-01
7.770590186119079590e-01
-2.772018872201442719e-02
-6.460152864456176758e-01
2.477459311485290527e-01
1.019901990890502930e+00
-8.672204017639160156e-01
4.348800182342529297e-01
-7.468550801277160645e-01
8.105937242507934570e-01
6.251698136329650879e-01
1.277056813240051270e+00
-3.418186604976654053e-01
2.909811019897460938e+00
6.306623816490173340e-01
1.450046896934509277e+00
-4.532098770141601562e-01
5.118379592895507812e-01
-2.703378908336162567e-02
1.803818106651306152e+00
1.623752236366271973e+00
3.328433334827423096e-01
1.901160359382629395e+00
1.451360464096069336e+00
2.481791496276855469e+00
5.091425180435180664e-01
2.102377563714981079e-01
-1.849736690521240234e+00
-2.659016847610473633e-01
-5.357223153114318848e-01
-9.692323207855224609e-02
-7.600558996200561523e-01
-7.149281501770019531e-01
-4.474368095397949219e-01
1.671205759048461914e-01
6.937958598136901855e-01
-1.276825219392776489e-01
2.551252603530883789e+00
1.035719394683837891e+00
4.940578937530517578e-01
-1.050229310989379883e+00
1.374138355255126953e+00
-6.648135185241699219e-01
-1.325308322906494141e+00
-6.731924414634704590e-02
8.554316312074661255e-02
4.681592583656311035e-01
-2.305473327636718750e+00
7.479944825172424316e-01
-6.371389031410217285e-01
1.606694221496582031e+00
3.228091597557067871e-01
5.049973130226135254e-01
1.905176639556884766e+00
5.033379793167114258e-01
6.455852985382080078e-01
4.471525251865386963e-01
-2.372775226831436157e-01
7.429581284523010254e-01
-2.038932085037231445e+00
-1.568088173866271973e+00
-6.699792146682739258e-01
7.299028337001800537e-02
-1.431886076927185059e+00
9.566608071327209473e-01
-1.873778402805328369e-01
7.535490393638610840e-01
-1.352149605751037598e+00
4.309264719486236572e-01
2.800410389900207520e-01
-1.544018268585205078e+00
7.469546049833297729e-02
-1.390957951545715332e+00
-7.261901497840881348e-01
-1.461768746376037598e+00
2.430868595838546753e-01
1.129711031913757324e+00
-1.249395966529846191e+00
-5.311318635940551758e-01
3.305398821830749512e-01
1.435739636421203613e+00
1.146523833274841309e+00
-2.529461860656738281e+00
2.992599010467529297e-01
1.948895454406738281e-01
5.228065699338912964e-02
-2.907472610473632812e+00
1.168865561485290527e+00
1.156766891479492188e+00
-7.674974203109741211e-01
-4.323672354221343994e-01
-5.852761864662170410e-01
-9.341720938682556152e-01
-1.795567870140075684e-01
2.544478178024291992e-01
5.840580463409423828e-01
3.848247766494750977e+00
-1.549270749092102051e-01
-6.247428655624389648e-01
-8.683749437332153320e-01
-5.134790539741516113e-01
2.502061128616333008e+00
5.942364335060119629e-01
-1.031417608261108398e+00
-2.251827478408813477e+00
-1.525557160377502441e+00
-8.807069063186645508e-01
5.819549560546875000e-01
-1.674186825752258301e+00
-1.075878977775573730e+00
