-3.293582201004028320e-01
-1.536650896072387695e+00
-6.713327765464782715e-01
-4.311124980449676514e-02
8.534075021743774414e-01
-1.743288636207580566e+00
4.032419621944427490e-01
-1.399854421615600586e+00
4.685963504016399384e-03
2.558621764183044434e-01
-1.112805843353271484e+00
4.347410798072814941e-01
-2.186214447021484375e+00
1.597062498331069946e-01
6.518223285675048828e-01
-5.594617128372192383e-01
-4.176193177700042725e-01
6.492155194282531738e-01
-6.974877715110778809e-01
-1.578151136636734009e-01
-1.938739299774169922e+00
1.558177113533020020e+00
-1.443112969398498535e+00
1.065050959587097168e-01
-3.423847854137420654e-01
-4.661230742931365967e-01
-9.410695433616638184e-01
1.577365845441818237e-01
-7.658184766769409180e-01
-9.162464737892150879e-01
-1.860424399375915527e+00
6.113959550857543945e-01
1.446155071258544922e+00
8.663987517356872559e-01
-1.399158120155334473e+00
1.455392479896545410e+00
-5.154264569282531738e-01
-4.078593850135803223e-01
-4.074042662978172302e-04
1.074925184249877930e+00
-8.381722569465637207e-01
6.764971613883972168e-01
2.190195322036743164e+00
-5.101781804114580154e-03
-1.056287884712219238e+00
1.749675393104553223e+00
-6.702269911766052246e-01
4.669275283813476562e-01
1.745018362998962402e+00
2.738543510437011719e+00
-7.610136866569519043e-01
-9.384701251983642578e-01
3.189631402492523193e-01
-1.941902786493301392e-01
-2.748241126537322998e-01
2.617847919464111328e+00
-4.728130102157592773e-01
1.323182463645935059e+00
2.596465647220611572e-01
9.647745490074157715e-01
-6.455624699592590332e-01
9.206563234329223633e-01
3.241093158721923828e-01
-3.977409377694129944e-02
-5.429164767265319824e-01
4.284402132034301758e-01
1.239425420761108398e+00
1.448990106582641602e+00
1.102431893348693848e+00
-1.070747852325439453e+00
1.913997530937194824e-01
-2.179101467132568359e+00
1.631191223859786987e-01
1.109942674636840820e+00
6.217923387885093689e-02
9.483801126480102539e-01
-5.375624820590019226e-02
-5.053765773773193359e-01
1.862452328205108643e-01
-4.357132911682128906e-01
1.862232089042663574e+00
-1.687055587768554688e+00
3.518037199974060059e-01
-4.180175662040710449e-01
-1.866643279790878296e-01
5.257338285446166992e-01
5.995870828628540039e-01
-2.754136025905609131e-01
1.373502016067504883e-01
3.677073121070861816e-01
1.225000023841857910e+00
-1.887082755565643311e-01
-1.595246493816375732e-01
1.846036434173583984e+00
-9.357756972312927246e-01
4.214082658290863037e-01
-8.192912340164184570e-01
-2.593379467725753784e-03
2.372803688049316406e+00
2.991497516632080078e-01
2.205675601959228516e+00
8.617759346961975098e-01
5.283060669898986816e-01
-2.468108654022216797e+00
-2.816499471664428711e+00
-3.811305463314056396e-01
-1.372848510742187500e+00
-1.809335470199584961e+00
3.129101395606994629e-01
-3.039292573928833008e+00
9.057199358940124512e-01
3.004378080368041992e-01
9.923230856657028198e-02
1.674429923295974731e-01
-1.235916852951049805e+00
-6.844036579132080078e-01
-3.048214912414550781e-01
-1.814183950424194336e+00
-2.229215651750564575e-01
6.814759373664855957e-01
4.432433545589447021e-01
-2.954841256141662598e-01
6.674652695655822754e-01
-4.469981193542480469e-01
-1.370532274246215820e+00
1.982074826955795288e-01
-5.620929002761840820e-01
2.257976531982421875e+00
