1.422079205513000488e+00
-4.028549492359161377e-01
2.594126202166080475e-02
4.230121076107025146e-01
1.888122439384460449e+00
4.092878401279449463e-01
-2.682272791862487793e-01
6.760820150375366211e-01
4.444472491741180420e-01
-7.740232348442077637e-01
1.083186045289039612e-01
1.421410888433456421e-01
2.065719604492187500e+00
-1.311169743537902832e+00
-9.987461566925048828e-01
-1.584227919578552246e+00
-1.321627378463745117e+00
-5.614768266677856445e-01
1.291672229766845703e+00
5.249575376510620117e-01
7.668119668960571289e-01
-7.606577277183532715e-01
-1.294109877198934555e-02
1.169962644577026367e+00
-6.470794081687927246e-01
-2.682019770145416260e-01
8.959335684776306152e-01
-8.166258931159973145e-01
-1.450093746185302734e+00
-9.669974446296691895e-01
-1.160178303718566895e+00
8.200111389160156250e-01
1.919212192296981812e-01
-4.508677124977111816e-02
-5.466516017913818359e-01
1.304951071739196777e+00
1.659585356712341309e+00
2.507036209106445312e+00
-1.170369610190391541e-01
-4.030244946479797363e-01
-5.580837130546569824e-01
7.136180400848388672e-01
1.613532423973083496e+00
-5.848031044006347656e-01
-1.244882345199584961e-01
5.562744140625000000e-01
-3.623939156532287598e-01
-3.712992370128631592e-02
2.366284370422363281e+00
-1.007204055786132812e+00
1.773616194725036621e+00
-2.609321594238281250e+00
2.501986980438232422e+00
-1.395089983940124512e+00
-1.991489171981811523e+00
-1.716637134552001953e+00
-1.248340964317321777e+00
1.262244939804077148e+00
1.496160626411437988e+00
1.220198392868041992e+00
-1.570614725351333618e-01
1.155143260955810547e+00
1.701694011688232422e+00
1.454815268516540527e+00
-9.188638329505920410e-01
-2.218162298202514648e+00
-1.701596528291702271e-01
-3.967148065567016602e-01
4.576079547405242920e-01
6.471548676490783691e-01
9.948735833168029785e-01
-6.461392641067504883e-01
2.397732496261596680e+00
9.971120953559875488e-02
-7.068070173263549805e-01
-1.249402999877929688e+00
-1.723538756370544434e+00
-6.801453232765197754e-01
7.896090149879455566e-01
-1.504330992698669434e+00
2.955508828163146973e-01
-5.897039175033569336e-01
3.311643376946449280e-02
-2.546344511210918427e-02
-4.607450962066650391e-01
-1.609207630157470703e+00
-9.895497560501098633e-01
1.382736682891845703e+00
1.542622923851013184e+00
1.057748436927795410e+00
3.480786085128784180e-02
-1.725214362144470215e+00
-1.125230550765991211e+00
1.469161748886108398e+00
-2.028761208057403564e-01
1.179807931184768677e-01
-1.306044220924377441e+00
-8.641830682754516602e-01
-2.578148365020751953e+00
-1.466783881187438965e+00
-5.188280940055847168e-01
5.499777793884277344e-01
3.581508696079254150e-01
-6.541181802749633789e-01
2.144731521606445312e+00
-2.652105689048767090e-02
-8.316306471824645996e-01
-4.056499153375625610e-02
2.825097322463989258e+00
-1.574244499206542969e+00
-5.828402638435363770e-01
1.816246271133422852e+00
-1.499210000038146973e+00
-4.656080007553100586e-01
8.902075290679931641e-01
-3.157537877559661865e-01
5.812282487750053406e-02
-1.359032630920410156e+00
1.395068764686584473e-01
3.485361635684967041e-01
1.044277787208557129e+00
-1.327505350112915039e+00
1.851679205894470215e+00
-2.267605215311050415e-01
-9.908453822135925293e-01
-1.859138488769531250e+00
-1.232530698180198669e-01
4.001878201961517334e-01
