3.086220324039459229e-01
-5.576583743095397949e-01
-1.336927413940429688e-01
2.112346589565277100e-01
-3.137997388839721680e-01
-7.834677696228027344e-01
1.965230107307434082e-01
-3.201575577259063721e-01
-1.501258730888366699e+00
-3.087387681007385254e-01
1.244606375694274902e+00
2.694227099418640137e-01
6.980604529380798340e-01
-1.328098893165588379e+00
6.313635967671871185e-03
7.792834192514419556e-02
8.154336810111999512e-01
-3.195394873619079590e-01
-3.425801694393157959e-01
-8.429000377655029297e-01
1.817122817039489746e+00
-1.430729389190673828e+00
-5.858564972877502441e-01
-7.105551660060882568e-03
-1.309905052185058594e+00
2.550982534885406494e-01
-1.950389385223388672e+00
-7.918173074722290039e-01
-8.578451275825500488e-01
6.211291551589965820e-01
-7.111343741416931152e-01
1.522974491119384766e+00
-1.875206083059310913e-01
1.794237613677978516e+00
-1.727744102478027344e+00
2.087967634201049805e+00
-2.953130602836608887e-01
2.388684511184692383e+00
1.105885267257690430e+00
-3.610180574469268322e-04
1.732545733451843262e+00
2.715160369873046875e+00
1.613033533096313477e+00
1.353380531072616577e-01
6.200849413871765137e-01
-1.811376810073852539e-01
9.455052614212036133e-01
-4.519496560096740723e-01
-5.948031544685363770e-01
8.540833592414855957e-01
4.865879118442535400e-01
1.410790681838989258e+00
1.209165900945663452e-01
-1.578131556510925293e+00
6.535052657127380371e-01
5.923729538917541504e-01
-8.158609271049499512e-01
8.583819270133972168e-01
4.010964632034301758e-01
7.515986561775207520e-01
-7.693507671356201172e-01
-1.069335579872131348e+00
-7.215551137924194336e-01
1.092023611068725586e+00
1.007664561271667480e+00
-2.925839662551879883e+00
-9.380587935447692871e-01
1.402486324310302734e+00
4.793593287467956543e-01
6.580213904380798340e-01
-8.124756813049316406e-01
2.321758985519409180e+00
-1.242300510406494141e+00
1.547656208276748657e-01
-1.553878545761108398e+00
4.066447317600250244e-01
-1.123897910118103027e+00
2.055833101272583008e+00
3.878286182880401611e-01
-5.366875529289245605e-01
3.547810763120651245e-02
7.757548093795776367e-01
-1.655530095100402832e+00
-4.148072898387908936e-01
7.191342115402221680e-01
-4.204679429531097412e-01
-9.925975799560546875e-01
1.938058018684387207e+00
1.130164742469787598e+00
-3.385990560054779053e-01
2.273532390594482422e+00
-2.199902296066284180e+00
1.192188739776611328e+00
-2.378512322902679443e-01
-8.451690673828125000e-01
-1.666816025972366333e-01
4.829641580581665039e-01
-6.433009505271911621e-01
-1.138541340827941895e+00
-2.003057599067687988e-01
-4.927230477333068848e-01
-5.909110307693481445e-01
1.473613500595092773e+00
4.486091136932373047e-01
-2.582325458526611328e+00
-2.813334763050079346e-01
6.758023500442504883e-01
4.450279176235198975e-01
2.194316387176513672e+00
-2.012832164764404297e+00
-2.876461744308471680e+00
-2.138017416000366211e+00
-2.136270105838775635e-01
1.072064042091369629e+00
-8.922670483589172363e-01
7.703546881675720215e-01
2.051054239273071289e-01
3.901827335357666016e-01
-2.034034490585327148e+00
4.333545565605163574e-01
-1.995340466499328613e+00
-3.219725191593170166e-01
1.538124799728393555e+00
5.444723963737487793e-01
-1.446948647499084473e+00
-9.606308490037918091e-02
-1.322737932205200195e+00
1.055974006652832031e+00
