-2.802614212036132812e+00
4.660660922527313232e-01
-4.066943526268005371e-01
7.313118577003479004e-01
-1.241570711135864258e+00
-5.593363046646118164e-01
-1.449984073638916016e+00
4.009691178798675537e-01
1.227921843528747559e+00
-1.589643597602844238e+00
2.974711358547210693e-01
2.714089751243591309e-01
-1.935565352439880371e+00
-1.842089295387268066e+00
1.083488091826438904e-01
-4.803051948547363281e-01
-2.238143980503082275e-01
-2.225526422262191772e-01
1.517204642295837402e+00
1.426210999488830566e-01
-5.584331154823303223e-01
1.126841187477111816e+00
2.397899478673934937e-01
3.014540672302246094e-01
-1.682610630989074707e+00
3.976708352565765381e-01
-3.604828715324401855e-01
9.715940952301025391e-01
2.691248655319213867e-01
4.072888791561126709e-01
-9.998583197593688965e-01
2.216286897659301758e+00
-6.370067000389099121e-01
1.591210126876831055e+00
4.552879035472869873e-01
2.213586419820785522e-01
1.037081003189086914e+00
1.917982473969459534e-03
-1.230482101440429688e+00
-3.753194093704223633e+00
8.808420896530151367e-01
1.332220435142517090e+00
1.807776927947998047e+00
1.268421530723571777e+00
-8.860958814620971680e-01
5.394054055213928223e-01
6.027816534042358398e-01
1.076331734657287598e+00
8.812753558158874512e-01
1.410427570343017578e+00
1.524444103240966797e+00
3.370990455150604248e-01
4.540728777647018433e-02
-6.029615402221679688e-01
-2.806980609893798828e-01
1.075122714042663574e+00
1.288887143135070801e+00
-6.110323071479797363e-01
-1.861567258834838867e+00
2.811826705932617188e+00
-1.842748224735260010e-01
1.934106588363647461e+00
-1.087255835533142090e+00
1.390067219734191895e+00
7.299022078514099121e-01
4.882804453372955322e-01
-7.283899784088134766e-01
1.063419818878173828e+00
-2.509638108313083649e-02
-1.013415098190307617e+00
-6.470238566398620605e-01
1.192056655883789062e+00
4.772685170173645020e-01
1.422796398401260376e-01
-6.433410048484802246e-01
-8.400690555572509766e-01
1.079178452491760254e+00
4.579146206378936768e-01
-1.210992932319641113e+00
-1.504838109016418457e+00
-3.942453488707542419e-02
4.652881026268005371e-01
2.931635379791259766e+00
-7.812744379043579102e-01
3.884736299514770508e+00
-1.376881599426269531e+00
5.211585760116577148e-01
-6.082021072506904602e-02
7.202363610267639160e-01
6.939396262168884277e-01
-1.527658343315124512e+00
-1.664612889289855957e+00
-1.040017366409301758e+00
-6.721987128257751465e-01
-6.196155548095703125e-01
-4.035659134387969971e-01
1.722188353538513184e+00
-3.393605947494506836e-01
-1.837389320135116577e-01
1.730727076530456543e+00
-4.356140494346618652e-01
-3.512352406978607178e-01
-7.986609935760498047e-01
1.592371225357055664e+00
-1.163706183433532715e+00
2.312780141830444336e+00
-4.620069265365600586e-01
-1.020123004913330078e+00
-1.375046968460083008e+00
-1.370774149894714355e+00
-1.640518426895141602e+00
2.898649454116821289e+00
1.820141822099685669e-01
-1.289268255233764648e+00
-1.058439493179321289e+00
6.500509977340698242e-01
-1.109094619750976562e+00
-1.298520803451538086e+00
9.363768100738525391e-01
7.756966948509216309e-01
-4.395861327648162842e-01
6.502408981323242188e-01
-1.882370471954345703e+00
-2.190194368362426758e+00
1.166920363903045654e-02
-1.542910933494567871e+00
-1.389372467994689941e+00
-3.393626451492309570e+00
