9.788084030151367188e-01
1.169291883707046509e-01
-5.014722347259521484e-01
5.865851640701293945e-01
-2.104889154434204102e-01
-3.551556468009948730e-01
-1.006129384040832520e+00
4.750034958124160767e-02
-2.657525539398193359e-01
-6.672928333282470703e-01
1.753377676010131836e+00
-1.035206794738769531e+00
4.476968050003051758e-01
1.366479873657226562e+00
5.689095854759216309e-01
3.286156952381134033e-01
4.111784696578979492e-02
6.447343826293945312e-01
6.625041961669921875e-01
4.592426419258117676e-01
-1.538834720849990845e-01
7.203729748725891113e-01
2.127525091171264648e+00
5.143536925315856934e-01
-2.471154689788818359e+00
-3.353423595428466797e+00
4.020364880561828613e-01
2.730036675930023193e-01
-3.479934632778167725e-01
9.236122965812683105e-01
-2.217487573623657227e+00
-4.060228765010833740e-01
-8.803431391716003418e-01
-1.025053709745407104e-01
-1.626297235488891602e+00
-1.455590724945068359e+00
-9.926096200942993164e-01
-5.415434241294860840e-01
4.191898275166749954e-03
1.457188248634338379e+00
-5.580360889434814453e-01
-1.066434860229492188e+00
1.416771531105041504e+00
8.747814297676086426e-01
-3.965230286121368408e-01
6.350561976432800293e-01
-8.876608014106750488e-01
3.319702669978141785e-02
8.933143019676208496e-01
6.655828356742858887e-01
-1.328794121742248535e+00
-1.329222917556762695e+00
2.599304318428039551e-01
-1.130521893501281738e+00
-7.916008830070495605e-01
-3.547052443027496338e-01
2.981049060821533203e+00
1.713579535484313965e+00
1.282956480979919434e+00
1.553776741027832031e+00
7.397071924060583115e-03
-3.299883008003234863e-01
-1.173540115356445312e+00
1.696530461311340332e+00
2.458346128463745117e+00
-3.238039314746856689e-01
1.498552203178405762e+00
-2.649226188659667969e+00
8.057204484939575195e-01
1.048044562339782715e+00
3.401141166687011719e-01
-1.143993020057678223e+00
2.327538251876831055e+00
1.140780806541442871e+00
6.162320375442504883e-01
-6.829718351364135742e-01
-1.424185037612915039e+00
-4.535311460494995117e-01
-8.184797763824462891e-01
-3.806152939796447754e-01
9.724237322807312012e-01
-6.684916615486145020e-01
1.882826685905456543e-01
1.229519009590148926e+00
3.363904476165771484e+00
-1.269688844680786133e+00
2.297754883766174316e-01
-8.840473890304565430e-01
3.077433258295059204e-02
-7.067150473594665527e-01
-1.109555721282958984e+00
-2.398228794336318970e-01
7.115047574043273926e-01
5.317608714103698730e-01
-5.335673689842224121e-01
2.630943298339843750e+00
1.044977009296417236e-01
1.350527048110961914e+00
2.342406272888183594e+00
-2.036960124969482422e+00
-1.023255884647369385e-01
-6.307293772697448730e-01
-3.132027387619018555e-01
7.979376912117004395e-01
-9.747455716133117676e-01
-3.815912306308746338e-01
-2.294680289924144745e-02
-3.064229786396026611e-01
1.034171819686889648e+00
-1.306226015090942383e+00
-8.746156692504882812e-01
-3.624477684497833252e-01
-1.550690531730651855e-01
-3.154110431671142578e+00
7.423652410507202148e-01
8.959090113639831543e-01
2.547262310981750488e-01
1.892670392990112305e-01
-8.422139286994934082e-01
-3.761780023574829102e+00
-8.615140914916992188e-01
4.962343871593475342e-01
-7.926587015390396118e-02
4.046147763729095459e-01
-5.859352350234985352e-01
-2.171251058578491211e+00
4.517545998096466064e-01
-9.067079424858093262e-01
