-6.180433034896850586e-01
-2.528530657291412354e-01
-4.643326997756958008e-01
3.828651905059814453e-01
-4.111779332160949707e-01
-8.027912974357604980e-01
-1.053198218345642090e+00
-3.307562768459320068e-01
-8.787129074335098267e-02
3.752133250236511230e-02
3.345502614974975586e+00
-2.201287150382995605e-01
-9.726506657898426056e-03
-1.519121646881103516e+00
-1.646137051284313202e-02
4.310247898101806641e-01
1.055296659469604492e+00
2.944132804870605469e+00
-3.603569269180297852e-01
1.868283450603485107e-01
-2.388409614562988281e+00
1.594951033592224121e+00
1.378940343856811523e+00
-3.692986071109771729e-01
-1.533322334289550781e+00
-1.477088451385498047e+00
-7.559870481491088867e-01
1.088367223739624023e+00
-2.114434480667114258e+00
1.041756272315979004e+00
-1.586982131004333496e+00
-5.032629370689392090e-01
1.451133936643600464e-01
-5.090894699096679688e-01
-7.943331003189086914e-01
-7.106314301490783691e-01
9.340285658836364746e-01
5.975351929664611816e-01
1.076235890388488770e+00
1.152949333190917969e+00
-1.461142301559448242e+00
6.290191086009144783e-04
7.398414015769958496e-01
-2.602178156375885010e-01
-8.417201042175292969e-01
1.521435499191284180e+00
-4.795202910900115967e-01
1.155908107757568359e+00
1.330458402633666992e+00
-1.304227471351623535e+00
4.265527799725532532e-02
-2.081809282302856445e+00
1.120259284973144531e+00
-2.241585999727249146e-01
-4.118468239903450012e-02
-5.887749195098876953e-01
1.634663462638854980e+00
3.614828109741210938e+00
1.590452790260314941e+00
1.004715800285339355e+00
-1.737429857254028320e+00
1.211107492446899414e+00
-2.579704284667968750e+00
1.614993333816528320e+00
1.830672144889831543e+00
-1.245414257049560547e+00
9.002806544303894043e-01
1.097059696912765503e-01
1.152527332305908203e+00
9.347706437110900879e-01
-4.557738900184631348e-01
-1.490383267402648926e+00
1.095911979675292969e+00
9.595477581024169922e-01
5.255430936813354492e-01
-1.768353879451751709e-01
-1.123457789421081543e+00
7.419325876981019974e-03
-5.402992963790893555e-01
-2.265963077545166016e+00
3.533114194869995117e-01
-1.523080587387084961e+00
3.202012479305267334e-01
1.358845949172973633e+00
1.597014188766479492e+00
-6.955789327621459961e-01
3.571640700101852417e-02
-1.278541564941406250e+00
2.930683374404907227e+00
-1.136651158332824707e+00
-1.796787977218627930e+00
-1.285892605781555176e+00
2.242435812950134277e-01
7.749353051185607910e-01
3.894909918308258057e-01
7.755859196186065674e-02
-6.390198469161987305e-01
1.572851777076721191e+00
5.789452791213989258e-01
-2.115721225738525391e+00
2.125033140182495117e+00
-4.191495478153228760e-01
-1.406397949904203415e-02
1.147204995155334473e+00
1.971282511949539185e-01
-1.159630298614501953e+00
-9.641854763031005859e-01
4.733589291572570801e-01
-1.028816699981689453e+00
-6.918304562568664551e-01
-2.048728466033935547e+00
2.881567716598510742e+00
-1.604410260915756226e-01
-8.973564505577087402e-01
7.375375032424926758e-01
-5.585080385208129883e-02
-1.002199769020080566e+00
-2.275965213775634766e+00
-1.839566826820373535e+00
-1.718581795692443848e+00
-7.190095782279968262e-01
1.030523538589477539e+00
1.700190544128417969e+00
1.364858269691467285e+00
-2.480981051921844482e-01
-7.199898958206176758e-01
-7.859829664230346680e-01
-5.894039869308471680e-01
