-8.727310299873352051e-01
-5.475426912307739258e-01
-7.725116014480590820e-01
4.169909656047821045e-01
4.170166254043579102e-01
-3.114438243210315704e-02
-6.799998879432678223e-02
1.532081484794616699e+00
-3.105207979679107666e-01
-5.903028249740600586e-01
7.019183039665222168e-01
4.017327785491943359e+00
-8.250847458839416504e-01
-3.419110476970672607e-01
5.593403577804565430e-01
4.674420505762100220e-02
2.215155363082885742e+00
1.251538753509521484e+00
1.723909676074981689e-01
-2.279104292392730713e-01
-2.296759188175201416e-01
-7.541438937187194824e-01
-9.573260694742202759e-02
8.148949146270751953e-01
-2.234094619750976562e+00
-4.658171534538269043e-01
-1.056507825851440430e+00
2.959844172000885010e-01
2.223617553710937500e+00
1.521307229995727539e+00
-2.867088615894317627e-01
4.331113994121551514e-01
-2.329586029052734375e+00
-1.098368763923645020e+00
-1.501153111457824707e+00
-3.141857087612152100e-01
-2.911961078643798828e-01
-3.529679477214813232e-01
5.727751255035400391e-01
9.095877408981323242e-01
1.642169117927551270e+00
7.874540984630584717e-02
1.307511329650878906e+00
7.657889723777770996e-01
-1.190107822418212891e+00
-5.460520461201667786e-02
-2.077857106924057007e-01
1.200281858444213867e+00
-3.781452775001525879e-02
-1.274261713027954102e+00
3.938561379909515381e-01
-1.311585903167724609e+00
-2.274293154478073120e-01
-2.062195062637329102e+00
-1.190908432006835938e+00
-2.143541872501373291e-01
1.705330729484558105e+00
-1.625901162624359131e-01
-5.015056729316711426e-01
1.945223569869995117e+00
-8.649582862854003906e-01
2.790314197540283203e+00
-1.222993493080139160e+00
7.664763927459716797e-01
1.221807122230529785e+00
-1.631553053855895996e+00
1.397521138191223145e+00
1.814597725868225098e+00
-1.013415336608886719e+00
3.854706287384033203e-01
-2.892749607563018799e-01
-5.028630793094635010e-02
1.328654408454895020e+00
-2.244576811790466309e-01
9.660503864288330078e-01
-3.253529548645019531e+00
-2.360717296600341797e+00
-1.981857120990753174e-01
-3.722145855426788330e-01
-1.484080910682678223e+00
-7.686615735292434692e-02
-2.244236469268798828e+00
1.324386596679687500e-01
-9.264935255050659180e-01
5.346324443817138672e-01
-3.519709110260009766e-01
-1.383168816566467285e+00
-1.228628680109977722e-01
2.499952554702758789e+00
1.183986544609069824e+00
-1.415042996406555176e+00
-1.219383478164672852e+00
1.971680670976638794e-01
7.045288383960723877e-02
-5.271200537681579590e-01
9.690353870391845703e-01
-3.475502878427505493e-02
-1.089972376823425293e+00
-2.013130933046340942e-01
-7.545641660690307617e-01
-6.823690533638000488e-01
6.205903738737106323e-02
2.706054687500000000e+00
1.335922122001647949e+00
-2.428826838731765747e-01
-9.120179414749145508e-01
-1.932350248098373413e-01
2.468263208866119385e-01
1.160944700241088867e+00
-9.410428404808044434e-01
-2.337218284606933594e+00
2.419552326202392578e+00
-2.663198411464691162e-01
2.099087238311767578e+00
1.412195563316345215e+00
-3.279989480972290039e+00
-4.129765033721923828e-01
-4.829658567905426025e-01
-1.352681666612625122e-01
-1.699955344200134277e+00
-4.790770113468170166e-01
1.518797278404235840e+00
-4.027004837989807129e-01
1.953112959861755371e+00
-1.366047710180282593e-01
-2.142596244812011719e+00
1.919741868972778320e+00
-1.243445158004760742e+00
