4.563087224960327148e-01
-1.973643898963928223e+00
-3.174547553062438965e-01
4.810353815555572510e-01
-7.266269326210021973e-01
5.747913718223571777e-01
-3.789849281311035156e-01
-3.910481333732604980e-01
-1.672528743743896484e+00
2.321965694427490234e+00
-2.310595273971557617e+00
-1.774165630340576172e+00
-5.255429148674011230e-01
1.075763463973999023e+00
1.098389983177185059e+00
-1.085959095507860184e-02
1.610247492790222168e-01
1.240947484970092773e+00
-2.551494121551513672e+00
2.627984046936035156e+00
-4.466482698917388916e-01
-1.328207254409790039e-01
-5.326026678085327148e-01
-3.242243314161896706e-03
-2.662561833858489990e-01
3.090211749076843262e-01
1.566336989402770996e+00
-5.475218892097473145e-01
-3.849976360797882080e-01
4.903605878353118896e-01
-8.346843123435974121e-01
9.758909791707992554e-02
2.067527920007705688e-01
1.061187863349914551e+00
-2.990864813327789307e-01
2.473104953765869141e+00
-1.528471827507019043e+00
1.211688041687011719e+00
-3.327864110469818115e-01
1.586362957954406738e+00
5.234141349792480469e-01
8.034780025482177734e-01
1.363017082214355469e+00
1.273299604654312134e-01
1.267826795578002930e+00
-7.841553688049316406e-01
6.790538430213928223e-01
-7.360522449016571045e-02
1.816965222358703613e+00
2.457174062728881836e+00
1.141693115234375000e+00
-1.966298818588256836e+00
-7.252709865570068359e-01
-1.616801381111145020e+00
-2.004657387733459473e-01
7.288216948509216309e-01
-1.546078801155090332e+00
6.364331841468811035e-01
-2.196631282567977905e-01
1.287123441696166992e+00
-1.320964097976684570e+00
6.418094038963317871e-01
5.043190121650695801e-01
4.089041948318481445e-01
1.754786252975463867e+00
1.008358597755432129e-01
8.561294674873352051e-01
5.104040503501892090e-01
9.192577600479125977e-01
4.006824195384979248e-01
4.421582818031311035e-02
-8.139494657516479492e-01
7.671924829483032227e-01
1.365518569946289062e+00
1.284240782260894775e-01
5.356651917099952698e-02
-8.199793100357055664e-02
-1.893026232719421387e-01
1.140159130096435547e+00
5.384038090705871582e-01
1.625232219696044922e+00
6.948171854019165039e-01
-8.780412077903747559e-01
-1.630599021911621094e+00
2.995506227016448975e-01
-2.332946300506591797e+00
-8.733344078063964844e-01
-1.667540907859802246e+00
-1.121325731277465820e+00
8.696401715278625488e-01
5.498716235160827637e-01
-8.526594042778015137e-01
4.426360130310058594e-01
-1.072353839874267578e+00
2.944746017456054688e-01
-1.589611530303955078e+00
-9.089019298553466797e-01
-5.540518164634704590e-01
-1.324072122573852539e+00
-1.887820661067962646e-01
8.559263348579406738e-01
-6.014937758445739746e-01
4.565875977277755737e-02
-1.051494956016540527e+00
8.312524557113647461e-01
3.939770758152008057e-01
-1.314317345619201660e+00
1.498521417379379272e-01
-5.102405548095703125e-01
-5.229520201683044434e-01
2.511153936386108398e+00
7.580823898315429688e-01
-2.003782987594604492e-01
4.538383185863494873e-01
3.451165556907653809e-01
-2.453509092330932617e+00
-8.378061056137084961e-01
-1.629179120063781738e-01
2.493309527635574341e-01
1.049814939498901367e+00
-2.240004539489746094e+00
-1.865807771682739258e+00
9.867246448993682861e-02
-1.723484396934509277e+00
-1.359652876853942871e+00
4.819409921765327454e-02
-9.673966765403747559e-01
1.562892556190490723e+00
