1.345654726028442383e+00
-2.710272073745727539e-01
-1.101766079664230347e-01
-3.401026725769042969e-01
1.548254370689392090e+00
1.377370595932006836e+00
2.345960140228271484e+00
-1.687457114458084106e-01
1.022556781768798828e+00
-1.830394029617309570e+00
2.227879166603088379e-01
-1.510869562625885010e-01
-1.170601129531860352e+00
-1.984453320503234863e+00
-1.535405635833740234e+00
-4.560118913650512695e-01
1.513064056634902954e-01
5.754185914993286133e-01
1.743479490280151367e+00
1.208569884300231934e+00
-6.798750162124633789e-01
9.617838263511657715e-01
8.595036268234252930e-01
-1.071855947375297546e-01
-1.616200685501098633e+00
-3.942250907421112061e-01
-4.910348057746887207e-01
-1.715163588523864746e+00
2.579279422760009766e+00
1.517891168594360352e+00
8.843554854393005371e-01
-1.814549446105957031e+00
-1.720858573913574219e+00
-1.798869252204895020e+00
-1.234981114976108074e-03
-2.921669371426105499e-02
1.471050381660461426e+00
-4.275678396224975586e-01
5.790108442306518555e-01
-9.763022661209106445e-01
-7.536827325820922852e-01
-7.762905955314636230e-01
1.661231040954589844e+00
-4.543518424034118652e-01
1.267932772636413574e+00
5.604961514472961426e-01
1.974526762962341309e+00
1.016818284988403320e+00
-3.496470302343368530e-02
-1.382934600114822388e-01
-1.457366943359375000e+00
-8.377333879470825195e-01
7.129403948783874512e-01
7.875533401966094971e-02
-3.172463774681091309e-01
1.366315007209777832e+00
9.790679216384887695e-01
4.371730685234069824e-01
-9.651892185211181641e-01
-4.248270392417907715e-01
-1.146771311759948730e+00
1.347990632057189941e+00
-4.864917993545532227e-01
1.368261501193046570e-02
-2.809792160987854004e-01
3.302066922187805176e-01
8.466061949729919434e-01
-8.787503838539123535e-01
-1.500013113021850586e+00
-7.254770994186401367e-01
-6.615397930145263672e-01
-2.006041288375854492e+00
1.868247866630554199e+00
1.406241774559020996e+00
-7.036586999893188477e-01
-5.806599259376525879e-01
-1.420396685600280762e+00
3.565589785575866699e-01
-2.372041463851928711e+00
3.721711337566375732e-01
2.320628166198730469e-01
5.646045207977294922e-01
1.621070951223373413e-01
3.086055517196655273e-01
-1.471023797988891602e+00
-6.241554617881774902e-01
-5.754812955856323242e-01
-1.420710682868957520e+00
-1.324865967035293579e-01
-3.012500405311584473e-01
-1.124016761779785156e+00
1.189950823783874512e+00
1.823333501815795898e-01
1.103731751441955566e+00
1.051412105560302734e+00
2.509616017341613770e-01
1.247019097208976746e-01
-1.875874042510986328e+00
-8.528411388397216797e-02
1.704343914985656738e+00
-1.445876240730285645e+00
9.766474962234497070e-01
2.371853828430175781e+00
1.215008020401000977e+00
3.421494364738464355e-01
-3.129789531230926514e-01
-3.010688424110412598e-01
-1.793509364128112793e+00
2.496060878038406372e-01
-1.374429017305374146e-01
-1.658995747566223145e+00
7.449859976768493652e-01
2.765482902526855469e+00
8.534657359123229980e-01
-7.391368746757507324e-01
-9.995518922805786133e-01
-5.762223899364471436e-02
-4.436615407466888428e-01
-8.995257019996643066e-01
4.958006441593170166e-01
1.376210808753967285e+00
2.155629992485046387e-01
1.051991581916809082e+00
-1.708155512809753418e+00
-1.033619523048400879e+00
-1.742067337036132812e+00
-1.210101127624511719e+00
1.295672178268432617e+00
