2.314936876296997070e+00
-4.570657014846801758e-01
-6.585090607404708862e-02
6.567156910896301270e-01
-1.405210018157958984e+00
-2.558068037033081055e-01
-1.310875892639160156e+00
-1.347860097885131836e+00
-6.675705909729003906e-01
-5.510296225547790527e-01
-9.486458301544189453e-01
1.252259612083435059e-01
2.340778112411499023e-01
-9.068318009376525879e-01
-1.237407684326171875e+00
-1.058510184288024902e+00
5.527357459068298340e-01
5.776298642158508301e-01
-1.553561806678771973e+00
1.059657096862792969e+00
-1.386064589023590088e-01
-7.591897249221801758e-01
9.665465354919433594e-01
4.486347436904907227e-01
-8.117113709449768066e-01
-2.003308057785034180e+00
-8.452193737030029297e-01
5.417873263359069824e-01
9.364432096481323242e-01
-6.521463394165039062e-01
-1.599290966987609863e-01
1.876926898956298828e+00
-7.873097658157348633e-01
-1.035867452621459961e+00
4.158906340599060059e-01
-5.486500263214111328e-02
1.332424998283386230e+00
8.312389850616455078e-01
-1.673161864280700684e+00
1.129565715789794922e+00
7.579336166381835938e-01
-9.872025251388549805e-01
1.963800430297851562e+00
-5.765228867530822754e-01
2.652170419692993164e+00
-1.858578205108642578e+00
9.295647144317626953e-01
-5.526704192161560059e-01
1.106445431709289551e+00
2.420687913894653320e+00
1.776319265365600586e+00
-1.674157023429870605e+00
2.459473609924316406e+00
-5.359724164009094238e-01
-1.296759992837905884e-01
-1.967442631721496582e-01
-3.511313498020172119e-01
1.651376724243164062e+00
7.453532814979553223e-01
1.477919220924377441e+00
-9.136179685592651367e-01
-1.686065793037414551e+00
9.028160572052001953e-01
7.968804240226745605e-01
1.502277404069900513e-01
-5.853516459465026855e-01
8.319539576768875122e-02
6.087449193000793457e-01
-6.563926339149475098e-01
4.111602157354354858e-02
1.464739203453063965e+00
-8.958888798952102661e-02
1.324201345443725586e+00
9.312937259674072266e-01
-6.225501298904418945e-01
-3.578200042247772217e-01
-4.345338940620422363e-01
-1.005869358777999878e-01
3.605427145957946777e-01
-8.243611454963684082e-01
9.783876538276672363e-01
-2.562177896499633789e+00
7.515966296195983887e-01
1.061047554016113281e+00
3.669386804103851318e-01
1.002713918685913086e+00
-8.346434682607650757e-03
-8.193706870079040527e-01
-2.350506484508514404e-01
-1.709227919578552246e+00
1.453525185585021973e+00
-2.995569705963134766e-01
8.306635618209838867e-01
7.230497598648071289e-01
6.667856574058532715e-01
5.262604951858520508e-01
-2.459264546632766724e-01
-1.709951758384704590e+00
1.145083546638488770e+00
2.664760112762451172e+00
1.221848607063293457e+00
5.178295373916625977e-01
-9.287053942680358887e-01
-9.306772947311401367e-01
-2.972292006015777588e-01
-1.337585210800170898e+00
-1.879099756479263306e-01
-2.092068910598754883e+00
1.968295982806012034e-04
-3.258658647537231445e+00
1.008171319961547852e+00
6.047435998916625977e-01
-4.933113753795623779e-01
1.151468396186828613e+00
1.627146601676940918e+00
-1.657577514648437500e+00
-7.188660502433776855e-01
-1.020362496376037598e+00
2.905572578310966492e-02
-1.641708135604858398e+00
5.237215384840965271e-02
-5.649978518486022949e-01
-6.471984386444091797e-01
-4.462909400463104248e-01
-1.227938175201416016e+00
-4.846577942371368408e-01
-8.180068135261535645e-01
-7.839011400938034058e-02
