4.708375036716461182e-01
5.337690934538841248e-02
-5.819323658943176270e-01
1.990231573581695557e-01
3.387227058410644531e-01
2.697773277759552002e-01
-2.033444404602050781e+00
4.478981792926788330e-01
4.078184664249420166e-01
-6.866080760955810547e-01
1.186110734939575195e+00
8.321514725685119629e-01
9.561388492584228516e-01
-7.921894192695617676e-01
9.330513477325439453e-01
-6.233939528465270996e-01
3.971637189388275146e-01
8.492909669876098633e-01
2.565129518508911133e+00
-1.465699672698974609e+00
3.819417059421539307e-01
-2.629503250122070312e+00
1.684717416763305664e+00
-3.030564403161406517e-03
-2.578389406204223633e+00
-1.849240064620971680e+00
7.736835479736328125e-01
1.459470540285110474e-01
4.090091586112976074e-01
8.955228328704833984e-01
-1.112464666366577148e+00
-2.559536218643188477e+00
-1.227157711982727051e+00
-1.843587011098861694e-01
-1.530449688434600830e-01
8.794314861297607422e-01
-2.504556894302368164e+00
4.341128841042518616e-02
1.055747389793395996e+00
-1.114122867584228516e+00
-8.642290830612182617e-01
3.503058552742004395e-01
1.827270507812500000e+00
1.470750212669372559e+00
-1.919894456863403320e+00
4.426042556762695312e+00
-1.851334810256958008e+00
2.520586252212524414e-01
1.451722979545593262e+00
-3.255931660532951355e-02
8.426244854927062988e-01
9.294064640998840332e-01
7.382592558860778809e-02
2.633070349693298340e-01
9.796350598335266113e-01
1.806951761245727539e+00
5.401213169097900391e-01
-8.646447062492370605e-01
-1.603292226791381836e+00
2.913169860839843750e-01
-1.750615000724792480e+00
6.558056473731994629e-01
-1.009800910949707031e+00
1.774274706840515137e+00
4.476421177387237549e-01
-5.973737835884094238e-01
-1.336282342672348022e-01
-8.694930672645568848e-01
-1.968672871589660645e+00
1.620890647172927856e-01
1.552799940109252930e+00
2.299617290496826172e+00
1.861415803432464600e-02
6.054672002792358398e-01
-7.603930234909057617e-01
-5.688089132308959961e-01
-9.126460552215576172e-02
-1.074397683143615723e+00
6.454062461853027344e-01
-4.079588949680328369e-01
1.005947709083557129e+00
-4.335795938968658447e-01
1.748908311128616333e-01
-1.901682853698730469e+00
1.670750379562377930e+00
-4.322759211063385010e-01
-2.365696191787719727e+00
-5.980905294418334961e-01
6.812127232551574707e-01
-4.906661808490753174e-01
-1.001364111900329590e+00
1.419975757598876953e-01
-1.094872474670410156e+00
-1.213071227073669434e+00
9.359430670738220215e-01
-9.892550855875015259e-02
-3.255045413970947266e-01
6.858881711959838867e-01
5.033897161483764648e-01
1.565238714218139648e+00
1.380454540252685547e+00
5.184428095817565918e-01
-1.042815566062927246e+00
4.038225412368774414e-01
2.570232152938842773e+00
2.620519883930683136e-02
2.772150039672851562e-01
1.180717706680297852e+00
-6.919831633567810059e-01
-1.499961316585540771e-01
-1.624596953392028809e+00
1.119673490524291992e+00
-5.585198402404785156e-01
-2.208349943161010742e+00
3.008931636810302734e+00
-3.217096328735351562e+00
-1.046691536903381348e+00
-7.528309226036071777e-01
-2.361653804779052734e+00
-1.734547317028045654e-01
-1.293562769889831543e+00
7.743026018142700195e-01
1.061119794845581055e+00
-5.807351469993591309e-01
6.507651507854461670e-02
-7.654006779193878174e-02
2.898437380790710449e-01
1.173815131187438965e+00
