-6.553094983100891113e-01
8.125073909759521484e-01
-2.983045279979705811e-01
-3.667659312486648560e-02
1.717306494712829590e+00
5.017740726470947266e-01
1.700258255004882812e-01
-2.247903943061828613e-01
1.677959680557250977e+00
8.920111656188964844e-01
6.779134273529052734e-02
-1.252467781305313110e-01
1.208297967910766602e+00
7.080929726362228394e-02
1.317826390266418457e+00
6.125726103782653809e-01
-1.466330766677856445e+00
8.185499906539916992e-01
1.955327093601226807e-01
9.557461142539978027e-01
5.941718220710754395e-01
1.784274429082870483e-01
8.396753668785095215e-01
1.400015205144882202e-01
8.431049585342407227e-01
-3.834810480475425720e-02
-1.622925162315368652e+00
-2.360424846410751343e-01
3.690394759178161621e-01
5.994867086410522461e-01
1.414104253053665161e-01
-1.500874996185302734e+00
-1.838389992713928223e+00
-1.320839285850524902e+00
-4.002386331558227539e-01
1.518784284591674805e+00
-8.818827867507934570e-01
-1.395853996276855469e+00
-9.038171172142028809e-02
6.453282237052917480e-01
-1.003162860870361328e+00
6.154986619949340820e-01
1.718030929565429688e+00
8.641777932643890381e-02
1.502457261085510254e-01
-3.459836244583129883e-01
-1.061062693595886230e+00
-8.348626494407653809e-01
1.703043282032012939e-02
2.818627059459686279e-01
-1.255105853080749512e+00
-9.683917164802551270e-01
1.454916477203369141e+00
-6.047819852828979492e-01
-1.713127732276916504e+00
-2.573636472225189209e-01
1.864017367362976074e+00
2.155262470245361328e+00
-6.254782676696777344e-01
1.681861281394958496e+00
-1.586215049028396606e-01
1.726097226142883301e+00
6.206808611750602722e-02
1.607958793640136719e+00
-4.782396256923675537e-01
-4.006718993186950684e-01
6.046207547187805176e-01
-2.536262035369873047e+00
1.052306175231933594e+00
1.281098484992980957e+00
8.682830333709716797e-01
-1.803486824035644531e+00
1.105386614799499512e-01
9.783006906509399414e-01
1.405064344406127930e+00
6.610889434814453125e-01
4.116465151309967041e-01
-1.451226472854614258e+00
3.965258970856666565e-02
-2.443636804819107056e-01
4.888610243797302246e-01
-1.905763387680053711e+00
-1.427383661270141602e+00
6.967937946319580078e-01
4.091479480266571045e-01
-8.548942208290100098e-01
9.224907308816909790e-02
-2.909764528274536133e+00
1.671548962593078613e+00
-5.676198601722717285e-01
-7.548955678939819336e-01
-1.046846628189086914e+00
-1.637429118156433105e+00
2.502416968345642090e-01
3.777756541967391968e-02
1.034159183502197266e+00
1.603822827339172363e+00
-3.091425597667694092e-01
3.192690014839172363e-01
-9.315361380577087402e-01
8.834759593009948730e-01
-2.294070571660995483e-01
-3.628186136484146118e-02
-2.141679286956787109e+00
7.477892935276031494e-02
1.560842990875244141e+00
-4.958923459053039551e-01
1.331108450889587402e+00
6.403148174285888672e-01
-1.142989993095397949e+00
-1.175832748413085938e+00
1.119587540626525879e+00
-9.657062292098999023e-01
-4.243036210536956787e-01
3.719801008701324463e-01
-1.208533644676208496e+00
1.252206861972808838e-01
-1.277307122945785522e-01
3.354727923870086670e-01
5.131619572639465332e-01
-9.602568745613098145e-01
9.165465831756591797e-01
-1.445789337158203125e-01
-1.503887295722961426e+00
-1.756553173065185547e+00
-2.872858762741088867e+00
4.901185929775238037e-01
1.112170815467834473e+00
