1.148068904876708984e+00
-1.108199954032897949e+00
-4.123944044113159180e-01
1.478476077318191528e-01
6.625923514366149902e-01
-1.936109960079193115e-01
-2.880990028381347656e+00
-6.362984776496887207e-01
5.637245178222656250e-01
-1.011373758316040039e+00
-1.185571074485778809e+00
-1.073154568672180176e+00
7.374895811080932617e-01
-1.199564576148986816e+00
2.048131674528121948e-01
-8.468576669692993164e-01
3.113254010677337646e-01
3.922820091247558594e-01
2.270295858383178711e+00
-2.067608833312988281e-01
1.328112602233886719e+00
-2.581441402435302734e+00
1.539133787155151367e+00
4.890994131565093994e-01
-1.478239774703979492e+00
-1.755792856216430664e+00
7.418236136436462402e-01
-4.558583796024322510e-01
-2.600273787975311279e-01
1.429561078548431396e-01
1.968432217836380005e-01
-1.954172372817993164e+00
-1.087772130966186523e+00
-8.242970705032348633e-01
1.413066029548645020e+00
1.022573113441467285e+00
-2.210036993026733398e+00
8.591024875640869141e-01
7.074551582336425781e-01
-7.790407538414001465e-01
1.270960569381713867e-01
-6.500703096389770508e-02
2.060727596282958984e+00
5.144044756889343262e-01
-1.134926199913024902e+00
1.570090651512145996e+00
-7.256929278373718262e-01
-6.359732896089553833e-02
1.773495197296142578e+00
8.963106870651245117e-01
9.710521101951599121e-01
8.152394741773605347e-02
4.942663609981536865e-01
1.679420232772827148e+00
2.013487339019775391e+00
1.818678379058837891e+00
1.026886776089668274e-01
-7.512919902801513672e-01
-4.863990247249603271e-01
1.763334393501281738e+00
-1.068571090698242188e+00
-2.045520305633544922e+00
3.960142731666564941e-01
1.672428965568542480e+00
1.974646449089050293e-01
6.164843440055847168e-01
4.516343772411346436e-01
-2.394698113203048706e-01
-2.384296655654907227e+00
7.134187221527099609e-02
1.943587660789489746e+00
3.095693826675415039e+00
-1.190386652946472168e+00
5.954709053039550781e-01
-1.693984270095825195e+00
-1.309809088706970215e-01
-7.502783536911010742e-01
-8.123026490211486816e-01
-1.073587164282798767e-01
-2.883871197700500488e-01
1.011596441268920898e+00
8.479039371013641357e-02
4.046826660633087158e-01
-1.571866631507873535e+00
3.486450433731079102e+00
-4.516348987817764282e-02
-1.608136057853698730e+00
7.494696378707885742e-01
-2.775587737560272217e-01
-1.725876331329345703e+00
-8.414805531501770020e-01
8.222677558660507202e-02
-1.236928462982177734e+00
-1.703284859657287598e+00
1.727742075920104980e+00
-1.248024821281433105e+00
-2.172113060951232910e-01
1.430297046899795532e-01
5.281223654747009277e-01
2.006868362426757812e+00
1.200221896171569824e+00
1.425129175186157227e+00
-1.756061315536499023e+00
-1.665218770503997803e-01
1.836555480957031250e+00
6.271911263465881348e-01
-3.526922464370727539e-01
5.112235546112060547e-01
-1.346327185630798340e+00
-1.595005393028259277e+00
4.808275997638702393e-01
-8.073104619979858398e-01
-1.099054887890815735e-01
-1.097334623336791992e+00
2.819267272949218750e+00
-2.180857658386230469e+00
-2.014153003692626953e+00
-1.110956907272338867e+00
-1.102588176727294922e+00
-3.665562272071838379e-01
-4.075155556201934814e-01
6.698904633522033691e-01
-2.165485918521881104e-02
-1.993757009506225586e+00
-7.350827753543853760e-02
1.189741268754005432e-01
6.823405623435974121e-01
7.028315663337707520e-01
