-6.375755667686462402e-01
-7.953988313674926758e-01
8.020402789115905762e-01
8.730609714984893799e-02
1.109651565551757812e+00
2.707371950149536133e+00
4.367050826549530029e-01
5.824000239372253418e-01
-5.777460336685180664e-01
9.587996602058410645e-01
-7.872930169105529785e-02
4.826941192150115967e-01
2.360658884048461914e+00
-2.262743562459945679e-01
5.893365144729614258e-01
-1.014349102973937988e+00
-2.524935483932495117e+00
8.348562121391296387e-01
1.120913386344909668e+00
-1.950590498745441437e-02
-1.265573978424072266e+00
-8.648305535316467285e-01
8.954913914203643799e-02
9.252820014953613281e-01
-9.477678537368774414e-01
7.736802101135253906e-01
3.051646053791046143e-01
-1.095467448234558105e+00
2.520849183201789856e-02
1.306887507438659668e+00
3.972139209508895874e-02
5.271789431571960449e-01
-1.328803777694702148e+00
1.248841881752014160e+00
-4.300273954868316650e-01
1.998711675405502319e-01
-1.709166914224624634e-01
-1.881490349769592285e+00
1.619632244110107422e-01
-2.138072550296783447e-01
-6.372470855712890625e-01
3.887375071644783020e-02
1.636620402336120605e+00
2.575541436672210693e-01
-4.183797538280487061e-01
-1.077247690409421921e-02
-1.372504711151123047e+00
-6.157189011573791504e-01
1.289512753486633301e+00
4.957095980644226074e-01
-7.533611357212066650e-02
-8.894600719213485718e-02
-3.797914385795593262e-01
-1.180422663688659668e+00
-2.389515638351440430e+00
-7.375533580780029297e-01
1.017778038978576660e+00
-2.084753811359405518e-01
-8.822494745254516602e-01
7.385106086730957031e-01
-1.221464157104492188e+00
2.482989788055419922e+00
-1.317240476608276367e+00
7.067481428384780884e-02
2.500410079956054688e-01
-1.466618180274963379e+00
-1.294309645891189575e-01
-1.872904449701309204e-01
5.655975341796875000e-01
-1.056864380836486816e+00
-6.383175253868103027e-01
-1.862727046012878418e+00
7.533668279647827148e-01
1.037704706192016602e+00
3.319887220859527588e-01
1.262985467910766602e+00
2.976177632808685303e-02
4.243687093257904053e-01
8.479597419500350952e-02
-8.551056981086730957e-01
9.393177032470703125e-01
-7.727316021919250488e-01
1.343474030494689941e+00
2.043049633502960205e-01
-1.957930445671081543e+00
1.145880520343780518e-01
-1.578333973884582520e+00
-1.674590826034545898e+00
1.946685075759887695e+00
3.410003483295440674e-01
5.532099604606628418e-01
2.184443324804306030e-01
4.668266177177429199e-01
3.922947123646736145e-02
-1.007088780403137207e+00
2.594471871852874756e-01
5.179691314697265625e-01
5.479274988174438477e-01
-4.389062821865081787e-01
3.538778126239776611e-01
5.786431431770324707e-01
1.331709325313568115e-01
-1.590145230293273926e+00
-1.013753890991210938e+00
4.403296709060668945e-01
1.183501332998275757e-01
3.840333819389343262e-01
7.733056545257568359e-01
1.360368251800537109e+00
-8.085846304893493652e-01
-1.272294282913208008e+00
2.190924882888793945e+00
1.054087877273559570e+00
-6.649983525276184082e-01
2.189070701599121094e+00
-2.852726459503173828e+00
1.727453172206878662e-01
1.736199140548706055e+00
1.469620108604431152e+00
1.606366395950317383e+00
-7.122011184692382812e-01
-6.792989969253540039e-01
2.087486833333969116e-01
-8.379082679748535156e-01
-1.867592453956604004e+00
-2.091525077819824219e+00
5.154328420758247375e-02
-7.148151397705078125e-01
