-3.163452744483947754e-01
-2.966031312942504883e+00
4.391762912273406982e-01
-2.216983884572982788e-01
2.394050836563110352e+00
1.330523937940597534e-01
-2.119108289480209351e-01
-1.168195843696594238e+00
4.675221443176269531e-01
8.681887388229370117e-01
-1.126734137535095215e+00
-7.017576098442077637e-01
5.015221238136291504e-01
-6.391648650169372559e-01
1.268814444541931152e+00
-2.595201730728149414e-01
-3.044061183929443359e+00
3.970963060855865479e-01
2.451433837413787842e-01
6.941903829574584961e-01
-5.540778040885925293e-01
1.423918247222900391e+00
-2.036386728286743164e-01
-8.274415135383605957e-02
-5.703763365745544434e-01
5.560882687568664551e-01
1.987308979034423828e+00
-1.857385873794555664e+00
-1.234047174453735352e+00
1.043075680732727051e+00
1.500013351440429688e+00
5.813920497894287109e-01
-9.377471804618835449e-01
-1.619682431221008301e+00
-7.840806245803833008e-01
9.370319843292236328e-01
7.353065013885498047e-01
-1.536635994911193848e+00
-1.704272776842117310e-01
-1.707493305206298828e+00
-5.561406537890434265e-02
1.662707924842834473e-01
1.647038936614990234e+00
-6.916000843048095703e-01
-1.379007339477539062e+00
-5.607442855834960938e-01
-5.189329385757446289e-01
4.364564716815948486e-01
1.697452962398529053e-01
5.544106364250183105e-01
-9.192954897880554199e-01
-8.981840014457702637e-01
8.172940015792846680e-01
1.722789168357849121e+00
9.627571105957031250e-01
6.184918880462646484e-01
-9.908915758132934570e-01
8.949066400527954102e-01
1.758277297019958496e+00
3.441039323806762695e-01
-7.250838279724121094e-01
-1.173540472984313965e+00
4.953302741050720215e-01
2.021412402391433716e-01
1.272141456604003906e+00
3.149594068527221680e-01
3.185143172740936279e-01
-9.202577471733093262e-01
-1.233458146452903748e-01
-2.189134597778320312e+00
1.767167329788208008e+00
-3.132719099521636963e-01
-1.229691863059997559e+00
7.772125601768493652e-01
4.405378401279449463e-01
-8.148018717765808105e-01
-3.103704452514648438e-01
1.611089587211608887e+00
2.215813994407653809e-01
-1.066261529922485352e+00
1.964030385017395020e+00
4.038389027118682861e-01
-2.612649500370025635e-01
4.948477149009704590e-01
2.063197612762451172e+00
-7.037958502769470215e-01
-1.611559629440307617e+00
5.168104767799377441e-01
-8.338453173637390137e-01
-5.998937487602233887e-01
-3.213006854057312012e-01
-1.996684908866882324e+00
-1.215992048382759094e-01
7.705869674682617188e-01
-3.683929443359375000e-01
4.393372364575043321e-05
-8.225463330745697021e-02
-1.849094927310943604e-01
-4.587328135967254639e-01
6.677680611610412598e-01
1.126409053802490234e+00
6.363476514816284180e-01
-1.994296163320541382e-01
-2.396282911300659180e+00
1.666563034057617188e+00
7.149050235748291016e-01
-8.030863851308822632e-02
-1.176188111305236816e+00
4.489105045795440674e-01
-2.020676374435424805e+00
1.038563489913940430e+00
-5.043918490409851074e-01
-5.724850669503211975e-02
2.872456073760986328e+00
9.746535420417785645e-01
2.208417980000376701e-03
-1.244495511054992676e+00
-1.112501740455627441e+00
2.208765506744384766e+00
1.482903003692626953e+00
3.959447145462036133e-01
1.264499783515930176e+00
-1.109927296638488770e+00
-1.823093175888061523e+00
-1.277785778045654297e+00
-4.961248040199279785e-01
-1.015475690364837646e-01
-4.469978436827659607e-02
