1.212943911552429199e+00
-7.199183702468872070e-01
6.734708547592163086e-01
3.692936599254608154e-01
2.055040836334228516e+00
4.569526910781860352e-01
6.881547570228576660e-01
-1.155326291918754578e-01
-6.562916040420532227e-01
-5.425766110420227051e-01
1.893903732299804688e+00
8.915612697601318359e-01
1.362559914588928223e+00
-2.987670183181762695e+00
3.868290185928344727e-01
-1.458142042160034180e+00
-1.863832235336303711e+00
1.470964193344116211e+00
-1.413796901702880859e+00
1.882118582725524902e+00
1.374475598335266113e+00
-1.899271845817565918e+00
-5.353035032749176025e-02
7.665398716926574707e-01
-1.165847539901733398e+00
7.514334321022033691e-01
2.999227941036224365e-01
-7.401177287101745605e-01
-1.778937220573425293e+00
1.169178009033203125e+00
9.926372766494750977e-02
-6.904126405715942383e-01
-3.867878019809722900e-01
8.088618516921997070e-01
-2.740351259708404541e-01
-7.004470378160476685e-02
3.013178408145904541e-01
-9.886994957923889160e-02
-1.675209641456604004e+00
1.599360585212707520e+00
3.056798279285430908e-01
-1.701245188713073730e+00
1.332442522048950195e+00
2.868113517761230469e-01
-2.188235998153686523e+00
-1.504791736602783203e+00
-9.491036534309387207e-01
2.247658014297485352e+00
-5.099418163299560547e-01
5.810422897338867188e-01
-2.175316661596298218e-01
-7.731242179870605469e-01
8.379444479942321777e-02
1.166762709617614746e+00
1.145543336868286133e+00
8.946360349655151367e-01
1.063885331153869629e+00
2.674525737762451172e+00
1.833995580673217773e+00
8.237066864967346191e-01
1.374281883239746094e+00
-6.015838980674743652e-01
-5.919923186302185059e-01
1.169165849685668945e+00
-1.359480261802673340e+00
-2.375889539718627930e+00
-1.818126797676086426e+00
1.072904348373413086e+00
2.157069295644760132e-01
2.158980607986450195e+00
-5.218768119812011719e-01
-1.256422281265258789e+00
-1.219915747642517090e+00
4.991388320922851562e-01
-5.100159645080566406e-01
8.895491808652877808e-02
1.003599047660827637e+00
-2.972128987312316895e-02
3.312796354293823242e-01
-7.533909082412719727e-01
6.300299167633056641e-01
-8.093394041061401367e-01
-4.667460620403289795e-01
1.545629799365997314e-01
5.935450792312622070e-01
-1.400057077407836914e+00
-2.433553934097290039e+00
-1.358865618705749512e+00
1.276941537857055664e+00
5.482279062271118164e-01
4.027296006679534912e-01
-2.369460821151733398e+00
-2.901246845722198486e-01
6.811057776212692261e-02
-1.674872398376464844e+00
1.035544395446777344e+00
2.624029636383056641e+00
6.182315200567245483e-02
-2.024996995925903320e+00
-6.760849803686141968e-02
-4.129525423049926758e-01
1.830530762672424316e-01
6.913838982582092285e-01
-1.413512706756591797e+00
1.008953094482421875e+00
1.463580727577209473e+00
5.472323298454284668e-01
-1.470042169094085693e-01
-6.574617028236389160e-01
1.181023381650447845e-02
-4.801439344882965088e-01
8.301518559455871582e-01
-1.106793284416198730e+00
-1.306048154830932617e+00
1.933497786521911621e-01
-2.596211194992065430e+00
-9.431957602500915527e-01
2.580303549766540527e-01
-1.813619375228881836e+00
-1.660503745079040527e-01
1.436822265386581421e-01
2.553661167621612549e-01
4.932369887828826904e-01
2.407582521438598633e+00
-9.006806015968322754e-01
1.263173520565032959e-01
3.354717195034027100e-01
1.885862469673156738e+00
