-3.399714529514312744e-01
9.554133564233779907e-02
-1.583713769912719727e+00
2.264015823602676392e-01
4.874070882797241211e-01
4.297356009483337402e-01
-1.911328583955764771e-01
-9.658954739570617676e-01
-2.873651742935180664e+00
-2.336501359939575195e+00
-7.807025313377380371e-01
-1.742929220199584961e-01
7.072139382362365723e-01
-8.822106122970581055e-01
-2.814553081989288330e-01
6.108698844909667969e-01
-1.266280561685562134e-01
-8.035199046134948730e-01
-1.618000149726867676e+00
4.709411263465881348e-01
1.118333935737609863e+00
-8.480616807937622070e-01
7.100700736045837402e-01
3.015162706375122070e+00
-1.392336130142211914e+00
2.404190778732299805e+00
9.346403479576110840e-01
-2.547933816909790039e+00
-5.516253709793090820e-01
-6.882042437791824341e-02
1.098489642143249512e+00
6.008061170578002930e-01
6.031797528266906738e-01
-1.425900220870971680e+00
6.323809623718261719e-01
1.003779172897338867e+00
1.625334143638610840e+00
-1.100744605064392090e+00
4.514331519603729248e-01
1.035320684313774109e-01
1.546950340270996094e+00
-3.510554432868957520e-01
1.269252419471740723e+00
-5.876520276069641113e-01
-8.135074377059936523e-01
-1.317080020904541016e+00
1.292766690254211426e+00
1.583136618137359619e-01
1.260187029838562012e+00
-2.429731935262680054e-01
-7.126324772834777832e-01
-3.217010021209716797e+00
6.046665310859680176e-01
-6.607127189636230469e-01
-1.348426342010498047e+00
6.729563474655151367e-01
1.145584106445312500e+00
6.370417773723602295e-02
2.237205982208251953e+00
2.210449457168579102e+00
1.525485068559646606e-01
2.919846177101135254e-01
4.140227437019348145e-01
1.902009248733520508e-01
-2.437378168106079102e+00
-8.604924678802490234e-01
1.145429372787475586e+00
1.567741394042968750e+00
-2.333413124084472656e+00
-1.610280632972717285e+00
1.817700266838073730e+00
6.522802114486694336e-01
3.384859859943389893e-01
6.632831692695617676e-01
-6.407056450843811035e-01
-2.568522989749908447e-01
-8.193707466125488281e-01
-4.938086867332458496e-02
4.078986942768096924e-01
-9.097513556480407715e-01
-7.309542894363403320e-01
4.123631119728088379e-01
1.572589159011840820e+00
-7.971208542585372925e-02
9.429267048835754395e-01
6.083130240440368652e-01
-3.568872213363647461e-01
-8.025327920913696289e-01
2.439282834529876709e-01
-1.784155488014221191e+00
-4.235247075557708740e-01
-9.074404239654541016e-01
-1.505410313606262207e+00
-1.865597069263458252e-01
9.161381721496582031e-01
-3.946154713630676270e-01
6.005187053233385086e-03
1.030903100967407227e+00
-4.879276156425476074e-01
-3.789522126317024231e-02
6.188156083226203918e-02
1.475483775138854980e-01
-1.401091933250427246e+00
9.363213181495666504e-01
6.794799566268920898e-01
-2.509382963180541992e-01
-1.619700551033020020e+00
-8.536553978919982910e-01
1.811461210250854492e+00
-2.235064208507537842e-01
1.751775264739990234e+00
7.642432451248168945e-01
-7.954133152961730957e-01
3.261426687240600586e+00
-3.732853829860687256e-01
-2.501675859093666077e-02
9.129153490066528320e-01
-3.909307718276977539e-01
4.704219996929168701e-01
-2.760337591171264648e-01
5.905256867408752441e-01
3.832948952913284302e-02
-1.924843937158584595e-01
-2.028436183929443359e+00
-9.855125546455383301e-01
-1.301807880401611328e+00
2.152749776840209961e+00
-5.396603941917419434e-01
