5.541584491729736328e-01
-1.819411039352416992e+00
7.667065262794494629e-01
4.072427153587341309e-01
1.491513013839721680e+00
-7.281547188758850098e-01
-5.533359646797180176e-01
5.976676940917968750e-01
3.764339089393615723e-01
8.652369379997253418e-01
-9.535445272922515869e-02
-5.397014617919921875e-01
1.088734507560729980e+00
-6.849658489227294922e-01
-1.198479533195495605e+00
-2.313611805438995361e-01
-1.144465446472167969e+00
1.082946658134460449e+00
1.444942504167556763e-02
8.634519577026367188e-01
-1.422363400459289551e+00
-1.936615705490112305e+00
1.392493367195129395e+00
1.505509138107299805e+00
-2.297160863876342773e+00
-2.587136924266815186e-01
2.124125957489013672e+00
5.973548293113708496e-01
-1.357950091361999512e+00
2.427764087915420532e-01
-6.933560371398925781e-01
-4.375693500041961670e-01
-1.965392678976058960e-01
5.154183506965637207e-01
-6.811381578445434570e-01
1.003530144691467285e+00
3.717468380928039551e-01
-1.940537810325622559e+00
8.909944295883178711e-01
1.512888371944427490e-01
-6.863352656364440918e-01
3.749731481075286865e-01
1.825599312782287598e+00
3.099419474601745605e-01
4.601550400257110596e-01
1.156546622514724731e-01
7.376559972763061523e-01
6.349177360534667969e-01
1.338998675346374512e+00
4.661906361579895020e-01
9.662219285964965820e-01
-2.848076820373535156e+00
1.144278049468994141e+00
-1.669646263122558594e+00
-1.496450781822204590e+00
-2.185586929321289062e+00
6.846112012863159180e-02
1.663329482078552246e+00
-3.913065884262323380e-03
1.885525345802307129e+00
-4.045526087284088135e-01
-1.506242632865905762e+00
-7.098207715898752213e-03
8.368093967437744141e-01
7.351199984550476074e-01
-4.325353205204010010e-01
3.579026460647583008e-01
-9.468097090721130371e-01
-8.817653357982635498e-02
-3.428498506546020508e-01
3.483279943466186523e-01
-1.225138783454895020e+00
3.432659149169921875e+00
6.059015989303588867e-01
-7.058255672454833984e-01
-2.919386386871337891e+00
-1.251433372497558594e+00
-1.115976572036743164e+00
7.981249690055847168e-01
-6.186904013156890869e-02
5.782781839370727539e-01
-1.739727735519409180e+00
2.722350358963012695e-01
9.931848198175430298e-02
-3.358952403068542480e-01
-4.917688667774200439e-01
2.858541607856750488e-01
-4.388774037361145020e-01
1.781709790229797363e+00
8.163260221481323242e-01
-1.755185961723327637e+00
-1.214666008949279785e+00
-6.942595243453979492e-01
4.949787855148315430e-01
8.802251219749450684e-01
5.225223302841186523e-01
2.850642204284667969e-01
1.219384312629699707e+00
-1.796466708183288574e+00
1.263158470392227173e-01
-6.028500199317932129e-01
-1.273711442947387695e+00
1.054712533950805664e+00
-1.423275828361511230e+00
2.703489542007446289e+00
1.643870621919631958e-01
-1.187497258186340332e+00
1.838317275047302246e+00
9.739474654197692871e-01
-4.718568325042724609e-01
-1.151043996214866638e-01
1.004266619682312012e+00
5.299913883209228516e-01
1.089846849441528320e+00
1.669745206832885742e+00
-4.707462489604949951e-01
1.685716658830642700e-01
-7.590659856796264648e-01
1.245222806930541992e+00
-1.027863264083862305e+00
-4.336234927177429199e-01
-1.312126755714416504e+00
3.418102264404296875e-01
-2.253760814666748047e+00
-9.253988265991210938e-01
-1.149904608726501465e+00
-1.113420367240905762e+00
1.364966988563537598e+00
