-1.366674780845642090e+00
7.840999960899353027e-01
1.023724377155303955e-01
2.741565108299255371e-01
6.465604305267333984e-01
-1.401020526885986328e+00
1.259954571723937988e+00
1.430444955825805664e+00
7.559280395507812500e-01
-6.274274587631225586e-01
1.191710829734802246e+00
-6.069111824035644531e-01
-2.565262079238891602e+00
5.353772267699241638e-02
1.948027312755584717e-01
2.201833009719848633e+00
8.701668977737426758e-01
9.839637875556945801e-01
1.574436664581298828e+00
3.231200873851776123e-01
4.948949906975030899e-03
-3.250948190689086914e+00
1.090137287974357605e-01
-3.139173388481140137e-01
-1.915445566177368164e+00
-1.740192295983433723e-03
2.654990553855895996e-01
-1.380535125732421875e+00
5.909032821655273438e-01
1.691756397485733032e-01
-1.073748171329498291e-01
-4.050666809082031250e+00
-1.035303235054016113e+00
-3.830847442150115967e-01
1.385252356529235840e+00
-3.682008385658264160e-01
-1.059507608413696289e+00
-5.265277624130249023e-01
-5.276821255683898926e-01
-1.810892820358276367e+00
-4.314065873622894287e-01
1.445398807525634766e+00
1.862334251403808594e+00
3.932841122150421143e-01
2.995780706405639648e-01
-4.706402719020843506e-01
-1.393833458423614502e-01
-4.194795489311218262e-01
1.258617639541625977e+00
-4.681179523468017578e-01
2.170420885086059570e-01
-1.056917190551757812e+00
8.334101438522338867e-01
1.751625299453735352e+00
-2.162365913391113281e+00
8.514280915260314941e-01
1.437314391136169434e+00
5.458062887191772461e-01
-2.336856126785278320e+00
-1.640835404396057129e+00
-1.162224054336547852e+00
1.122805356979370117e+00
-1.067006230354309082e+00
1.542810201644897461e+00
5.905318260192871094e-01
9.930325150489807129e-01
1.511168479919433594e+00
1.114404797554016113e+00
9.078055620193481445e-01
-7.639108598232269287e-02
2.710579156875610352e+00
7.664918303489685059e-01
-3.533426523208618164e-01
2.567923665046691895e-01
1.423217058181762695e-01
-3.614751100540161133e-01
-1.305360198020935059e+00
-9.221662282943725586e-01
-5.140296816825866699e-01
-1.068928241729736328e+00
-1.829167306423187256e-01
-1.881191253662109375e+00
1.554411888122558594e+00
-6.616276502609252930e-01
-1.416475325822830200e-01
7.177841663360595703e-02
-1.222952678799629211e-01
1.360862374305725098e+00
-1.539916634559631348e+00
1.123147487640380859e+00
5.606165528297424316e-01
-6.604757308959960938e-01
4.417481422424316406e-01
1.604676693677902222e-01
-2.455446481704711914e+00
8.211459964513778687e-02
1.544996857643127441e+00
-2.433078438043594360e-01
6.645371913909912109e-01
2.956418037414550781e+00
-2.542187459766864777e-02
2.968584299087524414e-01
4.903074204921722412e-01
7.156370282173156738e-01
2.021330595016479492e+00
3.742750585079193115e-01
-8.613442182540893555e-01
-9.131542444229125977e-01
-3.859724998474121094e-01
-1.003715753555297852e+00
1.175707221031188965e+00
8.076025545597076416e-02
1.198061227798461914e+00
8.170201778411865234e-01
1.216045841574668884e-01
-3.108570277690887451e-01
-1.887070059776306152e+00
-1.636875867843627930e+00
1.510995149612426758e+00
-4.133619964122772217e-01
-3.161919355392456055e+00
4.015079140663146973e-01
-1.417328357696533203e+00
-4.734991192817687988e-01
-4.660785198211669922e-01
-2.491092443466186523e+00
1.787817329168319702e-01
1.364003062248229980e+00
