1.399755179882049561e-01
-4.413917362689971924e-01
-2.542474865913391113e-01
-5.832257270812988281e-01
-9.191719293594360352e-01
1.045784115791320801e+00
1.250785589218139648e+00
-3.925353884696960449e-01
-2.482708990573883057e-01
-1.341044753789901733e-01
-1.464932680130004883e+00
-4.332579374313354492e-01
-1.878394931554794312e-02
-1.794284582138061523e+00
7.401883602142333984e-02
-2.392766952514648438e+00
-2.096709050238132477e-02
9.022908657789230347e-02
1.204112172126770020e+00
9.346677064895629883e-01
-8.726088404655456543e-01
5.302544832229614258e-01
1.149493455886840820e+00
1.747275233268737793e+00
-1.001224279403686523e+00
1.379454612731933594e+00
4.605488777160644531e-01
-7.368361353874206543e-01
1.493237167596817017e-02
-5.848538875579833984e-01
-2.379374653100967407e-01
-3.554629087448120117e+00
-8.452163338661193848e-01
2.646071016788482666e-01
-7.340321689844131470e-02
1.496206402778625488e+00
9.021753072738647461e-01
9.780762195587158203e-01
-1.419494271278381348e+00
1.749233245849609375e+00
1.680105209350585938e+00
-8.905784487724304199e-01
2.143241882324218750e+00
-1.532255262136459351e-01
-7.360827922821044922e-01
-3.188922703266143799e-01
-8.187389969825744629e-01
2.109802246093750000e+00
5.870103836059570312e-01
-1.442520499229431152e+00
-8.062461614608764648e-01
-4.986174106597900391e-01
-6.453801989555358887e-01
6.802079677581787109e-01
5.042135119438171387e-01
1.830627918243408203e+00
-2.923568189144134521e-01
1.221449017524719238e+00
-9.584202766418457031e-01
-2.425419241189956665e-01
5.115956664085388184e-01
-9.310839176177978516e-01
-1.959643810987472534e-01
-1.011977791786193848e+00
-6.195923686027526855e-01
-1.420966625213623047e+00
2.378051280975341797e+00
1.262197256088256836e+00
4.701555892825126648e-02
-8.235428333282470703e-01
4.751132428646087646e-01
2.261273622512817383e+00
5.292866230010986328e-01
2.318287938833236694e-01
-1.310955405235290527e+00
-1.807501673698425293e+00
-1.949102997779846191e+00
9.619541168212890625e-01
-5.926859974861145020e-01
-2.190766334533691406e+00
-3.789738178253173828e+00
3.615126386284828186e-02
7.738253474235534668e-01
-9.013490080833435059e-01
2.548273086547851562e+00
7.718749046325683594e-01
-1.947889685630798340e+00
9.047381281852722168e-01
8.442027866840362549e-02
5.428050756454467773e-01
3.067308664321899414e+00
-1.071234822273254395e+00
2.089052498340606689e-01
-5.122916102409362793e-01
3.140642046928405762e-01
-4.583134651184082031e-01
1.818297386169433594e+00
-7.606043219566345215e-01
6.485802531242370605e-01
1.182388663291931152e+00
-1.381451725959777832e+00
3.804875016212463379e-01
-1.439621686935424805e+00
9.188196063041687012e-01
1.416813492774963379e+00
-1.786425411701202393e-01
-1.691784858703613281e+00
5.144141614437103271e-02
2.253312349319458008e+00
-1.221753835678100586e+00
1.148209333419799805e+00
-1.183163046836853027e+00
-2.949315495789051056e-02
9.423801898956298828e-01
-1.175123929977416992e+00
3.387950733304023743e-02
-1.493848580867052078e-02
-2.623899459838867188e+00
9.545522928237915039e-01
1.609328627586364746e+00
2.506855726242065430e+00
-1.070121884346008301e+00
6.623966693878173828e-01
-1.263424903154373169e-01
-1.555960327386856079e-01
-1.104193925857543945e-01
7.369019389152526855e-01
-2.319855213165283203e+00
