1.779881238937377930e+00
-1.465685665607452393e-01
-3.505153357982635498e-01
1.686672866344451904e-01
1.269663333892822266e+00
3.197585344314575195e-01
-2.751880407333374023e+00
-2.343555092811584473e-01
5.203227978199720383e-03
-1.014967203140258789e+00
5.378481373190879822e-02
6.353201270103454590e-01
1.413477063179016113e+00
-1.546978354454040527e+00
2.377530932426452637e-01
-9.359147548675537109e-01
-3.005842678248882294e-02
7.234998941421508789e-01
2.729605197906494141e+00
-1.502116441726684570e+00
7.477127313613891602e-01
-2.877931594848632812e+00
1.779215574264526367e+00
6.431312561035156250e-01
-1.484110951423645020e+00
-1.785036921501159668e+00
3.034838140010833740e-01
-4.286819696426391602e-02
-7.480607032775878906e-01
8.344013690948486328e-01
-2.718893885612487793e-01
-2.007720470428466797e+00
-1.138921022415161133e+00
-1.989873349666595459e-01
2.644472420215606689e-01
1.190192937850952148e+00
-2.163476228713989258e+00
1.101905345916748047e+00
6.172491312026977539e-01
-6.484892964363098145e-01
2.364311069250106812e-01
1.932273060083389282e-02
2.001939535140991211e+00
1.068694472312927246e+00
-1.991415381431579590e+00
1.873020410537719727e+00
-1.482323169708251953e+00
1.187241822481155396e-01
1.478443622589111328e+00
-1.573464423418045044e-01
8.670337796211242676e-01
5.877252221107482910e-01
3.128816783428192139e-01
1.122800230979919434e+00
1.795116901397705078e+00
1.626509666442871094e+00
2.456314265727996826e-01
-5.941879004240036011e-02
-3.236562311649322510e-01
9.270121455192565918e-01
-1.342537045478820801e+00
-1.058651447296142578e+00
5.673977732658386230e-01
1.391572117805480957e+00
-1.723835021257400513e-01
-7.523388862609863281e-01
-1.948384046554565430e-01
3.795076310634613037e-01
-1.870819807052612305e+00
1.082460060715675354e-01
2.079177141189575195e+00
3.476018667221069336e+00
-1.408035039901733398e+00
5.791911482810974121e-01
-1.114695906639099121e+00
-3.516096621751785278e-02
-4.240550845861434937e-02
-8.803648948669433594e-01
2.434485703706741333e-01
-2.370531857013702393e-01
1.384090662002563477e+00
1.705350130796432495e-01
3.109318017959594727e-02
-1.651937842369079590e+00
2.684688568115234375e+00
-3.903616368770599365e-01
-2.318231821060180664e+00
6.334899067878723145e-01
5.909200012683868408e-02
-1.075613498687744141e+00
-4.956807196140289307e-01
-3.606879413127899170e-01
-7.663233876228332520e-01
-1.834791898727416992e+00
1.565757632255554199e+00
-8.855964541435241699e-01
-3.378549218177795410e-01
-3.040800392627716064e-01
-7.931789755821228027e-02
6.848857402801513672e-01
9.289508461952209473e-01
1.238433241844177246e+00
-1.975803613662719727e+00
-3.410768881440162659e-02
1.464515924453735352e+00
1.839943975210189819e-01
4.984658062458038330e-01
9.353337883949279785e-01
-7.043660283088684082e-01
-4.547934830188751221e-01
-9.657928347587585449e-01
1.038413569331169128e-01
-7.518854141235351562e-01
-2.161250114440917969e+00
3.589926242828369141e+00
-3.096895694732666016e+00
-1.652706742286682129e+00
-1.432358264923095703e+00
-2.029091835021972656e+00
-2.631935179233551025e-01
-5.891622304916381836e-01
6.203531622886657715e-01
1.067918539047241211e+00
-6.633298397064208984e-01
6.686788797378540039e-02
4.047695100307464600e-01
1.924163103103637695e-01
3.240716159343719482e-01
