2.052309274673461914e+00
7.892906665802001953e-01
-6.368510127067565918e-01
5.306180566549301147e-02
-4.373100399971008301e-01
4.637176543474197388e-02
1.441070914268493652e+00
-5.382155776023864746e-01
4.261696934700012207e-01
-8.125085383653640747e-02
2.419166266918182373e-01
-1.468296647071838379e+00
1.686452925205230713e-01
5.196076035499572754e-01
6.070393919944763184e-01
1.572586774826049805e+00
9.987049698829650879e-01
-2.544153034687042236e-01
1.648257017135620117e+00
1.082378506660461426e+00
-4.902161955833435059e-01
1.150663137435913086e+00
1.650762557983398438e-01
1.230287432670593262e+00
-7.790977358818054199e-01
-1.473006367683410645e+00
2.444517910480499268e-01
-9.470003247261047363e-01
-1.845543026924133301e+00
2.248275995254516602e+00
-1.772234439849853516e+00
-4.258657693862915039e-01
-6.323270201683044434e-01
7.311210781335830688e-02
-9.383220672607421875e-01
5.984711647033691406e-01
-5.940396785736083984e-01
-5.752037763595581055e-01
-1.440401554107666016e+00
-2.485386878252029419e-01
2.912759780883789062e-01
9.048009514808654785e-01
1.510052323341369629e+00
2.208708286285400391e+00
-6.794590353965759277e-01
2.464292764663696289e+00
-1.824417859315872192e-01
-1.162715554237365723e-01
-1.357142925262451172e+00
7.857893109321594238e-01
-5.991989374160766602e-01
-2.003759384155273438e+00
1.153491377830505371e+00
9.225443601608276367e-01
-1.327797055244445801e+00
-4.305149018764495850e-01
-3.430264815688133240e-02
2.821764230728149414e+00
-3.162471652030944824e-01
9.794343709945678711e-01
7.543298602104187012e-01
1.716243505477905273e+00
-2.231315135955810547e+00
1.481181859970092773e+00
6.801921874284744263e-02
1.913434863090515137e-01
-1.656101942062377930e+00
-1.229015588760375977e+00
7.960456013679504395e-01
-2.729602754116058350e-01
1.489119380712509155e-01
4.711938798427581787e-01
-1.293138116598129272e-01
1.086338043212890625e+00
-1.417927265167236328e+00
6.332658231258392334e-02
-1.066362380981445312e+00
-7.525185942649841309e-01
-3.400569856166839600e-01
-6.280297636985778809e-01
1.681026816368103027e+00
-2.510914802551269531e+00
-1.284990668296813965e+00
-8.578454256057739258e-01
-3.218236863613128662e-01
-1.706498861312866211e+00
4.951464533805847168e-01
1.539542555809020996e+00
3.994063138961791992e-01
-4.958993792533874512e-01
9.108964204788208008e-01
-9.442869424819946289e-01
-5.088489055633544922e-01
1.875365495681762695e+00
-1.768896341323852539e+00
-9.752280265092849731e-02
-1.702164649963378906e+00
-5.778902769088745117e-02
1.923851847648620605e+00
6.309249997138977051e-01
1.063942909240722656e+00
9.341751933097839355e-01
3.583089411258697510e-01
-6.564322113990783691e-01
7.902730107307434082e-01
-1.988180726766586304e-01
-6.999021768569946289e-01
-5.817807745188474655e-03
2.156997680664062500e+00
-1.065657496452331543e+00
-1.082016587257385254e+00
3.959046304225921631e-01
-1.048873439431190491e-01
-1.323287248611450195e+00
1.760465025901794434e+00
-2.033571243286132812e+00
5.790770053863525391e-01
1.080520391464233398e+00
1.138212531805038452e-01
-1.459614872932434082e+00
-1.086371541023254395e+00
-1.017832279205322266e+00
-5.572369694709777832e-01
-1.260620474815368652e+00
-1.663897037506103516e+00
-9.581887722015380859e-01
9.515340924263000488e-01
1.380668759346008301e+00
