-8.311419486999511719e-01
-1.151405930519104004e+00
2.672657668590545654e-01
7.344245165586471558e-02
1.146665453910827637e+00
-4.964507818222045898e-01
3.061229288578033447e-01
-5.298370122909545898e-01
3.963938653469085693e-01
2.723765969276428223e-01
2.528666496276855469e+00
6.805133223533630371e-01
-8.880479335784912109e-01
-2.280022144317626953e+00
-9.737660884857177734e-01
7.780603766441345215e-01
6.692740917205810547e-01
8.143057227134704590e-01
4.896830767393112183e-03
-1.948661804199218750e+00
2.610688209533691406e+00
-3.928881511092185974e-02
1.220160648226737976e-01
7.353881001472473145e-02
-2.138493359088897705e-01
-5.150567293167114258e-01
2.766044735908508301e-01
2.220723628997802734e+00
1.028654098510742188e+00
-1.578724011778831482e-02
4.430494457483291626e-02
-1.809628307819366455e-01
-9.048516303300857544e-02
3.633854389190673828e-01
-6.471232771873474121e-01
1.272573947906494141e+00
-1.146175265312194824e+00
-1.048603057861328125e+00
8.680573701858520508e-01
-1.751178145408630371e+00
2.484468698501586914e+00
-7.043385505676269531e-01
1.047870635986328125e+00
8.544201850891113281e-01
-7.787346243858337402e-01
-2.493565559387207031e+00
3.735134899616241455e-01
5.942578315734863281e-01
1.947966217994689941e+00
3.490705788135528564e-01
-1.249263212084770203e-01
-8.001442551612854004e-01
1.135611295700073242e+00
-2.117202430963516235e-01
1.175673246383666992e+00
1.551670670509338379e+00
7.770375907421112061e-02
-1.385522931814193726e-01
-2.109209299087524414e+00
1.226619958877563477e+00
-7.887846827507019043e-01
2.969843626022338867e+00
-7.220503091812133789e-01
-1.342687010765075684e+00
-2.954736948013305664e+00
-1.149915218353271484e+00
-4.031218886375427246e-01
1.667489647865295410e+00
-7.220127582550048828e-01
-1.567775309085845947e-01
-8.444674015045166016e-01
9.397328495979309082e-01
-9.039919241331517696e-04
2.838183343410491943e-01
-6.291409730911254883e-01
-1.312835931777954102e+00
8.581764101982116699e-01
1.554116010665893555e+00
-1.824325561523437500e+00
-9.553470611572265625e-01
1.091871500015258789e+00
1.520573616027832031e+00
9.117706120014190674e-02
1.173755288124084473e+00
2.679178118705749512e-01
1.003563642501831055e+00
7.697770744562149048e-02
-1.493010044097900391e+00
-4.040976464748382568e-01
-3.209261000156402588e-01
6.942230463027954102e-01
1.624990552663803101e-01
-3.810577690601348877e-01
1.091334939002990723e+00
-1.893864631652832031e+00
-1.512575507164001465e+00
-6.688477098941802979e-02
4.752119481563568115e-01
1.795339226722717285e+00
-2.378364086151123047e+00
5.409787297248840332e-01
3.066701412200927734e+00
-6.022509932518005371e-01
2.685621976852416992e-01
1.189948797225952148e+00
-2.958037555217742920e-01
-2.011127233505249023e+00
-7.165686488151550293e-01
4.360187649726867676e-01
-1.196730732917785645e+00
-7.452852725982666016e-01
-4.259183257818222046e-02
-9.622835554182529449e-03
2.829691171646118164e+00
-2.785355448722839355e-01
-2.465111017227172852e+00
1.252524733543395996e+00
-1.166314601898193359e+00
-1.743292808532714844e+00
4.971217364072799683e-02
-7.663338780403137207e-01
-3.079405725002288818e-01
-3.226986825466156006e-01
6.160264089703559875e-02
-1.271913886070251465e+00
4.438635706901550293e-01
-1.183710694313049316e+00
1.844178587198257446e-01
