1.786094456911087036e-01
-8.326112031936645508e-01
-7.634263038635253906e-01
3.617997169494628906e-01
-1.676894575357437134e-01
-1.839744687080383301e+00
-6.399813890457153320e-01
4.046314954757690430e-01
-1.224674582481384277e+00
-1.318077564239501953e+00
7.221386432647705078e-01
5.992135405540466309e-01
-2.387478798627853394e-01
-9.195508956909179688e-01
1.458071321249008179e-01
5.573039650917053223e-01
-1.986827254295349121e-01
2.223385810852050781e+00
-7.510538697242736816e-01
4.482549726963043213e-01
5.321795344352722168e-01
-1.968628525733947754e+00
6.947603821754455566e-01
5.807220339775085449e-01
-1.906239390373229980e+00
5.915856957435607910e-01
2.430566072463989258e+00
-2.003252953290939331e-01
3.798838555812835693e-01
9.334292262792587280e-02
-5.302531123161315918e-01
9.423275291919708252e-02
-7.855172157287597656e-01
9.431951642036437988e-01
-1.846775114536285400e-01
1.041077494621276855e+00
1.835315525531768799e-01
7.825408577919006348e-01
1.473364979028701782e-01
1.026785016059875488e+00
1.410933017730712891e+00
-2.464654594659805298e-01
1.871286273002624512e+00
-1.460747599601745605e+00
-3.611677289009094238e-01
6.992077231407165527e-01
1.146039009094238281e+00
-3.361528813838958740e-01
-8.935299515724182129e-01
2.219955772161483765e-01
-5.083009600639343262e-01
3.942708373069763184e-01
-1.912124514579772949e+00
-1.617745518684387207e+00
-6.976491957902908325e-02
1.123140811920166016e+00
-1.769253909587860107e-01
2.564707696437835693e-01
2.302373170852661133e+00
5.984433889389038086e-01
9.186509251594543457e-01
3.456604778766632080e-01
3.161845922470092773e+00
-2.694787979125976562e+00
-9.365308284759521484e-01
-2.068612575531005859e+00
2.150940179824829102e+00
-1.573771238327026367e+00
8.635655641555786133e-01
-5.169914960861206055e-01
9.891750812530517578e-01
1.255597710609436035e+00
-1.511721253395080566e+00
1.107430815696716309e+00
-3.594354093074798584e-01
-4.803726077079772949e-01
-1.579824805259704590e+00
3.613559007644653320e-01
2.185451269149780273e+00
-7.742723822593688965e-01
1.072167038917541504e+00
1.768832206726074219e+00
-1.176138281822204590e+00
8.071561455726623535e-01
1.455525875091552734e+00
-1.594934701919555664e+00
-2.636065185070037842e-01
-1.003854036331176758e+00
8.847268819808959961e-01
8.358810544013977051e-01
1.159572243690490723e+00
-2.237861871719360352e+00
4.947670400142669678e-01
3.155197203159332275e-01
-8.159866929054260254e-01
-1.125055432319641113e+00
1.405693441629409790e-01
7.508891820907592773e-01
-2.485960572957992554e-01
-5.815396308898925781e-01
-9.390077739953994751e-02
-8.866305947303771973e-01
1.938555598258972168e+00
-2.617159485816955566e-01
-2.482852458953857422e+00
-4.281162843108177185e-02
6.061954498291015625e-01
-1.516742825508117676e+00
2.102967500686645508e+00
8.195075988769531250e-01
3.542138338088989258e-01
6.254249811172485352e-01
-1.468445539474487305e+00
6.840853095054626465e-01
-1.216484665870666504e+00
-1.390109777450561523e+00
1.027541875839233398e+00
2.161037921905517578e-01
-1.135755777359008789e+00
6.398382186889648438e-01
-1.604906916618347168e-01
-1.201759934425354004e+00
3.724979758262634277e-01
-1.105144381523132324e+00
-1.182469129562377930e+00
-2.621062755584716797e+00
-1.933206468820571899e-01
4.384547173976898193e-01
