1.533984899520874023e+00
-1.888782262802124023e+00
-2.566156685352325439e-01
-1.457115709781646729e-01
2.234339952468872070e+00
1.100062966346740723e+00
6.490429639816284180e-01
1.454720795154571533e-01
7.029494643211364746e-02
-8.535186052322387695e-01
3.552341088652610779e-02
1.299108982086181641e+00
4.644160568714141846e-01
2.734045982360839844e-01
7.801409959793090820e-01
3.000224828720092773e-01
-6.236201524734497070e-01
1.202529430389404297e+00
6.478928327560424805e-01
-2.306987285614013672e+00
5.780568122863769531e-01
-1.113430410623550415e-01
1.158106923103332520e+00
9.229702949523925781e-01
-8.965191841125488281e-01
7.121605277061462402e-01
3.508482873439788818e-01
1.688318252563476562e-01
1.649569571018218994e-01
2.408449172973632812e+00
-4.556226432323455811e-01
-2.182025432586669922e+00
1.640216469764709473e+00
2.371035218238830566e-01
7.278089523315429688e-01
1.156252145767211914e+00
-6.661276565864682198e-04
1.600861310958862305e+00
5.735747814178466797e-01
1.872010380029678345e-01
1.359148383140563965e+00
-6.474693417549133301e-01
2.307287693023681641e+00
2.262856960296630859e+00
-4.182897806167602539e-01
-8.100748062133789062e-01
-6.832067370414733887e-01
1.017937541007995605e+00
-1.737374067306518555e+00
-1.193268299102783203e+00
-5.903606414794921875e-01
-1.195998191833496094e+00
3.701573610305786133e-01
2.996854186058044434e-01
-9.977336972951889038e-02
-3.558664619922637939e-01
-9.728663563728332520e-01
1.245650053024291992e+00
1.617313861846923828e+00
1.077733635902404785e+00
9.093575477600097656e-01
-4.511965811252593994e-01
4.733368754386901855e-01
2.863901853561401367e-01
-7.854753732681274414e-01
-7.631639838218688965e-01
3.733492270112037659e-02
-5.420578122138977051e-01
3.441616594791412354e-01
9.569744467735290527e-01
4.858951866626739502e-01
-1.662359833717346191e+00
3.318099677562713623e-02
1.480125427246093750e+00
1.118578672409057617e+00
-4.348050653934478760e-01
5.663245916366577148e-01
5.168608948588371277e-02
-2.434473782777786255e-01
-5.584918856620788574e-01
1.983644962310791016e-01
-1.473025560379028320e+00
4.470844864845275879e-01
8.003840446472167969e-01
6.016512513160705566e-01
-1.190076112747192383e+00
-2.619142293930053711e+00
1.507646441459655762e+00
6.528941988945007324e-01
-8.785216808319091797e-01
1.545170068740844727e+00
-9.505102038383483887e-01
-1.869681596755981445e+00
9.084582328796386719e-01
1.849240422248840332e+00
-3.579937815666198730e-01
-1.921731978654861450e-01
-6.753436326980590820e-01
-1.529148817062377930e+00
-2.039971351623535156e+00
-2.690989971160888672e+00
-1.344195902347564697e-01
-3.880764544010162354e-01
-1.091731563210487366e-01
-5.700941681861877441e-01
-7.688172459602355957e-01
5.371496081352233887e-01
-2.164055220782756805e-02
9.554420411586761475e-02
1.071171402931213379e+00
-1.677544474601745605e+00
-5.697627067565917969e-01
6.333683729171752930e-01
-2.369416713714599609e+00
-2.481813430786132812e-01
-1.565718054771423340e+00
-1.370203971862792969e+00
1.642119169235229492e+00
2.023531645536422729e-01
-7.182034254074096680e-01
-4.854275658726692200e-02
1.886247992515563965e-01
5.512763261795043945e-01
-5.401397347450256348e-01
-1.372112393379211426e+00
-7.460535168647766113e-01
-8.755133152008056641e-01
-2.632980585098266602e+00
