7.926121354103088379e-01
-6.964899301528930664e-01
-7.831027507781982422e-01
-4.548466205596923828e-01
-9.681923985481262207e-01
7.644817829132080078e-01
1.048173308372497559e+00
3.358102440834045410e-01
-1.504861116409301758e+00
1.113839149475097656e+00
1.063862681388854980e+00
2.205780029296875000e+00
7.095568776130676270e-01
-1.250393629074096680e+00
6.828361153602600098e-01
-2.616301411762833595e-03
1.360194105654954910e-02
1.554546236991882324e+00
-1.261095881462097168e+00
1.338255256414413452e-01
9.000377058982849121e-01
2.243285998702049255e-02
1.524590373039245605e+00
2.191755771636962891e+00
-1.184666633605957031e+00
4.932274222373962402e-01
-2.649454176425933838e-01
-2.600861549377441406e+00
-1.024693608283996582e+00
5.541955828666687012e-01
8.152618259191513062e-02
3.839602321386337280e-02
9.155184030532836914e-01
-1.031349420547485352e+00
-1.360234498977661133e+00
2.067218303680419922e+00
2.373659610748291016e+00
-4.880130290985107422e-01
-1.472190260887145996e+00
9.494336247444152832e-01
2.906637430191040039e+00
-6.264988780021667480e-01
1.150452852249145508e+00
-3.632171452045440674e-01
-8.722278475761413574e-01
-1.076559305191040039e+00
-1.666828751564025879e+00
-2.333914518356323242e+00
-2.650265581905841827e-02
1.480623722076416016e+00
9.770587086677551270e-01
-2.556792497634887695e-01
-1.219570636749267578e+00
-5.883810520172119141e-01
1.349028706550598145e+00
3.165706992149353027e-01
-2.065240621566772461e+00
-1.467172384262084961e+00
-3.105386495590209961e-01
-6.388150453567504883e-01
-4.704908728599548340e-01
2.464697360992431641e+00
-7.643184065818786621e-01
6.835216879844665527e-01
-1.206868961453437805e-01
-1.286878705024719238e+00
-2.407414764165878296e-01
8.821298480033874512e-01
-9.584954380989074707e-01
-1.783950626850128174e-01
1.039922595024108887e+00
-1.135355234146118164e+00
-1.210531949996948242e+00
1.030138134956359863e+00
-1.559600383043289185e-01
-3.868027403950691223e-02
-1.288910806179046631e-01
1.214260607957839966e-01
1.528302788734436035e+00
-7.083495259284973145e-01
7.562410831451416016e-01
-1.332845330238342285e+00
-2.765725255012512207e-01
3.933115676045417786e-02
1.091146707534790039e+00
5.758203268051147461e-01
-2.032158374786376953e+00
-2.975786328315734863e-01
-4.762440025806427002e-01
1.499059319496154785e+00
1.556424140930175781e+00
-2.084269076585769653e-01
-1.030497908592224121e+00
-3.361338973045349121e-01
1.920667290687561035e-01
-5.578950047492980957e-01
2.008933067321777344e+00
-6.631993651390075684e-01
3.201111103408038616e-04
-1.319166660308837891e+00
1.480592489242553711e+00
3.585340082645416260e-01
-2.813976764678955078e+00
1.647048711776733398e+00
-1.639642119407653809e+00
4.618862867355346680e-01
-4.835123121738433838e-01
-9.041630625724792480e-01
-5.419614166021347046e-02
-1.830465078353881836e+00
-3.856022953987121582e-01
1.003401875495910645e+00
-7.722672224044799805e-01
1.556644797325134277e+00
-1.472815275192260742e+00
-3.672156333923339844e-01
-1.225218892097473145e+00
-1.101859927177429199e+00
6.912288069725036621e-01
2.102792263031005859e+00
1.353813171386718750e+00
-1.250593543052673340e+00
9.245724081993103027e-01
-4.839664101600646973e-01
-9.418398141860961914e-01
1.847474455833435059e+00
-1.632775545120239258e+00
6.576243638992309570e-01
