2.222233116626739502e-01
-4.989734292030334473e-01
8.098971247673034668e-01
-1.287177443504333496e+00
1.417248230427503586e-02
-1.889945715665817261e-01
-3.204398453235626221e-01
-1.039911866188049316e+00
-8.187747597694396973e-01
5.933659672737121582e-01
6.474303603172302246e-01
2.486443042755126953e+00
2.082786083221435547e+00
5.806502699851989746e-01
-7.851452231407165527e-01
-9.939851164817810059e-01
-2.878729999065399170e-01
1.300239920616149902e+00
7.938334345817565918e-01
-1.857968866825103760e-01
2.056777626276016235e-01
2.438950538635253906e-01
-5.267312377691268921e-02
1.538088560104370117e+00
-3.518473803997039795e-01
-3.851706394925713539e-03
-1.343791842460632324e+00
-4.657489061355590820e-01
1.321943640708923340e+00
8.621952682733535767e-02
-2.595230579376220703e+00
-4.044662952423095703e+00
-8.668571114540100098e-01
1.892053246498107910e+00
-2.248400747776031494e-01
1.591499924659729004e+00
-2.303632646799087524e-01
-4.402026534080505371e-01
8.574052900075912476e-02
5.418204069137573242e-01
1.915122985839843750e+00
1.586525678634643555e+00
1.741668939590454102e+00
4.124005734920501709e-01
-9.224583506584167480e-01
2.313979119062423706e-01
-8.885065317153930664e-01
8.969663381576538086e-01
-4.899080097675323486e-01
-5.136098861694335938e-01
1.175729036331176758e+00
-6.191120743751525879e-01
-1.150611162185668945e+00
1.322753071784973145e+00
-1.510643005371093750e+00
1.710063934326171875e+00
1.633399486541748047e+00
3.178812265396118164e-01
9.786020517349243164e-01
-5.848814249038696289e-01
-5.743608474731445312e-01
7.591183185577392578e-01
6.101644039154052734e-01
-1.373498916625976562e+00
-1.588119149208068848e+00
-1.841508865356445312e+00
1.357679367065429688e+00
1.202656626701354980e+00
-1.326024413108825684e+00
-1.859969347715377808e-01
-5.761790871620178223e-01
2.270378589630126953e+00
-8.321722149848937988e-01
-6.113200783729553223e-01
-1.104211688041687012e+00
-8.968005180358886719e-01
-8.612960577011108398e-01
1.680464297533035278e-01
-6.259955167770385742e-01
-3.217284917831420898e+00
-5.409016609191894531e-01
1.560188457369804382e-02
1.844765543937683105e+00
-1.632867336273193359e+00
2.923340082168579102e+00
8.891650438308715820e-01
-1.279599905014038086e+00
1.113004013895988464e-01
-1.717576980590820312e+00
-9.187725782394409180e-01
1.203259110450744629e+00
1.563064306974411011e-01
1.136893510818481445e+00
1.378739476203918457e-01
-5.371685624122619629e-01
1.420287340879440308e-01
1.895424365997314453e+00
-9.455894231796264648e-01
1.038277864456176758e+00
-1.351062774658203125e+00
2.228903621435165405e-01
4.710079729557037354e-01
-1.143168330192565918e+00
2.885658852756023407e-02
-2.055394411087036133e+00
3.597961366176605225e-02
-9.110506772994995117e-01
8.377374708652496338e-02
-3.699676394462585449e-01
-1.347868800163269043e+00
-5.967138409614562988e-01
1.997206509113311768e-01
3.780071735382080078e-01
2.412536621093750000e+00
8.856410980224609375e-01
-1.281169772148132324e+00
-4.180977940559387207e-01
-1.118515372276306152e+00
-2.456709146499633789e+00
1.442681908607482910e+00
2.795234918594360352e+00
-1.061965465545654297e+00
1.536364436149597168e+00
9.059640169143676758e-01
-3.190209567546844482e-01
7.181895971298217773e-01
-4.591362774372100830e-01
1.951458007097244263e-01
