1.838619560003280640e-01
7.525957226753234863e-01
-1.976798623800277710e-01
4.897034764289855957e-01
-1.562981009483337402e+00
-4.899917840957641602e-01
-1.778084188699722290e-01
-2.311431337147951126e-03
1.391303688287734985e-01
-1.784759283065795898e+00
2.363350391387939453e+00
2.274649858474731445e+00
-1.261640638113021851e-01
4.332156479358673096e-01
-6.521865129470825195e-01
1.150476932525634766e+00
-2.529672682285308838e-01
1.159897804260253906e+00
-7.617738842964172363e-02
-7.440955638885498047e-01
2.994488775730133057e-01
-1.707334280014038086e+00
1.137039899826049805e+00
1.970535159111022949e+00
-1.957199692726135254e+00
1.173770070075988770e+00
-5.196421965956687927e-02
-1.410971879959106445e-01
-3.822675943374633789e-01
-2.002034485340118408e-01
-9.271370172500610352e-01
2.374237626791000366e-01
-2.257607132196426392e-01
1.195036530494689941e+00
-9.759545922279357910e-01
8.361257910728454590e-01
-2.925991415977478027e-01
-2.490236759185791016e+00
1.170838594436645508e+00
3.909624516963958740e-01
3.774354457855224609e-01
2.055106498301029205e-02
1.672301292419433594e+00
2.050000429153442383e+00
-6.052116751670837402e-01
1.322449564933776855e+00
-5.075688958168029785e-01
1.315662860870361328e-01
-1.591701149940490723e+00
2.339137196540832520e-01
5.502974614500999451e-02
-2.918530225753784180e+00
6.172071099281311035e-01
-3.250692129135131836e+00
-1.216171383857727051e+00
1.218368262052536011e-01
-2.049118727445602417e-01
3.109364271163940430e+00
-8.767548203468322754e-02
-7.324443459510803223e-01
3.466412052512168884e-02
-4.663174450397491455e-01
-5.544304251670837402e-01
-4.894812777638435364e-02
-1.668890237808227539e+00
-1.140047907829284668e-01
-5.123286843299865723e-01
-8.772686719894409180e-01
4.683395624160766602e-01
-7.566536962985992432e-02
1.711288452148437500e+00
-8.916292786598205566e-01
2.551787614822387695e+00
2.327498942613601685e-01
-1.066204786300659180e+00
-9.175769239664077759e-02
1.445598155260086060e-01
-9.368097782135009766e-01
1.443183422088623047e+00
-1.138065576553344727e+00
-5.137131810188293457e-01
-3.213156938552856445e+00
2.672175690531730652e-02
-1.635737419128417969e+00
5.441863536834716797e-01
6.042082309722900391e-01
-2.074528187513351440e-01
1.299784660339355469e+00
2.142841339111328125e+00
-1.970808804035186768e-01
-1.020144939422607422e+00
-8.135213851928710938e-01
-1.650400519371032715e+00
8.861161470413208008e-01
4.331796169281005859e-01
8.493930101394653320e-01
-5.171564221382141113e-01
-4.243784844875335693e-01
1.383015751838684082e+00
3.813882768154144287e-01
1.551053404808044434e+00
1.532211303710937500e+00
-1.375818610191345215e+00
3.045944273471832275e-01
6.279478669166564941e-01
1.728278249502182007e-01
1.015843987464904785e+00
5.870238542556762695e-01
5.752153992652893066e-01
1.213163256645202637e+00
-2.351072788238525391e+00
-4.032592773437500000e-01
-1.074310064315795898e+00
1.059251427650451660e+00
7.738631367683410645e-01
-3.156320810317993164e+00
2.986322879791259766e+00
6.405733227729797363e-01
-6.664776802062988281e-01
5.342187881469726562e-01
-2.485865116119384766e+00
-6.191258430480957031e-01
-1.366199731826782227e+00
9.782010316848754883e-01
-1.983484178781509399e-01
-2.724855184555053711e+00
5.007932782173156738e-01
1.001487493515014648e+00
