1.030121684074401855e+00
-1.126357987523078918e-01
-9.830249547958374023e-01
-1.308151364326477051e+00
-4.206720292568206787e-01
-1.455705761909484863e+00
-5.578161478042602539e-01
1.288363933563232422e-01
-1.391082525253295898e+00
-2.873045802116394043e-01
6.377238631248474121e-01
3.583128750324249268e-01
1.057809710502624512e+00
1.359086275100708008e+00
8.361272215843200684e-01
-1.154144167900085449e+00
4.631460607051849365e-01
-5.123026967048645020e-01
1.158484444022178650e-02
4.998602569103240967e-01
1.230797410011291504e+00
-2.317033767700195312e+00
1.861761510372161865e-01
3.615052938461303711e+00
-1.496557593345642090e-01
-1.247984409332275391e+00
1.927542500197887421e-02
2.182575911283493042e-01
-1.254329204559326172e+00
3.804969489574432373e-01
5.203554034233093262e-01
4.236011207103729248e-01
-1.812144368886947632e-01
-3.494441509246826172e-01
-1.139209389686584473e+00
-1.229880213737487793e+00
3.481864631175994873e-01
-3.419750928878784180e-01
-9.498898983001708984e-01
1.169620633125305176e+00
9.752595424652099609e-01
1.896160840988159180e+00
2.015661001205444336e+00
-1.828516274690628052e-01
3.067053668200969696e-02
-2.266946732997894287e-01
9.160145185887813568e-03
1.506760358810424805e+00
1.562261343002319336e+00
-2.214434146881103516e-01
2.411518394947052002e-01
-2.678738355636596680e+00
1.157608509063720703e+00
8.885729908943176270e-01
-7.055770158767700195e-01
-1.098123192787170410e+00
6.745328307151794434e-01
2.048804759979248047e+00
-4.569002240896224976e-02
9.068352580070495605e-01
-7.247346043586730957e-01
-1.036919713020324707e+00
2.534125745296478271e-01
-4.127583503723144531e-01
3.156178295612335205e-01
4.860586524009704590e-01
-6.327606271952390671e-03
1.278248578310012817e-01
9.153910875320434570e-01
1.198464632034301758e+00
4.378668367862701416e-01
-4.249528795480728149e-02
-1.612472057342529297e+00
-2.599599063396453857e-01
-4.362070858478546143e-01
-1.547345876693725586e+00
4.072494804859161377e-01
1.138568297028541565e-01
-9.129790663719177246e-01
-1.550731062889099121e+00
3.447252035140991211e+00
2.934462726116180420e-01
6.905440092086791992e-01
-2.301535606384277344e-01
1.030522346496582031e+00
-1.680024266242980957e+00
1.899321556091308594e+00
1.676866769790649414e+00
-1.784220814704895020e+00
-6.857096552848815918e-01
9.996622800827026367e-02
-1.780433207750320435e-01
3.190124034881591797e-01
-1.618150830268859863e+00
-2.775359749794006348e-01
-1.498470902442932129e+00
4.487415313720703125e+00
7.955075055360794067e-02
1.301750302314758301e+00
-1.289054155349731445e-01
-1.027370691299438477e+00
2.435103178024291992e+00
-1.152908802032470703e+00
4.853382408618927002e-01
4.468884468078613281e-01
-8.385288119316101074e-01
-2.055761098861694336e+00
-3.264117836952209473e-01
8.818033337593078613e-01
-2.035692214965820312e+00
-5.535506010055541992e-01
-4.460121989250183105e-01
-1.832315802574157715e+00
-1.866890907287597656e+00
1.533031105995178223e+00
-2.135994434356689453e-01
7.600591778755187988e-01
-2.896261513233184814e-01
-7.628558278083801270e-01
-6.154333949089050293e-01
-1.558959960937500000e+00
2.716626524925231934e-01
-2.075594425201416016e+00
3.366814553737640381e-01
2.941601537168025970e-02
1.282266974449157715e+00
-1.435222506523132324e+00
-1.496335148811340332e+00
