-1.344529747962951660e+00
-6.171426773071289062e-01
4.780666828155517578e-01
4.988207519054412842e-01
-3.049674987792968750e+00
-7.024911046028137207e-01
7.521828413009643555e-01
6.035218238830566406e-01
1.593999266624450684e+00
1.456833779811859131e-01
-6.109551191329956055e-01
-1.556341409683227539e+00
-1.589793920516967773e+00
1.360812932252883911e-01
6.428061723709106445e-01
1.950428038835525513e-01
1.581407070159912109e+00
2.029997825622558594e+00
2.352686971426010132e-01
-1.225437521934509277e-01
7.342264056205749512e-01
-1.510315895080566406e+00
-7.363931741565465927e-03
3.638405501842498779e-01
-1.727620244026184082e+00
6.631182432174682617e-01
1.402033090591430664e+00
-8.791171312332153320e-01
2.099197387695312500e+00
1.573739647865295410e+00
-1.397543907165527344e+00
-2.059309959411621094e+00
-4.622762203216552734e-01
-1.356659650802612305e+00
-7.485427707433700562e-02
1.550686717033386230e+00
-4.021276533603668213e-01
-2.911386191844940186e-01
-8.686816692352294922e-01
-1.435750842094421387e+00
1.996084809303283691e+00
-1.355970799922943115e-01
1.006329655647277832e+00
-1.488744616508483887e+00
5.146524310111999512e-01
-1.110122799873352051e+00
1.769389629364013672e+00
7.323608994483947754e-01
-5.885194540023803711e-01
-1.361615538597106934e+00
4.394514486193656921e-03
-1.188006401062011719e+00
5.900874137878417969e-01
-1.817183613777160645e+00
1.277344673871994019e-01
-6.500983238220214844e-01
-1.173316001892089844e+00
-1.531189680099487305e+00
1.785049960017204285e-02
-7.246189713478088379e-01
-1.347534537315368652e+00
2.207068920135498047e+00
7.851484417915344238e-01
1.985179066658020020e+00
-1.818719267845153809e+00
-1.767172098159790039e+00
1.145378351211547852e+00
1.543370634317398071e-01
-8.689489960670471191e-01
1.308070123195648193e-01
-1.354721546173095703e+00
1.938246011734008789e+00
1.885506629943847656e+00
4.538949728012084961e-01
1.285335063934326172e+00
-2.301556110382080078e+00
4.513026773929595947e-01
-4.977299869060516357e-01
-6.000795364379882812e-01
-1.162754774093627930e+00
-7.660845518112182617e-01
8.249121904373168945e-02
1.535871982574462891e+00
-9.952038526535034180e-01
1.482398152351379395e+00
2.100125074386596680e+00
-6.649326682090759277e-01
-2.979335188865661621e-01
1.138760149478912354e-01
2.397125720977783203e+00
-6.929172277450561523e-01
4.879662096500396729e-01
-8.125880360603332520e-01
5.970824360847473145e-01
3.771693408489227295e-01
6.444481611251831055e-01
6.182393431663513184e-01
2.341788113117218018e-01
1.103665232658386230e+00
-3.320483863353729248e-01
-2.377973079681396484e+00
-1.022285938262939453e+00
-1.031772136688232422e+00
4.426673889160156250e+00
2.384344339370727539e+00
1.906755089759826660e+00
-1.360527396202087402e+00
-9.225255846977233887e-01
-8.593297600746154785e-01
-1.884727001190185547e+00
1.127900481224060059e+00
1.184647560119628906e+00
8.650847673416137695e-01
5.408176183700561523e-01
-1.376726627349853516e+00
-1.670595169067382812e+00
2.395035982131958008e+00
1.296696424484252930e+00
5.266523361206054688e-01
1.894581615924835205e-01
-1.534502983093261719e+00
1.624259948730468750e+00
-1.514153838157653809e+00
-7.864367365837097168e-01
1.202322244644165039e-01
-3.374343156814575195e+00
-9.745762497186660767e-02
-7.786784768104553223e-01
