-8.384451866149902344e-01
-2.179352045059204102e-01
3.157378435134887695e-01
-2.568285465240478516e-01
8.722336292266845703e-01
4.562275409698486328e-01
3.934200406074523926e-01
1.102425456047058105e+00
-1.053616255521774292e-01
2.754380106925964355e-01
7.468116283416748047e-02
-5.299925804138183594e-01
-2.247609853744506836e+00
-2.285256147384643555e+00
1.236895561218261719e+00
-8.669387698173522949e-01
-2.519821524620056152e-01
9.841902256011962891e-01
1.356700062751770020e+00
-1.249467134475708008e+00
8.458161950111389160e-01
-5.987091660499572754e-01
-1.552222371101379395e+00
1.337572485208511353e-01
-1.697641611099243164e+00
-5.553159713745117188e-01
1.683184504508972168e+00
-9.765352606773376465e-01
5.791332125663757324e-01
-8.549734950065612793e-01
4.684805572032928467e-01
1.394199252128601074e+00
-2.111769914627075195e+00
3.458857238292694092e-01
2.344719648361206055e+00
6.236953139305114746e-01
1.057746529579162598e+00
-1.305113911628723145e+00
7.945289835333824158e-03
-1.032876014709472656e+00
5.217708945274353027e-01
2.375425994396209717e-01
2.026539087295532227e+00
-3.867612779140472412e-01
8.562979102134704590e-01
-6.519525051116943359e-01
-7.056230902671813965e-01
1.682062625885009766e+00
-7.862703800201416016e-01
3.224310874938964844e-01
2.352841138839721680e+00
-1.739602684974670410e-01
-1.156360149383544922e+00
-9.513698220252990723e-01
4.803078174591064453e-01
6.712362766265869141e-01
8.248783946037292480e-01
-1.375074535608291626e-01
3.342162132263183594e+00
-4.030847251415252686e-01
-1.138168334960937500e+00
1.840459942817687988e+00
1.190343022346496582e+00
-4.192905128002166748e-01
-4.558627605438232422e-01
-1.225855231285095215e+00
1.187591999769210815e-01
1.273022055625915527e+00
-1.714174747467041016e+00
-3.285469114780426025e-01
4.201331734657287598e-01
3.772310018539428711e-01
-3.009445965290069580e-01
-5.801596641540527344e-01
-1.879565358161926270e+00
-1.244752764701843262e+00
-1.882465004920959473e+00
9.777766466140747070e-01
-1.506309986114501953e+00
-2.456204891204833984e+00
-1.341551780700683594e+00
1.426782727241516113e+00
5.787285566329956055e-01
-6.054947376251220703e-01
3.718402624130249023e+00
-5.626799166202545166e-02
-4.523870348930358887e-01
1.391241788864135742e+00
1.520417332649230957e-01
-7.723645567893981934e-01
1.426844716072082520e+00
-2.424162387847900391e+00
7.606030106544494629e-01
-9.093736410140991211e-01
-4.873232245445251465e-01
9.590764343738555908e-02
1.558648824691772461e+00
-6.748272180557250977e-01
6.591908931732177734e-01
-7.582842111587524414e-01
1.332445144653320312e-01
2.755824565887451172e+00
-8.560022115707397461e-01
1.245942950248718262e+00
4.687741696834564209e-01
1.115241944789886475e-01
-3.257587909698486328e+00
1.918792426586151123e-01
2.789362192153930664e+00
-6.029482483863830566e-01
1.356772065162658691e+00
-1.728878259658813477e+00
-4.883542060852050781e-01
-2.126248598098754883e+00
-1.469162225723266602e+00
-1.256157279014587402e+00
-1.150109052658081055e+00
7.597625255584716797e-01
-2.161709666252136230e-01
1.974797964096069336e+00
9.994547069072723389e-02
-2.220923662185668945e+00
1.550051689147949219e+00
3.607195615768432617e-02
1.677912473678588867e-01
1.634296774864196777e-01
2.148328721523284912e-02
-1.107800006866455078e+00
