1.808048575185239315e-03
-1.279647588729858398e+00
4.367513060569763184e-01
2.727420628070831299e-01
-6.847127079963684082e-01
-1.027312159538269043e+00
6.276538372039794922e-01
-5.339711308479309082e-01
4.238501191139221191e-01
3.932455480098724365e-01
-2.470179796218872070e-01
3.498002588748931885e-01
4.434782862663269043e-01
-1.717310905456542969e+00
-1.913468837738037109e+00
1.012696743011474609e+00
4.221962094306945801e-01
4.162881895899772644e-02
-1.601862072944641113e+00
1.907349377870559692e-01
8.063153028488159180e-01
-2.061763525009155273e+00
6.092402935028076172e-01
-1.019844532012939453e+00
5.312413573265075684e-01
-1.811874389648437500e+00
1.355946540832519531e+00
6.294037699699401855e-01
3.634873330593109131e-01
5.608267188072204590e-01
1.555206656455993652e+00
-2.874581813812255859e-01
-1.353776454925537109e+00
3.233833014965057373e-01
2.416893243789672852e+00
-1.080895066261291504e+00
1.730635046958923340e+00
-6.113630253821611404e-03
-1.816712021827697754e+00
8.858268260955810547e-01
9.560694098472595215e-01
-7.003807425498962402e-01
1.543071269989013672e+00
5.014562606811523438e-01
5.600043535232543945e-01
-8.932237029075622559e-01
-4.454528689384460449e-01
-1.010441929101943970e-01
3.039095997810363770e-01
4.805882275104522705e-01
9.501013755798339844e-01
-1.574969172477722168e+00
2.231363773345947266e+00
5.308573842048645020e-01
1.612686038017272949e+00
-1.907953977584838867e+00
6.527886986732482910e-01
1.196015119552612305e+00
-1.972211599349975586e-01
2.420258522033691406e+00
1.180799305438995361e-02
-1.829572319984436035e-01
1.083800315856933594e+00
1.249718785285949707e+00
-1.204841494560241699e+00
-5.839057564735412598e-01
-1.669632941484451294e-01
7.175417542457580566e-01
-5.699330568313598633e-01
3.730150163173675537e-01
4.917066991329193115e-01
1.228350520133972168e+00
-8.227660320699214935e-03
-6.775736808776855469e-01
-1.136718153953552246e+00
-1.094928860664367676e+00
6.015028953552246094e-01
-9.837210178375244141e-01
-2.036661148071289062e+00
-1.476381778717041016e+00
1.457259774208068848e+00
-2.786138355731964111e-01
1.446180701255798340e+00
2.844943702220916748e-01
4.176796913146972656e+00
-1.931038200855255127e-01
-4.912965595722198486e-01
1.216075181961059570e+00
1.151671767234802246e+00
8.494070768356323242e-01
2.039966285228729248e-01
-1.989793181419372559e+00
1.433512091636657715e+00
1.200163960456848145e+00
1.343078017234802246e+00
-1.427248001098632812e+00
-5.990273356437683105e-01
8.896458745002746582e-01
1.772543311119079590e+00
1.171965003013610840e+00
1.073385357856750488e+00
2.034925222396850586e+00
-2.941274166107177734e+00
1.346903204917907715e+00
1.055151224136352539e+00
1.297157168388366699e+00
-1.317787647247314453e+00
-8.635103106498718262e-01
-2.189275979995727539e+00
-3.016412496566772461e+00
-4.569101631641387939e-01
-1.217050671577453613e+00
-1.034091591835021973e+00
4.202727079391479492e-01
-1.306348323822021484e+00
-2.476923465728759766e+00
-2.828648686408996582e-01
-1.020554900169372559e+00
-1.109338760375976562e+00
5.087396129965782166e-02
-1.890065521001815796e-01
-2.631995268166065216e-02
-3.098572015762329102e+00
-8.502025604248046875e-01
-7.181390523910522461e-01
-9.885905385017395020e-01
6.216512322425842285e-01
-7.086898684501647949e-01
