1.504662990570068359e+00
-2.066701650619506836e+00
-8.664549328386783600e-03
9.335808455944061279e-03
2.643489539623260498e-01
-1.651836633682250977e+00
1.722521066665649414e+00
-1.041603922843933105e+00
-4.203566610813140869e-01
8.085046410560607910e-01
-1.005914211273193359e+00
-9.180724024772644043e-01
-1.407532989978790283e-01
8.854517340660095215e-01
-4.360629618167877197e-01
8.966404795646667480e-01
-3.666760027408599854e-01
-1.945420205593109131e-01
-1.174546241760253906e+00
-4.695098698139190674e-01
-7.506548166275024414e-01
7.342548370361328125e-01
1.947331614792346954e-02
-6.682410240173339844e-01
-1.475283861160278320e+00
-1.479752182960510254e+00
-4.798440039157867432e-01
1.131059050559997559e+00
2.441817760467529297e+00
1.347944855690002441e+00
2.085099667310714722e-01
-4.860006868839263916e-01
-1.416339516639709473e+00
2.713037133216857910e-01
-5.501542612910270691e-02
6.520074605941772461e-01
-1.560879707336425781e+00
-8.439814448356628418e-01
7.629708051681518555e-01
1.102511286735534668e+00
9.810587167739868164e-01
1.632454633712768555e+00
1.051364302635192871e+00
2.044142246246337891e+00
3.462118387222290039e+00
1.852597713470458984e+00
5.596687793731689453e-01
3.700957894325256348e-01
-6.350088119506835938e-01
2.119433283805847168e-01
-2.606131076812744141e+00
-8.636092543601989746e-01
6.513156890869140625e-01
-4.187130928039550781e-01
2.131502151489257812e+00
2.516486644744873047e+00
-1.830766536295413971e-02
-3.484358191490173340e-01
-6.574978232383728027e-01
2.710472106933593750e+00
-9.135749340057373047e-01
1.570814609527587891e+00
8.749920725822448730e-01
-1.463646441698074341e-01
-8.153831958770751953e-01
-1.020537376403808594e+00
5.287904739379882812e-01
7.535133361816406250e-01
7.248136401176452637e-01
-1.082116127014160156e+00
-1.023777604103088379e+00
-1.438491106033325195e+00
3.263725936412811279e-01
1.136649608612060547e+00
4.099360108375549316e-01
-3.110328435897827148e+00
1.912077218294143677e-01
5.663123726844787598e-01
-1.082546353340148926e+00
-1.572135686874389648e-01
2.011279016733169556e-01
1.888400435447692871e+00
-1.244376659393310547e+00
4.641502499580383301e-01
1.721452474594116211e+00
-2.615382894873619080e-02
5.260313749313354492e-01
4.739076495170593262e-01
-2.159824609756469727e+00
-2.839078605175018311e-01
1.479730844497680664e+00
-1.178358435630798340e+00
-1.090701743960380554e-01
-4.830796122550964355e-01
-8.504516631364822388e-02
2.238036841154098511e-01
-1.528136581182479858e-01
1.030340790748596191e+00
-5.975196361541748047e-01
-1.618229597806930542e-02
4.264126718044281006e-01
-7.863301038742065430e-02
1.037055253982543945e+00
-3.336067497730255127e-01
-2.592039108276367188e+00
-1.936763763427734375e+00
-8.360533714294433594e-01
-6.595988273620605469e-01
6.185780167579650879e-01
6.854789853096008301e-01
-2.498486489057540894e-01
-5.764469504356384277e-01
-6.191030740737915039e-01
-8.340255618095397949e-01
-8.080976605415344238e-01
-1.031332969665527344e+00
3.249083757400512695e-01
7.168436646461486816e-01
9.966164231300354004e-01
1.103052049875259399e-01
-1.449468493461608887e+00
9.186127781867980957e-01
-1.632442712783813477e+00
-2.339262723922729492e+00
-1.217995524406433105e+00
8.008345365524291992e-01
-5.941503643989562988e-01
1.213730573654174805e+00
