-7.625592947006225586e-01
4.359423816204071045e-01
-1.818577289581298828e+00
-2.463489532470703125e+00
-1.413601517677307129e+00
2.533160895109176636e-02
1.656939268112182617e+00
1.294405817985534668e+00
1.081513762474060059e+00
-1.146879196166992188e+00
6.559473872184753418e-01
1.764908552169799805e+00
-6.568265557289123535e-01
9.470364451408386230e-01
-1.110500812530517578e+00
5.192943811416625977e-01
-6.645626574754714966e-02
-2.357458323240280151e-01
-7.788923978805541992e-01
-3.037735223770141602e-01
-7.671151161193847656e-01
-2.134344339370727539e+00
1.380741715431213379e+00
2.017418622970581055e+00
-9.039721488952636719e-01
8.203696012496948242e-01
-7.042719721794128418e-01
-2.491991519927978516e-01
9.816907644271850586e-01
2.981172800064086914e-01
1.808678507804870605e+00
-2.646424770355224609e+00
-3.357124626636505127e-01
2.390864372253417969e+00
5.897882580757141113e-01
-8.912136554718017578e-01
-1.424766063690185547e+00
1.372426748275756836e-01
-7.096728682518005371e-01
-2.219171524047851562e+00
1.126253247261047363e+00
1.315810084342956543e+00
1.077048778533935547e+00
1.839095950126647949e+00
1.089428782463073730e+00
-7.556014657020568848e-01
8.523796200752258301e-01
2.922971487045288086e+00
3.971205055713653564e-01
2.452301502227783203e+00
-9.732319116592407227e-01
7.420318722724914551e-01
-1.877719461917877197e-01
4.061230719089508057e-01
2.689247429370880127e-01
1.095515966415405273e+00
2.096059560775756836e+00
-4.764386117458343506e-01
-6.976817250251770020e-01
5.826525017619132996e-02
-2.092168569564819336e+00
3.386116921901702881e-01
-9.804772734642028809e-01
2.337240725755691528e-01
3.055911511182785034e-02
-2.330418348312377930e+00
2.233005464076995850e-01
9.718400835990905762e-01
-5.182034373283386230e-01
1.379161119461059570e+00
7.596019506454467773e-01
-9.308385252952575684e-01
3.211809992790222168e-01
4.593718424439430237e-02
-2.399655878543853760e-01
-3.864841759204864502e-01
2.210924863815307617e+00
3.728373646736145020e-01
-1.287595152854919434e+00
-2.987665176391601562e+00
-2.094955205917358398e+00
-1.388774275779724121e+00
6.917316317558288574e-01
-2.603402435779571533e-01
1.876860141754150391e+00
1.313483953475952148e+00
7.750075459480285645e-01
-1.088296175003051758e+00
-1.804234236478805542e-01
-7.387730479240417480e-01
-9.976837635040283203e-01
-6.568847596645355225e-02
-2.414086580276489258e+00
2.209446907043457031e+00
9.957773685455322266e-01
1.553885459899902344e+00
1.495995879173278809e+00
9.010124206542968750e-02
-5.279678702354431152e-01
1.560085058212280273e+00
2.501546621322631836e+00
-3.845604360103607178e-01
1.779519170522689819e-01
-2.619353830814361572e-01
-3.888847827911376953e-01
1.430540084838867188e+00
-1.029969096183776855e+00
-6.448001861572265625e-01
-5.922079682350158691e-01
-4.686087369918823242e-01
-8.915673010051250458e-03
1.627300024032592773e+00
1.671199679374694824e+00
-1.069359779357910156e+00
2.544886767864227295e-01
2.986110746860504150e-01
-7.245931029319763184e-01
-1.874748826026916504e+00
8.581417053937911987e-02
-3.648666441440582275e-01
9.387907385826110840e-01
-9.705552458763122559e-01
-2.494418621063232422e+00
-1.399555563926696777e+00
2.515141367912292480e-01
-2.727444171905517578e+00
-3.299429714679718018e-01
-2.320527315139770508e+00
