1.030531764030456543e+00
1.072188854217529297e+00
6.788343191146850586e-01
2.457530200481414795e-01
1.980244040489196777e+00
-1.068400025367736816e+00
5.943004488945007324e-01
8.390366435050964355e-01
-5.322553515434265137e-01
-6.309653520584106445e-01
1.575604915618896484e+00
4.089910387992858887e-01
-7.372187972068786621e-01
-8.516928553581237793e-01
-4.038795083761215210e-02
2.336656808853149414e+00
-7.879538089036941528e-02
1.287012338638305664e+00
1.190164327621459961e+00
-9.695687294006347656e-01
1.572349369525909424e-01
-3.553490877151489258e+00
4.000402688980102539e-01
5.497318506240844727e-01
-6.860692501068115234e-01
-1.050427317619323730e+00
-9.294699430465698242e-01
-7.428958415985107422e-01
-7.832546234130859375e-01
5.381891131401062012e-01
-2.534453868865966797e-01
-3.536517858505249023e+00
-1.087038755416870117e+00
4.532604813575744629e-01
1.017073273658752441e+00
-1.670893579721450806e-01
-1.351256966590881348e+00
3.293543756008148193e-01
-4.289946556091308594e-01
-6.996319890022277832e-01
4.706408381462097168e-01
9.513611793518066406e-01
2.136899948120117188e+00
9.825385808944702148e-01
-6.045988202095031738e-01
-2.023371696472167969e+00
-9.633060693740844727e-01
-1.123217418789863586e-01
8.675190806388854980e-01
-1.398145794868469238e+00
1.788557022809982300e-01
-1.112763285636901855e+00
1.451968312263488770e+00
1.973791956901550293e+00
-1.877572774887084961e+00
-1.516334265470504761e-01
6.317744851112365723e-01
2.030780315399169922e+00
-1.713415741920471191e+00
-8.733747005462646484e-01
-5.655553936958312988e-01
2.648656070232391357e-01
8.804544210433959961e-01
1.039892792701721191e+00
-1.573818624019622803e-01
1.566082984209060669e-02
1.200859546661376953e+00
2.360334634780883789e+00
1.420814037322998047e+00
-1.471016854047775269e-01
3.096076250076293945e+00
1.693999052047729492e+00
-1.485929369926452637e+00
2.783720791339874268e-01
1.096704006195068359e+00
-5.050705075263977051e-01
-2.575976252555847168e-01
-1.408037304878234863e+00
-6.161654591560363770e-01
-8.426735401153564453e-01
9.297094941139221191e-01
-1.423055648803710938e+00
1.296635419130325317e-01
-6.187829971313476562e-01
3.122238814830780029e-01
-7.954823374748229980e-01
-9.846932888031005859e-01
2.263201475143432617e+00
-1.185142159461975098e+00
4.194906055927276611e-01
1.840450763702392578e+00
-1.270736217498779297e+00
1.309362173080444336e+00
-2.407428622245788574e-02
-1.766670465469360352e+00
-1.929808706045150757e-01
1.373366832733154297e+00
-6.418598294258117676e-01
-4.419918954372406006e-01
8.688855767250061035e-01
7.658266276121139526e-02
1.337655663490295410e+00
-4.436010122299194336e-01
-3.910418599843978882e-02
2.870032489299774170e-01
2.084967494010925293e-01
4.116802662611007690e-02
-3.197025656700134277e-01
-1.126483753323554993e-01
-6.239106878638267517e-02
4.392524436116218567e-02
1.107849087566137314e-02
-3.754752576351165771e-01
-2.273584753274917603e-01
1.747161149978637695e+00
-1.383127808570861816e+00
-1.679997205734252930e+00
-2.237115144729614258e+00
5.737542510032653809e-01
-8.306251168251037598e-01
-3.105882167816162109e+00
2.092216461896896362e-01
-6.964104771614074707e-01
8.286321759223937988e-01
-7.072778344154357910e-01
-1.375921845436096191e+00
-6.859925985336303711e-01
1.019631147384643555e+00
