-4.332510530948638916e-01
-8.770371675491333008e-01
1.077793724834918976e-02
5.065281391143798828e-01
1.345744729042053223e+00
-8.522711396217346191e-01
-1.816406399011611938e-01
-8.670605719089508057e-02
-1.322047233581542969e+00
-5.893066525459289551e-01
6.599037051200866699e-01
1.569022536277770996e+00
8.625690937042236328e-01
1.003262758255004883e+00
6.489716172218322754e-01
-5.572074651718139648e-01
1.381133675575256348e+00
1.344001412391662598e+00
2.510352432727813721e-01
1.979063034057617188e+00
2.961189985275268555e+00
8.957920074462890625e-01
-1.198920130729675293e+00
2.257857084274291992e+00
-1.627330183982849121e+00
8.448028564453125000e-02
-1.787359714508056641e+00
3.657430410385131836e-01
3.865342959761619568e-02
2.662318386137485504e-02
-1.467461585998535156e+00
1.886564642190933228e-01
1.359755396842956543e+00
1.656417369842529297e+00
2.553680241107940674e-01
1.939024448394775391e+00
-2.010677337646484375e+00
1.082733035087585449e+00
8.822327256202697754e-01
9.988246560096740723e-01
-5.186659842729568481e-02
-6.483597159385681152e-01
1.757135629653930664e+00
1.256730437278747559e+00
-1.583576813573017716e-04
1.555234789848327637e+00
-7.553771138191223145e-01
-2.554844915866851807e-01
6.517534852027893066e-01
-1.182888627052307129e+00
1.738163232803344727e-01
-1.516908645629882812e+00
2.018129110336303711e+00
-1.131939217448234558e-01
-7.910891771316528320e-01
1.426695466041564941e+00
-1.631108283996582031e+00
-3.563534617424011230e-01
1.868062376976013184e+00
1.694222569465637207e+00
-1.864015460014343262e+00
1.345714330673217773e+00
-8.443057537078857422e-01
-1.643218398094177246e+00
2.616241574287414551e-01
2.308744668960571289e+00
3.997130393981933594e-01
-1.506724238395690918e+00
-7.681497931480407715e-01
-7.259345054626464844e-01
-2.751012742519378662e-01
-1.269723176956176758e+00
-3.787772655487060547e-01
1.165611147880554199e+00
1.184977516531944275e-01
-3.503915667533874512e-01
1.565246880054473877e-01
1.215699553489685059e+00
-4.462916851043701172e-01
-2.573764026165008545e-01
1.184857606887817383e+00
-8.438977003097534180e-01
7.594994902610778809e-01
-3.626579940319061279e-01
-6.275287270545959473e-01
-7.410277724266052246e-01
-7.218062877655029297e-01
-2.417064905166625977e-01
-7.197343707084655762e-01
-1.150182127952575684e+00
-1.057147264480590820e+00
-4.386688768863677979e-01
-1.968132972717285156e+00
-3.084422647953033447e-01
9.353313446044921875e-01
-1.563553333282470703e+00
-6.771504878997802734e-01
-1.796709537506103516e+00
1.622577548027038574e+00
9.672700762748718262e-01
-1.792118549346923828e-01
-9.410389661788940430e-01
5.584979057312011719e-01
4.489168226718902588e-01
-7.950953841209411621e-01
-2.578689098358154297e+00
-8.169669657945632935e-02
9.591617435216903687e-02
-1.949621737003326416e-01
-3.534055948257446289e+00
1.443387940526008606e-02
-3.565365552902221680e+00
5.301015973091125488e-01
-7.103582620620727539e-01
-1.925470113754272461e+00
-2.359346628189086914e+00
6.562393307685852051e-01
6.690602898597717285e-01
-1.295135140419006348e+00
1.843240857124328613e+00
1.412848711013793945e+00
5.768111348152160645e-01
-2.921878397464752197e-01
1.702444851398468018e-01
-6.045849919319152832e-01
1.112484455108642578e+00
-6.612280011177062988e-02
1.149323061108589172e-01
