2.173658370971679688e+00
-2.822684682905673981e-02
1.646131575107574463e-01
2.536892592906951904e-01
-2.977785587310791016e+00
-2.593032360076904297e+00
2.246803939342498779e-01
-4.698914587497711182e-01
-3.479665756225585938e+00
3.678124248981475830e-01
-3.670944869518280029e-01
-1.218951344490051270e+00
1.138336658477783203e+00
3.139176964759826660e-01
1.300580143928527832e+00
1.296378850936889648e+00
1.388809204101562500e+00
-1.468612670898437500e+00
-3.315587282180786133e+00
1.069630980491638184e+00
1.208342909812927246e+00
6.921067833900451660e-01
1.988012671470642090e+00
-1.998736858367919922e+00
-3.250233888626098633e+00
1.249012708663940430e+00
1.511461377143859863e+00
4.332698583602905273e-01
1.628871321678161621e+00
-1.228151202201843262e+00
-8.349796533584594727e-01
-1.151655092835426331e-01
2.240074276924133301e-01
-1.379310935735702515e-01
-4.901075661182403564e-01
-2.093895897269248962e-02
-1.119794368743896484e+00
6.969421505928039551e-01
1.168861031532287598e+00
4.941862821578979492e-01
8.457881212234497070e-02
-1.344803214073181152e+00
1.575679540634155273e+00
1.114856958389282227e+00
5.213192105293273926e-01
-6.115406155586242676e-01
-4.417834579944610596e-01
2.019728273153305054e-01
-2.031333446502685547e+00
9.718743562698364258e-01
4.075237214565277100e-01
-5.675300955772399902e-01
-2.944630086421966553e-01
-1.270474433898925781e+00
6.575666069984436035e-01
7.475907802581787109e-01
-1.049159318208694458e-01
9.448179006576538086e-01
1.525067448616027832e+00
1.639153480529785156e+00
3.469907343387603760e-01
-2.507891356945037842e-01
1.154253840446472168e+00
-5.598028898239135742e-01
-1.351926803588867188e+00
-1.347071051597595215e+00
-2.222211062908172607e-01
1.145677208900451660e+00
-1.465633392333984375e+00
-1.079822629690170288e-01
1.743488550186157227e+00
-7.223032712936401367e-01
3.875792920589447021e-01
6.837579607963562012e-01
5.363036319613456726e-02
2.790937125682830811e-01
-1.585100412368774414e+00
-1.855900287628173828e+00
9.691235423088073730e-01
-1.420111894607543945e+00
9.924315810203552246e-01
2.713191032409667969e+00
-6.564738154411315918e-01
-2.888578176498413086e-01
2.435750007629394531e+00
-1.905217647552490234e+00
3.213334083557128906e-01
-3.667617738246917725e-01
9.364190101623535156e-01
2.925859391689300537e-01
-5.800954699516296387e-01
-2.427230834960937500e+00
2.880862951278686523e-01
8.964420557022094727e-01
1.986702084541320801e+00
-8.899763822555541992e-01
-2.911348342895507812e-01
-4.205910563468933105e-01
2.449022233486175537e-01
1.146760106086730957e+00
8.955729603767395020e-01
-7.288537025451660156e-01
-6.849654316902160645e-01
1.117743611335754395e+00
3.671287000179290771e-01
1.448356151580810547e+00
-3.704156726598739624e-02
-1.437743425369262695e+00
9.379975795745849609e-01
-3.000839233398437500e+00
1.530848503112792969e+00
1.151330694556236267e-01
7.543671131134033203e-02
-1.553281992673873901e-01
-1.266816496849060059e+00
-1.436907649040222168e+00
1.958238244056701660e+00
9.303504228591918945e-01
-1.291131973266601562e-01
-1.727958172559738159e-01
8.770138025283813477e-01
-2.500102996826171875e+00
-1.409751415252685547e+00
-1.198164582252502441e+00
-3.750399351119995117e-01
-2.747403979301452637e-01
2.941644191741943359e-01
9.290395379066467285e-01
