1.027056932449340820e+00
-1.495416164398193359e+00
6.917948126792907715e-01
4.430429339408874512e-01
1.319827318191528320e+00
-1.750115275382995605e+00
1.496341943740844727e+00
9.104766845703125000e-01
-3.105327188968658447e-01
2.725930213928222656e-01
2.810039818286895752e-01
1.390755891799926758e+00
3.790535032749176025e-01
-2.803433418273925781e+00
-6.476613879203796387e-01
4.495958685874938965e-01
7.769059389829635620e-02
1.825509071350097656e-01
-8.808572292327880859e-01
-2.236915677785873413e-01
-7.443220019340515137e-01
-1.458517909049987793e+00
6.999553442001342773e-01
2.142528593540191650e-01
-6.442118883132934570e-01
-1.914335042238235474e-01
1.013151645660400391e+00
2.510758638381958008e-01
-2.303952932357788086e+00
-6.655468940734863281e-01
5.843041539192199707e-01
1.273033618927001953e+00
5.895914435386657715e-01
1.294767856597900391e+00
-2.213682651519775391e+00
2.715080022811889648e+00
1.166349411010742188e+00
7.969084382057189941e-01
2.425143271684646606e-01
8.608346581459045410e-01
1.115048170089721680e+00
1.778737664222717285e+00
1.555382370948791504e+00
5.437750220298767090e-01
-5.563589930534362793e-01
-1.427703857421875000e+00
-1.631024479866027832e+00
1.764591217041015625e+00
1.918352544307708740e-01
-1.607339262962341309e+00
6.522925496101379395e-01
-2.124652624130249023e+00
-5.207228660583496094e-01
-1.231779217720031738e+00
1.195921972393989563e-01
1.380191445350646973e+00
-4.031735956668853760e-01
1.563790678977966309e+00
4.774208068847656250e-01
5.454150959849357605e-02
-7.212095856666564941e-01
-1.549931645393371582e+00
5.644709467887878418e-01
-5.227296352386474609e-01
6.993446350097656250e-01
-1.396568179130554199e+00
-2.757520377635955811e-01
3.715677931904792786e-02
1.282136797904968262e+00
-1.352448463439941406e-01
3.662084043025970459e-01
8.001269698143005371e-01
9.304586052894592285e-01
-3.236512839794158936e-01
-2.698052883148193359e+00
-7.981857061386108398e-01
1.813720464706420898e-01
1.871227473020553589e-01
1.765032410621643066e+00
-1.342298746109008789e+00
3.941887617111206055e-02
1.219139218330383301e+00
1.332602977752685547e+00
6.868100166320800781e-01
-1.513878345489501953e+00
-1.003376126289367676e+00
-3.094737976789474487e-02
6.914465427398681641e-01
1.166350126266479492e+00
-5.569961071014404297e-01
-6.357461810111999512e-01
-1.468738317489624023e+00
-8.059935569763183594e-01
8.015280365943908691e-01
1.590916395187377930e+00
-8.135256767272949219e-01
-9.767345786094665527e-01
9.536842107772827148e-01
1.173234939575195312e+00
-1.446940064430236816e+00
-1.151808574795722961e-01
6.736040711402893066e-01
1.825692653656005859e+00
-6.899803280830383301e-01
-1.871071457862854004e+00
4.753679931163787842e-01
-4.300745725631713867e-01
1.342547833919525146e-01
1.247147560119628906e+00
-7.097415626049041748e-02
-2.882317066192626953e+00
-2.483638226985931396e-01
-9.683616459369659424e-02
-3.089921772480010986e-01
6.078476905822753906e-01
-2.328605175018310547e+00
-5.212615728378295898e-01
-5.635500550270080566e-01
-5.568231344223022461e-01
-1.558989167213439941e+00
1.333278417587280273e+00
-7.303152084350585938e-01
2.818634271621704102e+00
7.471843957901000977e-01
-1.279843449592590332e+00
-2.821033298969268799e-01
-1.300835847854614258e+00
-3.374874126166105270e-03
