-1.682018756866455078e+00
3.682000041007995605e-01
-2.921922802925109863e-01
2.841822206974029541e-01
-2.126897335052490234e+00
6.833282113075256348e-01
-1.030754804611206055e+00
-8.504257798194885254e-01
-7.167319655418395996e-01
-1.549300432205200195e+00
1.948937654495239258e+00
7.121539711952209473e-01
-2.271909266710281372e-01
-1.363586425781250000e+00
-1.318329200148582458e-02
3.745068982243537903e-02
8.252500295639038086e-01
5.438024997711181641e-01
-6.975746154785156250e-01
-1.389017701148986816e+00
8.520098328590393066e-01
-4.048076272010803223e-01
-3.386809527873992920e-01
-1.389287598431110382e-02
-3.049438476562500000e+00
3.391217589378356934e-01
6.161891222000122070e-01
5.969884395599365234e-01
-9.885190986096858978e-03
1.415518283843994141e+00
-1.078146100044250488e+00
1.017708659172058105e+00
4.377637505531311035e-01
2.638256251811981201e-01
-1.439700603485107422e+00
8.401205539703369141e-01
4.268472790718078613e-01
-1.020062565803527832e+00
-1.201932311058044434e+00
1.860933750867843628e-01
-1.539704442024230957e+00
-2.148077487945556641e+00
1.038859844207763672e+00
2.439499616622924805e+00
1.284679055213928223e+00
1.542458295822143555e+00
1.047983407974243164e+00
5.248191356658935547e-01
-1.965184926986694336e+00
2.394531071186065674e-01
1.696455627679824829e-01
-4.533539116382598877e-01
2.009303569793701172e+00
-1.360671997070312500e+00
-1.126473471522331238e-01
5.436760783195495605e-01
-1.868638843297958374e-01
-1.016231656074523926e+00
9.309465885162353516e-01
-1.113583326339721680e+00
-2.025324344635009766e+00
5.600680112838745117e-01
-2.587146997451782227e+00
5.056800842285156250e-01
2.662397921085357666e-01
-1.664531946182250977e+00
-2.304449081420898438e+00
1.311172485351562500e+00
-1.169127821922302246e+00
-8.245385289192199707e-01
6.944237351417541504e-01
1.470157504081726074e+00
1.899127006530761719e+00
3.457383215427398682e-01
-8.919777721166610718e-02
-8.746517449617385864e-02
-1.802384495735168457e+00
4.537254869937896729e-01
-3.906788229942321777e-01
-2.318561315536499023e+00
-1.140854001045227051e+00
-1.057800292968750000e+00
1.393167495727539062e+00
5.173958539962768555e-01
3.288107395172119141e+00
7.170768976211547852e-01
-2.235637903213500977e+00
4.531129896640777588e-01
2.662455558776855469e+00
2.142762899398803711e+00
-9.340218901634216309e-01
-8.517848849296569824e-01
-1.903187513351440430e+00
4.600508809089660645e-01
2.499117106199264526e-01
1.713355779647827148e+00
1.343798518180847168e+00
9.681461453437805176e-01
-5.908460021018981934e-01
9.010304808616638184e-01
-7.056896090507507324e-01
-8.301757574081420898e-01
6.499655842781066895e-01
2.779066324234008789e+00
-5.662161111831665039e-01
-8.983733057975769043e-01
-4.785503149032592773e-01
2.361687459051609039e-02
2.793307065963745117e+00
-2.201258420944213867e+00
-1.416017562150955200e-01
9.146342277526855469e-01
4.047300517559051514e-01
5.138363242149353027e-01
-1.106608152389526367e+00
-1.322768211364746094e+00
1.059691667556762695e+00
2.354584455490112305e+00
-8.182821869850158691e-01
1.274568796157836914e+00
2.094518691301345825e-01
-1.060640692710876465e+00
-1.296842992305755615e-01
1.223489284515380859e+00
-6.922520995140075684e-01
-1.244569063186645508e+00
1.828807711601257324e+00
-4.184597134590148926e-01
