1.527194231748580933e-01
-8.644124865531921387e-01
8.074791431427001953e-01
1.601836830377578735e-01
1.172973215579986572e-01
1.516290456056594849e-01
4.611906111240386963e-01
2.043732643127441406e+00
-4.827453792095184326e-01
-4.353264570236206055e-01
-5.825427174568176270e-01
2.194118946790695190e-01
-6.677561998367309570e-01
7.564503550529479980e-01
8.353545665740966797e-01
-1.908925920724868774e-01
-6.576525568962097168e-01
-7.379787564277648926e-01
-1.679865956306457520e+00
-2.894167006015777588e-01
-3.072049617767333984e-01
1.909390330314636230e+00
8.305411785840988159e-02
6.827057003974914551e-01
-5.895941257476806641e-01
-5.906670093536376953e-01
3.485111594200134277e-01
5.727101564407348633e-01
1.309096455574035645e+00
1.438286185264587402e+00
-1.241914153099060059e+00
-1.408340454101562500e+00
-2.883454859256744385e-01
2.199202060699462891e+00
-9.998299479484558105e-01
7.418819069862365723e-01
-2.067337989807128906e+00
4.525382816791534424e-02
4.751238226890563965e-02
6.500512957572937012e-01
1.553840160369873047e+00
3.812643289566040039e-01
1.724582433700561523e+00
1.150351166725158691e+00
2.899740040302276611e-01
1.151443719863891602e+00
-3.705579936504364014e-01
-1.604336619377136230e+00
1.316226124763488770e+00
-6.364201754331588745e-02
-5.935501456260681152e-01
6.239505857229232788e-02
8.752354979515075684e-02
-7.783821970224380493e-02
7.235311865806579590e-01
2.408982992172241211e+00
-2.334328651428222656e+00
2.342473983764648438e+00
4.110080301761627197e-01
6.756367683410644531e-01
5.075093507766723633e-01
1.837823092937469482e-01
-1.149316430091857910e+00
-7.709156274795532227e-01
2.587440311908721924e-01
2.805807888507843018e-01
1.029990315437316895e+00
-6.208909749984741211e-01
1.525995612144470215e+00
-1.138727188110351562e+00
-1.269893765449523926e+00
-2.668524503707885742e+00
1.270073771476745605e+00
1.003938913345336914e+00
4.716295897960662842e-01
-1.408038377761840820e+00
-9.310010671615600586e-01
1.178630828857421875e+00
-1.243137598037719727e+00
-5.679152011871337891e-01
2.928881347179412842e-01
-1.824044227600097656e+00
-6.720494031906127930e-01
4.171183705329895020e-01
2.684347391128540039e+00
-1.734757870435714722e-01
-7.163739949464797974e-02
-1.633756458759307861e-01
-2.470182657241821289e+00
-1.253538727760314941e+00
-3.063909530639648438e+00
-2.162492722272872925e-01
-6.680014133453369141e-01
2.216506719589233398e+00
-6.484869718551635742e-01
-2.641509175300598145e-01
3.983729779720306396e-01
1.234362840652465820e+00
1.593626022338867188e+00
-1.223648667335510254e+00
2.398030757904052734e-01
1.246263861656188965e+00
3.730792999267578125e-01
-2.076548039913177490e-01
-6.138508394360542297e-02
-1.844371914863586426e+00
-1.662713050842285156e+00
1.443312764167785645e+00
-1.849351972341537476e-01
-1.287943363189697266e+00
-9.871657490730285645e-01
-7.074682116508483887e-01
2.904908657073974609e-01
-3.481059670448303223e-01
-6.384650617837905884e-02
-6.083751916885375977e-01
-5.826761722564697266e-01
1.202490210533142090e+00
6.053311824798583984e-01
-1.276655077934265137e+00
-5.170183181762695312e-01
-5.670846104621887207e-01
5.502631664276123047e-01
-8.490344882011413574e-02
-1.769218564033508301e+00
4.866183400154113770e-01
-3.008502125740051270e-01
6.915764808654785156e-01
