-2.716741524636745453e-02
2.965483665466308594e-01
1.969327628612518311e-01
2.003743052482604980e-01
3.296045064926147461e-01
-3.163080811500549316e-01
-5.783600211143493652e-01
1.016828417778015137e-01
8.092599511146545410e-01
-8.010638356208801270e-01
-1.361512184143066406e+00
-9.915185570716857910e-01
9.705702215433120728e-02
6.548652648925781250e-01
-2.118723690509796143e-01
-1.464904427528381348e+00
-3.180820047855377197e-01
-3.098936378955841064e-01
-6.354194879531860352e-02
-6.688368916511535645e-01
1.738854169845581055e+00
-1.622150182723999023e+00
-1.645649671554565430e+00
7.048802375793457031e-01
-6.246328949928283691e-01
5.823601484298706055e-01
1.851155281066894531e+00
-3.124163627624511719e+00
8.765595406293869019e-02
-3.421596586704254150e-01
3.133123397827148438e+00
-2.699458599090576172e+00
-1.659974217414855957e+00
1.372578620910644531e+00
-7.376261949539184570e-01
1.705644488334655762e+00
1.123441830277442932e-01
-4.221538305282592773e-01
2.057658910751342773e+00
-9.078817963600158691e-01
1.143516659736633301e+00
9.682925939559936523e-01
1.346349954605102539e+00
1.756917834281921387e-01
9.277427792549133301e-01
-2.095702648162841797e+00
1.415457367897033691e+00
-3.674330413341522217e-01
9.178264737129211426e-01
1.443997472524642944e-01
2.397888422012329102e+00
-2.755889296531677246e-01
-1.048240423202514648e+00
1.577935099601745605e+00
-1.125427484512329102e+00
4.389277398586273193e-01
-9.353257417678833008e-01
-5.783606171607971191e-01
3.349069595336914062e+00
-2.856676876544952393e-01
1.697880864143371582e+00
-5.019161105155944824e-01
9.983647465705871582e-01
2.116719961166381836e+00
1.249858498573303223e+00
-5.245321989059448242e-01
-1.119872629642486572e-01
3.974948227405548096e-01
6.653777360916137695e-01
4.234454333782196045e-01
6.659400463104248047e-01
-9.245843291282653809e-01
2.152815163135528564e-01
-2.600931823253631592e-01
-2.993159532546997070e+00
-6.781623363494873047e-01
-1.710779786109924316e+00
-1.125754117965698242e+00
-7.959167957305908203e-01
-1.773992300033569336e+00
2.514862120151519775e-01
3.058629035949707031e-01
-7.091172337532043457e-01
-2.487513571977615356e-01
2.840516090393066406e+00
6.824572682380676270e-01
-2.115139245986938477e+00
7.291767001152038574e-01
-1.677202433347702026e-01
-9.891252517700195312e-01
1.989770054817199707e+00
-2.125870704650878906e+00
-6.213394999504089355e-01
1.365599989891052246e+00
4.803383946418762207e-01
-1.322415471076965332e+00
1.517609000205993652e+00
-5.957145243883132935e-02
5.934240818023681641e-01
9.504992961883544922e-01
-6.833637952804565430e-01
7.077566385269165039e-01
2.173088192939758301e-01
1.422008514404296875e+00
-7.707084417343139648e-01
-2.366726845502853394e-01
-2.101987838745117188e+00
-1.217771530151367188e+00
1.507014513015747070e+00
-2.265326976776123047e+00
9.353584051132202148e-01
-3.532930612564086914e-01
-2.337430715560913086e-01
-5.772999525070190430e-01
-7.465945482254028320e-01
1.322247266769409180e+00
5.189395546913146973e-01
-2.666145861148834229e-01
-2.669840157032012939e-01
5.445101857185363770e-01
2.742884159088134766e-01
-1.804310083389282227e-01
6.744007468223571777e-01
-1.152893662452697754e+00
-7.585146427154541016e-01
3.991821706295013428e-01
-1.257427334785461426e+00
-1.593228816986083984e+00
