1.309382200241088867e+00
-1.398269653320312500e+00
5.418975949287414551e-01
3.004690110683441162e-01
9.210542440414428711e-01
-4.985674321651458740e-01
-9.770516753196716309e-01
-9.016761183738708496e-02
7.996889352798461914e-01
2.054847925901412964e-01
-1.091604828834533691e+00
-2.310302495956420898e+00
-9.306555390357971191e-01
-2.297440767288208008e+00
-1.282308936119079590e+00
-7.637780308723449707e-01
-1.597432792186737061e-01
1.460698395967483521e-01
-7.791388034820556641e-01
1.810292363166809082e+00
1.592346310615539551e+00
-6.715291142463684082e-01
8.712350726127624512e-01
2.476596593856811523e+00
-1.795230150222778320e+00
-7.097561955451965332e-01
4.028306901454925537e-01
-1.988195657730102539e+00
-8.317155241966247559e-01
-5.367052555084228516e-01
2.020070791244506836e+00
-3.128339350223541260e-01
-1.201715111732482910e+00
-8.049107789993286133e-01
4.519466161727905273e-01
8.683292269706726074e-01
1.582208991050720215e+00
-1.379135251045227051e-01
6.958220601081848145e-01
-5.794091224670410156e-01
2.157628685235977173e-01
-2.380514144897460938e-02
1.025433540344238281e+00
-6.003422141075134277e-01
-3.445186316967010498e-01
-8.531657457351684570e-01
-7.771589159965515137e-01
1.254715919494628906e+00
1.299190521240234375e-01
1.411520600318908691e+00
1.227379441261291504e+00
-8.762273788452148438e-01
1.654973864555358887e+00
3.047255054116249084e-02
1.226070046424865723e+00
-6.294932961463928223e-02
-7.376286983489990234e-01
1.312590003013610840e+00
9.767476916313171387e-01
1.633517384529113770e+00
-3.807253837585449219e-01
-2.456009626388549805e+00
7.919555902481079102e-01
9.899828433990478516e-01
-1.399769067764282227e+00
1.046029925346374512e+00
-1.472940325736999512e+00
7.779181599617004395e-01
-7.747086882591247559e-01
1.455461740493774414e+00
2.736174464225769043e-01
1.317353367805480957e+00
7.287977337837219238e-01
-3.496715128421783447e-01
-7.724419832229614258e-01
-1.593903183937072754e+00
-1.518254429101943970e-01
3.028992116451263428e-01
-1.249185681343078613e+00
-1.789454579353332520e+00
8.616993576288223267e-02
-1.662361979484558105e+00
1.374910473823547363e+00
2.323693633079528809e-01
7.844861149787902832e-01
1.058880567550659180e+00
-1.734435796737670898e+00
1.114495158195495605e+00
1.886367321014404297e+00
9.287002682685852051e-01
-5.980114936828613281e-01
-1.024659991264343262e+00
-1.971579432487487793e+00
-1.095627307891845703e+00
8.710398077964782715e-01
8.379387855529785156e-01
1.519171833992004395e+00
4.926777780055999756e-01
-1.318690299987792969e+00
9.888364672660827637e-01
1.524029612541198730e+00
1.033263206481933594e-01
7.014344334602355957e-01
6.216279864311218262e-01
-1.641075491905212402e+00
1.812412738800048828e+00
-3.705582618713378906e-01
-3.583681881427764893e-01
1.052215337753295898e+00
-1.577800750732421875e+00
-7.513996958732604980e-02
-5.531346797943115234e-01
2.357354611158370972e-01
2.534324407577514648e+00
-1.586082696914672852e+00
-3.044551312923431396e-01
6.366354227066040039e-01
2.122158408164978027e-01
5.443620681762695312e-01
-8.760918974876403809e-01
8.031087517738342285e-01
-1.636744588613510132e-01
-1.388962149620056152e+00
-9.806037545204162598e-01
-1.525841355323791504e+00
-3.164865255355834961e+00
-6.464408636093139648e-01
1.431409478187561035e+00
