-4.764470160007476807e-01
1.187240034341812134e-01
8.331325054168701172e-01
-1.397350072860717773e+00
-1.270278811454772949e+00
4.321742355823516846e-01
3.392642140388488770e-01
-4.494493603706359863e-01
6.747528910636901855e-01
6.791403889656066895e-02
2.373998403549194336e+00
2.028407335281372070e+00
2.227223873138427734e+00
1.389186978340148926e+00
-3.685276508331298828e-01
-8.538053035736083984e-01
-5.218455195426940918e-01
1.639890670776367188e+00
1.357117414474487305e+00
4.753328561782836914e-01
-4.502436816692352295e-01
-6.093485280871391296e-02
1.620625257492065430e-01
1.142177700996398926e+00
-1.207207798957824707e+00
-3.248837888240814209e-01
-8.443551063537597656e-01
-1.840520799160003662e-01
1.606146931648254395e+00
8.736184835433959961e-01
-3.157031059265136719e+00
-4.769689083099365234e+00
-1.065544128417968750e+00
1.397502541542053223e+00
-1.386933326721191406e+00
1.299830555915832520e+00
-4.445739686489105225e-01
-1.300139427185058594e+00
-2.722744643688201904e-01
-2.736991643905639648e-01
-2.346409559249877930e-01
2.021653890609741211e+00
1.565672397613525391e+00
1.362921953201293945e+00
-3.928036093711853027e-01
2.807818889617919922e+00
-9.568879008293151855e-01
1.581238985061645508e+00
-7.708601951599121094e-01
-3.320787250995635986e-01
9.807305932044982910e-01
-7.644745111465454102e-01
-6.773365139961242676e-01
8.149776458740234375e-01
-1.945830583572387695e+00
4.190858006477355957e-01
2.748251914978027344e+00
1.782257668673992157e-02
8.694271445274353027e-01
-5.268655419349670410e-01
-7.542918324470520020e-01
2.282646179199218750e+00
-6.357594132423400879e-01
-6.741535067558288574e-01
-4.226972758769989014e-01
-1.913953900337219238e+00
1.312206506729125977e+00
2.683866322040557861e-01
-1.192231297492980957e+00
2.362295389175415039e-01
-6.703826189041137695e-01
1.366757750511169434e+00
3.524833619594573975e-01
-5.465191006660461426e-01
-3.018972575664520264e-01
-1.620950460433959961e+00
-8.913749456405639648e-01
-6.073854565620422363e-01
-5.853318423032760620e-02
-3.125114440917968750e+00
-5.006549954414367676e-01
-1.523639678955078125e+00
1.556246638298034668e+00
-1.930080056190490723e+00
1.493372440338134766e+00
2.697780132293701172e-01
-1.290718436241149902e+00
-7.307951450347900391e-01
-1.100340366363525391e+00
-2.681253477931022644e-02
8.922311663627624512e-01
-4.353189468383789062e-01
1.149457097053527832e+00
4.566830098628997803e-01
-6.529774665832519531e-01
9.684497117996215820e-01
1.855750203132629395e+00
-6.427755951881408691e-01
6.683507561683654785e-01
-1.578671187162399292e-01
-4.033339321613311768e-01
-1.796846091747283936e-01
-4.574459493160247803e-01
7.037467956542968750e-01
-1.975618451833724976e-01
-1.492890343070030212e-02
9.431578801013529301e-04
7.405351996421813965e-01
-7.949790954589843750e-01
-7.227888703346252441e-02
-1.564833641052246094e+00
1.783241987228393555e+00
6.369187682867050171e-02
1.538353681564331055e+00
1.123763799667358398e+00
-1.413614630699157715e+00
2.716026604175567627e-01
-3.725989162921905518e-01
-2.695204019546508789e+00
1.515704244375228882e-01
1.734132051467895508e+00
-1.111812591552734375e+00
1.149289131164550781e+00
4.815853387117385864e-02
-3.647781312465667725e-01
-3.765122592449188232e-01
-1.953339278697967529e-01
4.807376563549041748e-01
