7.386736273765563965e-01
-9.926056861877441406e-02
-4.768023490905761719e-01
-2.243241220712661743e-01
-1.318868041038513184e+00
7.381924390792846680e-01
1.617534995079040527e+00
4.897665381431579590e-01
-2.111712656915187836e-02
1.118087053298950195e+00
-9.868217110633850098e-01
-3.483547449111938477e+00
2.244093179702758789e+00
-7.816493511199951172e-01
1.341101527214050293e-01
1.025838494300842285e+00
-3.775729835033416748e-01
2.573401480913162231e-02
1.207899570465087891e+00
1.562577843666076660e+00
-1.065160393714904785e+00
-1.100159406661987305e+00
8.055443167686462402e-01
1.363776206970214844e+00
-2.115577012300491333e-01
-9.700691103935241699e-01
1.941430568695068359e-01
-1.571969091892242432e-01
-1.205769896507263184e+00
2.542055130004882812e+00
3.715813159942626953e-01
1.395139217376708984e+00
-7.294698953628540039e-01
-2.506607770919799805e-01
3.601649105548858643e-01
1.002256393432617188e+00
-1.395279169082641602e+00
-1.266968011856079102e+00
-1.413000941276550293e+00
-3.856455087661743164e-01
4.158137366175651550e-02
-8.606597781181335449e-01
1.830635309219360352e+00
2.980400562286376953e+00
-5.242636203765869141e-01
7.738445401191711426e-01
4.117148220539093018e-01
-1.162941694259643555e+00
-4.400294423103332520e-01
-5.434802174568176270e-01
9.147986024618148804e-02
-1.566345810890197754e+00
-4.212984144687652588e-01
1.340277940034866333e-01
-1.767279148101806641e+00
-6.154344677925109863e-01
-9.870895147323608398e-01
2.289720535278320312e+00
5.226609706878662109e-01
-1.007283255457878113e-01
6.478258371353149414e-01
1.506532669067382812e+00
-4.246233031153678894e-02
1.265313744544982910e+00
4.445306062698364258e-01
-1.013144731521606445e+00
-7.577790021896362305e-01
-5.666075348854064941e-01
2.010011300444602966e-02
-2.463727742433547974e-01
-2.207367420196533203e-01
2.650035917758941650e-01
6.906279921531677246e-01
1.165791034698486328e+00
-1.410316348075866699e+00
-2.031296044588088989e-01
-1.237085580825805664e+00
-1.060511842370033264e-01
6.734133362770080566e-01
-6.768503785133361816e-01
4.609217941761016846e-01
-5.485540032386779785e-01
-1.181109428405761719e+00
1.456317007541656494e-01
1.107359528541564941e+00
-1.446443676948547363e+00
-4.438501894474029541e-01
7.863703966140747070e-01
-2.545164525508880615e-01
-1.852428764104843140e-01
1.795221090316772461e+00
-4.195188283920288086e-01
-5.897426977753639221e-02
5.649380683898925781e-01
5.439165234565734863e-01
-5.844698548316955566e-01
-5.864390730857849121e-01
-1.490250229835510254e+00
-2.486628144979476929e-01
1.111806273460388184e+00
-7.734810709953308105e-01
8.405757546424865723e-01
-1.247672364115715027e-01
-1.475561499595642090e+00
8.715052604675292969e-01
-2.657241225242614746e-01
3.990752100944519043e-01
-6.203860640525817871e-01
2.468539953231811523e+00
9.453613162040710449e-01
-1.506435126066207886e-01
7.500006556510925293e-01
-4.031488001346588135e-01
1.722728274762630463e-02
-4.493193924427032471e-01
-1.502240777015686035e+00
2.902198731899261475e-01
2.024609088897705078e+00
1.268867015838623047e+00
-8.357437849044799805e-01
-8.582347631454467773e-01
-1.195019364356994629e+00
1.181925058364868164e+00
-1.875662207603454590e+00
-1.903893828392028809e+00
-2.684797048568725586e+00
1.475703716278076172e+00
5.491412878036499023e-01
