1.685774087905883789e+00
2.664552032947540283e-01
8.180590271949768066e-01
-2.139051407575607300e-01
3.105345487594604492e+00
-3.611699640750885010e-01
8.576084971427917480e-01
1.827405691146850586e-01
-3.235308229923248291e-01
-1.210705637931823730e+00
8.933054208755493164e-01
1.198546767234802246e+00
1.631583333015441895e+00
-1.488550305366516113e-01
-5.711782574653625488e-01
-3.108998835086822510e-01
-9.304425716400146484e-01
-9.548273086547851562e-01
8.105756044387817383e-01
6.091042160987854004e-01
-2.894289791584014893e-01
1.096145749092102051e+00
1.012861490249633789e+00
-5.712743103504180908e-02
-1.357652664184570312e+00
1.383539557456970215e+00
1.036690354347229004e+00
-9.167433977127075195e-01
-1.585481762886047363e+00
1.049713373184204102e+00
6.067979931831359863e-01
2.126511745154857635e-02
6.419703364372253418e-01
-9.419826269149780273e-01
-1.669358372688293457e+00
-7.227341532707214355e-01
-8.107071518898010254e-01
8.730403184890747070e-01
-1.488401293754577637e+00
-1.381339907646179199e+00
-1.928395986557006836e+00
1.365238070487976074e+00
1.765720844268798828e+00
2.625211238861083984e+00
-1.917737275362014771e-01
4.970748443156480789e-03
1.684432625770568848e-01
2.042271375656127930e+00
1.164181679487228394e-01
-1.610197126865386963e-01
-7.204462885856628418e-01
-5.711241960525512695e-01
-1.186420321464538574e+00
5.211989209055900574e-02
-3.086139559745788574e-01
-2.481175899505615234e+00
-2.869097292423248291e-01
1.102432966232299805e+00
1.080318808555603027e+00
3.914345800876617432e-01
2.205718308687210083e-01
-5.193945765495300293e-01
2.002767324447631836e+00
6.839292645454406738e-01
1.119879961013793945e+00
-2.938305854797363281e+00
1.114354953169822693e-01
-8.638689517974853516e-01
-1.241363048553466797e+00
7.732635140419006348e-01
6.626216173171997070e-01
4.804192483425140381e-01
-1.152782082557678223e+00
7.445476055145263672e-01
-3.984504844993352890e-03
2.436866164207458496e-01
-8.538460731506347656e-01
1.211119651794433594e+00
7.976027727127075195e-01
-1.398860096931457520e+00
8.369850516319274902e-01
-1.001867413520812988e+00
-1.687718391418457031e+00
-1.075037956237792969e+00
5.178683996200561523e-01
-2.038216114044189453e+00
-1.909566879272460938e+00
-1.804088950157165527e+00
-6.068467497825622559e-01
-1.465979337692260742e+00
2.172200918197631836e+00
-1.903602480888366699e+00
-1.157083868980407715e+00
1.783395767211914062e+00
1.656339526176452637e+00
8.402715921401977539e-01
-1.707652360200881958e-01
-8.093499392271041870e-02
-1.597265303134918213e-01
-1.362467288970947266e+00
7.390695810317993164e-02
-1.375303864479064941e-01
-1.449005961418151855e+00
5.118530988693237305e-01
3.519238471984863281e+00
-1.593650341033935547e+00
-1.386596560478210449e+00
-1.961252331733703613e+00
1.350030303001403809e+00
-2.868793308734893799e-01
-3.270984888076782227e-01
-8.576133251190185547e-01
-6.488226652145385742e-01
4.453455507755279541e-01
9.252844452857971191e-01
-7.434117794036865234e-01
4.978211820125579834e-01
1.756410673260688782e-02
5.814722776412963867e-01
9.888699650764465332e-01
-6.990552693605422974e-02
-3.659430742263793945e-01
2.661869823932647705e-01
8.535034060478210449e-01
-1.040170669555664062e+00
1.078703165054321289e+00
-1.070326805114746094e+00
2.457882165908813477e+00
