-2.120822191238403320e+00
-1.102396368980407715e+00
-3.418692052364349365e-01
2.691967785358428955e-01
-1.821074247360229492e+00
1.208806395530700684e+00
8.538987636566162109e-01
5.421497225761413574e-01
8.577366471290588379e-01
2.706658840179443359e-01
-4.338255226612091064e-01
-1.515433549880981445e+00
-1.138332843780517578e+00
-7.862771749496459961e-01
-6.516332030296325684e-01
2.540370225906372070e-01
9.592320322990417480e-01
1.295379638671875000e+00
-1.757791042327880859e+00
-1.739916443824768066e+00
-1.869162544608116150e-02
-1.548557162284851074e+00
-5.880641192197799683e-02
-1.432351827621459961e+00
-5.537278056144714355e-01
-1.832885980606079102e+00
3.044466733932495117e+00
3.235849738121032715e-01
1.309278011322021484e+00
6.840624809265136719e-01
3.190782368183135986e-01
-7.992215156555175781e-01
-1.349888920783996582e+00
-4.777375161647796631e-01
1.835128068923950195e+00
-9.037413448095321655e-02
2.217982769012451172e+00
5.859942436218261719e-01
-1.835172176361083984e+00
-1.796199530363082886e-01
7.969427704811096191e-01
1.502317041158676147e-01
1.435843229293823242e+00
8.512632548809051514e-02
5.706853270530700684e-01
1.572193264961242676e+00
7.336876988410949707e-01
2.154440164566040039e+00
5.757616758346557617e-01
7.380676865577697754e-01
1.627175807952880859e+00
-5.411215424537658691e-01
1.857089042663574219e+00
-1.440335065126419067e-01
9.017754197120666504e-01
-7.299594283103942871e-01
1.573528647422790527e+00
2.579211890697479248e-01
-2.096293121576309204e-01
-5.351325869560241699e-01
-1.008623600006103516e+00
1.922150015830993652e+00
-1.334415197372436523e+00
1.675598263740539551e+00
-2.348912954330444336e-01
-4.363243877887725830e-01
3.982423245906829834e-02
6.753255724906921387e-01
-1.934195011854171753e-01
1.014865875244140625e+00
-6.458339840173721313e-02
-4.938686639070510864e-02
1.691896557807922363e+00
-5.625367164611816406e-01
-1.696689486503601074e+00
6.104885414242744446e-02
1.950473904609680176e+00
-3.834656178951263428e-01
-1.414856672286987305e+00
-1.007314324378967285e+00
-4.984407424926757812e-01
-8.611058592796325684e-01
4.062178611755371094e+00
-1.668881326913833618e-01
1.941877365112304688e+00
1.065259337425231934e+00
-9.170213937759399414e-01
-1.820702552795410156e-01
1.442214608192443848e+00
1.856490015983581543e+00
-1.188190817832946777e+00
-1.073583602905273438e+00
-4.655824601650238037e-01
1.058893799781799316e+00
-1.176019087433815002e-01
-1.489442586898803711e+00
2.007928788661956787e-01
9.097209572792053223e-02
9.775834083557128906e-01
5.958580970764160156e-01
-3.171089887619018555e-01
-3.593588769435882568e-01
-7.606968283653259277e-01
2.274221658706665039e+00
2.569927215576171875e+00
9.190036654472351074e-01
-2.068582296371459961e+00
-8.319536447525024414e-01
-3.277572631835937500e+00
-3.295056581497192383e+00
5.691934823989868164e-01
7.724409699440002441e-01
1.218317866325378418e+00
5.894560217857360840e-01
-1.862366080284118652e+00
-1.769122719764709473e+00
-2.676286101341247559e-01
-2.888590395450592041e-01
-4.235905110836029053e-01
-8.331364989280700684e-01
-1.360347509384155273e+00
-7.468589544296264648e-01
-2.859433889389038086e+00
-1.023296594619750977e+00
-4.905377328395843506e-01
-2.140106916427612305e+00
8.886090517044067383e-01
-1.587400794029235840e+00
