5.349561572074890137e-01
-1.102051258087158203e+00
3.324936330318450928e-01
-1.922014504671096802e-01
-1.651507973670959473e+00
7.439550757408142090e-01
2.179801225662231445e+00
-2.964580059051513672e-01
-3.284673690795898438e+00
-1.421133637428283691e+00
-2.387697219848632812e+00
-1.443023562431335449e+00
1.526601552963256836e+00
-2.206720829010009766e+00
-5.426415801048278809e-01
-9.829781651496887207e-01
-1.545070111751556396e-01
7.509319484233856201e-02
-9.177154898643493652e-01
1.737774014472961426e+00
-4.422569572925567627e-01
8.866812586784362793e-01
-1.339463114738464355e+00
2.348783254623413086e+00
-1.116326570510864258e+00
1.472843050956726074e+00
1.175985574722290039e+00
-1.471557497978210449e+00
-5.328350067138671875e-01
-3.004887104034423828e-01
-3.124750852584838867e-01
-5.121452808380126953e-01
3.826413154602050781e-01
-2.253314256668090820e+00
2.223577022552490234e+00
1.391430377960205078e+00
2.029662132263183594e-01
1.370174646377563477e+00
1.457260966300964355e+00
-1.568335294723510742e+00
1.623332262039184570e+00
-2.111611843109130859e+00
1.057981371879577637e+00
1.205072522163391113e+00
-6.959021687507629395e-01
-1.916213989257812500e+00
9.074715971946716309e-01
1.864285111427307129e+00
-4.479763507843017578e-01
-9.145902991294860840e-01
-6.048790812492370605e-01
-1.632468223571777344e+00
8.130360245704650879e-01
7.289017438888549805e-01
9.833513945341110229e-02
1.230264186859130859e+00
-3.018029630184173584e-01
1.541971266269683838e-01
7.045624256134033203e-01
1.563275814056396484e+00
2.377799987792968750e+00
-1.557456254959106445e+00
-6.651769876480102539e-01
-5.907271504402160645e-01
-8.127281665802001953e-01
-1.058628082275390625e+00
1.237929940223693848e+00
9.851574897766113281e-01
5.665308237075805664e-01
1.078062206506729126e-01
4.896183311939239502e-01
1.264992237091064453e+00
3.954875767230987549e-01
5.936918854713439941e-01
-1.422496438026428223e+00
-1.797375440597534180e+00
-1.027595400810241699e+00
5.106250047683715820e-01
-1.272824287414550781e+00
-1.056314587593078613e+00
-8.541751503944396973e-01
1.167452454566955566e+00
1.898901104927062988e+00
-9.325608611106872559e-02
2.221040248870849609e+00
2.807841598987579346e-01
-6.136747598648071289e-01
-2.620279602706432343e-02
-2.867835521697998047e+00
3.942478299140930176e-01
2.286760360002517700e-01
-2.217840194702148438e+00
-1.968415617942810059e+00
-1.140762045979499817e-01
8.730944991111755371e-01
1.704843342304229736e-01
2.751309394836425781e+00
-1.757428169250488281e+00
1.808270573616027832e+00
1.185391306877136230e+00
2.887335121631622314e-01
-4.102004468441009521e-01
-2.128011703491210938e+00
8.587917685508728027e-01
1.671570777893066406e+00
2.133103609085083008e+00
-1.128120303153991699e+00
9.974060207605361938e-02
1.024140357971191406e+00
-2.314618349075317383e+00
2.067073106765747070e+00
-1.630758047103881836e-01
-6.534404754638671875e-01
-6.791269779205322266e-02
-1.629952907562255859e+00
2.030302286148071289e+00
-3.502049148082733154e-01
-1.878331780433654785e+00
-3.833648562431335449e-01
-5.018383264541625977e-02
-8.732667565345764160e-02
-3.332577645778656006e-01
1.494261026382446289e+00
2.887579798698425293e-01
-1.287976652383804321e-01
9.834910035133361816e-01
-4.318881332874298096e-01
-3.274148106575012207e-01
