1.042318463325500488e+00
1.032675743103027344e+00
1.189119458198547363e+00
3.721207380294799805e-01
1.152884602546691895e+00
3.025017261505126953e+00
-1.966400258243083954e-02
-9.517598748207092285e-01
-2.293040901422500610e-01
6.164392828941345215e-01
2.857037782669067383e-01
1.739703893661499023e+00
8.993345499038696289e-01
7.664653658866882324e-01
-8.631956577301025391e-01
1.093271449208259583e-01
-9.302799701690673828e-01
1.953943133354187012e+00
-1.916668653488159180e+00
-8.682796955108642578e-01
4.999412298202514648e-01
9.034301042556762695e-01
1.052880406379699707e+00
-8.801510930061340332e-01
-6.914886832237243652e-01
-3.046655356884002686e-01
6.922991871833801270e-01
-9.871810078620910645e-01
-5.333659648895263672e-01
-2.797638177871704102e-01
4.689746201038360596e-01
-5.342614650726318359e-01
2.249301671981811523e+00
-1.015397667884826660e+00
-1.403360486030578613e+00
1.711175441741943359e-01
9.163399934768676758e-01
2.107842683792114258e+00
-1.796734809875488281e+00
-3.281467556953430176e-01
-1.624094367027282715e+00
-1.505874991416931152e+00
1.811805605888366699e+00
1.650543570518493652e+00
-1.285685658454895020e+00
1.263066530227661133e-01
-7.346955537796020508e-01
2.483352661132812500e+00
-2.274176120758056641e+00
1.478007733821868896e-01
-2.778930366039276123e-01
-1.363664269447326660e+00
7.896558046340942383e-01
2.814989686012268066e-01
1.393849730491638184e+00
-3.502793610095977783e-01
3.908570706844329834e-01
3.651919960975646973e-01
1.010631322860717773e+00
3.436324298381805420e-01
-3.064808547496795654e-01
1.646875262260437012e+00
9.242478013038635254e-01
-1.143517971038818359e+00
8.379868865013122559e-01
-4.159941673278808594e-01
-7.135650515556335449e-01
2.114840269088745117e+00
8.847287297248840332e-01
-1.329208463430404663e-01
1.558245539665222168e+00
-9.899601936340332031e-01
-2.284638136625289917e-01
7.510930299758911133e-01
-9.286470413208007812e-01
-2.061715841293334961e+00
1.521943569183349609e+00
1.165813431143760681e-01
-3.955799341201782227e-01
-3.209553360939025879e-01
9.441604614257812500e-01
8.425419330596923828e-01
-2.006179571151733398e+00
-5.740852952003479004e-01
-4.768840968608856201e-01
-2.037430524826049805e+00
2.472584992647171021e-01
-2.124988555908203125e+00
-3.238447904586791992e-01
3.265926837921142578e-01
7.444038391113281250e-01
-2.192285537719726562e+00
-1.870458006858825684e+00
1.231709122657775879e+00
1.343753457069396973e+00
-1.516520977020263672e+00
1.509419798851013184e+00
-4.941833317279815674e-01
6.698320508003234863e-01
-2.717139482498168945e+00
-1.393553972244262695e+00
9.934785962104797363e-01
-1.822927355766296387e+00
3.802632987499237061e-01
1.789706826210021973e+00
-7.693898677825927734e-01
3.635594546794891357e-01
-1.220224350690841675e-01
-5.377282500267028809e-01
-2.026870995759963989e-01
8.318887948989868164e-01
-4.377355575561523438e-01
2.482493817806243896e-01
-8.828414082527160645e-01
9.711709618568420410e-01
-2.187850236892700195e+00
1.622414290904998779e-01
-6.098217368125915527e-01
-1.947852134704589844e+00
1.953668296337127686e-01
-1.055911183357238770e+00
-1.381406664848327637e+00
2.159329414367675781e+00
-3.919104635715484619e-01
-9.248601198196411133e-01
6.515739560127258301e-01
-1.526597023010253906e+00
3.107515908777713776e-02
