3.511732578277587891e+00
-1.572094202041625977e+00
5.389667153358459473e-01
-3.373053371906280518e-01
1.934080123901367188e-01
2.420673370361328125e+00
2.799677848815917969e-01
3.963736891746520996e-01
-3.291880786418914795e-01
-2.051881790161132812e+00
-7.913069427013397217e-02
1.440682172775268555e+00
2.670325636863708496e-01
-2.338474750518798828e+00
1.365007996559143066e+00
4.228751361370086670e-01
-1.281359076499938965e+00
5.971381664276123047e-01
-1.506039857864379883e+00
4.116737544536590576e-01
-4.537123814225196838e-02
1.949558973312377930e+00
-5.060604214668273926e-01
1.847328186035156250e+00
3.548151254653930664e-01
-3.963054120540618896e-01
-5.191302299499511719e-01
6.736685037612915039e-01
-2.327837795019149780e-01
-1.987311542034149170e-01
6.179108619689941406e-01
-2.734375298023223877e-01
-1.797268867492675781e+00
7.140849828720092773e-01
5.210427641868591309e-01
8.400140404701232910e-01
-9.556710124015808105e-01
1.606341004371643066e+00
-1.014919877052307129e+00
5.121204853057861328e-01
-1.616190075874328613e-01
4.851125180721282959e-01
1.631812810897827148e+00
2.234404802322387695e+00
-9.180699586868286133e-01
-1.896238625049591064e-01
2.283041775226593018e-01
-3.377134799957275391e-01
-4.245316982269287109e-01
-3.321211934089660645e-01
-7.599243521690368652e-01
-3.768233060836791992e-01
-7.607711553573608398e-01
-8.592807650566101074e-01
1.957860231399536133e+00
9.789825975894927979e-02
-1.627892851829528809e+00
1.394833445549011230e+00
7.121051549911499023e-01
9.850288927555084229e-02
-8.434756398200988770e-01
1.919747591018676758e+00
5.054021477699279785e-01
-2.543151378631591797e-01
1.160325646400451660e+00
-4.401932284235954285e-02
-1.548674404621124268e-01
3.242809474468231201e-01
-5.952801108360290527e-01
8.283563256263732910e-01
1.138726353645324707e+00
-1.842382848262786865e-01
-3.300997912883758545e-01
9.218608736991882324e-01
5.977552533149719238e-01
1.174583315849304199e+00
1.350001811981201172e+00
-3.412181735038757324e-01
-1.249739170074462891e+00
-7.335014343261718750e-01
6.446696519851684570e-01
-2.677676677703857422e+00
-5.436456203460693359e-01
5.597561597824096680e-01
1.479934453964233398e+00
-6.457981467247009277e-01
-2.015067815780639648e+00
1.135681867599487305e+00
-4.686326682567596436e-01
-5.348265171051025391e-01
-5.935428142547607422e-01
9.577609896659851074e-01
-1.010553017258644104e-01
1.536902785301208496e+00
1.301674723625183105e+00
-1.615849375724792480e+00
-2.232500791549682617e+00
-2.915202379226684570e+00
5.935685634613037109e-01
-4.120080471038818359e-01
-1.146059870719909668e+00
4.808011353015899658e-01
-2.893946409225463867e+00
9.316512942314147949e-02
5.217458009719848633e-01
-8.583863377571105957e-01
1.788596034049987793e+00
2.653566598892211914e-01
-3.504549562931060791e-01
-2.149025201797485352e+00
-1.352902770042419434e+00
-3.358933329582214355e-01
1.491508930921554565e-01
-3.249878287315368652e-01
2.060387849807739258e+00
-1.836053133010864258e-01
2.696341574192047119e-01
2.837433815002441406e-01
-2.261850386857986450e-01
-1.506657123565673828e+00
-7.222430109977722168e-01
3.113770484924316406e-01
1.689772121608257294e-02
4.428508579730987549e-01
-1.323245763778686523e+00
1.613153219223022461e-01
-6.360382437705993652e-01
-1.316212534904479980e+00
