-1.817924976348876953e+00
4.957572221755981445e-01
-3.718031048774719238e-01
2.925698161125183105e-01
-1.655269622802734375e+00
-1.053752064704895020e+00
1.245996952056884766e+00
-8.039223961532115936e-03
-6.232582926750183105e-01
-4.102857708930969238e-01
-1.067476272583007812e+00
1.348930120468139648e+00
-3.165404319763183594e+00
-1.524152636528015137e+00
1.730501532554626465e+00
1.251024484634399414e+00
-1.187324762344360352e+00
1.169457554817199707e+00
1.239919900894165039e+00
6.617369055747985840e-01
1.483713507652282715e+00
-5.745529532432556152e-01
8.518788814544677734e-01
2.464236259460449219e+00
-1.957592129707336426e+00
5.392357707023620605e-01
-2.110662460327148438e+00
3.155057430267333984e-01
-2.662973403930664062e-01
1.010489225387573242e+00
3.127359449863433838e-01
5.896334052085876465e-01
-1.415539383888244629e+00
1.578656435012817383e+00
5.943739414215087891e-01
-1.039963245391845703e+00
2.821689844131469727e+00
-6.316922307014465332e-01
-2.357150316238403320e+00
-4.304727554321289062e+00
-2.061415314674377441e-01
1.589031696319580078e+00
1.837475776672363281e+00
1.192381754517555237e-01
-1.484771847724914551e+00
1.007950186729431152e+00
1.958013884723186493e-02
1.307067632675170898e+00
9.382373690605163574e-01
2.520655155181884766e+00
5.901463031768798828e-01
1.506305187940597534e-01
-2.231253147125244141e+00
-2.390096187591552734e-01
2.271409183740615845e-01
8.804184198379516602e-01
3.486486673355102539e+00
-4.085755944252014160e-01
6.242058053612709045e-02
-6.620802730321884155e-02
2.111108303070068359e-01
1.125146001577377319e-01
-2.447430491447448730e-01
-8.228908777236938477e-01
3.036786019802093506e-01
1.168300490826368332e-02
1.313738107681274414e+00
-1.062213778495788574e+00
4.922496974468231201e-01
9.592206478118896484e-01
8.775571584701538086e-01
1.186342239379882812e+00
2.213149517774581909e-01
5.477151870727539062e-01
9.453545212745666504e-01
-2.740057408809661865e-01
1.097556471824645996e+00
6.104443669319152832e-01
9.411764144897460938e-01
-2.014316320419311523e+00
5.234699323773384094e-02
-1.970156788825988770e+00
2.040135145187377930e+00
-1.641623377799987793e-01
-4.739100337028503418e-01
-6.398421525955200195e-01
1.255090832710266113e+00
-1.413071393966674805e+00
-1.051443099975585938e+00
-8.487216234207153320e-01
2.928386926651000977e-01
-5.148939490318298340e-01
-8.142626285552978516e-01
-1.389253020286560059e+00
-2.280011177062988281e+00
-2.410919427871704102e+00
1.393371462821960449e+00
2.197084426879882812e-01
-1.807205379009246826e-02
9.092174172401428223e-01
8.624087572097778320e-01
3.789184391498565674e-01
1.522112488746643066e-01
1.436481118202209473e+00
2.053960800170898438e+00
1.112528920173645020e+00
-1.446248173713684082e+00
-3.441070318222045898e-01
-7.348074316978454590e-01
-1.353790640830993652e+00
6.155030727386474609e-01
-2.616706490516662598e-01
2.653088271617889404e-01
-8.742679357528686523e-01
9.204566478729248047e-01
-7.322017550468444824e-01
1.450714319944381714e-01
-1.108512401580810547e+00
-3.981437683105468750e-01
-7.044128179550170898e-01
-1.395323872566223145e+00
1.064436789602041245e-02
-9.898990392684936523e-01
-2.316326379776000977e+00
5.032770037651062012e-01
4.280747473239898682e-01
-1.041054964065551758e+00
-1.953246355056762695e+00
