1.401456356048583984e+00
-1.256462574005126953e+00
-7.062084078788757324e-01
5.238274931907653809e-01
1.742637634277343750e+00
-6.365132331848144531e-01
3.837300539016723633e-01
-4.205130636692047119e-01
-2.386307001113891602e+00
-2.189977765083312988e-01
1.187065616250038147e-02
-5.323157906532287598e-01
-5.689636468887329102e-01
-2.911810159683227539e+00
1.006185337901115417e-01
7.184481620788574219e-01
-3.515026569366455078e-01
2.210460424423217773e+00
-1.086894035339355469e+00
1.739497184753417969e+00
1.071355700492858887e+00
-6.379390358924865723e-01
-1.104664057493209839e-01
1.115153059363365173e-01
1.389346241950988770e+00
1.943543672561645508e+00
-1.651199162006378174e-01
-3.976108133792877197e-01
1.789963960647583008e+00
-1.235615134239196777e+00
-2.779479026794433594e-01
2.381845116615295410e-01
2.582731544971466064e-01
3.813764750957489014e-01
5.155726671218872070e-01
-6.321812272071838379e-01
-1.484666317701339722e-01
3.878916501998901367e-01
9.465233683586120605e-01
1.462965369224548340e+00
2.530098557472229004e-01
-2.262283325195312500e+00
1.357898354530334473e+00
1.192771673202514648e+00
-2.124940872192382812e+00
6.493084430694580078e-01
-1.046725869178771973e+00
-3.232529163360595703e-01
1.374857127666473389e-01
1.806261658668518066e+00
1.409629225730895996e+00
-1.200998067855834961e+00
1.045072674751281738e+00
3.232059776782989502e-01
-1.595668122172355652e-02
1.850716352462768555e+00
2.231955528259277344e+00
2.722494304180145264e-01
-3.702114820480346680e+00
-5.719796419143676758e-01
1.462243497371673584e-01
2.077811956405639648e+00
-2.035228252410888672e+00
-6.510718464851379395e-01
5.335938930511474609e-01
6.374960541725158691e-01
1.871266841888427734e+00
1.798966407775878906e+00
-5.966820716857910156e-01
-7.662295699119567871e-01
3.210383057594299316e-01
-1.340569615364074707e+00
-1.680334925651550293e+00
1.013410210609436035e+00
-7.028040885925292969e-01
-1.813274770975112915e-01
-1.597826719284057617e+00
-1.811226963996887207e+00
-4.152895510196685791e-01
-1.187808036804199219e+00
-1.676649898290634155e-01
-5.302082896232604980e-01
7.264418601989746094e-01
2.438023984432220459e-01
1.057346820831298828e+00
-1.173143029212951660e+00
5.965576767921447754e-01
-1.000043988227844238e+00
1.393505036830902100e-01
-7.380768656730651855e-01
-1.117058634757995605e+00
-1.245736360549926758e+00
-9.050486683845520020e-01
3.537676811218261719e+00
-1.255590677261352539e+00
-1.179391264915466309e+00
-2.278479486703872681e-01
1.310141682624816895e+00
2.418071031570434570e+00
4.829888343811035156e-01
-1.536162383854389191e-02
1.316343665122985840e+00
7.855190038681030273e-01
2.998289465904235840e-01
-1.801017880439758301e+00
-3.930476605892181396e-01
-1.657884955406188965e+00
-6.494545340538024902e-01
-8.878482580184936523e-01
-1.057354450225830078e+00
-1.327557206153869629e+00
-7.454283833503723145e-01
-9.787271022796630859e-01
8.002141714096069336e-01
-4.942915141582489014e-01
-2.268148422241210938e+00
8.751373887062072754e-01
-1.008240222930908203e+00
-2.695351541042327881e-01
1.981563091278076172e+00
5.605289936065673828e-01
6.290487647056579590e-01
-1.072587370872497559e+00
-1.777531504631042480e-01
-9.407945871353149414e-01
1.730041742324829102e+00
9.238414764404296875e-01
8.053259849548339844e-01
