7.388783097267150879e-01
-7.687583565711975098e-01
5.945065021514892578e-01
-2.431579351425170898e+00
-2.642820119857788086e+00
-1.629489213228225708e-01
2.285924434661865234e+00
1.780735373497009277e+00
-7.838832736015319824e-01
-9.730672836303710938e-01
1.833329319953918457e+00
-1.726529598236083984e-01
2.726508378982543945e+00
7.099405676126480103e-02
7.959667444229125977e-01
-1.199968099594116211e+00
-1.874021142721176147e-01
7.015082240104675293e-01
-1.459161162376403809e+00
1.870048165321350098e+00
2.303104400634765625e-01
-2.096529491245746613e-02
8.388808965682983398e-01
2.702457666397094727e+00
-1.547671556472778320e+00
-1.207415238022804260e-01
-5.296348407864570618e-02
-1.149165511131286621e+00
9.375068545341491699e-02
1.175517797470092773e+00
-1.623370170593261719e+00
-2.404719591140747070e+00
-5.790347456932067871e-01
-2.417284250259399414e+00
5.459061861038208008e-01
1.179609656333923340e+00
-1.443251609802246094e+00
-3.310210108757019043e-01
-2.729761898517608643e-01
-1.788703918457031250e+00
-1.561964988708496094e+00
-6.344263553619384766e-01
1.497485876083374023e+00
5.656690001487731934e-01
1.431521415710449219e+00
1.723000884056091309e+00
3.240371346473693848e-01
1.480335116386413574e+00
-3.703432083129882812e-01
1.142729759216308594e+00
1.153890728950500488e+00
-9.296202063560485840e-01
1.416073203086853027e+00
1.001361131668090820e+00
-1.234626621007919312e-01
-1.317129373550415039e+00
6.633855700492858887e-01
3.907552063465118408e-01
4.105722010135650635e-01
1.523909091949462891e+00
9.498041272163391113e-01
-5.287311673164367676e-01
-4.414939284324645996e-01
6.372237205505371094e-01
3.680976629257202148e-01
-1.982161045074462891e+00
1.697040081024169922e+00
-9.129363894462585449e-01
-9.783104062080383301e-02
2.004999667406082153e-01
1.009931921958923340e+00
1.366687297821044922e+00
2.465350866317749023e+00
-5.451069474220275879e-01
-7.231452465057373047e-01
-1.886826872825622559e+00
-1.637766361236572266e+00
-1.747850060462951660e+00
-1.602912068367004395e+00
-1.057217478752136230e+00
-1.101580977439880371e+00
2.929992079734802246e-01
-1.964741647243499756e-01
-8.594326376914978027e-01
2.108092069625854492e+00
-3.749862909317016602e-01
-2.710044384002685547e-01
6.756012439727783203e-01
-1.473519206047058105e+00
4.292351007461547852e-01
5.838511139154434204e-02
-2.238699436187744141e+00
-1.635430604219436646e-01
4.405772686004638672e-01
1.636648416519165039e+00
-5.755126848816871643e-02
1.232839107513427734e+00
5.155770778656005859e-01
2.383634299039840698e-01
2.478821516036987305e+00
1.225560545921325684e+00
-4.534336030483245850e-01
-7.430831789970397949e-01
-1.099773049354553223e+00
2.036468267440795898e+00
1.018490672111511230e+00
-1.034380346536636353e-01
1.139133691787719727e+00
6.108952313661575317e-02
-1.336899995803833008e+00
-3.157423436641693115e-01
-3.664454519748687744e-01
-1.992785692214965820e+00
-1.351312160491943359e+00
1.228135228157043457e+00
-2.245220243930816650e-01
4.943833053112030029e-01
-7.664897441864013672e-01
-1.821224212646484375e+00
-8.891154527664184570e-01
-8.377550244331359863e-01
-6.072724461555480957e-01
1.049073934555053711e+00
-1.129749059677124023e+00
-7.881832718849182129e-01
-1.306082367897033691e+00
1.214097857475280762e+00
1.204447150230407715e+00
