2.123929709196090698e-01
6.435352563858032227e-01
-5.317487120628356934e-01
8.923970907926559448e-02
-1.967846602201461792e-01
-2.573831558227539062e+00
-5.939412713050842285e-01
-1.189817070960998535e+00
-1.187576174736022949e+00
5.052321031689643860e-02
-1.105674028396606445e+00
5.449031591415405273e-01
6.163307428359985352e-01
-1.386924743652343750e+00
2.390721321105957031e+00
1.315344572067260742e+00
-7.532218098640441895e-01
6.679548621177673340e-01
-2.174489647150039673e-01
1.090389728546142578e+00
-2.147397249937057495e-01
2.402779579162597656e+00
7.457060217857360840e-01
-7.335112094879150391e-01
-1.533805370330810547e+00
1.646739363670349121e+00
3.546484410762786865e-01
8.386225253343582153e-02
3.597513139247894287e-01
-1.291725039482116699e-01
-1.701183915138244629e+00
2.459521293640136719e-01
-1.714990586042404175e-01
8.287792205810546875e-01
1.001678824424743652e+00
1.383938342332839966e-01
-1.945940613746643066e+00
-8.082258105278015137e-01
1.950007081031799316e+00
-2.172308921813964844e+00
1.724985122680664062e+00
7.023329734802246094e-01
1.331151485443115234e+00
2.096434593200683594e+00
7.954857945442199707e-01
-1.007192730903625488e+00
4.939998313784599304e-02
2.492754533886909485e-02
5.931104421615600586e-01
2.469855070114135742e+00
1.356903314590454102e+00
-9.943222403526306152e-01
2.721580564975738525e-01
-2.835704088211059570e-01
-1.637014269828796387e+00
1.012700200080871582e+00
-9.815222620964050293e-01
2.183927059173583984e+00
-9.757694005966186523e-01
2.613686800003051758e+00
1.879964232444763184e+00
7.139125466346740723e-01
5.046981573104858398e-02
9.043466448783874512e-01
1.897590279579162598e+00
-3.399901092052459717e-01
-7.655251026153564453e-01
7.341340780258178711e-01
1.796241104602813721e-01
-8.396964073181152344e-01
-4.875177741050720215e-01
-9.214895218610763550e-02
1.379300951957702637e+00
-2.162257879972457886e-01
1.289508223533630371e+00
-1.131669521331787109e+00
-2.179425209760665894e-02
-5.878026485443115234e-01
9.082666039466857910e-01
-2.878593683242797852e+00
-6.037691831588745117e-01
1.907383203506469727e+00
-7.565991878509521484e-01
-8.171604275703430176e-01
3.432094573974609375e+00
-2.696008920669555664e+00
-1.493543028831481934e+00
1.887159049510955811e-01
2.857998572289943695e-02
1.140460133552551270e+00
-1.144961595535278320e+00
-1.557883501052856445e+00
2.069061100482940674e-01
1.615046501159667969e+00
-1.974549531936645508e+00
-9.924068450927734375e-01
1.006071329116821289e+00
1.261234879493713379e+00
-6.966209411621093750e-01
8.893858790397644043e-01
-1.754393577575683594e+00
-2.169245928525924683e-01
2.149313926696777344e+00
-1.513684511184692383e+00
-1.474006891250610352e+00
4.546142816543579102e-01
-1.828411102294921875e+00
6.150664091110229492e-01
-8.875104188919067383e-01
-1.822014093399047852e+00
-4.922263026237487793e-01
2.353714406490325928e-01
-1.926202297210693359e+00
-8.761529922485351562e-01
-1.191410660743713379e+00
1.867543101310729980e+00
-5.659716129302978516e-01
9.103327393531799316e-01
-1.827952980995178223e+00
8.995922803878784180e-01
-2.769337035715579987e-02
1.214748769998550415e-01
-1.625236868858337402e+00
-2.366598129272460938e+00
8.285969495773315430e-02
-5.942378640174865723e-01
-5.500327348709106445e-01
1.101746678352355957e+00
