-1.173292040824890137e+00
1.104179620742797852e+00
-6.315751075744628906e-01
1.119676381349563599e-01
-3.422061726450920105e-02
9.109904766082763672e-01
5.416384339332580566e-01
-1.097173452377319336e+00
1.459103703498840332e+00
-8.899035453796386719e-01
-5.491671338677406311e-02
8.619608879089355469e-01
-7.595322728157043457e-01
7.635947316884994507e-03
-1.107946753501892090e+00
-7.695230841636657715e-01
2.576413452625274658e-01
4.977414011955261230e-01
-2.167190192267298698e-03
-1.935554862022399902e+00
-4.192966818809509277e-01
-1.878870844841003418e+00
-1.452883720397949219e+00
8.530284166336059570e-01
-1.934834480285644531e+00
2.819402702152729034e-02
1.987603306770324707e+00
-1.693600177764892578e+00
1.476970076560974121e+00
4.647368490695953369e-01
2.222671508789062500e+00
-3.496577501296997070e+00
-1.932371258735656738e+00
1.200377702713012695e+00
-9.891472458839416504e-01
-4.416818320751190186e-01
-2.358272522687911987e-01
-1.813281774520874023e+00
6.682050228118896484e-01
-8.862656950950622559e-01
-4.977228045463562012e-01
3.317082524299621582e-01
1.363459110260009766e+00
1.572104692459106445e-01
1.044114306569099426e-01
1.795285582542419434e+00
6.636297106742858887e-01
-8.384041190147399902e-01
1.390840709209442139e-01
-1.916307955980300903e-01
4.681828022003173828e-01
-1.537129521369934082e+00
-1.258306503295898438e+00
3.851927816867828369e-01
-1.291441798210144043e+00
9.293870627880096436e-02
1.873358845710754395e+00
1.768456697463989258e-01
1.821421504020690918e+00
-5.596749782562255859e-01
-5.252910256385803223e-01
3.115161895751953125e+00
-7.558596730232238770e-01
9.687113165855407715e-01
2.000831127166748047e+00
-1.074506878852844238e+00
2.934206247329711914e+00
-1.232337474822998047e+00
7.426000237464904785e-01
-6.111522391438484192e-02
9.865449666976928711e-01
-1.185063958168029785e+00
1.530968308448791504e+00
-3.260376751422882080e-01
-2.191680431365966797e+00
-1.042165398597717285e+00
2.577901184558868408e-01
3.012283938005566597e-03
7.705160975456237793e-01
-2.026763200759887695e+00
1.218408346176147461e+00
-3.503454625606536865e-01
4.527882039546966553e-01
-6.696245074272155762e-01
1.641335368156433105e+00
4.063356295228004456e-02
-1.720633745193481445e+00
-2.816368341445922852e-01
7.145296037197113037e-02
1.812042474746704102e+00
1.171802282333374023e+00
-2.753323554992675781e+00
-7.623957395553588867e-01
2.920338392257690430e+00
-1.143112659454345703e+00
-1.189105629920959473e+00
3.449565470218658447e-01
2.223012745380401611e-01
6.327227354049682617e-01
1.568590283393859863e+00
2.466175854206085205e-01
-3.637504577636718750e-01
8.022356033325195312e-01
1.225337624549865723e+00
-2.353943735361099243e-01
-1.112623214721679688e+00
-5.888159871101379395e-01
1.179536342620849609e+00
2.509940266609191895e-01
-8.010717034339904785e-01
1.401653409004211426e+00
1.574276924133300781e+00
3.501552939414978027e-01
-2.039486646652221680e+00
4.056514203548431396e-01
-4.896948933601379395e-01
1.063117980957031250e+00
2.955652475357055664e-01
-3.102284431457519531e+00
1.694123268127441406e+00
-3.441435396671295166e-01
2.781203389167785645e-01
1.740876197814941406e+00
1.644529402256011963e-01
-4.116322696208953857e-01
-1.807266831398010254e+00
-4.804695546627044678e-01
-1.541430592536926270e+00
