-9.053051471710205078e-01
-5.111806988716125488e-01
1.282769292593002319e-01
3.473996222019195557e-01
-8.702833950519561768e-02
-4.122730493545532227e-01
1.866749048233032227e+00
-6.920742392539978027e-01
-1.817750692367553711e+00
-3.907317221164703369e-01
-1.779648065567016602e+00
8.956057429313659668e-01
-1.574132442474365234e+00
-3.345045328140258789e+00
2.172080039978027344e+00
1.319981694221496582e+00
-4.560499489307403564e-01
1.221728444099426270e+00
3.750607371330261230e-01
4.730290770530700684e-01
1.548150897026062012e+00
4.557676017284393311e-01
3.839808106422424316e-01
2.114372730255126953e+00
-1.735346436500549316e+00
5.917587280273437500e-01
-1.313892602920532227e+00
-1.109410762786865234e+00
-4.318901300430297852e-01
5.920794606208801270e-01
7.615811228752136230e-01
4.548575878143310547e-01
-1.526617169380187988e+00
8.050255477428436279e-02
1.608945250511169434e+00
6.996305286884307861e-02
4.000646591186523438e+00
-6.232277750968933105e-01
-2.293073654174804688e+00
-3.451629877090454102e+00
1.002623558044433594e+00
9.184942245483398438e-01
1.917903065681457520e+00
-4.998673200607299805e-01
-1.527509927749633789e+00
-5.408900976181030273e-01
-3.733136355876922607e-01
7.209916710853576660e-01
1.465305447578430176e+00
9.035360813140869141e-01
8.768702149391174316e-01
-2.035855203866958618e-01
-3.386020898818969727e+00
-1.696116030216217041e-01
-1.560583561658859253e-01
4.669486284255981445e-01
1.768501162528991699e+00
2.404284328222274780e-01
7.833575010299682617e-01
-3.546521365642547607e-01
1.183232307434082031e+00
-3.447791039943695068e-01
1.420825839042663574e+00
-1.134716391563415527e+00
-1.111474394798278809e+00
-3.102287948131561279e-01
1.565411567687988281e+00
-6.050288677215576172e-01
-4.814928472042083740e-01
5.277894139289855957e-01
8.241431117057800293e-01
5.801334977149963379e-01
2.136075496673583984e-01
4.398405551910400391e-01
1.033450737595558167e-01
-9.803265333175659180e-01
-5.137669444084167480e-01
2.834361195564270020e-01
8.341274261474609375e-01
-1.599427938461303711e+00
-4.064852893352508545e-01
-4.850060343742370605e-01
9.610211849212646484e-01
-1.020031748339533806e-03
1.165501713752746582e+00
4.601480960845947266e-01
-4.315457344055175781e-01
-5.118064582347869873e-02
-1.844419956207275391e+00
-1.695453375577926636e-01
2.947005510330200195e+00
-1.460193991661071777e+00
-3.726309165358543396e-02
-2.558787345886230469e+00
-2.044706344604492188e+00
-1.822124838829040527e+00
1.479993104934692383e+00
2.702141106128692627e-01
-3.621277213096618652e-01
-1.021180272102355957e+00
2.706774175167083740e-01
3.894896507263183594e-01
-2.542133927345275879e-01
1.407863974571228027e+00
1.092677593231201172e+00
4.854065552353858948e-02
-2.811206579208374023e+00
-5.242981314659118652e-01
1.580496191978454590e+00
-4.636349976062774658e-01
2.045536994934082031e+00
-1.046225905418395996e+00
-1.599602401256561279e-01
-1.200078725814819336e-01
2.326512485742568970e-01
-7.341236621141433716e-02
-3.133717477321624756e-01
-6.299735307693481445e-01
-6.442357897758483887e-01
5.386130809783935547e-01
-3.244211375713348389e-01
-8.384616374969482422e-01
1.369117736816406250e+00
-1.081993341445922852e+00
2.420225888490676880e-01
9.061518907546997070e-01
-6.902338862419128418e-01
-7.720986008644104004e-01
