2.841012775897979736e-01
-1.949208229780197144e-02
-1.231399536132812500e+00
-2.305859804153442383e+00
-4.381232857704162598e-01
-9.476067423820495605e-01
2.358579874038696289e+00
6.521788239479064941e-01
-7.737379074096679688e-01
4.473665356636047363e-01
8.105819821357727051e-01
1.263456344604492188e+00
1.163665652275085449e+00
-4.465208575129508972e-02
4.572085142135620117e-01
1.044526696205139160e+00
6.900992393493652344e-01
-6.601791083812713623e-02
-2.594016313552856445e+00
-7.397100329399108887e-01
1.855671256780624390e-01
-5.416409969329833984e-01
6.813732385635375977e-01
1.308269619941711426e+00
-1.147369861602783203e+00
-3.020348250865936279e-01
-5.289440974593162537e-02
-3.307896554470062256e-01
1.579529762268066406e+00
7.819288223981857300e-02
2.495272457599639893e-01
-2.976017236709594727e+00
-2.004336565732955933e-01
2.359000921249389648e+00
1.650773406028747559e+00
-4.656518101692199707e-01
-1.919980287551879883e+00
2.883372306823730469e-01
9.411949515342712402e-01
-8.369455337524414062e-01
1.554379582405090332e+00
1.529946684837341309e+00
1.142656087875366211e+00
1.729343533515930176e+00
5.823079347610473633e-01
-1.011336371302604675e-01
-2.740575671195983887e-01
2.912109851837158203e+00
8.019977807998657227e-01
2.074628114700317383e+00
-9.434095025062561035e-01
2.995571196079254150e-01
-2.378534376621246338e-01
-3.650049269199371338e-01
-5.571455955505371094e-01
1.219105124473571777e+00
1.719546616077423096e-01
2.095267176628112793e-01
-2.113276243209838867e+00
7.618145942687988281e-01
-1.082453846931457520e+00
6.869996786117553711e-01
-2.788236737251281738e-01
-2.520278096199035645e-01
-2.903008274734020233e-02
-1.748931527137756348e+00
6.798660755157470703e-01
-2.026413334533572197e-03
-9.266675710678100586e-01
6.645047068595886230e-01
2.931018173694610596e-01
-1.844404101371765137e+00
1.620931863784790039e+00
8.732752874493598938e-03
-9.768500924110412598e-02
-9.579805731773376465e-01
1.416869878768920898e+00
-4.409611821174621582e-01
-1.308053135871887207e+00
-2.882424354553222656e+00
-2.271923065185546875e+00
-4.057405292987823486e-01
-1.139245629310607910e+00
-5.709803700447082520e-01
2.534753084182739258e+00
1.511241436004638672e+00
-1.892657279968261719e-01
-7.404246330261230469e-01
-6.458170413970947266e-01
-1.084476470947265625e+00
2.139795720577239990e-01
-2.237340807914733887e-01
-1.652126431465148926e+00
2.555093288421630859e+00
8.205519318580627441e-01
1.763515830039978027e+00
1.426346182823181152e+00
1.738559603691101074e+00
9.957168996334075928e-02
8.819131255149841309e-01
3.229971885681152344e+00
-2.736975252628326416e-01
8.869268894195556641e-01
-1.154461622238159180e+00
-1.996400833129882812e+00
9.165853857994079590e-01
-2.307019710540771484e+00
-3.510581552982330322e-01
3.402234017848968506e-01
-4.142870195209980011e-03
1.216337680816650391e-01
1.160775899887084961e+00
3.421200215816497803e-01
-5.017635822296142578e-01
1.672404110431671143e-01
1.480310857295989990e-01
-5.026597976684570312e-01
-8.363818526268005371e-01
-1.266065597534179688e+00
3.677472472190856934e-01
5.723189115524291992e-01
-1.050806045532226562e+00
-1.818457365036010742e+00
-1.005748391151428223e+00
-7.685222029685974121e-01
-1.862702965736389160e+00
-7.677261233329772949e-01
-2.965012788772583008e-01
