-1.757093310356140137e+00
-2.100020170211791992e+00
1.095546364784240723e+00
-2.680168449878692627e-01
-9.067658782005310059e-01
3.245885670185089111e-01
2.096089839935302734e+00
-7.500223517417907715e-01
-3.985191583633422852e-01
-4.593364298343658447e-01
6.888921856880187988e-01
1.265354990959167480e+00
-5.063515305519104004e-01
-1.860557943582534790e-01
9.793253540992736816e-01
6.079217791557312012e-01
-9.015979766845703125e-01
1.064139604568481445e+00
1.703821063041687012e+00
-7.747234702110290527e-01
-1.407365202903747559e+00
-4.773339629173278809e-02
1.364211916923522949e+00
1.481767177581787109e+00
-1.663670063018798828e+00
-7.240813374519348145e-01
4.021463170647621155e-02
-1.765232086181640625e+00
1.087307929992675781e+00
1.765948534011840820e+00
-6.746491193771362305e-01
9.061791300773620605e-01
-1.808551102876663208e-01
1.026800751686096191e+00
-1.951808452606201172e+00
1.966423153877258301e+00
1.161171674728393555e+00
-1.232793211936950684e+00
-6.447344422340393066e-01
-2.351398706436157227e+00
8.737292140722274780e-02
1.328492611646652222e-01
1.580207228660583496e+00
-1.096002936363220215e+00
-2.695846557617187500e-01
1.066626906394958496e+00
-1.515284895896911621e+00
2.425793409347534180e-01
8.365957140922546387e-01
3.108688816428184509e-02
-1.184462308883666992e+00
-9.442071318626403809e-01
1.219560980796813965e+00
-1.349325537681579590e+00
-7.253744006156921387e-01
-6.559358835220336914e-01
3.939715027809143066e-01
6.724551320075988770e-01
-6.312277317047119141e-01
5.370771288871765137e-01
-2.286058425903320312e+00
1.902766585350036621e+00
-1.490721255540847778e-01
1.556772440671920776e-01
4.405933916568756104e-01
-1.178138375282287598e+00
-1.750396132469177246e+00
6.988423466682434082e-01
1.325443148612976074e+00
-1.148063659667968750e+00
2.354960203170776367e+00
-4.744640290737152100e-01
7.252447605133056641e-01
1.194857358932495117e+00
-5.811922550201416016e-01
3.113933503627777100e-01
-8.489912748336791992e-01
1.281907558441162109e+00
1.316640377044677734e+00
1.496150940656661987e-01
-3.242067694664001465e-01
-2.019176244735717773e+00
-7.155598998069763184e-01
3.128498559817671776e-03
2.374791800975799561e-01
-3.532166182994842529e-01
-1.110021114349365234e+00
-3.195161223411560059e-01
1.948950648307800293e+00
9.940632581710815430e-01
1.831176280975341797e+00
1.431977748870849609e+00
-2.939334511756896973e-01
1.150284409523010254e+00
-1.150218844413757324e+00
1.015671566128730774e-01
-8.294058442115783691e-01
-1.199851036071777344e+00
-8.470330834388732910e-01
-2.493541240692138672e-01
1.341306686401367188e+00
-1.107911109924316406e+00
1.952553629875183105e+00
9.230350852012634277e-01
6.215024590492248535e-01
7.555961608886718750e-01
-8.977585434913635254e-01
-1.415016412734985352e+00
-3.934967517852783203e-01
1.027873158454895020e+00
-1.077402710914611816e+00
5.176393389701843262e-01
-1.069395899772644043e+00
1.186927631497383118e-01
-4.284435510635375977e-02
-1.346876978874206543e+00
7.449887990951538086e-01
-5.438166856765747070e-01
-1.133626818656921387e+00
-4.507295489311218262e-01
-4.025649726390838623e-01
-1.167829394340515137e+00
1.724562525749206543e+00
-2.811838090419769287e-01
-7.398585677146911621e-01
5.939376354217529297e-01
-2.619776964187622070e+00
2.150752305984497070e+00
