1.874628543853759766e+00
-1.016506075859069824e+00
-1.080772876739501953e+00
6.063616275787353516e-01
1.013354808092117310e-01
-2.941452741622924805e+00
-7.422225475311279297e-01
-9.833452105522155762e-01
-1.669566750526428223e+00
-1.459930837154388428e-01
-3.679006695747375488e-01
-3.255593776702880859e-01
-4.986342489719390869e-01
-3.433228731155395508e-01
4.008170589804649353e-02
9.632617831230163574e-01
-1.034073829650878906e+00
1.328610062599182129e+00
1.575732231140136719e-01
9.183276891708374023e-01
-8.974078893661499023e-01
1.505694389343261719e-01
-3.979289829730987549e-01
6.541887521743774414e-01
5.426271557807922363e-01
-1.110639810562133789e+00
4.869628548622131348e-01
-2.931111678481101990e-02
1.075469374656677246e+00
-1.361528992652893066e+00
-1.950727939605712891e+00
1.106604218482971191e+00
1.824631839990615845e-01
3.508613109588623047e+00
-8.476141840219497681e-02
7.831351161003112793e-01
1.788157224655151367e-01
-5.088959932327270508e-01
-4.766285717487335205e-01
-2.513772249221801758e-01
3.555119276046752930e+00
-1.872805476188659668e+00
1.505087614059448242e+00
7.001922726631164551e-01
-6.015877723693847656e-01
-6.434994339942932129e-01
-1.333780050277709961e+00
3.527019917964935303e-01
-8.979102969169616699e-02
1.155678272247314453e+00
8.771815896034240723e-01
-8.680008351802825928e-02
-5.575341358780860901e-02
1.156235337257385254e+00
-9.474174380302429199e-01
1.738148331642150879e+00
2.184537649154663086e+00
1.362427771091461182e-01
8.571408390998840332e-01
6.277002692222595215e-01
-3.825474381446838379e-01
1.681491494178771973e+00
-6.048627495765686035e-01
1.034515857696533203e+00
-9.857516288757324219e-01
-1.416421413421630859e+00
1.390765905380249023e+00
2.755862712860107422e+00
1.296858072280883789e+00
-1.107523679733276367e+00
-3.913141787052154541e-01
-2.226562261581420898e+00
6.824214458465576172e-01
1.590181946754455566e+00
1.438939213752746582e+00
5.447536110877990723e-01
1.760399192571640015e-01
1.809151284396648407e-02
1.090055704116821289e-01
-1.186148643493652344e+00
-1.459951046854257584e-02
1.039646863937377930e+00
8.661567419767379761e-02
4.715442955493927002e-01
2.785519838333129883e+00
-3.353395462036132812e-01
-6.790004968643188477e-01
2.949695587158203125e-01
-2.146675109863281250e+00
1.768243759870529175e-01
-1.780472844839096069e-01
1.528769135475158691e+00
3.249907195568084717e-01
1.603236913681030273e+00
-3.588045358657836914e+00
1.010309219360351562e+00
4.143638610839843750e-01
-1.035096406936645508e+00
-1.104338541626930237e-01
-1.833118200302124023e+00
-5.099396705627441406e-01
1.047490909695625305e-01
-8.248259425163269043e-01
6.284758448600769043e-01
-1.887357354164123535e+00
-2.691095173358917236e-01
-1.663217782974243164e+00
-1.501880764961242676e+00
-4.677069485187530518e-01
-2.239871978759765625e+00
-4.804800748825073242e-01
7.210087776184082031e-01
-5.339457392692565918e-01
-3.415709435939788818e-01
-1.552309513092041016e+00
-2.588459253311157227e+00
-4.937407374382019043e-01
-5.531108975410461426e-01
-9.038977622985839844e-01
1.743038177490234375e+00
-1.695454120635986328e-01
1.586109638214111328e+00
-7.407314330339431763e-02
-1.085987985134124756e-01
-5.859757661819458008e-01
-3.178909718990325928e-01
-6.402140259742736816e-01
7.151084542274475098e-01
