2.992335319519042969e+00
-1.081654071807861328e+00
1.696024417877197266e+00
4.765767157077789307e-01
-6.592179536819458008e-01
1.659297585487365723e+00
3.651518821716308594e-01
-1.100744605064392090e+00
-1.348198890686035156e+00
-1.576709985733032227e+00
1.406893968582153320e+00
6.919034719467163086e-01
-8.649091720581054688e-01
-5.647631362080574036e-02
-6.892450451850891113e-01
-8.064043521881103516e-01
-2.424122333526611328e+00
8.400676846504211426e-01
-1.720735073089599609e+00
-4.386295080184936523e-01
4.770221561193466187e-02
5.300447940826416016e-01
1.626599669456481934e+00
1.199839353561401367e+00
-2.139555215835571289e-01
-5.605461597442626953e-01
-1.237178683280944824e+00
-1.436980664730072021e-01
-2.911276519298553467e-01
1.042585253715515137e+00
8.786051869392395020e-01
-4.729384481906890869e-01
-2.301872968673706055e+00
6.559046506881713867e-01
1.224377512931823730e+00
1.129548311233520508e+00
4.786051511764526367e-01
4.811441600322723389e-01
2.832496166229248047e-01
2.375651895999908447e-01
1.013182699680328369e-01
-5.658554434776306152e-01
7.088501453399658203e-01
6.934919953346252441e-01
3.421283960342407227e-01
-5.915465354919433594e-01
-1.330986142158508301e+00
1.714026212692260742e+00
5.676519274711608887e-01
2.322031974792480469e+00
-1.320261478424072266e+00
-1.353534817695617676e+00
1.625487804412841797e+00
-1.797356307506561279e-01
2.453432321548461914e+00
5.570312142372131348e-01
-5.516562461853027344e-01
2.009892225265502930e+00
-1.605181582272052765e-02
2.857992410659790039e+00
7.641186565160751343e-02
1.311477184295654297e+00
-1.745368003845214844e+00
8.896526098251342773e-01
-1.149177670478820801e+00
-9.391521811485290527e-01
8.584442734718322754e-01
1.540041565895080566e+00
-1.086772561073303223e+00
4.862974882125854492e-01
-1.571752309799194336e+00
-5.671178549528121948e-02
-2.231052398681640625e+00
1.414000988006591797e+00
-1.585384607315063477e+00
-1.640395998954772949e+00
1.456578493118286133e+00
-6.965650320053100586e-01
-1.261133551597595215e+00
-5.541364550590515137e-01
2.496347188949584961e+00
9.833341836929321289e-02
-3.091966807842254639e-01
2.299631685018539429e-01
9.329262971878051758e-01
-6.536862850189208984e-01
8.713130950927734375e-01
9.787659645080566406e-01
-2.471636295318603516e+00
-1.687035150825977325e-02
-5.535367131233215332e-01
9.489711523056030273e-01
-5.715231299400329590e-01
9.948796778917312622e-02
4.266452789306640625e-01
-2.895521223545074463e-01
1.328089237213134766e+00
-7.632615044713020325e-03
1.093791797757148743e-01
2.933039367198944092e-01
-8.755035698413848877e-02
4.789798557758331299e-01
9.718389511108398438e-01
-6.023701429367065430e-01
-2.900225162506103516e+00
-6.072574853897094727e-01
1.568026095628738403e-02
-5.679484009742736816e-01
7.298470735549926758e-01
-4.243099391460418701e-01
7.456439733505249023e-01
1.012429833412170410e+00
1.014904379844665527e+00
-1.338842988014221191e+00
-7.482066750526428223e-01
-4.700517952442169189e-01
-1.555383563041687012e+00
-1.636811733245849609e+00
1.184002161026000977e+00
-3.165562152862548828e+00
-1.744216918945312500e+00
-2.785586714744567871e-01
-1.240342855453491211e+00
7.276591062545776367e-01
-9.524911642074584961e-01
7.783088684082031250e-01
-1.756129980087280273e+00
4.854232668876647949e-01
