9.539411067962646484e-01
-3.164581358432769775e-01
5.420226231217384338e-02
5.005026459693908691e-01
9.927324205636978149e-02
1.252035737037658691e+00
1.311032056808471680e+00
-5.779281258583068848e-01
-2.439972311258316040e-01
-1.921439021825790405e-01
8.892747163772583008e-01
-5.396545529365539551e-01
3.999218046665191650e-01
-1.155660033226013184e+00
-7.033328413963317871e-01
2.363929003477096558e-01
9.620290994644165039e-01
2.770133316516876221e-01
-2.461563825607299805e+00
8.174175024032592773e-01
2.494127273559570312e+00
-2.040455341339111328e+00
2.383173704147338867e+00
-9.151405096054077148e-02
-2.330984830856323242e+00
-2.213154792785644531e+00
1.512369036674499512e+00
1.087692499160766602e+00
-4.498021304607391357e-02
2.647436857223510742e-01
-5.786802172660827637e-01
-8.413666486740112305e-01
-9.721390604972839355e-01
-1.392508983612060547e+00
7.705416083335876465e-01
-7.983962297439575195e-01
-2.878146171569824219e-01
-1.500410914421081543e+00
-1.208358287811279297e+00
-9.900193214416503906e-01
7.350140810012817383e-01
-1.968275666236877441e+00
1.401735305786132812e+00
5.885075330734252930e-01
1.427906274795532227e+00
-7.573546171188354492e-01
-4.024067223072052002e-01
2.203640937805175781e+00
-6.469014286994934082e-01
1.305000901222229004e+00
6.911295056343078613e-01
-4.477528333663940430e-01
1.285053640604019165e-01
-1.749823451042175293e+00
6.539652943611145020e-01
-1.183390244841575623e-01
1.259887695312500000e+00
-7.735732793807983398e-01
6.144351363182067871e-01
1.832819104194641113e+00
-3.940972313284873962e-02
2.221285581588745117e+00
6.894599199295043945e-01
1.476445078849792480e+00
-6.080498695373535156e-01
-1.206162333488464355e+00
-5.744764581322669983e-02
3.136071264743804932e-01
-1.000609517097473145e+00
1.086956620216369629e+00
2.427169084548950195e+00
6.727421879768371582e-01
-1.435086429119110107e-01
3.751047700643539429e-02
6.695751845836639404e-02
-1.098145365715026855e+00
-1.763262152671813965e+00
-1.020562887191772461e+00
-6.141329556703567505e-02
-9.540324211120605469e-01
3.964480459690093994e-01
7.595731616020202637e-01
-1.720149159431457520e+00
-6.061601638793945312e-01
1.682425498962402344e+00
3.692420721054077148e-01
-1.733589529991149902e+00
-1.568680167198181152e+00
1.815253496170043945e+00
5.624758005142211914e-01
3.813723623752593994e-01
-1.924588084220886230e+00
4.228080213069915771e-01
-2.385834902524948120e-01
3.056202232837677002e-01
-3.005638718605041504e-02
1.105631709098815918e+00
-3.134471923112869263e-02
-1.484436631202697754e+00
2.023757845163345337e-01
-9.408354759216308594e-01
7.369414716958999634e-02
-2.944474220275878906e-01
5.086297988891601562e-01
3.609629392623901367e+00
1.713649868965148926e+00
5.502818226814270020e-01
-1.246152877807617188e+00
1.621255040168762207e+00
5.710646510124206543e-01
-1.043738007545471191e+00
7.936181128025054932e-02
-2.011643409729003906e+00
-2.754107862710952759e-02
-2.201111078262329102e+00
-2.238732576370239258e+00
8.137494325637817383e-01
1.178367495536804199e+00
-4.569665491580963135e-01
-9.226157069206237793e-01
-1.824587941169738770e+00
-9.553579092025756836e-01
1.688153147697448730e+00
-4.663218855857849121e-01
-1.166348099708557129e+00
-1.428366780281066895e+00
1.812577724456787109e+00
1.581930160522460938e+00
