8.447289466857910156e-01
-1.310018777847290039e+00
-1.100856423377990723e+00
8.510892987251281738e-01
5.574709177017211914e-01
6.381210684776306152e-01
-1.414653807878494263e-01
1.670016169548034668e+00
-8.519137501716613770e-01
5.240693688392639160e-01
-7.519587874412536621e-01
9.097793698310852051e-01
1.194096542894840240e-02
-1.009332656860351562e+00
-6.450872421264648438e-01
-7.357887923717498779e-02
-1.767781674861907959e-01
1.013330936431884766e+00
-1.182118892669677734e+00
-8.003706932067871094e-01
-8.814336061477661133e-01
-2.029906064271926880e-01
3.660126924514770508e-01
-3.049244545400142670e-02
6.272904276847839355e-01
-5.246093124151229858e-02
1.648441076278686523e+00
-1.194488763809204102e+00
8.734745979309082031e-01
4.549041390419006348e-01
1.507871150970458984e+00
-4.572604596614837646e-01
4.048047661781311035e-01
-7.081023454666137695e-01
1.061016440391540527e+00
6.921208500862121582e-01
1.386728048324584961e+00
6.054463386535644531e-01
-1.095577836036682129e+00
1.155549287796020508e+00
1.958886742591857910e+00
1.135006785392761230e+00
1.400492310523986816e+00
-6.760935187339782715e-01
-8.976541757583618164e-01
-1.032405346632003784e-01
-1.869165182113647461e+00
-2.030805587768554688e+00
1.644409537315368652e+00
-2.239304304122924805e+00
7.825420498847961426e-01
-1.669599652290344238e+00
-3.913706243038177490e-01
-1.763775467872619629e+00
-2.026062726974487305e+00
-1.223179221153259277e+00
-7.900714874267578125e-01
-5.555560588836669922e-01
-1.697465538978576660e+00
5.698193907737731934e-01
-3.134576082229614258e-01
2.868006706237792969e+00
3.933988511562347412e-01
5.964823961257934570e-01
-2.992938756942749023e+00
-1.914350867271423340e+00
-2.912284135818481445e-01
2.459833621978759766e+00
-5.818286538124084473e-01
-1.010171651840209961e+00
8.407919406890869141e-01
3.740516006946563721e-01
8.406148552894592285e-01
1.102931022644042969e+00
-1.069816231727600098e+00
-1.237915635108947754e+00
1.218720674514770508e+00
4.660892784595489502e-01
-6.712212562561035156e-01
-2.482291609048843384e-01
-3.357447087764739990e-01
2.413832582533359528e-03
2.810859441757202148e+00
-1.758714079856872559e+00
1.840118885040283203e+00
1.637233197689056396e-01
-3.200432062149047852e-01
1.801259517669677734e+00
1.891037464141845703e+00
1.795521140098571777e+00
3.442499876022338867e+00
-9.106590151786804199e-01
-2.398357093334197998e-01
-1.891121119260787964e-01
2.660776078701019287e-01
-1.865363955497741699e+00
4.466190934181213379e-02
1.827069520950317383e-01
3.708826303482055664e-01
-2.427528381347656250e+00
-4.886733293533325195e-01
5.318191647529602051e-01
-7.697251439094543457e-01
9.297277927398681641e-01
1.264940649271011353e-01
1.404421210289001465e+00
-1.435725212097167969e+00
-1.353440403938293457e+00
-4.087179601192474365e-01
-1.750841140747070312e+00
9.304564595222473145e-01
6.166315078735351562e-01
1.571256369352340698e-01
1.200150251388549805e+00
-6.807405948638916016e-01
-1.800038576126098633e+00
5.813041925430297852e-01
-7.423421740531921387e-01
6.813903450965881348e-01
1.802953600883483887e+00
3.478142619132995605e-01
-5.237418413162231445e-01
-8.224194645881652832e-01
3.523794710636138916e-01
-7.094979882240295410e-01
-4.458244144916534424e-01
-1.982872962951660156e+00
-9.906917214393615723e-01
