-1.452967971563339233e-01
4.736905694007873535e-01
-3.445693254470825195e-01
2.494376003742218018e-01
9.201269745826721191e-01
-1.441662073135375977e+00
7.234138846397399902e-01
1.675427518784999847e-02
9.325956702232360840e-01
-4.721311330795288086e-01
-1.401679664850234985e-01
2.531791210174560547e+00
1.232604384422302246e+00
-7.472766637802124023e-01
-1.881194710731506348e-01
-7.071107625961303711e-01
-7.923662066459655762e-01
8.323333859443664551e-01
-9.747701287269592285e-01
-1.979484081268310547e+00
1.969019055366516113e+00
-3.788667321205139160e-01
-2.333944290876388550e-01
3.830378353595733643e-01
-1.352705240249633789e+00
2.972311973571777344e-01
-6.177589893341064453e-01
-1.887947440147399902e+00
3.446990847587585449e-01
7.303724065423011780e-03
1.343559026718139648e+00
-2.663991451263427734e+00
-1.107736945152282715e+00
1.130942583084106445e+00
2.955376505851745605e-01
4.597760736942291260e-01
3.779792189598083496e-01
-1.448117971420288086e+00
7.964959144592285156e-01
9.838864207267761230e-01
2.784928321838378906e+00
3.754220008850097656e-01
7.612488865852355957e-01
-6.981360912322998047e-01
-1.378098011016845703e+00
-1.084930181503295898e+00
-1.128428697586059570e+00
-2.330756038427352905e-01
6.337750554084777832e-01
1.343971490859985352e+00
2.088630437850952148e+00
1.407766222953796387e+00
-1.703298985958099365e-01
2.703149020671844482e-01
-1.440204232931137085e-01
3.413494348526000977e+00
-1.305148720741271973e+00
5.043389797210693359e-01
-9.666153788566589355e-01
-1.215370893478393555e+00
1.894310712814331055e-01
-9.074429422616958618e-02
-7.798724770545959473e-01
3.079747557640075684e-01
-1.558596491813659668e+00
-1.412814378738403320e+00
-1.417158842086791992e+00
2.351704597473144531e+00
1.700486421585083008e+00
5.725440382957458496e-01
3.742755353450775146e-01
7.763176560401916504e-01
3.262128531932830811e-01
-1.649830639362335205e-01
-1.961423516273498535e+00
-1.664781212806701660e+00
-1.098932623863220215e+00
-1.132346868515014648e+00
2.787798643112182617e-01
-1.457430362701416016e+00
2.719474554061889648e+00
7.732757329940795898e-01
1.631702184677124023e+00
-2.397608309984207153e-01
1.726667642593383789e+00
1.058480262756347656e+00
-9.443418979644775391e-01
4.098080694675445557e-01
-4.447253346443176270e-01
3.112011253833770752e-01
5.729936361312866211e-01
-2.724539518356323242e+00
-4.956539571285247803e-01
-3.023586608469486237e-02
-1.012988209724426270e+00
-1.323093652725219727e+00
-3.073138594627380371e-01
1.915937662124633789e-01
1.277652382850646973e+00
-4.583225548267364502e-01
-1.486396491527557373e-01
-3.313603997230529785e-02
7.768579125404357910e-01
9.733377695083618164e-01
-2.474158406257629395e-01
-1.019357562065124512e+00
-1.454882502555847168e+00
-1.689938783645629883e+00
2.872262477874755859e+00
-2.692055940628051758e+00
-1.635574936866760254e+00
-1.468486189842224121e-01
5.045360922813415527e-01
-1.525126025080680847e-02
1.255917191505432129e+00
9.023644328117370605e-01
2.315951824188232422e+00
8.674179911613464355e-01
-2.579853773117065430e+00
-8.707776069641113281e-01
9.500197768211364746e-01
5.733100771903991699e-01
2.796448469161987305e-01
8.049931526184082031e-01
-3.932914137840270996e-01
1.401377320289611816e+00
-2.869768142700195312e+00
-1.601972937583923340e+00
