-8.551517128944396973e-01
-1.620143890380859375e+00
5.576902031898498535e-01
4.521391689777374268e-01
1.301534056663513184e+00
-5.493212342262268066e-01
-3.095873594284057617e-01
1.000406384468078613e+00
2.831870913505554199e-01
7.632689476013183594e-01
-5.066341757774353027e-01
3.467955291271209717e-01
-1.746601015329360962e-01
-4.336347877979278564e-01
-1.907121062278747559e+00
-7.498051524162292480e-01
-5.892699360847473145e-01
1.212486386299133301e+00
9.028645753860473633e-01
4.286501705646514893e-01
-2.330054998397827148e+00
-1.907045483589172363e+00
1.316797494888305664e+00
1.682952284812927246e+00
-3.123945713043212891e+00
1.238842844963073730e+00
2.138329029083251953e+00
-1.252939850091934204e-01
-2.699690163135528564e-01
-7.404880598187446594e-03
-1.509426832199096680e-01
-7.851238846778869629e-01
6.159539800137281418e-03
5.518524646759033203e-01
-9.001435637474060059e-01
1.189474940299987793e+00
1.365273594856262207e+00
-2.235758781433105469e+00
4.875299632549285889e-01
-3.438916206359863281e-01
-4.583563208580017090e-01
6.623775959014892578e-01
1.765713095664978027e+00
-3.263981342315673828e-01
3.640072345733642578e-01
6.035009026527404785e-02
1.153652906417846680e+00
-6.817146390676498413e-02
1.927599191665649414e+00
3.118165135383605957e-01
1.091066122055053711e+00
-2.225019693374633789e+00
5.991284251213073730e-01
-1.946525216102600098e+00
-1.753571748733520508e+00
-9.957650303840637207e-01
6.349276304244995117e-01
8.389180302619934082e-01
-1.213432848453521729e-01
3.759540617465972900e-01
-1.261421203613281250e+00
-4.766505062580108643e-01
-1.618925452232360840e+00
4.228968322277069092e-01
5.976437404751777649e-02
-3.633362650871276855e-01
7.307819277048110962e-02
-8.764988780021667480e-01
-3.211875557899475098e-01
-3.911873698234558105e-01
6.898541748523712158e-02
-1.668406724929809570e+00
3.306813240051269531e+00
5.701346397399902344e-01
-1.729011893272399902e+00
-2.362451553344726562e+00
-1.659595727920532227e+00
2.651073336601257324e-01
6.613628864288330078e-01
1.053611710667610168e-01
2.162663936614990234e-01
-1.674914836883544922e+00
2.508370161056518555e+00
2.592023015022277832e-01
-2.991074323654174805e-01
9.214811325073242188e-01
5.797994136810302734e-01
-7.621662616729736328e-01
1.701064229011535645e+00
1.280166864395141602e+00
-2.394491910934448242e+00
-2.034899741411209106e-01
-1.395549654960632324e+00
3.868365585803985596e-01
-2.378469556570053101e-01
7.587896585464477539e-01
3.610805869102478027e-01
4.520518481731414795e-01
-8.071140050888061523e-01
-9.009902924299240112e-02
-9.653531312942504883e-01
-1.925122618675231934e+00
1.008931517601013184e+00
-5.927357673645019531e-01
2.844276189804077148e+00
-6.461609601974487305e-01
-1.901619076728820801e+00
1.190660595893859863e+00
1.247839212417602539e+00
-1.126763820648193359e+00
1.607837341725826263e-02
8.192597031593322754e-01
1.951387286186218262e+00
1.972831726074218750e+00
8.053679466247558594e-01
-3.151891529560089111e-01
-1.560381799936294556e-01
-1.070624351501464844e+00
1.209714174270629883e+00
2.137957215309143066e-01
5.103231668472290039e-01
-9.600775241851806641e-01
1.054279685020446777e+00
-1.623861789703369141e+00
-4.586577713489532471e-01
-1.500676989555358887e+00
-6.939735412597656250e-01
6.355561017990112305e-01
