-6.058716773986816406e-02
-2.072094202041625977e+00
1.701380014419555664e-01
5.605324506759643555e-01
-8.130599856376647949e-01
-1.084745407104492188e+00
-8.780992031097412109e-01
-5.993207097053527832e-01
6.402004361152648926e-01
1.387900859117507935e-01
-2.616229772567749023e+00
-2.896140813827514648e-01
1.110628843307495117e+00
-2.168760448694229126e-01
-8.599638342857360840e-01
-9.965356588363647461e-01
-4.356816709041595459e-01
2.157403975725173950e-01
-1.376442909240722656e+00
1.512511253356933594e+00
1.179211854934692383e+00
4.179126322269439697e-01
3.694939017295837402e-01
1.320364832878112793e+00
3.532312810420989990e-01
-1.523592948913574219e+00
-6.410178542137145996e-01
-6.725715398788452148e-01
5.926476120948791504e-01
3.452597185969352722e-02
-1.512490153312683105e+00
1.938528656959533691e+00
-1.282628893852233887e+00
-3.604396879673004150e-01
-3.724538087844848633e-01
1.720381975173950195e+00
4.562854468822479248e-01
8.529666811227798462e-03
-3.597532957792282104e-02
5.850918292999267578e-01
4.403214752674102783e-01
-1.260590404272079468e-01
1.954424262046813965e+00
4.141167998313903809e-01
1.075605154037475586e+00
-3.654302358627319336e-01
-1.893334150314331055e+00
-2.548714637756347656e+00
-9.637995958328247070e-01
8.154463171958923340e-01
3.668169081211090088e-01
-1.799784779548645020e+00
1.709229946136474609e+00
3.734671473503112793e-01
2.569239616394042969e+00
-1.190087914466857910e+00
1.210089772939682007e-01
1.463970065116882324e+00
1.732282638549804688e+00
8.963773250579833984e-01
-1.930950134992599487e-01
-1.787981033325195312e+00
1.192425966262817383e+00
9.229946136474609375e-02
9.389409422874450684e-01
-4.311742186546325684e-01
7.035380005836486816e-01
1.347696185111999512e+00
-5.391854047775268555e-01
8.764653801918029785e-01
6.346397846937179565e-02
1.884398013353347778e-01
6.388124823570251465e-01
8.096650242805480957e-01
-3.145020306110382080e-01
-2.062018156051635742e+00
-2.770595848560333252e-01
9.324815869331359863e-01
-7.812090516090393066e-01
-7.636415362358093262e-01
1.604917794466018677e-01
-1.389959454536437988e+00
4.616973698139190674e-01
1.074619889259338379e+00
1.494027018547058105e+00
1.156096979975700378e-01
1.094794750213623047e+00
2.089329242706298828e+00
-6.968511939048767090e-01
5.234486460685729980e-01
7.956484556198120117e-01
-9.014897793531417847e-02
-7.933427691459655762e-01
1.847388267517089844e+00
-5.335352420806884766e-01
1.375491738319396973e+00
1.316819339990615845e-01
-1.123828291893005371e+00
-2.495430707931518555e+00
2.012258291244506836e+00
-6.667190790176391602e-01
2.606199026107788086e+00
-9.978448748588562012e-01
-1.308588027954101562e+00
1.055062785744667053e-01
4.423842132091522217e-01
-8.629243075847625732e-02
-1.375409960746765137e+00
8.504185676574707031e-01
-3.475793361663818359e+00
-2.286078482866287231e-01
-6.876809000968933105e-01
7.632891535758972168e-01
7.742847204208374023e-01
3.668339550495147705e-01
-7.559347748756408691e-01
-4.666646942496299744e-02
-1.338537216186523438e+00
-1.223113294690847397e-02
1.279671430587768555e+00
-1.681858420372009277e+00
5.825027823448181152e-01
-4.881278872489929199e-01
-1.259478926658630371e+00
-8.998180031776428223e-01
-1.527044653892517090e+00
-1.752504348754882812e+00
5.565111637115478516e-01
