8.663612008094787598e-01
-2.630521059036254883e+00
8.130374550819396973e-01
5.097101926803588867e-01
-6.612633466720581055e-01
-1.339439749717712402e+00
2.023475408554077148e+00
3.832411468029022217e-01
4.351245462894439697e-01
-4.212049841880798340e-01
1.774756610393524170e-01
6.353582739830017090e-01
5.112341418862342834e-02
-1.059873461723327637e+00
-2.534947097301483154e-01
1.169780015945434570e+00
1.104340627789497375e-01
5.813745260238647461e-01
2.436590492725372314e-01
7.390056252479553223e-01
-1.885360717773437500e+00
-1.933516114950180054e-01
1.057954311370849609e+00
1.046902179718017578e+00
-5.060865879058837891e-01
-1.445776581764221191e+00
-3.135713636875152588e-01
-2.161616086959838867e+00
-5.474709719419479370e-02
4.629154503345489502e-01
1.377044171094894409e-01
1.978728771209716797e+00
1.537190675735473633e-01
1.174666523933410645e+00
-1.034121632575988770e+00
1.168397307395935059e+00
-1.929803729057312012e+00
-1.178604245185852051e+00
1.045457720756530762e+00
-1.671189665794372559e+00
4.077096879482269287e-01
9.593788385391235352e-01
1.215190052986145020e+00
1.007033467292785645e+00
-6.066353917121887207e-01
2.044775247573852539e+00
-1.019093155860900879e+00
2.431237936019897461e+00
1.096420288085937500e+00
6.836114525794982910e-01
-8.508309125900268555e-01
-2.024458646774291992e+00
2.725433588027954102e+00
1.758506000041961670e-01
-3.427714109420776367e-01
-8.524780273437500000e-01
9.990223497152328491e-02
-3.007434606552124023e-01
-4.046657085418701172e-01
1.813536524772644043e+00
-2.914511442184448242e+00
1.508413910865783691e+00
2.621925901621580124e-03
3.110215961933135986e-01
6.775487661361694336e-01
1.161290287971496582e+00
-1.610577106475830078e+00
-3.043769113719463348e-02
3.730886280536651611e-01
-6.262891739606857300e-02
1.041220545768737793e+00
-9.070090055465698242e-01
1.115540623664855957e+00
1.214009046554565430e+00
-3.695113658905029297e-01
-1.473140478134155273e+00
-1.234822511672973633e+00
-4.023381173610687256e-01
8.338145017623901367e-01
-3.600227832794189453e-01
8.813267350196838379e-01
-1.141585826873779297e+00
-2.378300905227661133e+00
2.052761316299438477e-01
-1.390357762575149536e-01
-1.193507552146911621e+00
-7.398657798767089844e-01
1.334007829427719116e-01
1.472436428070068359e+00
9.353554248809814453e-01
2.504055500030517578e-01
6.731078028678894043e-01
-5.280210971832275391e-01
7.562817931175231934e-01
1.374475359916687012e-01
-1.360018730163574219e+00
-1.165726482868194580e-01
1.194791555404663086e+00
7.702048122882843018e-02
-4.605500996112823486e-01
3.946819901466369629e-01
1.167740225791931152e-01
9.480072259902954102e-01
2.128557682037353516e+00
1.565275907516479492e+00
1.081508040428161621e+00
-1.528533697128295898e+00
-3.993063867092132568e-01
4.374837279319763184e-01
5.981140136718750000e-01
-5.771887302398681641e-01
2.259780883789062500e+00
-7.514885663986206055e-01
-2.066210508346557617e-01
6.461940407752990723e-01
-2.133679389953613281e+00
1.689196974039077759e-01
-1.691204428672790527e+00
-1.109246850013732910e+00
-3.379925966262817383e+00
-8.527825027704238892e-02
-1.623927712440490723e+00
6.813651919364929199e-01
-1.591503500938415527e+00
-1.087090611457824707e+00
-1.034729003906250000e+00
-1.586398124694824219e+00
1.078639030456542969e+00
