2.569180965423583984e+00
-1.989001870155334473e+00
7.864917516708374023e-01
-3.639715909957885742e-01
-2.487603127956390381e-01
-3.532715737819671631e-01
6.409853696823120117e-01
7.808985710144042969e-01
-1.196990489959716797e+00
-2.870112359523773193e-01
1.493347644805908203e+00
-1.201586604118347168e+00
4.573133587837219238e-01
-1.256550848484039307e-02
-1.152074694633483887e+00
2.040155887603759766e+00
-1.303649306297302246e+00
-5.730999112129211426e-01
6.039783954620361328e-01
1.079789876937866211e+00
1.444352865219116211e+00
1.824802905321121216e-01
-4.112773537635803223e-01
2.491997241973876953e+00
-2.520120143890380859e+00
5.455209016799926758e-01
-9.955046772956848145e-01
-4.267016947269439697e-01
2.088288962841033936e-01
-1.539816975593566895e+00
8.414625525474548340e-01
-7.431849241256713867e-01
-9.981084614992141724e-02
1.463167190551757812e+00
-1.911828398704528809e+00
1.100494027137756348e+00
-7.909645438194274902e-01
2.305085957050323486e-01
-7.631645798683166504e-01
4.962557852268218994e-01
-2.038408517837524414e+00
1.319514632225036621e+00
7.087501883506774902e-01
2.167952775955200195e+00
-1.702703714370727539e+00
1.423971176147460938e+00
-5.841928124427795410e-01
-1.223718404769897461e+00
-1.046491554006934166e-03
-5.637571215629577637e-01
-2.213927358388900757e-01
1.247879415750503540e-01
-1.247292757034301758e+00
-1.096588850021362305e+00
1.984672248363494873e-01
6.660255193710327148e-01
9.749389290809631348e-01
-8.950625658035278320e-01
-7.273376733064651489e-02
5.588418841361999512e-01
-7.216054201126098633e-01
3.520039558410644531e+00
-2.553448200225830078e+00
-2.264358699321746826e-01
-7.784249186515808105e-01
-8.268516659736633301e-01
-7.627960443496704102e-01
1.015677213668823242e+00
-8.247478604316711426e-01
-2.994700074195861816e-01
-4.866822957992553711e-01
-2.811695933341979980e-01
1.495256066322326660e+00
1.465908050537109375e+00
3.212224483489990234e+00
-2.431335687637329102e+00
1.087065935134887695e+00
-6.084681749343872070e-01
-1.117002725601196289e+00
-2.925093173980712891e-01
1.169760704040527344e+00
-1.558838367462158203e+00
7.511830925941467285e-01
1.755502223968505859e+00
1.360397636890411377e-01
-1.393342763185501099e-01
1.529790163040161133e-01
-1.284929811954498291e-01
1.442664980888366699e+00
3.174634277820587158e-01
1.028633356094360352e+00
-1.800330042839050293e+00
3.316773800179362297e-03
1.020979881286621094e+00
2.290156602859497070e+00
-1.099781274795532227e+00
-8.035696148872375488e-01
-1.128936171531677246e+00
-3.168449699878692627e-01
1.082120418548583984e+00
6.398836374282836914e-01
-6.048926115036010742e-01
-6.321694254875183105e-01
-6.554728746414184570e-01
6.154277324676513672e-01
1.093391418457031250e+00
-6.108129620552062988e-01
1.500412106513977051e+00
-2.640309810638427734e+00
-2.798640966415405273e+00
-1.739581227302551270e+00
1.295661568641662598e+00
-1.664681196212768555e+00
-2.868610382080078125e+00
-4.833945333957672119e-01
-1.159440159797668457e+00
2.546663761138916016e+00
-1.960752159357070923e-01
-2.975406944751739502e-01
8.268735408782958984e-01
-5.036402940750122070e-01
5.215669870376586914e-01
1.455173492431640625e-01
1.022804498672485352e+00
-7.156684994697570801e-02
-1.091570019721984863e+00
-3.007525205612182617e-01
1.241351366043090820e+00
