1.111864149570465088e-01
3.201326429843902588e-01
-2.310904115438461304e-01
1.529567539691925049e-01
-5.744108557701110840e-01
1.113172769546508789e+00
-8.918292820453643799e-02
9.486779570579528809e-02
-1.157638430595397949e-01
-2.821999490261077881e-01
-9.245796203613281250e-01
-4.169865250587463379e-01
1.885093331336975098e+00
-1.076975584030151367e+00
1.029713392257690430e+00
4.454250037670135498e-01
-1.944288313388824463e-01
2.783870697021484375e-01
4.027664959430694580e-01
6.891675591468811035e-01
-1.227127432823181152e+00
-7.467588782310485840e-01
2.639811635017395020e-01
1.072783470153808594e+00
-5.588278174400329590e-01
-3.305605351924896240e-01
1.269339174032211304e-01
-3.181122839450836182e-01
-1.643377065658569336e+00
1.732726454734802246e+00
1.666104674339294434e+00
-1.813423484563827515e-01
-1.153052806854248047e+00
-1.081052899360656738e+00
-7.700748443603515625e-01
1.186564803123474121e+00
1.447377204895019531e-01
-6.995394825935363770e-01
-1.141024351119995117e+00
1.947118163108825684e+00
-1.374590396881103516e+00
-1.093750596046447754e+00
2.270414113998413086e+00
8.847343325614929199e-01
1.059422254562377930e+00
1.180614590644836426e+00
-2.167188823223114014e-01
1.359185695648193359e+00
7.433652877807617188e-01
2.335488051176071167e-01
-3.016847372055053711e-01
9.830166697502136230e-01
-5.985138416290283203e-01
1.121789097785949707e+00
-5.438982248306274414e-01
-8.540980219841003418e-01
-9.283271431922912598e-01
2.288612365722656250e+00
1.461860895156860352e+00
5.024947524070739746e-01
-5.999829769134521484e-01
4.699165821075439453e-01
1.942558169364929199e+00
6.326147913932800293e-01
4.570859372615814209e-01
1.137257099151611328e+00
5.433278679847717285e-01
-8.824567198753356934e-01
-1.343074202537536621e+00
1.319790072739124298e-02
-4.400919675827026367e-01
-8.908209949731826782e-02
6.500571966171264648e-01
6.515871882438659668e-01
-8.860766142606735229e-02
-1.827600151300430298e-01
-3.781612813472747803e-01
-2.245087772607803345e-01
3.971180617809295654e-01
2.757101953029632568e-01
9.164998531341552734e-01
-2.254132747650146484e+00
-1.926032423973083496e+00
2.633254826068878174e-01
1.330491065979003906e+00
-1.416549921035766602e+00
-7.688837498426437378e-02
-3.256300687789916992e-01
-1.242687344551086426e+00
6.743949055671691895e-01
1.108332037925720215e+00
-1.185037732124328613e+00
2.256212681531906128e-01
-1.004839062690734863e+00
5.805270373821258545e-02
7.636618018150329590e-01
-3.945296704769134521e-01
-5.398237109184265137e-01
-2.663228474557399750e-02
-8.389137983322143555e-01
1.700174212455749512e+00
-1.401803374290466309e+00
-4.124278128147125244e-01
-8.478428125381469727e-01
5.758841037750244141e-01
1.429396152496337891e+00
-3.589432835578918457e-01
-9.298598170280456543e-01
2.671473741531372070e+00
-1.246709346771240234e+00
-3.082729876041412354e-01
2.596607208251953125e-01
-1.524150133132934570e+00
-6.800921559333801270e-01
-1.216277837753295898e+00
2.528845667839050293e-01
-8.333304524421691895e-01
9.781629443168640137e-01
-4.487410783767700195e-01
4.495753347873687744e-01
-1.761407494544982910e+00
-7.213551998138427734e-01
9.299098700284957886e-02
-1.936040520668029785e+00
-2.061311483383178711e+00
-1.886044740676879883e+00
1.048882484436035156e+00
1.308382987976074219e+00
