1.288951516151428223e+00
-2.676448225975036621e-01
1.403515458106994629e+00
3.583439588546752930e-01
2.492331981658935547e+00
7.658782601356506348e-02
6.784642934799194336e-01
-7.081417441368103027e-01
1.049611449241638184e+00
7.831796407699584961e-01
1.533763885498046875e+00
5.915964841842651367e-01
-7.036478519439697266e-01
3.823354542255401611e-01
-9.151764959096908569e-02
-1.439271867275238037e-01
-1.901686429977416992e+00
2.137161016464233398e+00
-1.823414117097854614e-01
-6.046146750450134277e-01
6.574398279190063477e-02
8.587670922279357910e-01
1.196424603462219238e+00
1.049063563346862793e+00
-8.116551041603088379e-01
-7.348212003707885742e-01
-2.980830371379852295e-01
-1.112904071807861328e+00
-7.631380558013916016e-01
-1.978501379489898682e-01
5.362354516983032227e-01
6.383163332939147949e-01
1.046250343322753906e+00
2.994613051414489746e-01
-2.085766792297363281e-01
-8.463497161865234375e-01
-3.156683683395385742e+00
8.270746469497680664e-02
-2.257480144500732422e+00
1.221233606338500977e+00
-7.518091797828674316e-01
9.399709105491638184e-01
9.943739175796508789e-01
1.181522488594055176e+00
-1.216758131980895996e+00
-1.047889828681945801e+00
1.812542676925659180e-01
4.281929433345794678e-01
-6.773505806922912598e-01
8.463447540998458862e-02
-1.352349162101745605e+00
-2.631568908691406250e+00
-1.490062475204467773e-01
1.546048402786254883e+00
2.037560939788818359e+00
-1.177525758743286133e+00
9.582190513610839844e-01
2.172086954116821289e+00
1.084665536880493164e+00
1.996751070022583008e+00
-2.594432830810546875e-01
3.341892361640930176e-01
7.763963341712951660e-01
1.939125537872314453e+00
-1.521434545516967773e+00
-1.076518177986145020e+00
8.967084288597106934e-01
9.931365251541137695e-01
5.711309909820556641e-01
8.354641795158386230e-01
3.496331572532653809e-01
4.308328777551651001e-02
-8.420141339302062988e-01
5.019817948341369629e-01
1.392679214477539062e+00
1.698539018630981445e+00
2.773640453815460205e-01
1.774396419525146484e+00
-1.111673355102539062e+00
-1.659111261367797852e+00
-3.928054273128509521e-01
-7.498490810394287109e-01
-1.873978734016418457e+00
9.073899388313293457e-01
5.128653645515441895e-01
-6.245446801185607910e-01
1.412710696458816528e-01
1.311920881271362305e+00
-1.286521315574645996e+00
-9.862337112426757812e-01
2.564034461975097656e+00
-6.106380224227905273e-01
-1.704641342163085938e+00
9.143469482660293579e-02
-2.633954286575317383e-01
3.803650140762329102e-01
-6.269326806068420410e-01
-1.307859778404235840e+00
1.117523312568664551e+00
-6.642062067985534668e-01
-9.317632764577865601e-02
-1.036796569824218750e+00
-2.111620426177978516e+00
1.471706748008728027e+00
-9.846455454826354980e-01
-4.254710078239440918e-01
-3.160779774188995361e-01
-6.640757918357849121e-01
-9.408267587423324585e-02
9.788879752159118652e-02
-1.222902178764343262e+00
-1.731894135475158691e+00
-1.150038689374923706e-01
-9.994278550148010254e-01
2.976005554199218750e+00
-1.993826627731323242e+00
4.451649487018585205e-01
-1.540165096521377563e-01
-2.064983844757080078e+00
-5.312038660049438477e-01
-6.985818147659301758e-01
-1.028327569365501404e-01
9.309376031160354614e-02
1.460138916969299316e+00
-1.198197126388549805e+00
-1.413517117500305176e+00
-1.446096420288085938e+00
4.128706753253936768e-01
