1.963683247566223145e+00
-1.810472846031188965e+00
5.139907002449035645e-01
4.603660404682159424e-01
-6.566610932350158691e-01
6.800332665443420410e-01
2.332649379968643188e-01
7.587907910346984863e-01
-5.473869442939758301e-01
-1.360885143280029297e+00
1.982246786355972290e-01
1.161596551537513733e-01
1.020442768931388855e-01
1.209092855453491211e+00
-1.023509874939918518e-01
-2.057272195816040039e+00
-1.583408236503601074e+00
5.311234593391418457e-01
-6.710959672927856445e-01
1.064721226692199707e+00
-3.903542160987854004e-01
8.811035752296447754e-01
3.413437604904174805e-01
3.001761436462402344e-01
7.354230284690856934e-01
8.281242102384567261e-03
6.012821197509765625e-01
2.024269700050354004e-01
1.472662687301635742e+00
1.264968395233154297e+00
-9.440356492996215820e-01
-8.967277407646179199e-02
-7.388547062873840332e-02
-7.411653399467468262e-01
2.834658384323120117e+00
-1.729888767004013062e-01
-1.095123171806335449e+00
-7.563461065292358398e-01
-1.142952322959899902e+00
1.378251075744628906e+00
1.936367005109786987e-01
-2.467616647481918335e-01
8.449863791465759277e-01
-1.437737941741943359e+00
-2.472215741872787476e-01
-1.782567620277404785e+00
2.741349637508392334e-01
-1.400829553604125977e+00
-1.085228547453880310e-01
-9.194122552871704102e-01
-1.813499808311462402e+00
-6.175943017005920410e-01
5.312442183494567871e-01
9.852973818778991699e-01
3.126905858516693115e-01
1.096597433090209961e+00
-3.238215148448944092e-01
-6.020616292953491211e-01
4.792254865169525146e-01
1.601285457611083984e+00
1.340963602066040039e+00
-7.474519014358520508e-01
1.488625764846801758e+00
5.075100064277648926e-01
3.686316609382629395e-01
7.134255766868591309e-01
1.073400735855102539e+00
6.485935449600219727e-01
-3.919385001063346863e-02
9.756698012351989746e-01
-7.266619056463241577e-02
-1.344201564788818359e+00
-2.134595870971679688e+00
1.397630095481872559e+00
-1.373204827308654785e+00
-8.463841080665588379e-01
2.777399778366088867e+00
8.650948405265808105e-01
-9.539415836334228516e-01
-1.381032228469848633e+00
1.606389164924621582e+00
-1.293260455131530762e+00
-1.417038917541503906e+00
3.368788361549377441e-01
2.964428424835205078e+00
1.709057688713073730e+00
1.751368641853332520e+00
6.754143536090850830e-02
-1.320229768753051758e+00
-7.142512798309326172e-01
-2.102088689804077148e+00
-6.657981872558593750e-01
9.703880548477172852e-01
-2.746471166610717773e-01
1.256028175354003906e+00
-1.031656637787818909e-01
1.187602519989013672e+00
8.024616837501525879e-01
-8.429573774337768555e-01
-4.866666793823242188e-01
-2.085578739643096924e-01
2.127613306045532227e+00
1.997281312942504883e-01
1.865631222724914551e+00
7.941010594367980957e-01
5.201849341392517090e-01
-1.419717907905578613e+00
-2.532721757888793945e+00
6.091219782829284668e-01
-4.031397104263305664e-01
9.563238024711608887e-01
9.955058097839355469e-01
-2.248733520507812500e+00
-9.124793410301208496e-01
4.900586307048797607e-01
-2.334754467010498047e+00
-1.597750663757324219e+00
-1.450282931327819824e+00
-1.209459543228149414e+00
2.193902879953384399e-01
-1.538819670677185059e+00
6.168696880340576172e-01
-1.667785882949829102e+00
-2.738770246505737305e+00
-8.082013726234436035e-01
6.285292506217956543e-01
1.386242032051086426e+00
8.631203770637512207e-01
