5.012287497520446777e-01
5.263099446892738342e-02
6.009541749954223633e-01
-2.489725112915039062e+00
-2.429679155349731445e+00
-4.043053090572357178e-01
2.117220401763916016e+00
2.236596822738647461e+00
-1.801942229270935059e+00
-6.109499335289001465e-01
2.925549268722534180e+00
2.213247299194335938e+00
2.585865736007690430e+00
3.429167866706848145e-01
5.326324105262756348e-01
-1.101194977760314941e+00
-3.204212486743927002e-01
1.234151244163513184e+00
-8.652861714363098145e-01
3.606941178441047668e-02
-4.815657138824462891e-01
-2.396456524729728699e-02
9.984883666038513184e-01
3.196285486221313477e+00
-2.028522729873657227e+00
-1.081039831042289734e-01
-1.326779246330261230e+00
-7.936002016067504883e-01
7.840016484260559082e-01
1.474215984344482422e+00
-2.415948152542114258e+00
-2.303749084472656250e+00
-6.429592967033386230e-01
-9.108878374099731445e-01
-3.696293234825134277e-01
1.331838965415954590e+00
-1.416914701461791992e+00
-5.008841156959533691e-01
3.106243908405303955e-01
-1.563290715217590332e+00
-1.363145589828491211e+00
-6.644836664199829102e-01
1.450588583946228027e+00
8.757534027099609375e-01
2.905544638633728027e-01
2.142078399658203125e+00
-5.886994004249572754e-01
1.538913011550903320e+00
-6.107218861579895020e-01
8.391564488410949707e-01
1.161087751388549805e+00
2.318596839904785156e-02
1.924611926078796387e+00
6.433055996894836426e-01
-3.929856717586517334e-01
-6.353880763053894043e-01
1.117596149444580078e+00
-1.379537880420684814e-01
-6.718232631683349609e-01
5.198591351509094238e-01
3.112635910511016846e-01
1.134048342704772949e+00
-1.444228172302246094e+00
-1.384276151657104492e-01
-3.613217175006866455e-01
-2.651774644851684570e+00
8.674816489219665527e-01
-5.646558403968811035e-01
5.123772621154785156e-01
1.487250179052352905e-01
9.178049564361572266e-01
1.478911161422729492e+00
1.976597070693969727e+00
-5.312240719795227051e-01
-3.068432509899139404e-01
-1.270297765731811523e+00
-4.710262715816497803e-01
-9.587798714637756348e-01
-1.705184459686279297e+00
-1.130074262619018555e+00
-4.632730185985565186e-01
-2.542591392993927002e-01
9.537570476531982422e-01
-8.373658061027526855e-01
1.422333955764770508e+00
1.581212431192398071e-01
-4.405262768268585205e-01
2.722736597061157227e-01
-9.429259896278381348e-01
4.452563226222991943e-01
-2.205076366662979126e-01
-8.840351104736328125e-01
-2.464263886213302612e-01
1.263633489608764648e+00
3.933301568031311035e-01
1.550868451595306396e-01
9.766733646392822266e-01
-2.265515774488449097e-01
8.246228098869323730e-01
1.417612552642822266e+00
1.928479790687561035e+00
-3.206506669521331787e-01
-1.271301031112670898e+00
-6.056736707687377930e-01
1.226621508598327637e+00
3.025290668010711670e-01
1.106507629156112671e-01
9.883171916007995605e-01
-1.818205416202545166e-01
-1.327492117881774902e+00
-2.025884389877319336e+00
7.337129116058349609e-02
-1.743103742599487305e+00
-1.969181776046752930e+00
1.889613151550292969e+00
-1.602388501167297363e+00
9.200668334960937500e-01
-1.708353757858276367e+00
-3.119282722473144531e+00
-7.652632147073745728e-02
-8.038078546524047852e-01
2.714686393737792969e-01
1.677709817886352539e+00
6.416913270950317383e-01
-5.365164279937744141e-01
-9.982547163963317871e-01
4.881003797054290771e-01
6.436181068420410156e-01
