7.384172677993774414e-01
-1.259183764457702637e+00
7.031298875808715820e-01
-2.448358774185180664e+00
-1.522890210151672363e+00
2.856341749429702759e-02
1.958853840827941895e+00
1.465367913246154785e+00
-1.683301448822021484e+00
-1.185600876808166504e+00
-2.356717586517333984e-01
4.523856639862060547e-01
1.956589102745056152e+00
-8.865268230438232422e-01
-2.134892940521240234e-01
-1.699966788291931152e+00
4.777561128139495850e-01
5.633741021156311035e-01
-1.174778223037719727e+00
1.507097244262695312e+00
1.960185617208480835e-01
1.525168865919113159e-01
4.861772358417510986e-01
3.171822547912597656e+00
-1.134065866470336914e+00
1.057476997375488281e+00
-7.174720615148544312e-02
-2.485777854919433594e+00
2.386771291494369507e-01
1.918818652629852295e-01
-1.347243934869766235e-01
-1.961939215660095215e+00
-2.078258544206619263e-01
-2.444019317626953125e+00
1.506014704704284668e+00
1.849636793136596680e+00
-8.013507723808288574e-02
4.345365464687347412e-01
-6.509310603141784668e-01
-1.610081672668457031e+00
2.548678815364837646e-01
-1.186135530471801758e+00
1.636419296264648438e+00
-6.028330922126770020e-01
1.036705851554870605e+00
-9.023997187614440918e-01
9.113243222236633301e-01
8.071614503860473633e-01
2.974957227706909180e-01
6.164705753326416016e-01
1.429840564727783203e+00
-6.651716828346252441e-01
4.619817435741424561e-01
1.664189934730529785e+00
3.015216588973999023e-01
2.537529170513153076e-01
4.209943860769271851e-02
2.829816564917564392e-02
1.193435072898864746e+00
4.245575666427612305e-01
1.034979343414306641e+00
-1.568141937255859375e+00
8.392188698053359985e-02
-2.569017708301544189e-01
-1.336508154869079590e+00
-2.011070966720581055e+00
1.572742342948913574e+00
6.154410913586616516e-02
-4.243402779102325439e-01
-2.102113962173461914e-01
1.249353647232055664e+00
1.904031753540039062e+00
7.251268625259399414e-01
-6.479274630546569824e-01
-2.089025974273681641e+00
-1.139343023300170898e+00
-2.242885828018188477e+00
-1.401223987340927124e-01
-2.434853315353393555e+00
-1.128880858421325684e+00
-1.474719166755676270e+00
1.302994132041931152e+00
1.309309244155883789e+00
-6.357886791229248047e-01
3.753190517425537109e+00
1.027834415435791016e+00
-1.750856339931488037e-01
1.256469607353210449e+00
-2.355505228042602539e+00
-3.534200042486190796e-02
5.837105512619018555e-01
-1.442659616470336914e+00
-4.823334515094757080e-01
-4.594043493270874023e-01
1.235689401626586914e+00
-4.435372054576873779e-01
1.369781136512756348e+00
-6.563511490821838379e-01
8.657760620117187500e-01
1.418269753456115723e+00
1.165439128875732422e+00
-1.875355839729309082e-01
-2.034349441528320312e+00
-5.064035654067993164e-01
6.486432552337646484e-01
4.399884939193725586e-01
-1.224257469177246094e+00
9.955186396837234497e-02
8.933685421943664551e-01
-2.627598285675048828e+00
1.263104200363159180e+00
-1.732681035995483398e+00
-7.214269638061523438e-01
3.814844042062759399e-02
3.740271329879760742e-01
4.089539051055908203e-01
-3.612206876277923584e-01
-1.547154426574707031e+00
-1.213948965072631836e+00
8.682648539543151855e-01
1.051851272583007812e+00
-7.433882951736450195e-01
1.887266516685485840e+00
-4.021542519330978394e-02
-5.759499669075012207e-01
-6.831972002983093262e-01
1.520150542259216309e+00
1.071681529283523560e-01
