-1.129202842712402344e+00
2.140094488859176636e-01
-9.951691031455993652e-01
-3.167711734771728516e+00
5.372301340103149414e-01
1.075209498405456543e+00
3.809859514236450195e+00
5.494592785835266113e-01
1.279240369796752930e+00
-1.534657001495361328e+00
1.025121450424194336e+00
9.231988787651062012e-01
2.693260833621025085e-02
1.703156828880310059e-01
-1.395560204982757568e-01
1.714569568634033203e+00
4.756424129009246826e-01
1.653365194797515869e-01
-6.795336008071899414e-01
7.898217439651489258e-01
-1.928899884223937988e+00
2.395372688770294189e-01
-8.077552914619445801e-01
1.953920364379882812e+00
-2.201658487319946289e+00
-5.852941274642944336e-01
8.074774146080017090e-01
4.640118479728698730e-01
4.981763958930969238e-01
1.379886150360107422e+00
-9.550852775573730469e-01
-2.719825744628906250e+00
3.150683045387268066e-01
1.381298899650573730e+00
-1.205508351325988770e+00
-9.120215475559234619e-02
1.412620693445205688e-01
-1.061536908149719238e+00
-2.395967096090316772e-01
-9.156232476234436035e-01
-5.397537350654602051e-01
2.534595251083374023e+00
1.036134600639343262e+00
7.472950220108032227e-01
-8.653137683868408203e-01
-1.932078450918197632e-01
-1.240241006016731262e-01
2.681520223617553711e+00
-3.401951491832733154e-01
3.864986896514892578e-01
1.199442625045776367e+00
-4.157809913158416748e-01
-1.053547739982604980e+00
-1.161939382553100586e+00
8.524957299232482910e-02
-1.343020319938659668e+00
1.201665997505187988e+00
-4.169413745403289795e-01
-1.401053071022033691e+00
-6.974059939384460449e-01
-1.164273381233215332e+00
2.657670021057128906e+00
-1.250419497489929199e+00
1.859678030014038086e+00
1.330291390419006348e+00
-1.011148929595947266e+00
4.142345860600471497e-02
5.582896471023559570e-01
-4.300449192523956299e-01
-8.565375208854675293e-02
-6.590156555175781250e-01
-1.194937586784362793e+00
1.399381607770919800e-01
-9.034257531166076660e-01
-2.535639703273773193e-01
-1.365480422973632812e+00
-6.498026847839355469e-01
6.933342814445495605e-01
5.907368659973144531e-01
-3.393906593322753906e+00
-9.125021696090698242e-01
-8.097888231277465820e-01
6.461137533187866211e-01
-9.871957302093505859e-01
1.819524526596069336e+00
7.680794000625610352e-01
-5.368425250053405762e-01
3.841212987899780273e-01
5.312986373901367188e-01
-4.386404156684875488e-01
-2.756707072257995605e-01
-1.334941148757934570e+00
-1.925992012023925781e+00
-2.247143238782882690e-01
-5.639376640319824219e-01
1.393573999404907227e+00
6.469722986221313477e-01
3.368152379989624023e-01
9.079089760780334473e-01
1.109889388084411621e+00
2.414132058620452881e-01
-1.106832623481750488e+00
-6.185632944107055664e-01
2.707807302474975586e+00
2.279984235763549805e+00
-1.252490282058715820e+00
2.407995164394378662e-01
5.545946955680847168e-01
2.463025808334350586e+00
-1.714115500450134277e+00
-1.058411598205566406e+00
-6.207705736160278320e-01
-4.592156410217285156e-01
-8.221448659896850586e-01
1.631453871726989746e+00
1.426952362060546875e+00
-1.302925590425729752e-02
-9.345437288284301758e-01
-2.104374408721923828e+00
2.681678771972656250e+00
2.009524345397949219e+00
-1.304409384727478027e+00
8.140354752540588379e-01
-1.552345454692840576e-01
3.172465860843658447e-01
-3.020107984542846680e+00
5.502403974533081055e-01
-5.206059664487838745e-02
