2.254425764083862305e+00
-8.500531315803527832e-02
-3.432390689849853516e-01
4.664454609155654907e-03
-1.141564249992370605e+00
3.691036999225616455e-01
-3.111293017864227295e-01
1.042478799819946289e+00
-2.563433647155761719e-01
-4.132242798805236816e-01
1.410073995590209961e+00
3.043796420097351074e-01
1.430681109428405762e+00
-2.167889773845672607e-01
-1.691383361816406250e+00
-1.847518324851989746e+00
-1.416434645652770996e+00
2.029149770736694336e+00
1.237201690673828125e-01
-7.781653404235839844e-01
1.288053035736083984e+00
1.134950637817382812e+00
-7.047256231307983398e-01
5.850132107734680176e-01
6.687515228986740112e-02
1.407395750284194946e-01
-3.019424438476562500e+00
1.106284976005554199e+00
1.371160596609115601e-01
8.708297610282897949e-01
1.308421730995178223e+00
-5.902031064033508301e-01
6.462633013725280762e-01
-8.273897767066955566e-01
1.677688717842102051e+00
-9.665120244026184082e-01
9.275946021080017090e-01
3.951239883899688721e-01
2.025062322616577148e+00
-2.571431398391723633e-01
-1.023723483085632324e-01
-5.903500914573669434e-01
1.524375915527343750e+00
1.903481960296630859e+00
3.476206362247467041e-01
-1.188599765300750732e-01
1.241763353347778320e+00
1.217526316642761230e+00
1.138187527656555176e+00
8.264361619949340820e-01
-1.090442538261413574e+00
-1.756830096244812012e+00
7.328639030456542969e-01
4.037313908338546753e-02
1.901272982358932495e-01
-9.342931956052780151e-02
-6.348161697387695312e-01
2.254569053649902344e+00
6.165073513984680176e-01
2.086767911911010742e+00
-2.473378419876098633e+00
-9.977176785469055176e-01
-1.407886981964111328e+00
-1.335702776908874512e+00
-1.853400111198425293e+00
-2.764443755149841309e-01
-2.979618906974792480e-01
4.601481854915618896e-01
2.766100764274597168e-01
6.361994892358779907e-02
-4.583583176136016846e-01
2.669243812561035156e-01
2.343475818634033203e-01
1.590835094451904297e+00
4.148753583431243896e-01
8.081705570220947266e-01
1.816959142684936523e+00
3.361018002033233643e-01
-9.782698750495910645e-01
1.055295541882514954e-01
1.430743813514709473e+00
-1.953977704048156738e+00
-9.814879894256591797e-01
4.042215272784233093e-02
2.078496932983398438e+00
-4.932584464550018311e-01
-7.292483001947402954e-02
-5.319281220436096191e-01
-3.230887949466705322e-01
2.302380651235580444e-01
1.682612895965576172e+00
-1.063752248883247375e-01
-6.291890144348144531e-01
-8.673396706581115723e-02
9.162764549255371094e-01
-3.718527793884277344e+00
6.433091163635253906e-01
-3.089500188827514648e+00
-1.725023865699768066e+00
8.467482328414916992e-01
-9.877847433090209961e-01
3.171342015266418457e-01
1.103222012519836426e+00
3.551558256149291992e-01
-4.483281373977661133e-01
1.290305852890014648e+00
5.950621366500854492e-01
-7.653222680091857910e-01
-7.954677939414978027e-01
-2.190105199813842773e+00
-9.369082003831863403e-02
-1.276038408279418945e+00
6.393419504165649414e-01
3.537727296352386475e-01
-1.931694000959396362e-01
-1.749573826789855957e+00
-9.169313311576843262e-01
3.095389008522033691e-01
6.937716603279113770e-01
-1.073001503944396973e+00
-1.099943399429321289e+00
-6.336092948913574219e-01
-1.061663985252380371e+00
-1.615207046270370483e-01
-1.304762840270996094e+00
1.127688765525817871e+00
-1.156121730804443359e+00
1.904607117176055908e-01
