3.142315428704023361e-03
1.765849828720092773e+00
4.406236112117767334e-01
5.477858781814575195e-01
-1.090054392814636230e+00
1.286010503768920898e+00
-1.149388670921325684e+00
1.704233288764953613e+00
5.050076842308044434e-01
-5.166466832160949707e-01
9.412187337875366211e-01
-3.783434033393859863e-01
-3.050287663936614990e-01
-1.036808967590332031e+00
1.998342394828796387e+00
1.146670579910278320e+00
-2.567046284675598145e-01
1.208566188812255859e+00
1.081532359123229980e+00
1.763379812240600586e+00
3.448681831359863281e-01
8.218304514884948730e-01
5.429198145866394043e-01
1.981456875801086426e+00
-2.940340518951416016e+00
1.667672634124755859e+00
-3.687628507614135742e-01
-1.023301482200622559e+00
-8.284416794776916504e-01
-4.141446948051452637e-01
-2.284280538558959961e+00
4.596425890922546387e-01
-2.734334230422973633e+00
1.659878969192504883e+00
-3.090462274849414825e-02
-1.882980465888977051e+00
1.554790735244750977e-01
-1.463351607322692871e+00
-2.694498002529144287e-01
4.524391293525695801e-01
-1.555968761444091797e+00
1.001113533973693848e+00
8.044767975807189941e-01
1.887131571769714355e+00
1.064077377319335938e+00
2.010221958160400391e+00
-5.128461718559265137e-01
9.846339821815490723e-01
3.163726031780242920e-01
1.655523031949996948e-01
1.044511869549751282e-01
-1.503468990325927734e+00
8.840159773826599121e-01
-7.255635261535644531e-01
-6.053513288497924805e-01
-1.293047666549682617e+00
-2.325276374816894531e+00
8.477138876914978027e-01
-1.328144520521163940e-01
1.074165463447570801e+00
5.877915620803833008e-01
5.006211400032043457e-01
-1.051544621586799622e-01
1.174089074134826660e+00
2.299880743026733398e+00
-1.896823287010192871e+00
5.343662500381469727e-01
1.063252091407775879e+00
3.530862033367156982e-01
-3.416109979152679443e-01
3.686736151576042175e-02
-2.749602794647216797e+00
1.272832393646240234e+00
6.923437714576721191e-01
-7.005986571311950684e-01
7.541255950927734375e-01
8.286884427070617676e-01
5.750890374183654785e-01
-6.943951845169067383e-01
-1.224997639656066895e+00
1.260227084159851074e+00
-1.114343762397766113e+00
-8.798385858535766602e-01
4.328224807977676392e-02
-4.223283827304840088e-01
-1.607099890708923340e+00
3.703907430171966553e-01
2.159515321254730225e-01
2.130017042160034180e+00
-2.537869691848754883e+00
4.378065168857574463e-01
-1.832676649093627930e+00
-2.391900300979614258e+00
-4.724937677383422852e-01
-2.617745399475097656e-01
4.730691909790039062e-01
-1.320055007934570312e+00
2.259858399629592896e-01
1.237225055694580078e+00
8.307652473449707031e-01
-8.477610945701599121e-01
1.707738757133483887e+00
8.256983160972595215e-01
-1.231207847595214844e+00
3.221151232719421387e-01
-8.096980452537536621e-01
4.130033254623413086e-01
-5.362527370452880859e-01
6.221222281455993652e-01
2.168893337249755859e+00
1.959145545959472656e+00
-1.226011589169502258e-01
-6.569197773933410645e-02
-1.156397819519042969e+00
3.731679916381835938e-01
-3.122766494750976562e+00
1.401192903518676758e+00
-4.014903008937835693e-01
1.196634292602539062e+00
-8.368510603904724121e-01
-2.181947469711303711e+00
-3.758107870817184448e-02
-1.551257669925689697e-01
-1.590595483779907227e+00
-4.602414369583129883e-01
-1.939796328544616699e+00
-1.588281631469726562e+00
7.527073621749877930e-01
