1.359706044197082520e+00
5.091218948364257812e-01
-1.005797386169433594e+00
-1.209604382514953613e+00
-1.006163004785776138e-02
-4.593491256237030029e-01
2.092877030372619629e-01
7.423262000083923340e-01
-1.461217403411865234e+00
-3.500926494598388672e-01
1.365510582923889160e+00
1.265482902526855469e+00
1.476733088493347168e+00
6.560229063034057617e-01
9.092813730239868164e-01
-1.237217545509338379e+00
6.655361652374267578e-01
-2.373544871807098389e-01
-1.252901703119277954e-01
-6.443874537944793701e-02
5.949571728706359863e-01
-2.596962928771972656e+00
2.500184066593647003e-02
3.396248340606689453e+00
-1.947430670261383057e-01
-8.377068042755126953e-01
5.641186833381652832e-01
-6.021384149789810181e-03
-1.477331042289733887e+00
7.616015672683715820e-01
4.882460236549377441e-01
5.636288970708847046e-02
-4.173446074128150940e-02
-7.386256456375122070e-01
-1.850925445556640625e+00
-1.327499389648437500e+00
5.486705303192138672e-01
-1.468222141265869141e-01
-1.528795242309570312e+00
9.929343461990356445e-01
8.353278040885925293e-01
1.995292425155639648e+00
1.933045744895935059e+00
1.592323929071426392e-01
-1.966559886932373047e-01
4.767145514488220215e-01
-2.990691959857940674e-01
1.640946626663208008e+00
1.714659094810485840e+00
-1.646045565605163574e+00
2.211718559265136719e-01
-2.266160011291503906e+00
-7.063418626785278320e-02
2.171304374933242798e-01
-1.314238309860229492e+00
-1.096576929092407227e+00
5.125621557235717773e-01
2.471198797225952148e+00
3.816619515419006348e-01
-1.843412779271602631e-02
-6.246165633201599121e-01
-1.226307228207588196e-01
6.347925662994384766e-01
-2.219489067792892456e-01
1.763826012611389160e-01
-9.722423553466796875e-01
-3.146663308143615723e-01
1.604827791452407837e-01
9.223190546035766602e-01
1.336027383804321289e+00
4.044840335845947266e-01
-1.820424199104309082e-01
-1.133925795555114746e+00
-3.005475699901580811e-01
-3.126424252986907959e-01
-2.062741041183471680e+00
1.595451682806015015e-01
1.045867502689361572e-01
-3.258405625820159912e-01
-1.458732366561889648e+00
3.024115324020385742e+00
8.621574044227600098e-01
1.139622032642364502e-01
-4.743752479553222656e-01
5.676340460777282715e-01
-2.077156066894531250e+00
1.120378136634826660e+00
1.037142395973205566e+00
-1.508559942245483398e+00
2.928430736064910889e-01
9.576522111892700195e-01
-1.238495469093322754e+00
7.038409113883972168e-01
-2.125504016876220703e+00
-3.279125690460205078e-01
-7.112520337104797363e-01
4.450822830200195312e+00
1.480155251920223236e-02
5.222686529159545898e-01
-1.049527049064636230e+00
-1.727235317230224609e+00
1.549098372459411621e+00
-9.491031169891357422e-01
8.646719455718994141e-01
9.970301985740661621e-01
-1.300110101699829102e+00
-1.719645023345947266e+00
-6.005248054862022400e-02
2.293748378753662109e+00
-8.606153726577758789e-01
-1.350892424583435059e+00
4.770806133747100830e-01
-2.116664171218872070e+00
-2.300618171691894531e+00
1.142697572708129883e+00
-2.490267604589462280e-01
1.132768273353576660e+00
1.177061051130294800e-01
-7.367049455642700195e-01
-4.086846709251403809e-01
-1.584353566169738770e+00
-2.943310737609863281e-01
-9.167561531066894531e-01
1.245169758796691895e+00
-2.350346185266971588e-02
1.233171343803405762e+00
-1.082745432853698730e+00
-1.186620831489562988e+00
