1.558452606201171875e+00
2.081963866949081421e-01
-1.662583112716674805e+00
-3.291052067652344704e-03
2.389175653457641602e+00
1.001057147979736328e+00
-3.208606243133544922e-01
-1.948182821273803711e+00
9.088980555534362793e-01
-1.579376170411705971e-03
-4.982582852244377136e-02
9.774149060249328613e-01
1.853837259113788605e-02
-1.907579779624938965e+00
1.585829496383666992e+00
-8.382950425148010254e-01
9.834730625152587891e-01
-1.130944266915321350e-01
8.057684898376464844e-01
9.529687166213989258e-01
2.177343845367431641e+00
-3.109130263328552246e-01
-4.148736298084259033e-01
-1.478303790092468262e+00
-9.849465489387512207e-01
7.705578207969665527e-01
-1.634075194597244263e-01
-1.541794538497924805e+00
1.141118407249450684e+00
-1.572151333093643188e-01
4.797351360321044922e-01
-1.448668092489242554e-01
-1.197494626045227051e+00
-2.299870997667312622e-01
1.240501180291175842e-01
4.589285850524902344e-01
2.051220893859863281e+00
8.905768990516662598e-01
-2.393921136856079102e+00
7.810346484184265137e-01
1.351542830467224121e+00
-6.025464534759521484e-01
4.477600157260894775e-01
-1.764707207679748535e+00
9.507736563682556152e-01
-1.643721818923950195e+00
-3.020108640193939209e-01
-5.691132545471191406e-01
3.466857373714447021e-01
9.323803782463073730e-01
-7.938657402992248535e-01
-1.859489083290100098e+00
1.113310337066650391e+00
9.524579346179962158e-02
-8.800112605094909668e-01
1.560523152351379395e+00
-1.786912918090820312e+00
3.362538218498229980e-01
3.260721921920776367e+00
-1.929732114076614380e-01
1.005930066108703613e+00
2.701420068740844727e+00
1.314840197563171387e+00
1.246690392494201660e+00
-1.506059885025024414e+00
-3.183078527450561523e+00
2.738395333290100098e-01
-2.424991726875305176e-01
-2.440949916839599609e+00
2.117301940917968750e+00
8.975939750671386719e-01
1.019184470176696777e+00
-1.439946532249450684e+00
1.166466832160949707e+00
3.684411048889160156e-01
-6.176344156265258789e-01
-1.272750496864318848e+00
5.068444609642028809e-01
-7.777208089828491211e-01
-1.478193879127502441e+00
-2.013000249862670898e+00
1.798473477363586426e+00
1.240850567817687988e+00
-1.124870181083679199e+00
2.483051270246505737e-01
-2.435939908027648926e-01
-4.811350405216217041e-01
-8.374168723821640015e-02
-6.565228104591369629e-01
-4.263611137866973877e-01
2.020999431610107422e+00
-9.427655935287475586e-01
-1.010788917541503906e+00
-9.260516166687011719e-01
2.997024357318878174e-02
2.188531637191772461e+00
-3.401743173599243164e-01
3.187847435474395752e-01
-5.612570047378540039e-01
4.205432534217834473e-01
-6.596656441688537598e-01
1.327096968889236450e-01
1.364612132310867310e-01
-1.824424713850021362e-01
5.445933341979980469e-01
-1.039250731468200684e+00
-3.263123035430908203e+00
-7.871928811073303223e-01
1.348391532897949219e+00
-4.059464931488037109e+00
6.177287101745605469e-01
-1.145909130573272705e-01
3.357506915926933289e-02
7.732414603233337402e-01
1.114583536982536316e-01
-9.185142517089843750e-01
4.787189364433288574e-01
-6.351985931396484375e-01
8.335855603218078613e-02
1.577994823455810547e+00
4.686008393764495850e-01
-4.447991251945495605e-01
8.856874704360961914e-01
7.525303959846496582e-01
-4.096035957336425781e-01
-1.606108695268630981e-01
2.537892580032348633e+00
-8.044671416282653809e-01
