-5.802551507949829102e-01
-8.056113719940185547e-01
3.146090805530548096e-01
1.086343601346015930e-01
1.922690868377685547e+00
-7.945345640182495117e-01
4.964170604944229126e-02
-1.177903652191162109e+00
-3.700182214379310608e-02
-1.155053734779357910e+00
-2.524712979793548584e-01
-1.055361703038215637e-01
-2.579180896282196045e-01
-1.581258475780487061e-01
1.172054529190063477e+00
-9.371823072433471680e-01
1.005422547459602356e-01
-1.174970388412475586e+00
-1.671982049942016602e+00
1.912183761596679688e+00
-8.376760482788085938e-01
2.786916196346282959e-01
2.749421596527099609e-01
9.087880849838256836e-01
1.509899139404296875e+00
1.363254189491271973e+00
1.390832781791687012e+00
-1.434671640396118164e+00
-8.278960585594177246e-01
2.958378195762634277e-01
1.174990653991699219e+00
1.481612563133239746e+00
-2.963015250861644745e-02
-1.287897706031799316e+00
8.972293138504028320e-01
4.995818138122558594e-01
2.283733934164047241e-01
-3.841327130794525146e-01
-1.939530491828918457e+00
1.325489133596420288e-01
7.587893009185791016e-01
3.915854394435882568e-01
1.485350251197814941e+00
1.462537348270416260e-01
-3.210249245166778564e-01
-1.852599501609802246e+00
5.442340970039367676e-01
-1.094831109046936035e+00
1.680797576904296875e+00
3.318305686116218567e-02
-6.867179870605468750e-01
-2.025134801864624023e+00
3.571757078170776367e-01
1.332437515258789062e+00
9.886575937271118164e-01
-1.314674973487854004e+00
-8.599333763122558594e-01
1.762025475502014160e+00
2.477262020111083984e+00
2.675690174102783203e+00
-6.098471879959106445e-01
3.234925568103790283e-01
1.559970900416374207e-02
3.488427698612213135e-01
-6.692857742309570312e-01
1.563554257154464722e-02
1.622619867324829102e+00
4.187041893601417542e-02
-1.511082172393798828e+00
-9.505953788757324219e-01
-5.509145259857177734e-01
1.539626598358154297e+00
-1.752686858177185059e+00
1.135032653808593750e+00
-5.286056082695722580e-03
8.307280540466308594e-01
-2.205369234085083008e+00
-2.240326106548309326e-01
5.665689706802368164e-01
-1.350540518760681152e+00
-3.497587144374847412e-02
-1.202195405960083008e+00
2.107401132583618164e+00
5.644944310188293457e-01
1.960349559783935547e+00
7.944133877754211426e-01
-5.492241382598876953e-01
-1.209660887718200684e+00
-9.643912911415100098e-01
-1.642963647842407227e+00
-6.196795701980590820e-01
-1.319586038589477539e+00
-1.359648704528808594e+00
-2.342681884765625000e-01
1.547441482543945312e-01
9.248424172401428223e-01
-1.730232834815979004e+00
2.704202532768249512e-01
2.090661972761154175e-01
2.831310749053955078e+00
1.227656245231628418e+00
1.770433783531188965e+00
-8.292824625968933105e-01
7.762547135353088379e-01
-6.452600359916687012e-01
9.785519242286682129e-01
-8.968362212181091309e-01
2.119292616844177246e-01
-1.180919408798217773e+00
-2.334579467773437500e+00
2.922067046165466309e-01
1.264992594718933105e+00
-2.346009254455566406e+00
1.313707351684570312e+00
3.323263525962829590e-01
-7.394296526908874512e-01
7.923539280891418457e-01
-2.099739074707031250e+00
5.251963138580322266e-01
-3.772048652172088623e-01
-9.940720796585083008e-01
-7.092259526252746582e-01
6.758739352226257324e-01
-1.801180243492126465e+00
-1.120121479034423828e+00
1.055814474821090698e-01
1.244860291481018066e+00
8.428292870521545410e-01
