2.137823849916458130e-01
-7.303367853164672852e-01
7.229306697845458984e-01
-2.375257164239883423e-01
6.125653386116027832e-01
-2.482697248458862305e+00
-1.591758131980895996e+00
2.877512574195861816e-01
-2.255862474441528320e+00
1.400010585784912109e+00
-1.682563781738281250e+00
5.837615728378295898e-01
6.316239237785339355e-01
-1.666743159294128418e+00
3.642003834247589111e-01
4.036060273647308350e-01
1.269937455654144287e-01
1.217813611030578613e+00
-1.351464509963989258e+00
-7.773159742355346680e-01
1.179632902145385742e+00
-1.006205558776855469e+00
-4.297653734683990479e-01
5.820177197456359863e-01
-2.619168758392333984e+00
-1.403356790542602539e+00
3.828904032707214355e-01
-3.538895249366760254e-01
6.964420676231384277e-01
8.632426857948303223e-01
-5.381259322166442871e-01
-2.207828164100646973e-01
6.897812485694885254e-01
1.594767212867736816e+00
1.104389548301696777e+00
-4.941061735153198242e-01
-2.295284764841198921e-03
1.751937627792358398e+00
-4.797202944755554199e-01
4.346494674682617188e-01
-7.595351338386535645e-01
-6.816846728324890137e-01
1.645292758941650391e+00
5.681368112564086914e-01
-1.568988680839538574e+00
1.753213405609130859e+00
1.866886466741561890e-01
-4.463042318820953369e-01
8.158240318298339844e-01
4.203212559223175049e-01
-6.996743083000183105e-01
-8.075324892997741699e-01
-7.013751864433288574e-01
2.366274118423461914e+00
5.710399746894836426e-01
6.943554878234863281e-01
-7.918874733150005341e-03
8.902889490127563477e-01
-1.064244270324707031e+00
1.899306535720825195e+00
8.080544471740722656e-01
1.250875949859619141e+00
-1.715457201004028320e+00
5.699617266654968262e-01
1.374187320470809937e-01
5.476940274238586426e-01
-2.200131177902221680e+00
1.925075888633728027e+00
-3.465932607650756836e-01
3.245128393173217773e-01
7.389863729476928711e-01
-1.620836853981018066e+00
-5.777069330215454102e-01
3.704130183905363083e-03
-1.670356631278991699e+00
8.993406295776367188e-01
-1.101333498954772949e+00
8.203570842742919922e-01
-1.494615674018859863e-01
-1.004803299903869629e+00
-5.868209004402160645e-01
-8.330842256546020508e-01
1.954112887382507324e+00
-1.058808416128158569e-01
1.906838417053222656e+00
1.830462694168090820e+00
-1.235936641693115234e+00
2.882138192653656006e-01
1.462861061096191406e+00
-1.826255798339843750e+00
-1.165307641029357910e+00
-5.726461410522460938e-01
-1.228923320770263672e+00
3.813194334506988525e-01
-2.265162944793701172e+00
1.229885578155517578e+00
1.661693096160888672e+00
6.762841939926147461e-01
-2.863497436046600342e-01
1.012756705284118652e+00
3.115262031555175781e+00
-3.333246111869812012e-01
1.090789675712585449e+00
-5.120484828948974609e-01
-1.287826538085937500e+00
1.420844197273254395e+00
-5.945416092872619629e-01
-1.152020692825317383e+00
-1.246250867843627930e-01
-7.109586000442504883e-01
-4.915391802787780762e-01
-4.477987289428710938e-01
-2.997361719608306885e-01
8.835198283195495605e-01
-1.079288482666015625e+00
-1.900229573249816895e+00
2.672833919525146484e+00
-1.488108158111572266e+00
-3.356522023677825928e-01
2.029150009155273438e+00
-4.085986912250518799e-01
3.272689580917358398e-01
-1.359878540039062500e+00
3.894008696079254150e-02
-1.285860776901245117e+00
-2.163173913955688477e+00
3.337537944316864014e-01
1.456907510757446289e+00
