6.263842582702636719e-01
-4.295835196971893311e-01
4.657875299453735352e-01
4.434917271137237549e-01
9.000835418701171875e-01
1.640250444412231445e+00
2.160598486661911011e-01
8.696427345275878906e-01
-1.947245121002197266e+00
-3.035425543785095215e-01
-1.877116560935974121e+00
4.981483146548271179e-02
8.046805858612060547e-01
-2.476929903030395508e+00
2.044232785701751709e-01
-7.758625745773315430e-01
-9.690848588943481445e-01
2.448599576950073242e+00
-6.239479780197143555e-01
-1.710127234458923340e+00
8.802197575569152832e-01
-7.562753558158874512e-01
-9.558855742216110229e-02
-6.316164135932922363e-01
1.309420943260192871e+00
1.415892720222473145e+00
-1.884181141853332520e+00
-1.151286959648132324e+00
2.796930968761444092e-01
1.860311150550842285e+00
-1.633346796035766602e+00
2.115294456481933594e+00
-2.506709396839141846e-01
6.848393678665161133e-01
5.693837404251098633e-01
9.494528770446777344e-01
-9.685460925102233887e-01
-8.233488351106643677e-02
-6.226171255111694336e-01
1.370403528213500977e+00
1.007722377777099609e+00
-1.525778055191040039e+00
1.942227244377136230e+00
-6.534088850021362305e-01
-1.043898701667785645e+00
-1.336146831512451172e+00
4.002497792243957520e-01
-1.005614638328552246e+00
1.998014330863952637e+00
7.016639709472656250e-01
-2.876092195510864258e-01
-1.409039139747619629e+00
-2.329064756631851196e-01
8.938927203416824341e-02
-8.487355113029479980e-01
1.685413956642150879e+00
-4.922498762607574463e-01
1.603028327226638794e-01
-1.004115223884582520e+00
-1.809694886207580566e+00
-9.969950914382934570e-01
1.589445352554321289e+00
-1.309978604316711426e+00
-1.618772596120834351e-01
1.157315135002136230e+00
-1.054995417594909668e+00
6.454085111618041992e-01
1.603503584861755371e+00
3.978130221366882324e-01
7.371917366981506348e-01
-5.767234563827514648e-01
-1.695265769958496094e+00
-1.248961687088012695e+00
1.163589715957641602e+00
-8.117976784706115723e-01
6.809017658233642578e-01
8.930534124374389648e-01
1.110331177711486816e+00
-5.442070960998535156e-01
-8.601812720298767090e-01
4.212853312492370605e-01
-8.693973422050476074e-01
8.445138931274414062e-01
1.289783358573913574e+00
3.720388114452362061e-01
4.126603305339813232e-01
-8.941076993942260742e-01
-1.786014556884765625e+00
-1.098091959953308105e+00
-1.668737530708312988e+00
2.026043176651000977e+00
-7.509900331497192383e-01
3.542898297309875488e-01
3.835810422897338867e-01
-8.309970498085021973e-01
1.151254296302795410e+00
-5.651118233799934387e-02
-6.635584235191345215e-01
-2.656897902488708496e-01
6.350331306457519531e-01
1.854143142700195312e-01
-1.949658617377281189e-02
-2.876186966896057129e-01
-1.152421236038208008e-01
-3.466989398002624512e-01
5.404008626937866211e-01
-1.653688549995422363e+00
7.928240299224853516e-01
-1.869085580110549927e-01
-4.045496582984924316e-01
3.483173251152038574e-01
6.459300518035888672e-01
-5.355997383594512939e-02
4.240593910217285156e-01
7.883642911911010742e-01
-5.308325886726379395e-01
4.848652482032775879e-01
-2.311742544174194336e+00
-1.575174689292907715e+00
3.101599454879760742e+00
-2.582508623600006104e-01
-5.732488036155700684e-01
1.313725352287292480e+00
1.542921900749206543e+00
-1.550468802452087402e+00
1.182563781738281250e+00
-6.559943556785583496e-01
3.317362666130065918e-01
