-1.130221009254455566e+00
-2.112922668457031250e+00
-1.043385714292526245e-01
1.789045035839080811e-01
3.408067822456359863e-01
-4.436880946159362793e-01
1.230398535728454590e+00
-9.773067235946655273e-01
-1.679278850555419922e+00
1.043323159217834473e+00
9.249638319015502930e-01
1.160197854042053223e+00
4.267486631870269775e-01
6.127474904060363770e-01
1.253001809120178223e+00
-3.889420330524444580e-01
3.490675389766693115e-01
8.898440003395080566e-01
3.766534030437469482e-01
-3.347267389297485352e+00
1.688620597124099731e-01
7.300211191177368164e-01
-4.257465004920959473e-01
-1.520790308713912964e-01
2.572581768035888672e-01
1.109644293785095215e+00
-2.156099081039428711e+00
-1.942066788673400879e+00
9.370977282524108887e-01
-3.131966590881347656e-01
-9.248012304306030273e-01
5.242673158645629883e-01
6.697519421577453613e-01
2.138060808181762695e+00
-2.899531126022338867e-01
1.406578302383422852e+00
7.065303623676300049e-02
1.133876368403434753e-01
-1.384024173021316528e-01
3.656069934368133545e-01
6.539543271064758301e-01
-7.155799269676208496e-01
2.273025035858154297e+00
-3.964380621910095215e-01
-1.458364009857177734e+00
-7.546159029006958008e-01
-1.709915876388549805e+00
-2.118866920471191406e+00
-1.941080540418624878e-01
-8.541136384010314941e-01
-1.001219544559717178e-02
-1.151825189590454102e+00
1.781581044197082520e-01
3.111115396022796631e-01
1.728998184204101562e+00
5.397300720214843750e-01
-1.411764025688171387e+00
5.140824317932128906e-01
2.799304425716400146e-01
1.217227816581726074e+00
-2.191375732421875000e+00
2.190639674663543701e-01
6.188644766807556152e-01
-1.039904713630676270e+00
1.351146340370178223e+00
-7.761124968528747559e-01
-4.653005897998809814e-01
3.847404718399047852e-01
6.062152981758117676e-01
-2.908354699611663818e-01
-2.389006167650222778e-01
1.535488478839397430e-02
1.736254245042800903e-01
1.232126593589782715e+00
-5.811087489128112793e-01
-6.180043220520019531e-01
-9.914473295211791992e-01
1.475014328956604004e+00
1.937142312526702881e-01
-3.378062844276428223e-01
9.631297588348388672e-01
-1.136718630790710449e+00
1.115931272506713867e+00
8.061752915382385254e-01
1.689404726028442383e+00
1.616601109504699707e+00
-2.542791143059730530e-02
-4.308649897575378418e-01
4.538461938500404358e-02
1.262962818145751953e-01
1.389292240142822266e+00
1.785585284233093262e+00
3.817080557346343994e-01
7.442263513803482056e-02
-4.219083189964294434e-01
-3.919551149010658264e-02
6.976589560508728027e-01
-6.519976854324340820e-01
5.489698648452758789e-01
1.613193303346633911e-01
-2.951441407203674316e-01
1.766026616096496582e+00
2.755143046379089355e-01
2.548732459545135498e-01
-2.483393907546997070e+00
1.384670615196228027e+00
-6.475849747657775879e-01
-1.776588678359985352e+00
-3.951137363910675049e-01
-2.312714099884033203e+00
-2.830180406570434570e+00
-9.614520668983459473e-01
-3.483754694461822510e-01
7.776850461959838867e-01
1.255137681961059570e+00
6.183969974517822266e-02
4.181548655033111572e-01
-4.277324080467224121e-01
-4.467632472515106201e-01
7.283124327659606934e-01
-1.804401993751525879e+00
5.658909678459167480e-01
1.446595549583435059e+00
-1.526927828788757324e+00
-1.305951237678527832e+00
-1.502536296844482422e+00
-2.355833053588867188e-01
1.143146276473999023e+00
