-1.380639910697937012e+00
-8.737635016441345215e-01
-6.687754392623901367e-02
1.694322824478149414e-01
-6.456792950630187988e-01
-9.148318767547607422e-01
8.322647958993911743e-02
-3.168200850486755371e-01
-5.133157372474670410e-01
-7.341146469116210938e-01
-1.258737087249755859e+00
5.072829723358154297e-01
6.507264971733093262e-01
1.120998382568359375e+00
-2.611121654510498047e+00
-1.066378831863403320e+00
-2.059672594070434570e+00
1.072449684143066406e+00
3.243203461170196533e-01
-5.757979154586791992e-01
-8.557793498039245605e-01
6.049253791570663452e-02
1.615994453430175781e+00
1.546877145767211914e+00
-2.327689409255981445e+00
2.003953933715820312e+00
2.159209489822387695e+00
-1.122645139694213867e+00
-5.093575119972229004e-01
-2.009428977966308594e+00
-1.015028357505798340e+00
-4.439424723386764526e-02
9.824925065040588379e-01
6.239641904830932617e-01
1.109016776084899902e+00
1.492960691452026367e+00
2.638764142990112305e+00
-8.864310979843139648e-01
1.783060580492019653e-01
-6.138145923614501953e-01
-2.150942087173461914e+00
8.454476594924926758e-01
1.903954982757568359e+00
-1.610716581344604492e-01
-5.397703647613525391e-01
1.065382957458496094e+00
1.239474177360534668e+00
5.012962818145751953e-01
1.207334041595458984e+00
2.051527053117752075e-01
-1.494499087333679199e+00
-1.019590377807617188e+00
1.285318851470947266e+00
-7.402853965759277344e-01
-1.393541812896728516e+00
-9.037389159202575684e-01
2.106287002563476562e+00
1.584388256072998047e+00
6.149244904518127441e-01
4.629331827163696289e-01
-1.886651039123535156e+00
-7.225231528282165527e-01
5.713945031166076660e-01
8.275594711303710938e-01
-6.898466944694519043e-01
1.901905983686447144e-01
-1.522337555885314941e+00
-1.547429442405700684e+00
-3.656850457191467285e-01
-7.580378055572509766e-01
3.983557224273681641e-01
-1.147552847862243652e+00
1.822387337684631348e+00
1.258885264396667480e+00
-1.505325078964233398e+00
8.884246647357940674e-02
1.970779001712799072e-01
2.792465984821319580e-01
-1.675897538661956787e-01
-7.435224056243896484e-01
9.886141121387481689e-02
-2.022321224212646484e+00
1.181759238243103027e+00
4.062788784503936768e-01
-4.218436181545257568e-01
1.380064010620117188e+00
-2.324068099260330200e-01
6.737936139106750488e-01
9.955833554267883301e-01
1.305902719497680664e+00
-1.389564871788024902e+00
-7.305840402841567993e-02
-1.223186373710632324e+00
1.120743274688720703e+00
-6.132812500000000000e-01
6.942482590675354004e-01
-2.801145426928997040e-02
4.524111747741699219e-01
-2.751406468451023102e-02
1.970013141632080078e+00
1.280483245849609375e+00
2.873810529708862305e-01
6.518438458442687988e-01
1.268390119075775146e-01
3.192256450653076172e+00
1.165701627731323242e+00
-6.586277484893798828e-01
-2.175598621368408203e+00
-4.711113274097442627e-01
-2.364174365997314453e+00
3.114880323410034180e-01
6.463087797164916992e-01
9.043233394622802734e-01
7.219648361206054688e-01
2.692532539367675781e-01
3.766733705997467041e-01
-1.457346379756927490e-01
7.888836413621902466e-02
2.327935248613357544e-01
2.647685408592224121e-01
-4.080739021301269531e-01
-7.711038589477539062e-01
1.040165185928344727e+00
-2.682385921478271484e+00
-2.431634068489074707e-01
-3.218805313110351562e+00
-2.090189218521118164e+00
6.378333568572998047e-01
