8.454145789146423340e-01
-3.375639617443084717e-01
-7.228099107742309570e-01
1.943443715572357178e-01
1.669892549514770508e+00
8.148497343063354492e-01
-2.049569129943847656e+00
2.560709789395332336e-02
-5.559181571006774902e-01
-7.459411025047302246e-01
-8.813619017601013184e-01
1.211691021919250488e+00
6.738901734352111816e-01
-2.273355722427368164e+00
5.241419076919555664e-01
-1.098632812500000000e+00
1.091439604759216309e+00
6.945527791976928711e-01
2.471988439559936523e+00
-1.801436662673950195e+00
5.062729716300964355e-01
-2.452773809432983398e+00
1.456716418266296387e+00
1.964432001113891602e-01
-2.306909322738647461e+00
-7.048271894454956055e-01
1.081160902976989746e+00
-1.243671178817749023e+00
2.508091330528259277e-01
6.961650401353836060e-02
1.896551065146923065e-02
-2.301010370254516602e+00
-9.313336014747619629e-01
-6.737633943557739258e-01
9.494112133979797363e-01
1.492825269699096680e+00
-1.240381479263305664e+00
9.783530831336975098e-01
2.470852881669998169e-01
-7.913070917129516602e-01
1.004943609237670898e+00
-7.366274017840623856e-03
1.967188954353332520e+00
3.727971911430358887e-01
-2.386048555374145508e+00
2.023516178131103516e+00
-1.359607458114624023e+00
-7.159415483474731445e-01
2.286924600601196289e+00
-1.173243999481201172e+00
1.159092783927917480e+00
1.068499207496643066e+00
-1.739528059959411621e+00
6.670558452606201172e-01
1.099018692970275879e+00
3.258257150650024414e+00
-5.651934742927551270e-01
-6.238161921501159668e-01
-4.927529990673065186e-01
-5.842474699020385742e-01
-1.552008986473083496e+00
-9.189644455909729004e-02
-3.150326386094093323e-02
1.189397811889648438e+00
-9.530296921730041504e-01
-1.083757877349853516e+00
-1.732178591191768646e-02
6.133595015853643417e-03
-2.394234180450439453e+00
-4.178335070610046387e-01
1.610175490379333496e+00
2.492479085922241211e+00
-8.156431317329406738e-01
5.376682281494140625e-01
-2.087587594985961914e+00
-1.866770237684249878e-01
-1.327226161956787109e+00
1.080544516444206238e-01
3.035097122192382812e-01
-4.554828703403472900e-01
2.265648096799850464e-01
1.357715129852294922e+00
1.195100665092468262e+00
-1.749199628829956055e+00
3.270505666732788086e+00
5.973131656646728516e-01
-2.835989236831665039e+00
-1.324359178543090820e-01
-2.509396076202392578e-01
-4.525225758552551270e-01
3.414829075336456299e-02
5.687870085239410400e-03
-1.099679946899414062e+00
-2.432849645614624023e+00
7.482517361640930176e-01
-4.818100035190582275e-01
-7.491012662649154663e-02
-6.217788159847259521e-02
5.854144096374511719e-01
2.880775630474090576e-01
1.135349869728088379e+00
4.872765541076660156e-01
-1.592752814292907715e+00
6.727035641670227051e-01
1.353900432586669922e+00
-4.153070151805877686e-01
-8.808009028434753418e-01
4.248972535133361816e-01
8.021183013916015625e-01
-1.154994010925292969e+00
2.207703590393066406e-01
2.776455599814653397e-03
2.362031787633895874e-01
-7.727766633033752441e-01
1.901831984519958496e+00
-2.172626495361328125e+00
-2.044881105422973633e+00
-1.036051988601684570e+00
-1.586490750312805176e+00
1.743762373924255371e+00
4.131256639957427979e-01
3.587929531931877136e-02
2.320789098739624023e+00
3.447825014591217041e-01
2.543166875839233398e-01
5.939450860023498535e-01
6.383951902389526367e-01
9.441736936569213867e-01
