-3.442269325256347656e+00
-2.161630153656005859e+00
-1.065245985984802246e+00
-3.188553750514984131e-01
5.921036005020141602e-01
-5.783520936965942383e-01
2.504937648773193359e+00
-4.966458678245544434e-02
1.861715435981750488e+00
8.519532158970832825e-03
2.209549248218536377e-01
-5.740925073623657227e-01
-7.348142266273498535e-01
-1.130538344383239746e+00
1.599389076232910156e+00
-1.952167391777038574e+00
-5.094614028930664062e-01
1.005038976669311523e+00
-5.697237253189086914e-01
2.441011428833007812e+00
3.142741024494171143e-01
-1.125335454940795898e+00
-7.059900164604187012e-01
-4.288231134414672852e-01
-2.362571954727172852e+00
1.645488977432250977e+00
-9.004392027854919434e-01
-3.969398140907287598e-01
7.325965762138366699e-01
1.400299549102783203e+00
1.863747000694274902e+00
-1.052067041397094727e+00
1.447741687297821045e-01
-2.912035882472991943e-01
7.748256921768188477e-01
3.529630899429321289e-01
2.596300244331359863e-01
-6.845936179161071777e-01
-7.472141981124877930e-01
-2.473733946681022644e-02
-1.559795618057250977e+00
1.539245247840881348e-01
8.726905584335327148e-01
1.427863597869873047e+00
1.496242642402648926e+00
-4.581461548805236816e-01
2.191661596298217773e-01
-3.299976587295532227e-01
-1.125405654311180115e-01
-1.158374547958374023e+00
2.511953003704547882e-02
2.696288526058197021e-01
-1.531822323799133301e+00
5.821073055267333984e-01
2.157537639141082764e-01
1.029901623725891113e+00
5.431808829307556152e-01
-8.799296021461486816e-01
1.389293432235717773e+00
-8.954200744628906250e-01
-1.295495510101318359e+00
-6.885572522878646851e-02
-7.055230140686035156e-01
-4.013765156269073486e-01
2.817386090755462646e-01
3.790212869644165039e-01
1.069616913795471191e+00
1.606755614280700684e+00
-1.039244890213012695e+00
2.311250209808349609e+00
-4.449418485164642334e-01
-2.129726886749267578e+00
3.062677979469299316e-01
4.326128959655761719e-01
-1.913819074630737305e+00
-4.183136224746704102e-01
-4.813248217105865479e-01
1.218923687934875488e+00
-2.559062838554382324e-01
5.048991441726684570e-01
-2.427001148462295532e-01
-1.150410473346710205e-01
2.050459384918212891e+00
1.290647149085998535e+00
-1.543434023857116699e+00
1.561486363410949707e+00
1.031915664672851562e+00
-2.938694715499877930e+00
1.448467731475830078e+00
-1.536819487810134888e-01
4.118171930313110352e-01
-9.759770035743713379e-01
-1.449144482612609863e+00
-9.337114095687866211e-01
1.245454773306846619e-01
2.477688789367675781e+00
8.148877322673797607e-02
1.835502386093139648e+00
-5.737541913986206055e-01
1.730314970016479492e+00
-2.120208293199539185e-01
8.753355145454406738e-01
8.548654913902282715e-01
1.605323314666748047e+00
-1.941570788621902466e-01
-6.962015032768249512e-01
-3.266249001026153564e-01
-1.830278038978576660e+00
1.754453897476196289e+00
-1.693655014038085938e+00
-2.404025793075561523e+00
3.593629598617553711e-01
-3.413782119750976562e-01
1.204670548439025879e+00
2.588810324668884277e-01
-1.351057052612304688e+00
1.485096096992492676e+00
-4.864733666181564331e-02
-1.246254205703735352e+00
-5.565696358680725098e-01
-1.522660255432128906e+00
1.008655309677124023e+00
-4.075896143913269043e-01
-9.426203370094299316e-01
-8.699083924293518066e-01
-2.183466702699661255e-01
1.474595785140991211e+00
4.946558475494384766e-01
