7.516093254089355469e-01
1.087885856628417969e+00
5.627596378326416016e-01
2.954376637935638428e-01
1.785640358924865723e+00
-5.092220380902290344e-02
1.485545992851257324e+00
1.384668469429016113e+00
-1.402900516986846924e-01
-9.624775648117065430e-01
1.693809270858764648e+00
-5.488165095448493958e-02
-7.782272100448608398e-01
-1.177502393722534180e+00
2.773772180080413818e-01
2.220647096633911133e+00
4.407643675804138184e-01
1.187864780426025391e+00
9.161851406097412109e-01
-2.895657718181610107e-01
6.056698784232139587e-02
-3.479918956756591797e+00
2.970744371414184570e-01
-5.763861536979675293e-02
-8.678314685821533203e-01
-5.662881731986999512e-01
2.875972390174865723e-01
-1.176677346229553223e+00
-8.017975687980651855e-01
4.612987339496612549e-01
-5.428981408476829529e-02
-3.874153614044189453e+00
-9.689842462539672852e-01
-5.154394507408142090e-01
7.620121836662292480e-01
-3.881400227546691895e-01
-1.088217377662658691e+00
1.082148551940917969e-01
-1.012631177902221680e+00
-1.297521591186523438e+00
-1.996309868991374969e-02
1.023560523986816406e+00
2.038532972335815430e+00
1.129280447959899902e+00
-1.319685429334640503e-01
-1.003089666366577148e+00
-9.319319725036621094e-01
-9.526393562555313110e-02
1.080232262611389160e+00
-2.121794462203979492e+00
3.138086199760437012e-01
-1.045416116714477539e+00
2.582218050956726074e-01
1.321653723716735840e+00
-2.338305473327636719e+00
-8.762322366237640381e-02
2.779381573200225830e-01
2.090715885162353516e+00
-1.373603582382202148e+00
-1.365937113761901855e+00
-4.490716755390167236e-01
5.631636977195739746e-01
1.125163793563842773e+00
1.516970396041870117e+00
1.498008333146572113e-02
-6.385164260864257812e-01
1.417376995086669922e+00
1.758219838142395020e+00
1.065156698226928711e+00
-8.906754851341247559e-02
2.954859733581542969e+00
1.208860635757446289e+00
-5.510516166687011719e-01
2.645053267478942871e-01
8.836477994918823242e-01
-1.242217302322387695e+00
-1.096926212310791016e+00
-1.704520344734191895e+00
-1.356002502143383026e-02
-7.754998207092285156e-01
4.509386792778968811e-02
-8.898490071296691895e-01
-5.459722876548767090e-01
-7.722600698471069336e-01
1.409217566251754761e-01
-1.244317412376403809e+00
-1.342148303985595703e+00
1.586514830589294434e+00
-1.146969676017761230e+00
1.287808418273925781e+00
2.244136333465576172e+00
-2.142458200454711914e+00
1.337513923645019531e+00
-6.220703721046447754e-01
-1.390223979949951172e+00
3.818783164024353027e-01
1.375861048698425293e+00
-1.737663000822067261e-01
-9.750226140022277832e-01
9.625503420829772949e-01
-3.812165260314941406e-01
5.056478381156921387e-01
-6.638338416814804077e-02
3.748615086078643799e-01
1.424150109291076660e+00
2.032648622989654541e-01
-1.663469821214675903e-01
-3.194658458232879639e-02
1.127956628799438477e+00
7.145157456398010254e-01
2.467963546514511108e-01
7.643136382102966309e-01
-1.326948702335357666e-01
-9.239720553159713745e-02
5.645183920860290527e-01
-5.435977578163146973e-01
-1.648902773857116699e+00
-1.316981911659240723e+00
1.150299310684204102e+00
-7.301825881004333496e-01
-3.166431903839111328e+00
-4.712316095829010010e-01
-6.834439933300018311e-02
6.552115678787231445e-01
-9.251081943511962891e-01
-1.851000308990478516e+00
7.847378030419349670e-03
1.644028067588806152e+00
