-6.398471444845199585e-02
1.113627195358276367e+00
1.509052664041519165e-01
2.631911039352416992e-01
-7.009253501892089844e-01
-7.453501820564270020e-01
-3.746557235717773438e-01
4.854031503200531006e-01
1.205547332763671875e+00
-4.249366819858551025e-01
9.372898340225219727e-01
-6.513289809226989746e-01
7.313894033432006836e-01
1.762056946754455566e+00
6.260265111923217773e-01
-8.271389007568359375e-01
-1.031656622886657715e+00
7.392166554927825928e-02
-1.413125265389680862e-02
-1.043502449989318848e+00
1.619321107864379883e+00
-1.582254767417907715e+00
-1.317990660667419434e+00
5.711674690246582031e-01
-1.132037758827209473e+00
-5.985287427902221680e-01
1.186228871345520020e+00
-1.616558670997619629e+00
3.926767706871032715e-01
7.115187644958496094e-01
1.321739673614501953e+00
-3.032256603240966797e+00
-2.032451152801513672e+00
2.203688859939575195e+00
-2.050698757171630859e+00
1.008793115615844727e+00
-1.316544413566589355e+00
-1.231641888618469238e+00
2.774951934814453125e+00
-9.830054044723510742e-01
-4.425112605094909668e-01
1.476519227027893066e+00
1.176661133766174316e+00
1.405091285705566406e+00
7.860788702964782715e-01
5.241932868957519531e-01
4.580961763858795166e-01
3.596395254135131836e-01
1.895398497581481934e-01
6.778427958488464355e-01
2.056295871734619141e+00
-1.439091861248016357e-01
4.323871433734893799e-01
8.355096578598022461e-01
-1.578910231590270996e+00
-6.546790599822998047e-01
-1.558127701282501221e-01
-4.986994266510009766e-01
2.265688180923461914e+00
4.963484704494476318e-01
1.470286011695861816e+00
1.199118971824645996e+00
1.907430589199066162e-02
2.584188222885131836e+00
2.614011287689208984e+00
-6.387941837310791016e-01
-4.625705182552337646e-01
-3.550623357295989990e-01
1.343263030052185059e+00
8.137636184692382812e-01
4.056923389434814453e-01
-1.390616536140441895e+00
1.487013816833496094e+00
-1.733142882585525513e-01
-1.436088204383850098e+00
-1.075590729713439941e+00
-4.498974680900573730e-01
-2.416344404220581055e+00
2.512220991775393486e-03
-1.635449409484863281e+00
1.015454888343811035e+00
-1.086336374282836914e+00
-1.596837759017944336e+00
-4.875284135341644287e-01
9.852698445320129395e-01
-3.595050871372222900e-01
-1.928279638290405273e+00
-7.502334564924240112e-02
9.124522805213928223e-01
-7.862853407859802246e-01
1.033080935478210449e+00
-1.990383982658386230e+00
-4.792393743991851807e-01
2.850172281265258789e+00
1.233398988842964172e-01
-9.401636719703674316e-01
1.241173148155212402e+00
8.395518660545349121e-01
3.608692586421966553e-01
1.558342576026916504e+00
-1.990827769041061401e-01
6.938464641571044922e-01
1.204842209815979004e+00
1.034417033195495605e+00
-1.476601660251617432e-01
-7.754191011190414429e-02
-1.028612494468688965e+00
-2.738357782363891602e-01
4.852546453475952148e-01
-1.198691368103027344e+00
-1.331503033638000488e+00
1.017912030220031738e+00
-1.230049371719360352e+00
-2.184731006622314453e+00
4.487528502941131592e-01
5.088050663471221924e-02
1.520713806152343750e+00
-3.997198119759559631e-02
-1.499289989471435547e+00
-9.845064878463745117e-01
-1.559027075767517090e+00
4.614907205104827881e-01
-2.122133523225784302e-01
-1.665381312370300293e+00
-1.032372713088989258e+00
-2.938473224639892578e-02
-1.940528035163879395e+00
-8.338928222656250000e-01
