-5.579443573951721191e-01
-2.922023832798004150e-01
7.495574355125427246e-01
-1.078481435775756836e+00
-1.477149605751037598e+00
-1.479149460792541504e+00
-4.012366831302642822e-01
-5.108929276466369629e-01
4.213849604129791260e-01
-2.108705282211303711e+00
1.223059654235839844e+00
1.310429930686950684e+00
-1.332535780966281891e-02
-1.604636311531066895e+00
1.230005383491516113e+00
4.831536710262298584e-01
-2.578790187835693359e-01
1.509482145309448242e+00
1.632924556732177734e+00
1.405669569969177246e+00
-2.280122518539428711e+00
6.436422467231750488e-01
-9.864385128021240234e-01
6.770477294921875000e-01
-2.296085596084594727e+00
-5.254429206252098083e-02
-8.288458585739135742e-01
2.491178363561630249e-01
3.648996055126190186e-01
1.097586274147033691e+00
-2.161156177520751953e+00
-1.368641614913940430e+00
-2.138195037841796875e+00
-8.699132502079010010e-02
-1.229509487748146057e-01
1.697712063789367676e+00
-1.551045417785644531e+00
-6.072106957435607910e-01
-7.085195183753967285e-01
-3.605409860610961914e-01
4.753081500530242920e-01
1.019642829895019531e+00
1.682538747787475586e+00
1.696298241615295410e+00
-5.856168270111083984e-01
1.037812113761901855e+00
-1.259168982505798340e+00
1.131346344947814941e+00
7.744628190994262695e-01
-1.392879128456115723e+00
2.905048429965972900e-01
-3.986451774835586548e-02
-1.584833674132823944e-02
4.301105141639709473e-01
-1.547367274761199951e-01
1.618244767189025879e+00
7.086751461029052734e-01
-2.806313335895538330e-01
-2.573601484298706055e+00
9.982500076293945312e-01
8.245785832405090332e-01
2.247908353805541992e+00
-1.505833983421325684e+00
1.666797399520874023e+00
3.835564255714416504e-01
-1.651006817817687988e+00
-6.488831341266632080e-02
7.998726367950439453e-01
-9.216042160987854004e-01
-7.659874558448791504e-01
-3.585683703422546387e-01
4.542726874351501465e-01
3.250234603881835938e+00
7.887448072433471680e-01
-3.283633291721343994e-01
-1.190211772918701172e+00
1.415414929389953613e+00
-1.499116420745849609e-01
1.071559786796569824e+00
-3.141346216201782227e+00
-4.885451793670654297e-01
2.485925257205963135e-01
1.894585967063903809e+00
4.697689414024353027e-01
1.682890653610229492e+00
1.239984631538391113e+00
-2.603767395019531250e+00
1.489380002021789551e+00
4.110152423381805420e-01
2.356034994125366211e+00
-3.518127501010894775e-01
-2.138649940490722656e+00
8.479000329971313477e-01
1.041363239288330078e+00
-1.271097421646118164e+00
1.636660456657409668e+00
1.116414308547973633e+00
-8.626127243041992188e-01
2.027584314346313477e-01
-4.176971018314361572e-01
5.580940246582031250e-01
-6.831737756729125977e-01
-1.544173121452331543e+00
7.241380214691162109e-01
6.470797657966613770e-01
-1.001909852027893066e+00
-7.775123715400695801e-01
2.506730854511260986e-01
6.529041528701782227e-01
1.131285309791564941e+00
-3.317354202270507812e+00
1.851202130317687988e+00
-1.365541338920593262e+00
-3.917187452316284180e-01
1.455462276935577393e-01
3.018775582313537598e-01
-1.296378970146179199e-01
-6.826431751251220703e-01
2.725231945514678955e-01
5.398204922676086426e-01
-1.044981718063354492e+00
1.333090305328369141e+00
2.498754858970642090e-01
-6.533135175704956055e-01
-3.803443312644958496e-01
5.789543315768241882e-02
-8.613390922546386719e-01
-1.590028047561645508e+00
