4.582328200340270996e-01
1.045510411262512207e+00
5.490314364433288574e-01
-1.032520756125450134e-01
1.038645505905151367e+00
4.009453952312469482e-01
-4.914430156350135803e-02
1.428056955337524414e+00
-1.921107918024063110e-01
1.628598570823669434e-01
2.049782752990722656e+00
3.641816973686218262e-01
-1.182383537292480469e+00
-2.230412244796752930e+00
1.161129117012023926e+00
-8.431764245033264160e-01
-1.464536070823669434e+00
1.369573473930358887e+00
1.368879556655883789e+00
-1.977516055107116699e+00
6.730496287345886230e-01
-1.509787321090698242e+00
-1.443353533744812012e+00
5.317734479904174805e-01
-8.746743202209472656e-01
-1.747304439544677734e+00
1.042171955108642578e+00
3.088838458061218262e-01
-4.967833757400512695e-01
1.556418836116790771e-01
-3.480718433856964111e-01
1.440105199813842773e+00
-2.150630712509155273e+00
1.227943539619445801e+00
1.318457961082458496e+00
2.156528532505035400e-01
-3.223260492086410522e-02
-1.140092730522155762e+00
2.730693221092224121e-01
-7.802423834800720215e-01
-1.808407306671142578e-01
3.901555538177490234e-01
2.064566373825073242e+00
7.543154358863830566e-01
5.539740324020385742e-01
-9.411559998989105225e-02
-1.283488512039184570e+00
2.726468324661254883e+00
-1.325745701789855957e+00
2.192064374685287476e-01
2.022047758102416992e+00
-3.726702881976962090e-03
1.384152770042419434e-01
-1.095349788665771484e+00
5.544421076774597168e-01
-9.174150228500366211e-01
1.485360503196716309e+00
7.948128581047058105e-01
3.066560029983520508e+00
6.712572574615478516e-01
-9.202335476875305176e-01
1.958822131156921387e+00
1.779803514480590820e+00
-2.752096056938171387e-01
4.763036221265792847e-02
-1.953984022140502930e+00
-4.007920026779174805e-01
1.676485538482666016e+00
-8.363875150680541992e-01
2.832692563533782959e-01
6.125477552413940430e-01
1.107403397560119629e+00
-4.151740372180938721e-01
-6.633813977241516113e-01
-4.728091657161712646e-01
-1.261161923408508301e+00
-4.553235173225402832e-01
1.695652604103088379e-01
-1.162430286407470703e+00
-2.248821258544921875e+00
-2.746972739696502686e-01
4.634299278259277344e-01
-6.386739015579223633e-01
-7.220619320869445801e-01
2.348639726638793945e+00
-1.466366887092590332e+00
-6.551452875137329102e-01
1.378518342971801758e+00
6.231860518455505371e-01
-7.927412390708923340e-01
1.252586245536804199e+00
-3.264579296112060547e+00
1.321379899978637695e+00
-2.499294430017471313e-01
1.424230337142944336e-01
8.600406348705291748e-02
1.411081075668334961e+00
-8.318364024162292480e-01
-4.130305349826812744e-01
-1.203694820404052734e+00
-1.401790231466293335e-01
2.976791143417358398e+00
-1.096379399299621582e+00
5.353517532348632812e-01
5.877779722213745117e-01
4.661849737167358398e-01
-1.781764984130859375e+00
9.591776132583618164e-01
2.386717796325683594e+00
8.727609515190124512e-01
-7.145204544067382812e-01
-6.023967862129211426e-01
-1.870062708854675293e+00
-3.913671493530273438e+00
1.329846829175949097e-01
-2.360862970352172852e+00
-3.176066279411315918e-01
5.307258367538452148e-01
-1.042226195335388184e+00
3.074928224086761475e-01
-1.109956622123718262e+00
-1.616171360015869141e+00
8.865256905555725098e-01
1.637340150773525238e-02
-1.488386243581771851e-01
1.117844730615615845e-01
-4.393161535263061523e-01
-1.371208906173706055e+00
