-1.112627267837524414e+00
1.177365422248840332e+00
-1.467186808586120605e+00
1.199814677238464355e+00
2.875433266162872314e-01
4.979535639286041260e-01
-5.670479312539100647e-02
3.876495957374572754e-01
-1.727214932441711426e+00
-1.515750408172607422e+00
9.469546675682067871e-01
-1.403294950723648071e-01
1.518325209617614746e+00
-5.305004119873046875e-01
6.350107789039611816e-01
-2.584206759929656982e-01
-9.691464900970458984e-02
-2.070240676403045654e-01
-1.202472329139709473e+00
2.062060832977294922e+00
-1.770268082618713379e+00
-6.485772132873535156e-01
-1.038073062896728516e+00
5.909638404846191406e-01
-2.893330454826354980e-01
5.005398392677307129e-01
1.659627199172973633e+00
-9.200200438499450684e-01
2.097334861755371094e+00
1.530713438987731934e+00
-1.113756418228149414e+00
-9.126375615596771240e-02
-1.127310991287231445e+00
-1.843513011932373047e+00
3.327976763248443604e-01
9.690304994583129883e-01
1.577987909317016602e+00
1.962666749954223633e+00
-1.046180486679077148e+00
2.355105876922607422e-01
2.748384475708007812e-01
1.329696655273437500e+00
1.627370476722717285e+00
2.551755666732788086e+00
1.311889529228210449e+00
3.305457115173339844e+00
-4.597329199314117432e-01
-2.837424278259277344e-01
-1.035683751106262207e+00
9.943329095840454102e-01
-3.634016811847686768e-01
-1.038731455802917480e+00
7.565250396728515625e-01
5.447529554367065430e-01
-1.453408718109130859e+00
-2.827440798282623291e-01
2.797802984714508057e-01
7.950389981269836426e-01
1.151522994041442871e+00
-4.576724469661712646e-01
-2.177119970321655273e+00
2.875793457031250000e+00
-2.725753545761108398e+00
1.735524386167526245e-01
-1.507824659347534180e+00
-1.751812994480133057e-01
-1.292825490236282349e-01
2.004534482955932617e+00
-4.949035346508026123e-01
7.542897462844848633e-01
1.988157033920288086e-01
-8.006614446640014648e-01
3.194655656814575195e+00
2.450870275497436523e-01
-4.570861533284187317e-02
-2.189223766326904297e+00
-1.302213191986083984e+00
-3.050032854080200195e-01
1.958228647708892822e-01
-4.340171813964843750e-01
-1.862194091081619263e-01
-9.680361151695251465e-01
7.876272797584533691e-01
-1.538475632667541504e+00
-1.301500916481018066e+00
7.264948487281799316e-01
-2.143536955118179321e-01
-1.047842025756835938e+00
-6.212977170944213867e-01
1.560886859893798828e+00
9.901212155818939209e-02
-3.804236650466918945e-01
-1.978781700134277344e+00
1.393113136291503906e+00
-6.427106261253356934e-01
1.133823394775390625e+00
-2.408012300729751587e-01
-6.181441545486450195e-01
1.379798650741577148e-01
1.852655053138732910e+00
1.690651029348373413e-01
-6.028314232826232910e-01
-1.482705950736999512e+00
1.165020465850830078e+00
-9.265220761299133301e-01
-1.536313295364379883e+00
1.024966314435005188e-01
-1.963968515396118164e+00
1.985045313835144043e+00
4.929165244102478027e-01
1.198396384716033936e-01
6.696972846984863281e-01
3.365353643894195557e-01
1.221335053443908691e+00
-1.807997941970825195e+00
-6.831306815147399902e-01
-1.143105387687683105e+00
-1.821028351783752441e+00
-1.166897058486938477e+00
-1.500354647636413574e+00
-7.268548011779785156e-01
2.120421230792999268e-01
2.659108400344848633e+00
4.304718971252441406e-01
-8.243672251701354980e-01
-1.084591984748840332e+00
7.576713711023330688e-02
-4.416569471359252930e-01
