1.237141340970993042e-01
-1.424883957952260971e-02
-9.380738139152526855e-01
-3.028144359588623047e+00
2.006067276000976562e+00
8.776357769966125488e-01
3.177927017211914062e+00
-7.043149322271347046e-02
-2.181269228458404541e-01
-1.189652562141418457e+00
-4.505164325237274170e-01
1.521206021308898926e+00
3.751962780952453613e-01
-9.820787310600280762e-01
-3.701058626174926758e-01
1.534611105918884277e+00
6.427709460258483887e-01
2.345288358628749847e-02
-1.183181643486022949e+00
-1.306643784046173096e-01
-1.347236156463623047e+00
2.243715226650238037e-01
-6.707484722137451172e-01
2.318474292755126953e+00
-1.395514726638793945e+00
-5.173978209495544434e-01
2.457322627305984497e-01
3.678811714053153992e-02
-6.690505892038345337e-02
7.967975139617919922e-01
-6.718091368675231934e-01
-1.954463481903076172e+00
3.191540837287902832e-01
1.736275672912597656e+00
-8.036748319864273071e-02
3.535227477550506592e-01
5.659891366958618164e-01
4.995917156338691711e-02
-2.054319232702255249e-01
1.019247844815254211e-01
1.522153973579406738e+00
1.963929176330566406e+00
9.738232493400573730e-01
3.686791360378265381e-01
-1.621057033538818359e+00
-2.764384746551513672e+00
-2.545044422149658203e-01
2.143759965896606445e+00
9.491547197103500366e-02
-2.817503213882446289e-01
1.415921330451965332e+00
-4.990420937538146973e-01
-1.692494511604309082e+00
-5.439260005950927734e-01
3.642121851444244385e-01
-4.127908349037170410e-01
8.485222607851028442e-02
4.389867782592773438e-01
-8.503648042678833008e-01
-5.081909298896789551e-01
-9.024503231048583984e-01
1.247473835945129395e+00
5.363311767578125000e-01
1.054251909255981445e+00
1.479095816612243652e-01
-1.332445740699768066e+00
-9.458983689546585083e-02
1.575973868370056152e+00
-4.078575074672698975e-01
-8.171067237854003906e-01
-4.409615397453308105e-01
-6.618280410766601562e-01
-1.033749103546142578e+00
-6.942006349563598633e-01
-7.556928396224975586e-01
-9.277251958847045898e-01
-7.107922434806823730e-01
1.333400845527648926e+00
1.424557715654373169e-01
-3.498080253601074219e+00
-7.832446098327636719e-01
5.044323205947875977e-01
7.252256870269775391e-01
-8.314833641052246094e-01
3.116016149520874023e+00
1.204724788665771484e+00
-9.840905070304870605e-01
1.143528103828430176e+00
-2.125909365713596344e-02
-1.083733201026916504e+00
7.071696519851684570e-01
-1.190174102783203125e+00
-1.437887310981750488e+00
-8.213357925415039062e-01
-3.723599016666412354e-01
6.794875264167785645e-01
7.361384034156799316e-01
-1.964662820100784302e-01
6.698239445686340332e-01
-4.929130375385284424e-01
8.919067978858947754e-01
-3.679271936416625977e-01
-1.365026593208312988e+00
2.119805812835693359e+00
3.604955673217773438e-01
-1.242609620094299316e+00
-2.979169189929962158e-01
1.416852325201034546e-01
3.126079797744750977e+00
-2.533293962478637695e+00
-2.360342741012573242e-01
-1.683097481727600098e+00
-7.857282161712646484e-01
-1.012193486094474792e-01
1.574348926544189453e+00
1.436681628227233887e+00
-5.855025053024291992e-01
-1.623207807540893555e+00
-2.012981414794921875e+00
3.686641693115234375e+00
3.061181545257568359e+00
-1.634907960891723633e+00
1.173864245414733887e+00
9.200887680053710938e-01
4.745796024799346924e-01
-1.802760004997253418e+00
1.112274453043937683e-01
-2.247637361288070679e-01
