3.212834298610687256e-01
-1.156843543052673340e+00
-8.964724838733673096e-02
2.491078078746795654e-01
-6.714826226234436035e-01
1.036340355873107910e+00
1.207008004188537598e+00
-9.417018294334411621e-01
-1.389933347702026367e+00
-7.165753245353698730e-01
-4.881269633769989014e-01
-1.377678751945495605e+00
8.942732810974121094e-01
9.782570004463195801e-01
3.756391406059265137e-01
9.612789154052734375e-01
9.424711577594280243e-03
1.969863772392272949e+00
-7.028492689132690430e-01
2.096543788909912109e+00
-2.806734107434749603e-02
-5.789247155189514160e-01
4.371253550052642822e-01
1.313694864511489868e-01
-7.922586053609848022e-03
-5.066425204277038574e-01
1.458986282348632812e+00
-2.272979021072387695e-01
1.106574892997741699e+00
1.546746253967285156e+00
9.093738198280334473e-01
6.034560799598693848e-01
-8.543004989624023438e-01
-1.063730835914611816e+00
1.090920567512512207e-01
-5.484786629676818848e-01
-4.242022708058357239e-02
-7.533713579177856445e-01
-8.737663030624389648e-01
1.083382844924926758e+00
-1.231196761131286621e+00
-1.595530390739440918e+00
1.913468837738037109e+00
-1.577029377222061157e-02
6.930334568023681641e-01
3.659164309501647949e-01
-1.733316928148269653e-01
-6.687042117118835449e-02
-9.238840341567993164e-01
1.825116634368896484e+00
5.499762892723083496e-01
-5.254477858543395996e-01
1.089596867561340332e+00
2.855753898620605469e-01
-5.571052432060241699e-01
8.768432736396789551e-01
4.103087186813354492e-01
-9.601917266845703125e-01
-5.220534205436706543e-01
-1.422859281301498413e-01
3.688454926013946533e-01
1.214462161064147949e+00
7.323620915412902832e-01
5.043410062789916992e-01
1.939659714698791504e+00
-8.461499214172363281e-01
4.175155162811279297e-01
9.511540085077285767e-02
-9.268189668655395508e-01
-4.950160980224609375e-01
1.138019919395446777e+00
-1.663233757019042969e+00
-8.597515225410461426e-01
1.104946613311767578e+00
1.703819155693054199e+00
-1.213990092277526855e+00
9.438613057136535645e-01
-1.537645101547241211e+00
1.412554383277893066e+00
7.395540475845336914e-01
-5.065135955810546875e-01
-2.117235898971557617e+00
-7.330657541751861572e-02
5.244296193122863770e-01
2.164125591516494751e-01
-9.742650985717773438e-01
-5.620528459548950195e-01
-1.839837312698364258e+00
-1.195886611938476562e+00
5.461289286613464355e-01
7.239547371864318848e-01
-1.570677280426025391e+00
-1.049512550234794617e-01
7.822338938713073730e-01
1.737515568733215332e+00
7.345011234283447266e-01
3.876627385616302490e-01
4.778799712657928467e-01
-9.043158590793609619e-02
4.453979730606079102e-01
-6.334967911243438721e-02
7.639066576957702637e-01
-9.153506159782409668e-01
6.342090368270874023e-01
-8.084964156150817871e-01
-4.229095578193664551e-02
7.655950188636779785e-01
1.002260804176330566e+00
-1.512709408998489380e-01
-1.859804630279541016e+00
-1.542726755142211914e+00
3.196647763252258301e-01
-2.393962621688842773e+00
-1.172849535942077637e+00
-4.279607236385345459e-01
-3.678461313247680664e-01
-1.194424182176589966e-02
7.209662199020385742e-01
4.380433857440948486e-01
-7.964965701103210449e-01
-1.765525817871093750e+00
-2.020512580871582031e+00
1.368698477745056152e+00
-2.613400697708129883e+00
-1.789068579673767090e+00
-1.776940941810607910e+00
8.977348208427429199e-01
2.239201068878173828e+00
