1.019128188490867615e-01
-3.155715942382812500e+00
1.990368485450744629e+00
1.950300186872482300e-01
1.270883917808532715e+00
-7.885491251945495605e-01
-1.136915326118469238e+00
1.107939839363098145e+00
-1.172154068946838379e+00
5.702791810035705566e-01
1.571304678916931152e+00
1.086929559707641602e+00
-1.583778500556945801e+00
-2.638532221317291260e-01
-7.585065364837646484e-01
2.763338088989257812e+00
-1.394579648971557617e+00
-3.383529186248779297e-01
4.893888235092163086e-01
-1.159091711044311523e+00
2.416154146194458008e+00
1.000672101974487305e+00
1.490781188011169434e+00
1.065482854843139648e+00
-1.816729664802551270e+00
-4.788023233413696289e-01
-8.064992427825927734e-01
-7.290306687355041504e-01
4.071124792098999023e-01
2.575405687093734741e-02
-9.118806719779968262e-01
-1.181810379028320312e+00
-7.510616183280944824e-01
3.554785847663879395e-01
2.045372128486633301e-01
2.607865095138549805e+00
1.153389215469360352e+00
-8.538022041320800781e-01
-4.179628491401672363e-01
5.600729584693908691e-01
1.815100073814392090e+00
8.345860242843627930e-01
8.207229375839233398e-01
-1.955501139163970947e-01
1.730740189552307129e+00
-9.253639578819274902e-01
1.295029371976852417e-01
2.721039950847625732e-01
8.849136233329772949e-01
7.012550830841064453e-01
-9.500584006309509277e-01
-1.362976193428039551e+00
-1.358439207077026367e+00
-1.319198489189147949e+00
3.253597319126129150e-01
2.202961921691894531e+00
-8.944651484489440918e-01
1.668819487094879150e-01
-1.796083807945251465e+00
1.244359612464904785e+00
-1.597133636474609375e+00
2.118705749511718750e+00
-1.539140701293945312e+00
-1.442664980888366699e+00
-9.203504920005798340e-01
-3.494828939437866211e-01
3.040316104888916016e-01
7.751485109329223633e-01
-1.067531943321228027e+00
-1.084879875183105469e+00
-1.360645532608032227e+00
4.228569567203521729e-02
1.143410205841064453e-01
1.681579947471618652e+00
-3.467878401279449463e-01
-5.725545287132263184e-01
1.213690161705017090e+00
-9.292368888854980469e-01
-2.345219135284423828e+00
-1.124672174453735352e+00
1.112380385398864746e+00
4.108281061053276062e-02
-6.898018717765808105e-01
1.205277085304260254e+00
1.099511146545410156e+00
-3.739752471446990967e-01
9.144243784248828888e-03
1.283376455307006836e+00
-1.658470392227172852e+00
-2.920699119567871094e-01
-8.545244932174682617e-01
6.045870184898376465e-01
2.317026853561401367e-01
2.172487258911132812e+00
-1.865914344787597656e+00
-2.351569384336471558e-01
-7.465898394584655762e-01
5.050377845764160156e-01
-1.223249316215515137e+00
6.500429511070251465e-01
9.768040180206298828e-01
1.075465559959411621e+00
-4.648840725421905518e-01
9.797284007072448730e-01
-2.758317589759826660e-01
-6.628606468439102173e-02
-1.384585499763488770e+00
-2.347821891307830811e-01
2.042248249053955078e-01
-4.668252170085906982e-01
-7.421004176139831543e-01
8.602539300918579102e-01
-9.280325770378112793e-01
-1.507291849702596664e-02
-7.656459808349609375e-01
-1.692611575126647949e+00
5.201580934226512909e-03
-3.184789180755615234e+00
-1.582486033439636230e-01
7.553371191024780273e-01
8.974086046218872070e-01
1.507053017616271973e+00
2.016990184783935547e+00
4.847851395606994629e-01
-8.967563509941101074e-01
2.128563642501831055e+00
-5.709509253501892090e-01
-9.846453368663787842e-02
