-6.052560210227966309e-01
-1.505524992942810059e+00
6.232661008834838867e-01
-2.105644941329956055e-01
6.985207647085189819e-02
-1.995044469833374023e+00
-2.187685966491699219e-01
-7.558420896530151367e-01
-4.233767837285995483e-02
1.465048074722290039e+00
-4.014411568641662598e-01
1.204172372817993164e+00
-1.210419893264770508e+00
2.629178389906883240e-02
-1.504900097846984863e+00
-8.266092091798782349e-02
-1.582307577133178711e+00
-6.140051484107971191e-01
1.483497023582458496e+00
4.828836619853973389e-01
-4.234048426151275635e-01
4.477478265762329102e-01
7.815913558006286621e-01
1.550768256187438965e+00
-8.371403813362121582e-01
5.533512234687805176e-01
-8.857674598693847656e-01
-2.202701091766357422e+00
-2.818423807621002197e-01
9.681067466735839844e-01
-4.730527102947235107e-01
1.085492134094238281e+00
-8.651776313781738281e-01
2.964917182922363281e+00
-5.187009572982788086e-01
9.442316293716430664e-01
-7.700614165514707565e-03
-1.561852931976318359e+00
1.961640834808349609e+00
4.953038096427917480e-01
8.803603649139404297e-01
-8.172727227210998535e-01
1.761388897895812988e+00
-4.276722371578216553e-01
-1.944216132164001465e+00
1.179483652114868164e+00
-1.519296169281005859e+00
-4.120241701602935791e-01
9.148798137903213501e-02
1.065271869301795959e-01
6.066523194313049316e-01
-2.724068164825439453e+00
2.650431990623474121e-01
-1.825944304466247559e+00
-2.171216309070587158e-01
1.715049624443054199e+00
-8.113825917243957520e-01
1.255754590034484863e+00
6.593448519706726074e-01
-4.378892183303833008e-01
-5.756614208221435547e-01
2.495391815900802612e-01
9.076327085494995117e-01
-2.787441313266754150e-01
5.288478732109069824e-01
6.752476692199707031e-01
-9.102404713630676270e-01
-7.904300689697265625e-01
2.645167522132396698e-02
1.293922662734985352e-01
1.126038432121276855e+00
-1.512121081352233887e+00
2.455332040786743164e+00
9.297784566879272461e-01
-3.761786818504333496e-01
-8.384156823158264160e-01
-1.030354022979736328e+00
-6.137021183967590332e-01
1.217905879020690918e-01
-9.381963610649108887e-01
1.125610247254371643e-01
-1.638089179992675781e+00
5.950387194752693176e-02
3.138803541660308838e-01
2.030962854623794556e-01
1.202297687530517578e+00
8.315516114234924316e-01
5.801289677619934082e-01
2.762351036071777344e-01
-5.117111802101135254e-01
-1.234298825263977051e+00
1.848928809165954590e+00
-1.538443207740783691e+00
-3.445903956890106201e-01
-2.734874188899993896e-01
2.528162896633148193e-01
-7.220929265022277832e-01
1.152493134140968323e-01
2.207598447799682617e+00
9.066004157066345215e-01
2.565577268600463867e+00
1.118267059326171875e+00
-1.062541484832763672e+00
-1.783230543136596680e+00
-1.738798141479492188e+00
3.648572266101837158e-01
-3.641904890537261963e-01
-1.465642333030700684e+00
2.304970741271972656e+00
-1.682818830013275146e-01
-1.119203448295593262e+00
-2.487397193908691406e-01
-2.959415018558502197e-01
2.155422210693359375e+00
4.373068809509277344e-01
-5.495539903640747070e-01
4.061901569366455078e-01
-8.821679353713989258e-01
6.057740449905395508e-01
9.688423871994018555e-01
-1.053896769881248474e-01
5.564580559730529785e-01
-8.055710792541503906e-01
-7.857840657234191895e-01
-1.350018024444580078e+00
3.604632616043090820e-01
-1.540951609611511230e+00
1.502951622009277344e+00
