1.421790838241577148e+00
-1.288998365402221680e+00
-1.143433213233947754e+00
-7.285855412483215332e-01
3.105981647968292236e-01
6.015911325812339783e-02
2.507017612457275391e+00
-2.150610834360122681e-01
-1.483613491058349609e+00
-5.449191927909851074e-01
4.576069712638854980e-01
-8.366021513938903809e-01
8.978882431983947754e-01
-2.323035955429077148e+00
1.956976950168609619e-01
-5.551196932792663574e-01
6.185357570648193359e-01
-5.133824944496154785e-01
-1.427008867263793945e+00
2.805768251419067383e-01
-5.513265132904052734e-01
4.846602976322174072e-01
-8.941852450370788574e-01
2.537986993789672852e+00
-1.802108168601989746e+00
2.478868961334228516e+00
1.354385614395141602e-01
-1.593720555305480957e+00
1.378833204507827759e-01
-1.685401082038879395e+00
3.528771102428436279e-01
-6.799485683441162109e-01
-1.126405447721481323e-01
-3.540056049823760986e-01
1.380230307579040527e+00
5.640380382537841797e-01
1.554582357406616211e+00
5.829980969429016113e-01
-1.372690796852111816e-01
-9.420432448387145996e-01
2.424963474273681641e+00
-1.638702392578125000e+00
7.766543030738830566e-01
4.774086773395538330e-01
-1.034235715866088867e+00
-1.127715349197387695e+00
-8.866835236549377441e-01
-3.134688436985015869e-01
-9.706337451934814453e-01
1.519758403301239014e-01
-4.194658994674682617e-01
7.567640542984008789e-01
-1.836120486259460449e+00
-3.879320025444030762e-01
9.647461771965026855e-01
8.929926156997680664e-01
4.261315166950225830e-01
2.108849585056304932e-01
2.135652303695678711e+00
2.041099220514297485e-01
1.182772397994995117e+00
-8.087159395217895508e-01
-3.696973249316215515e-02
9.417098164558410645e-01
-3.709225952625274658e-01
-1.110411643981933594e+00
-1.913218349218368530e-01
2.954465150833129883e+00
2.473906129598617554e-01
1.606359720230102539e+00
2.068124294281005859e+00
-8.072618246078491211e-01
-3.770379722118377686e-02
1.073273539543151855e+00
-1.363650560379028320e+00
-1.597783446311950684e+00
6.099488735198974609e-01
-2.927058339118957520e-01
4.536987245082855225e-01
1.159225478768348694e-01
-3.686086237430572510e-01
5.674579739570617676e-01
1.701217412948608398e+00
8.509395271539688110e-02
4.506116867065429688e+00
-3.215639293193817139e-01
-1.379410505294799805e+00
-8.442838788032531738e-01
9.550544619560241699e-02
1.870282530784606934e+00
8.787931799888610840e-01
-1.792333245277404785e+00
-1.815241873264312744e-01
-3.277647197246551514e-01
-5.830448269844055176e-01
1.567421317100524902e+00
1.857279390096664429e-01
-1.108587622642517090e+00
1.349529027938842773e+00
8.567455410957336426e-02
1.153484940528869629e+00
-9.921236634254455566e-01
-9.925342202186584473e-01
1.359179854393005371e+00
1.807153671979904175e-01
-1.983634948730468750e+00
-7.186489105224609375e-01
-2.556493282318115234e+00
1.505222201347351074e+00
-2.679090023040771484e+00
2.074760198593139648e+00
9.527916461229324341e-02
2.257166430354118347e-02
2.673871517181396484e-01
-2.287059545516967773e+00
-6.640334725379943848e-01
-9.762875437736511230e-01
7.179685831069946289e-01
-1.166857838630676270e+00
4.933640062808990479e-01
7.142940759658813477e-01
-1.251838803291320801e+00
-6.521303057670593262e-01
-2.012483835220336914e+00
-5.505396127700805664e-01
6.348664164543151855e-01
1.177507117390632629e-01
-4.772437214851379395e-01
