1.871469497680664062e+00
-4.751120209693908691e-01
-7.045098543167114258e-01
-2.746110916137695312e+00
7.603038549423217773e-01
3.046650290489196777e-01
2.128771692514419556e-01
2.320353269577026367e+00
5.378295183181762695e-01
-8.820247650146484375e-01
5.104432702064514160e-01
-2.621014118194580078e-01
2.087479352951049805e+00
3.509166836738586426e-01
5.433414578437805176e-01
1.893681645393371582e+00
-1.206193923950195312e+00
6.048994660377502441e-01
-1.798530936241149902e+00
1.452109694480895996e+00
6.545445919036865234e-01
-8.254159688949584961e-01
-1.913950204849243164e+00
4.322381317615509033e-01
-1.678431034088134766e+00
1.195900201797485352e+00
3.369466364383697510e-01
-5.968704223632812500e-01
4.113824963569641113e-01
1.452322006225585938e+00
-1.376812309026718140e-01
-3.270690679550170898e+00
-1.345065474510192871e+00
-9.083400964736938477e-01
9.084494709968566895e-01
1.593792200088500977e+00
4.657422900199890137e-01
-8.822349905967712402e-01
-7.991609573364257812e-01
-1.842590332031250000e+00
1.655924171209335327e-01
1.497252881526947021e-01
1.235892415046691895e+00
7.867947220802307129e-01
-7.530264556407928467e-02
-4.407742619514465332e-02
1.176711082458496094e+00
1.957635998725891113e+00
1.238877177238464355e+00
-1.863844156265258789e+00
-4.463772177696228027e-01
-1.727036356925964355e+00
1.317375246435403824e-02
5.463730096817016602e-01
2.005215644836425781e+00
-9.652961492538452148e-01
8.104440569877624512e-02
1.208845376968383789e-01
-7.940646409988403320e-01
1.023665428161621094e+00
-5.819827690720558167e-02
-3.210684359073638916e-01
7.704440951347351074e-01
3.071696162223815918e-01
2.413301467895507812e+00
-1.069457769393920898e+00
1.531348943710327148e+00
1.086390614509582520e+00
-2.117289543151855469e+00
8.197595179080963135e-02
1.480617076158523560e-01
6.240299344062805176e-01
1.328620672225952148e+00
-2.883351445198059082e-01
1.382049471139907837e-01
-6.090079545974731445e-01
-2.351771593093872070e-01
-3.889853060245513916e-01
9.236596822738647461e-01
-2.359911203384399414e+00
-2.356347799301147461e+00
-5.333848595619201660e-01
-1.650793910026550293e+00
-7.099346518516540527e-01
2.154303550720214844e+00
-1.155285716056823730e+00
1.129484921693801880e-01
3.033231198787689209e-01
-5.667704939842224121e-01
9.730618000030517578e-01
1.285377502441406250e+00
-2.713335514068603516e+00
3.500915765762329102e-01
7.049465775489807129e-01
6.629408597946166992e-01
1.693349123001098633e+00
1.093356728553771973e+00
-2.919119037687778473e-02
-6.100712418556213379e-01
1.059460878372192383e+00
5.095282793045043945e-01
-3.709914684295654297e-01
-5.156694054603576660e-01
-9.030628800392150879e-01
1.938066244125366211e+00
1.771345585584640503e-01
-9.050299525260925293e-01
-1.617399752140045166e-01
2.372641563415527344e+00
1.427098393440246582e+00
2.382837980985641479e-01
1.016463518142700195e+00
-1.300592422485351562e+00
-1.155382752418518066e+00
1.394258975982666016e+00
7.642386108636856079e-02
1.459133177995681763e-01
3.776247799396514893e-01
-3.043697595596313477e+00
-5.850067362189292908e-02
-6.184347271919250488e-01
-2.399221658706665039e+00
4.200620651245117188e-01
-1.743354678153991699e+00
-5.926147103309631348e-01
-1.552766680717468262e+00
2.005500316619873047e+00
-7.985961437225341797e-01
