-7.064022421836853027e-01
1.491210818290710449e+00
-1.285329222679138184e+00
5.051195025444030762e-01
1.396848082542419434e+00
9.474241733551025391e-01
-1.657724857330322266e+00
3.169742345809936523e+00
1.854783892631530762e+00
-5.132690668106079102e-01
-1.104443550109863281e+00
-8.551415801048278809e-01
7.728602886199951172e-01
1.351110935211181641e+00
7.269424945116043091e-02
-1.006411910057067871e+00
1.671887747943401337e-02
6.878448724746704102e-01
7.913987636566162109e-01
-2.952162325382232666e-01
1.198237299919128418e+00
-2.055402278900146484e+00
9.124172925949096680e-01
6.228980422019958496e-01
-1.844161897897720337e-01
1.831278085708618164e+00
-1.368607163429260254e+00
-1.624546170234680176e+00
1.365429520606994629e+00
1.483479261398315430e+00
8.364349603652954102e-01
4.406737685203552246e-01
-9.637014865875244141e-01
9.534612298011779785e-01
-1.782446503639221191e-01
-2.815720438957214355e-02
-3.816405832767486572e-01
-8.373477458953857422e-01
-1.650646448135375977e+00
1.601880230009555817e-02
3.234965503215789795e-01
4.936992228031158447e-01
9.843413233757019043e-01
2.156042009592056274e-01
7.333669662475585938e-01
8.129529356956481934e-01
-3.518429994583129883e-01
-1.866760611534118652e+00
8.996082544326782227e-01
1.206165313720703125e+00
1.334584057331085205e-01
-5.665770545601844788e-02
-1.114805221557617188e+00
-1.128757357597351074e+00
6.697232723236083984e-01
1.219984889030456543e-01
1.267190456390380859e+00
-2.841731786727905273e+00
5.177339538931846619e-02
8.803293704986572266e-01
-1.117002725601196289e+00
-4.208881855010986328e-01
-1.985111385583877563e-01
6.019244790077209473e-01
1.653936862945556641e+00
-9.040425419807434082e-01
2.054684236645698547e-02
8.178617954254150391e-01
9.835323095321655273e-01
3.906531333923339844e-01
4.291531816124916077e-02
-1.178694605827331543e+00
4.590440168976783752e-02
1.483703613281250000e+00
-1.444999575614929199e+00
9.742653369903564453e-01
2.440911531448364258e+00
9.683356881141662598e-01
-1.438411235809326172e+00
-1.635220766067504883e+00
-1.973657906055450439e-01
-1.680216193199157715e+00
7.957540154457092285e-01
-2.165977805852890015e-01
1.230162288993597031e-02
6.470154523849487305e-01
-7.212279438972473145e-01
-2.616951942443847656e+00
-4.319385886192321777e-01
-9.278169274330139160e-01
-4.789732694625854492e-01
-3.134641051292419434e-01
-1.524491310119628906e+00
2.183311462402343750e+00
2.230361849069595337e-01
-2.456110157072544098e-02
1.043364405632019043e+00
4.278565645217895508e-01
1.018924593925476074e+00
7.271681427955627441e-01
2.990289330482482910e-01
-2.324024587869644165e-02
-9.001637995243072510e-02
2.220574855804443359e+00
-6.325251460075378418e-01
8.631509542465209961e-01
1.213535189628601074e+00
-2.933926880359649658e-01
7.974898815155029297e-01
-3.353783607482910156e+00
-2.859030485153198242e+00
-1.362461000680923462e-01
2.141188859939575195e+00
-4.584836214780807495e-02
-1.004132151603698730e+00
2.282802611589431763e-01
2.430011510848999023e+00
-1.523946523666381836e+00
4.158156514167785645e-01
-2.628723859786987305e+00
-6.922615766525268555e-01
-2.251278400421142578e+00
-1.506577134132385254e+00
-1.029764294624328613e+00
-3.119727671146392822e-01
-9.585016965866088867e-02
-2.997831821441650391e+00
-4.422340691089630127e-01
