1.596910595893859863e+00
5.855580568313598633e-01
-1.059898853302001953e+00
-2.284572422504425049e-01
1.357746958732604980e+00
8.490077257156372070e-01
8.705322146415710449e-01
4.758433997631072998e-01
8.948535472154617310e-02
-2.193738937377929688e+00
-4.786564111709594727e-01
1.743340492248535156e-01
2.071048319339752197e-01
-1.581004619598388672e+00
2.994334697723388672e-01
-1.503434062004089355e+00
-6.582224369049072266e-01
4.174000740051269531e+00
5.299240946769714355e-01
-1.652607172727584839e-01
1.577176451683044434e-01
-3.800628185272216797e-01
-1.004757165908813477e+00
-8.530499339103698730e-01
-5.176386833190917969e-01
-5.342383384704589844e-01
9.763916581869125366e-02
-1.549425959587097168e+00
2.346775054931640625e+00
2.066539764404296875e+00
8.669664263725280762e-01
1.058395862579345703e+00
5.328592061996459961e-01
-2.749762535095214844e-01
-4.318611621856689453e-01
6.579732298851013184e-01
-3.354306519031524658e-01
5.633534193038940430e-01
-9.294796586036682129e-01
-1.137616157531738281e+00
-5.330773591995239258e-01
-1.296329379081726074e+00
2.311338424682617188e+00
9.355099201202392578e-01
-1.329161524772644043e-01
-7.499576210975646973e-01
-1.124120712280273438e+00
-4.978292584419250488e-01
2.844422161579132080e-01
-6.579641103744506836e-01
-4.342352151870727539e-01
-2.311417818069458008e+00
1.471471309661865234e+00
4.722481071949005127e-01
-2.250311851501464844e+00
1.678477078676223755e-01
1.665394604206085205e-01
3.379737138748168945e+00
2.238053083419799805e+00
3.156140074133872986e-02
-1.129040598869323730e+00
-8.850216269493103027e-01
-1.334477812051773071e-01
-1.605015993118286133e+00
8.549095392227172852e-01
7.024243474006652832e-01
6.431347727775573730e-01
5.174550414085388184e-01
-2.763611078262329102e-01
6.606652140617370605e-01
1.542058944702148438e+00
-9.944462217390537262e-03
-9.211289882659912109e-01
1.859089136123657227e+00
3.389881849288940430e-01
2.303314208984375000e-01
5.447862148284912109e-01
-1.579984545707702637e+00
-8.783191442489624023e-01
-8.614494204521179199e-01
-1.210067868232727051e+00
3.544262051582336426e-01
-1.245926976203918457e+00
-1.439105253666639328e-02
-1.039804577827453613e+00
-1.120580434799194336e+00
-2.106463164091110229e-01
-2.683771774172782898e-02
1.601420998573303223e+00
-9.224881976842880249e-02
1.279115796089172363e+00
-1.234611392021179199e+00
7.032178342342376709e-02
1.480928421020507812e+00
3.668643832206726074e-01
-7.679010629653930664e-01
-5.150209665298461914e-01
2.412522286176681519e-01
4.881882071495056152e-01
-8.972824811935424805e-01
-3.405164182186126709e-01
-5.974069237709045410e-01
7.073500752449035645e-02
1.040032729506492615e-01
6.711681485176086426e-01
-4.846088588237762451e-02
1.596943974494934082e+00
-1.619326353073120117e+00
9.991723895072937012e-01
6.267357468605041504e-01
-1.912939667701721191e+00
1.386612653732299805e+00
2.515710294246673584e-01
5.675863027572631836e-01
-2.112619400024414062e+00
3.706242144107818604e-01
1.264995932579040527e+00
-1.604339241981506348e+00
2.302819788455963135e-01
-1.194946169853210449e+00
-3.427192568778991699e-01
-3.417374610900878906e+00
1.900402069091796875e+00
-7.557765394449234009e-02
-6.359749436378479004e-01
-1.624967098236083984e+00
8.411403894424438477e-01
4.571038857102394104e-02
