1.996637284755706787e-01
-8.854489922523498535e-01
-4.327045977115631104e-01
5.905938148498535156e-01
5.716684460639953613e-01
-2.512917757034301758e+00
6.134731769561767578e-01
-1.573013544082641602e+00
-7.926291227340698242e-01
-1.381703138351440430e+00
1.559484124183654785e+00
6.340295076370239258e-01
6.447423100471496582e-01
-4.025774002075195312e-01
-5.273569226264953613e-01
1.865198090672492981e-02
1.521298050880432129e+00
3.945423364639282227e-01
-4.204186797142028809e-01
-6.386045217514038086e-01
1.975736320018768311e-01
-1.424788117408752441e+00
1.176606059074401855e+00
2.341259002685546875e+00
-8.457049727439880371e-01
-1.781122982501983643e-01
-9.180659055709838867e-01
-1.604996085166931152e+00
-6.709899306297302246e-01
-1.338255312293767929e-02
1.379826307296752930e+00
1.254642486572265625e+00
-3.739864230155944824e-01
4.804438650608062744e-01
5.470826104283332825e-02
6.177213788032531738e-01
3.539974689483642578e-01
8.442643284797668457e-01
7.444036602973937988e-01
1.784120798110961914e-01
4.255444929003715515e-02
-3.150388598442077637e-01
1.544866204261779785e+00
-9.502304792404174805e-01
-1.380761146545410156e+00
-2.437408447265625000e+00
-1.562393903732299805e-01
-6.271873116493225098e-01
-6.458334922790527344e-01
8.216716647148132324e-01
2.924937307834625244e-01
-1.074080705642700195e+00
-3.486832231283187866e-02
1.031430140137672424e-01
-5.311514139175415039e-01
4.051334559917449951e-01
1.021781325340270996e+00
1.609222173690795898e+00
3.162070214748382568e-01
3.898091793060302734e+00
1.319561004638671875e+00
-5.001199245452880859e-01
-3.472914695739746094e-01
-1.304730474948883057e-01
-8.451725244522094727e-01
-1.307125210762023926e+00
1.735006690025329590e+00
1.447498202323913574e+00
-7.051325440406799316e-01
-7.274612784385681152e-01
1.631960272789001465e+00
1.999127507209777832e+00
-6.858022212982177734e-01
3.483768999576568604e-01
1.990189433097839355e+00
-5.295684933662414551e-01
-6.313699483871459961e-01
1.107505440711975098e+00
-1.234675869345664978e-01
-1.158962130546569824e+00
1.604722142219543457e+00
-1.536913394927978516e+00
1.429989457130432129e+00
1.286785840988159180e+00
5.137557983398437500e-01
5.392291545867919922e-01
3.091252446174621582e-01
-2.507818639278411865e-01
1.647985339164733887e+00
-1.771714329719543457e+00
-1.333572983741760254e+00
-1.168979525566101074e+00
-6.108521223068237305e-01
-2.294903397560119629e-01
6.425916552543640137e-01
-1.486644148826599121e+00
-8.284742832183837891e-01
-1.037556328810751438e-03
-1.530038356781005859e+00
-3.994735479354858398e-01
1.656809449195861816e+00
1.992406249046325684e+00
-7.662248611450195312e-01
-1.267651170492172241e-01
7.174788117408752441e-01
7.417014837265014648e-01
-1.792681455612182617e+00
1.565468072891235352e+00
-7.791697382926940918e-01
-7.087970972061157227e-01
-1.406703591346740723e+00
1.535357952117919922e+00
-2.568697452545166016e+00
-3.094407320022583008e-01
1.803525090217590332e+00
-7.449848651885986328e-01
1.540948390960693359e+00
-2.221941709518432617e+00
-1.412515163421630859e+00
-2.352978944778442383e+00
1.449820756912231445e+00
-2.225573956966400146e-01
-1.843075394630432129e+00
-1.360728979110717773e+00
-5.173533558845520020e-01
-2.253883600234985352e+00
1.713610410690307617e+00
-8.650572299957275391e-01
