9.578868150711059570e-01
2.967285215854644775e-01
4.903393387794494629e-01
1.015342712402343750e+00
8.688239455223083496e-01
-1.423111796379089355e+00
-1.149499535560607910e+00
7.215946912765502930e-01
-4.304658770561218262e-01
-1.255770683288574219e+00
7.019701004028320312e-01
1.931456923484802246e-01
-2.970051467418670654e-01
-1.441267728805541992e+00
-1.276438713073730469e+00
-9.957277774810791016e-02
1.022780179977416992e+00
5.530274510383605957e-01
1.986235678195953369e-01
2.416374385356903076e-01
7.228779792785644531e-01
-3.208095073699951172e+00
2.673068523406982422e+00
1.610295891761779785e+00
-1.212991237640380859e+00
-2.452925443649291992e+00
-1.482868194580078125e+00
-2.468341737985610962e-01
2.124611377716064453e+00
1.769799232482910156e+00
-9.802418947219848633e-01
-1.595887243747711182e-01
-8.831747770309448242e-01
7.642945647239685059e-01
-4.639015793800354004e-01
6.770085692405700684e-01
2.910333573818206787e-01
3.107865452766418457e-01
3.659817278385162354e-01
8.392170071601867676e-01
1.549032926559448242e+00
-1.046213865280151367e+00
1.419998049736022949e+00
2.058913111686706543e-01
-8.996018767356872559e-01
-1.739617466926574707e+00
-1.131708145141601562e+00
1.048058629035949707e+00
-1.668506145477294922e+00
1.985981911420822144e-01
-7.484105229377746582e-01
-6.216017007827758789e-01
8.611348867416381836e-01
-6.329360008239746094e-01
-9.446151554584503174e-02
-1.153072476387023926e+00
-1.031964421272277832e+00
1.459102034568786621e+00
3.786848187446594238e-01
2.357780933380126953e+00
-2.945201694965362549e-01
-1.205132842063903809e+00
6.061612963676452637e-01
2.120399236679077148e+00
-1.189379334449768066e+00
1.104152500629425049e-01
-4.738967865705490112e-02
2.637428045272827148e-01
-3.071933090686798096e-01
9.332218170166015625e-01
1.518121480941772461e+00
1.111049294471740723e+00
3.328736424446105957e-01
7.535858154296875000e-01
9.862362742424011230e-01
6.541501879692077637e-01
1.082915663719177246e+00
-4.898155033588409424e-01
-3.242737948894500732e-01
-8.414382338523864746e-01
-1.405792832374572754e+00
-2.605875721201300621e-03
-1.185747861862182617e+00
-1.960726737976074219e+00
1.834291934967041016e+00
-8.612894415855407715e-01
-3.365383297204971313e-02
1.628358960151672363e+00
2.595556497573852539e+00
9.510498642921447754e-01
1.786368966102600098e+00
-7.183930277824401855e-01
-1.610672354698181152e+00
-1.394452214241027832e+00
1.110861778259277344e+00
-5.319533944129943848e-01
7.154863476753234863e-01
-4.989081025123596191e-01
1.975397318601608276e-01
-1.730551123619079590e+00
-5.051898360252380371e-01
3.139431476593017578e-01
-2.295097827911376953e+00
2.107024431228637695e+00
-8.506666421890258789e-01
2.654957056045532227e+00
-2.707699835300445557e-01
-7.011018991470336914e-01
2.419062890112400055e-02
-3.126571476459503174e-01
-6.157569885253906250e-01
-8.264671564102172852e-01
6.453246474266052246e-01
-1.787927031517028809e+00
1.742144227027893066e+00
-3.021955728530883789e+00
1.190001487731933594e+00
-1.385872364044189453e+00
-1.592643737792968750e+00
-9.789282083511352539e-01
1.354119926691055298e-01
3.262508809566497803e-01
9.645779132843017578e-01
1.104635596275329590e+00
-9.542280435562133789e-01
-8.796480298042297363e-01
3.327784836292266846e-01
-1.076723694801330566e+00
