1.453727185726165771e-01
1.416831493377685547e+00
-2.798729240894317627e-01
-8.833575993776321411e-02
3.978307545185089111e-02
-3.092458844184875488e-01
2.762565612792968750e-01
-9.470979571342468262e-01
-3.960016071796417236e-01
-1.099783658981323242e+00
3.078039288520812988e-01
1.582718014717102051e+00
1.517232775688171387e+00
1.181842327117919922e+00
6.694798469543457031e-01
1.564814001321792603e-01
-9.472819566726684570e-01
8.041290640830993652e-01
1.236121177673339844e+00
-6.967230439186096191e-01
-2.266416311264038086e+00
-5.536909103393554688e-01
1.105539441108703613e+00
1.285635948181152344e+00
5.806359648704528809e-01
-1.283953059464693069e-02
-7.780634164810180664e-01
-7.993856668472290039e-01
1.245674610137939453e+00
1.440890785306692123e-02
-1.448403835296630859e+00
6.433393955230712891e-01
-8.657795786857604980e-01
5.511129498481750488e-01
-1.473218679428100586e+00
2.672049105167388916e-01
-2.828308045864105225e-01
-2.794658899307250977e+00
-7.451032996177673340e-01
5.221486687660217285e-01
-2.069877386093139648e-01
1.202498197555541992e+00
1.912686705589294434e+00
3.151360452175140381e-01
8.007709980010986328e-01
1.832766056060791016e+00
-1.071891188621520996e+00
1.212070822715759277e+00
1.275202155113220215e+00
1.743076801300048828e+00
3.422777354717254639e-01
1.060840487480163574e+00
1.528815507888793945e+00
-7.466523647308349609e-01
-2.655431628227233887e-01
-4.246126487851142883e-02
-1.206892848014831543e+00
2.605286598205566406e+00
4.855593144893646240e-01
-1.197004318237304688e+00
3.814548552036285400e-01
2.151054382324218750e+00
8.713767677545547485e-02
-2.045766860246658325e-01
-8.094287477433681488e-03
-3.957620859146118164e-01
-3.361359536647796631e-01
5.314438939094543457e-01
-1.034378930926322937e-01
1.283699750900268555e+00
5.461952686309814453e-01
-1.441778063774108887e+00
1.974529981613159180e+00
1.227437973022460938e+00
1.049275994300842285e+00
6.329300403594970703e-01
3.147820830345153809e-01
-7.999583482742309570e-01
-3.192121982574462891e-01
-1.285851150751113892e-01
1.293316245079040527e+00
-2.362626075744628906e+00
-7.878910899162292480e-01
1.778710037469863892e-01
-2.186596244573593140e-01
-1.537244200706481934e+00
-2.501472532749176025e-01
-2.055249452590942383e+00
-1.036478161811828613e+00
5.767990350723266602e-01
1.056132078170776367e+00
1.577253220602869987e-03
3.863804042339324951e-01
5.810078978538513184e-01
-2.670263051986694336e+00
8.493308722972869873e-02
-1.361713171005249023e+00
-8.375079035758972168e-01
1.329561352729797363e+00
8.021067082881927490e-02
3.293079435825347900e-01
1.775789856910705566e-01
-1.349852420389652252e-02
-1.238221526145935059e+00
5.268958806991577148e-01
8.749555349349975586e-01
1.106424704194068909e-01
-6.219142675399780273e-01
1.975983858108520508e+00
-1.203047156333923340e+00
4.827479422092437744e-01
4.205963015556335449e-01
-1.181601285934448242e+00
-1.018180370330810547e+00
6.501491069793701172e-01
-1.742287039756774902e+00
7.723280787467956543e-01
-1.201466321945190430e+00
-2.332394599914550781e+00
-1.055831313133239746e+00
-1.995944023132324219e+00
-3.035294711589813232e-01
-1.376887083053588867e+00
-7.547775506973266602e-01
-1.698115110397338867e+00
-1.168231725692749023e+00
3.708720505237579346e-01
1.235041379928588867e+00
