-3.301838934421539307e-01
-3.248194456100463867e-01
-4.436865448951721191e-01
7.237433195114135742e-01
1.438356280326843262e+00
7.214930057525634766e-01
-4.048242699354887009e-03
2.123390436172485352e-01
1.795515567064285278e-01
-1.362241029739379883e+00
-4.510301649570465088e-01
-3.429963290691375732e-01
-9.023051261901855469e-01
-1.598015546798706055e+00
-1.269501924514770508e+00
-1.354839056730270386e-01
3.625598251819610596e-01
6.490440964698791504e-01
-1.348105788230895996e+00
1.401580095291137695e+00
8.123492598533630371e-01
-1.974849253892898560e-01
7.406830787658691406e-01
7.310596704483032227e-01
-1.033729791641235352e+00
3.344082534313201904e-01
1.031275033950805664e+00
-1.952833771705627441e+00
1.843701243400573730e+00
-1.322868168354034424e-01
5.525368452072143555e-01
4.023785889148712158e-01
-4.527820050716400146e-01
5.555779933929443359e-01
-4.515795707702636719e-01
1.919779419898986816e+00
-5.616058707237243652e-01
-8.747395277023315430e-01
1.480914354324340820e+00
-9.128843545913696289e-01
1.729693651199340820e+00
-1.287367582321166992e+00
1.819556713104248047e+00
9.993218779563903809e-01
-1.046773791313171387e+00
-2.307619810104370117e+00
7.139199376106262207e-01
1.701773285865783691e+00
9.956671595573425293e-01
5.835717320442199707e-01
-6.364817619323730469e-01
-1.229437470436096191e+00
-1.595314592123031616e-01
-5.580757260322570801e-01
-1.383882045745849609e+00
9.579179435968399048e-02
-2.045347839593887329e-01
-1.403808742761611938e-01
1.096251368522644043e+00
2.724903106689453125e+00
-1.905754804611206055e+00
-1.535258889198303223e+00
3.495805561542510986e-01
1.345728039741516113e+00
-4.664585292339324951e-01
8.439388275146484375e-01
1.896033138036727905e-01
2.130901962518692017e-01
-2.278982162475585938e+00
1.349865436553955078e+00
9.543678760528564453e-01
3.376826345920562744e-01
-1.254390001296997070e+00
5.596499443054199219e-01
-1.982628703117370605e+00
-1.563789010047912598e+00
-4.082499146461486816e-01
1.027103543281555176e+00
-1.573090702295303345e-01
-1.151072740554809570e+00
6.860638409852981567e-02
-5.175100639462471008e-02
-1.402494668960571289e+00
-7.141783833503723145e-02
1.621471881866455078e+00
3.575930893421173096e-01
5.255655050277709961e-01
2.790044844150543213e-01
1.260843157768249512e+00
1.273759007453918457e+00
1.012165427207946777e+00
-1.270920271053910255e-03
-5.107666850090026855e-01
-2.774863481521606445e+00
1.308071374893188477e+00
-1.859257698059082031e+00
8.425466418266296387e-01
8.576722145080566406e-01
-6.769827008247375488e-01
-6.876673698425292969e-01
-1.333707869052886963e-01
-2.191646695137023926e-01
-2.266862392425537109e+00
2.827362529933452606e-02
4.722685813903808594e-01
1.770007252693176270e+00
-2.448831558227539062e+00
-6.333535313606262207e-01
1.226046085357666016e+00
-1.924871444702148438e+00
2.574583053588867188e+00
1.249644160270690918e-01
1.203275471925735474e-01
2.189616441726684570e+00
-1.288683772087097168e+00
2.999329268932342529e-01
-9.765164852142333984e-01
-3.341201692819595337e-02
4.470385313034057617e-01
-8.503580689430236816e-01
1.429381489753723145e+00
-4.059060513973236084e-01
1.617074847221374512e+00
8.182872533798217773e-01
-1.114019632339477539e+00
-2.632588863372802734e+00
-1.288506984710693359e+00
-2.223996818065643311e-02
