1.573302894830703735e-01
1.890103146433830261e-02
-7.040585875511169434e-01
8.416666984558105469e-01
6.238227486610412598e-01
-1.496328473091125488e+00
-2.382644563913345337e-01
2.282472848892211914e+00
-5.327828526496887207e-01
5.943038463592529297e-01
3.407125174999237061e-01
2.652311138808727264e-02
-7.967802286148071289e-01
-3.122411072254180908e-01
-3.220333158969879150e-01
-3.057765364646911621e-01
-8.376619815826416016e-01
1.377750039100646973e+00
1.507384538650512695e+00
1.509518027305603027e+00
6.363247632980346680e-01
4.929624497890472412e-01
6.893728375434875488e-01
-4.041304886341094971e-01
-7.782011032104492188e-01
8.697717189788818359e-01
-4.818865954875946045e-01
3.512885272502899170e-01
3.153048753738403320e-01
3.522634506225585938e-01
7.870406657457351685e-02
-7.582411170005798340e-01
-1.990880250930786133e+00
-2.832552194595336914e+00
4.277544096112251282e-02
-1.595612168312072754e+00
1.474916577339172363e+00
4.368795454502105713e-01
-3.893766999244689941e-01
-1.019336462020874023e+00
1.713692665100097656e+00
9.911905527114868164e-01
1.153879880905151367e+00
5.647619962692260742e-01
1.048311710357666016e+00
1.770208001136779785e+00
3.297077894210815430e+00
5.500527024269104004e-01
2.042186260223388672e+00
2.451261430978775024e-01
-3.990921676158905029e-01
-2.615456819534301758e+00
-2.540396153926849365e-01
9.632539153099060059e-01
-6.679546833038330078e-01
-2.064761072397232056e-01
9.947499632835388184e-01
-1.611212015151977539e+00
-1.549340605735778809e+00
-6.996818631887435913e-02
-8.163896203041076660e-01
1.077022790908813477e+00
-2.085932731628417969e+00
-9.188410639762878418e-01
2.244874000549316406e+00
-1.194812536239624023e+00
-1.955167651176452637e+00
7.242179512977600098e-01
-2.342097759246826172e+00
7.204592227935791016e-01
-5.334653854370117188e-01
-5.901830270886421204e-02
1.352546930313110352e+00
6.354121565818786621e-01
6.728603839874267578e-01
-3.159805297851562500e+00
-2.176885604858398438e+00
-9.502235651016235352e-01
1.160526871681213379e+00
6.735111027956008911e-02
-1.566338419914245605e+00
-1.388758659362792969e+00
2.066235065460205078e+00
1.422005333006381989e-02
2.215350151062011719e+00
1.540082573890686035e+00
8.846137523651123047e-01
-5.666361451148986816e-01
1.131113767623901367e+00
5.256069302558898926e-01
-9.905960559844970703e-01
-1.614447355270385742e+00
-4.642035961151123047e-01
1.509003162384033203e+00
-1.193440914154052734e+00
-9.785923957824707031e-01
-1.218822002410888672e+00
1.769502997398376465e+00
1.625489711761474609e+00
9.280591607093811035e-01
-1.041994690895080566e+00
1.573572754859924316e+00
3.641895651817321777e-01
-2.798566222190856934e-01
6.107602268457412720e-02
-9.027559161186218262e-01
-8.863883018493652344e-01
-9.259032011032104492e-01
-1.307587027549743652e+00
-3.554245233535766602e+00
1.285423636436462402e+00
-1.637263417243957520e+00
2.454297542572021484e+00
-4.263392388820648193e-01
-1.887858211994171143e-01
-1.637135863304138184e+00
2.703833878040313721e-01
-1.083915352821350098e+00
1.380217313766479492e+00
-3.933040499687194824e-01
-6.834776997566223145e-01
1.691167354583740234e+00
2.148419171571731567e-01
-2.077464818954467773e+00
4.795978069305419922e-01
-1.760656356811523438e+00
1.509470105171203613e+00
-1.230633378028869629e+00
