1.201730132102966309e+00
-3.803070485591888428e-01
4.638364613056182861e-01
-5.977914333343505859e-01
1.878799438476562500e+00
-4.362427890300750732e-01
-4.436989128589630127e-01
-3.728877604007720947e-01
-1.064573526382446289e+00
-1.383253574371337891e+00
6.977115273475646973e-01
4.958551526069641113e-01
3.120661973953247070e-01
-3.056239336729049683e-02
1.173508524894714355e+00
-1.499874949455261230e+00
-5.404207706451416016e-01
2.224832534790039062e+00
1.164999127388000488e+00
-3.117028951644897461e+00
1.711723923683166504e+00
1.900302171707153320e+00
1.309053421020507812e+00
1.337099313735961914e+00
-6.865264773368835449e-01
6.832551956176757812e-01
-1.916696727275848389e-01
-1.760832905769348145e+00
-3.425424993038177490e-01
2.051919698715209961e+00
-3.358349502086639404e-01
2.257998567074537277e-03
1.074539422988891602e+00
-1.472298502922058105e+00
4.883874654769897461e-01
2.001105546951293945e+00
-4.911867156624794006e-02
3.747584223747253418e-01
-3.131064474582672119e-01
-4.544802606105804443e-01
-4.532023072242736816e-01
-1.376835107803344727e-01
1.176874041557312012e+00
-1.135903477668762207e+00
-1.511384129524230957e+00
9.417301416397094727e-01
6.758574247360229492e-01
-3.430300354957580566e-01
-2.055124998092651367e+00
-6.935803294181823730e-01
-4.337851107120513916e-01
-7.107886672019958496e-01
-2.028994798660278320e+00
1.487945556640625000e+00
2.494968324899673462e-01
2.301454305648803711e+00
2.406959980726242065e-01
5.095263123512268066e-01
-1.619279265403747559e+00
1.041185617446899414e+00
-1.141064882278442383e+00
4.103835225105285645e-01
4.007576107978820801e-01
6.772644817829132080e-02
-1.269857168197631836e+00
-1.274104118347167969e+00
2.811165452003479004e-01
9.545450210571289062e-01
-8.004415631294250488e-01
-1.618720054626464844e+00
9.500694274902343750e-01
-2.040258169174194336e+00
6.492530703544616699e-01
1.208836078643798828e+00
-3.968159854412078857e-02
6.102149486541748047e-01
-2.547401376068592072e-02
1.163825869560241699e+00
-2.536312639713287354e-01
-9.292450547218322754e-01
1.849246263504028320e+00
-8.097452521324157715e-01
-1.671253800392150879e+00
8.990972042083740234e-01
1.937184453010559082e+00
1.772691845893859863e+00
-5.965648889541625977e-01
-4.075334966182708740e-01
-3.039503097534179688e-01
-2.380921691656112671e-01
-8.976526260375976562e-01
1.739136695861816406e+00
1.072661042213439941e+00
-5.085121989250183105e-01
2.457047402858734131e-01
8.719067275524139404e-02
8.708159923553466797e-01
5.452570319175720215e-01
1.935139894485473633e-01
-1.739414691925048828e+00
3.623145520687103271e-01
-6.675697565078735352e-01
1.615828871726989746e-01
2.496120214462280273e+00
-1.909348130226135254e+00
7.821497321128845215e-02
-7.452165484428405762e-01
-2.431276887655258179e-01
1.258834958076477051e+00
-6.801307797431945801e-01
-2.175522327423095703e+00
6.103396415710449219e-01
9.285859465599060059e-01
1.630338728427886963e-01
-1.218605399131774902e+00
-1.545459628105163574e+00
-9.052013158798217773e-01
-2.744644641876220703e+00
-1.020626783370971680e+00
-4.570907354354858398e-01
1.444868683815002441e+00
8.412268757820129395e-01
1.334189057350158691e+00
-1.336734741926193237e-01
-1.114458084106445312e+00
-2.775137312710285187e-02
-1.991511821746826172e+00
-1.027467608451843262e+00
