1.795369744300842285e+00
3.114483058452606201e-01
-9.701290726661682129e-01
-2.358889341354370117e+00
-2.303373068571090698e-01
-1.215161085128784180e+00
-1.513947963714599609e+00
-7.771562337875366211e-01
-1.295100331306457520e+00
-1.794144392013549805e+00
-5.808258056640625000e-01
-7.208600640296936035e-02
-6.337620615959167480e-01
-1.401690125465393066e+00
-9.346640706062316895e-01
-1.611538410186767578e+00
1.332888193428516388e-02
7.066550850868225098e-02
-1.451065182685852051e+00
2.091068983078002930e+00
-1.093013882637023926e+00
-1.183722257614135742e+00
2.970474362373352051e-01
3.814282655715942383e+00
3.441572189331054688e-01
-2.667792737483978271e-01
-6.323968172073364258e-01
-7.959501147270202637e-01
6.745710968971252441e-01
-4.039521142840385437e-02
-1.233985304832458496e+00
-7.755855321884155273e-01
-3.068145215511322021e-01
1.920932054519653320e+00
2.182864189147949219e+00
5.577923655509948730e-01
-1.154125332832336426e+00
-8.796041458845138550e-02
3.676005899906158447e-01
5.241363048553466797e-01
-6.110995262861251831e-02
3.902791142463684082e-01
3.298771679401397705e-01
5.228498578071594238e-01
2.428271532058715820e+00
-1.445137619972229004e+00
1.458809137344360352e+00
1.354004502296447754e+00
1.587540864944458008e+00
1.361540079116821289e+00
6.040395498275756836e-01
-7.730500102043151855e-01
3.915108144283294678e-01
2.406234502792358398e+00
1.565760135650634766e+00
-6.442024707794189453e-01
1.527612447738647461e+00
8.941599130630493164e-01
-3.407962620258331299e-01
3.589705228805541992e+00
-9.972199797630310059e-01
-1.249740481376647949e+00
5.553206205368041992e-01
1.554781198501586914e+00
5.518075078725814819e-02
-2.045290946960449219e+00
2.036632299423217773e+00
-5.019212365150451660e-01
1.549312591552734375e+00
1.220895886421203613e+00
6.024814248085021973e-01
2.180531501770019531e+00
-1.082228660583496094e+00
2.211482962593436241e-03
5.017157196998596191e-01
-1.419037580490112305e+00
8.535759449005126953e-01
1.109432220458984375e+00
-1.365722894668579102e+00
-2.520472764968872070e+00
-4.603975415229797363e-01
-4.720938503742218018e-01
-8.452653288841247559e-01
1.279227495193481445e+00
1.683172225952148438e+00
2.506851434707641602e+00
-1.322405934333801270e+00
-2.782543599605560303e-01
-6.188321113586425781e-02
-1.670602202415466309e+00
2.202157735824584961e+00
-2.054174423217773438e+00
-1.701598525047302246e+00
1.110210061073303223e+00
2.885223031044006348e-01
-6.626699119806289673e-02
-1.159689903259277344e+00
-2.185616642236709595e-01
1.320092201232910156e+00
1.757809042930603027e+00
4.541030228137969971e-01
5.872048735618591309e-01
-1.177807569503784180e+00
5.679334327578544617e-02
-1.197346329689025879e+00
-4.252741634845733643e-01
-9.035638570785522461e-01
3.638860583305358887e-01
-6.573794484138488770e-01
-1.379931449890136719e+00
5.115321874618530273e-01
-2.316270351409912109e+00
4.720219075679779053e-01
7.934533357620239258e-01
4.404588043689727783e-02
8.203008025884628296e-02
-5.421098470687866211e-01
1.041770100593566895e+00
-4.804008007049560547e-01
-1.783754974603652954e-01
-2.414986848831176758e+00
-1.049543380737304688e+00
-1.004135847091674805e+00
-1.708716511726379395e+00
-5.455092992633581161e-03
7.484025508165359497e-02
7.446187138557434082e-01
-8.984879851341247559e-01
