-1.252945780754089355e+00
-7.538530826568603516e-01
-1.313770376145839691e-02
3.681316375732421875e-01
7.611171007156372070e-01
-1.098633289337158203e+00
5.425854921340942383e-01
-7.574613094329833984e-01
1.035058379173278809e+00
-8.460156321525573730e-01
-3.620424866676330566e-01
-1.909222155809402466e-01
7.147470116615295410e-01
-1.295997858047485352e+00
-1.143360018730163574e+00
-4.790354073047637939e-01
-1.679353117942810059e+00
1.477656126022338867e+00
1.432458281517028809e+00
1.940736174583435059e-01
-1.779962301254272461e+00
-7.944425344467163086e-01
1.726595908403396606e-01
1.649711847305297852e+00
-2.127362489700317383e+00
2.212479591369628906e+00
1.675700426101684570e+00
-8.517451286315917969e-01
-1.149340048432350159e-01
9.997978210449218750e-01
-6.523810625076293945e-01
1.040276959538459778e-01
1.589145541191101074e+00
-2.696932256221771240e-01
-6.114267706871032715e-01
1.516806602478027344e+00
1.364462137222290039e+00
4.547140374779701233e-02
-1.169694542884826660e+00
-2.175362706184387207e-01
-2.404816389083862305e+00
6.863011121749877930e-01
1.610059022903442383e+00
-4.001527130603790283e-01
-3.255560994148254395e-02
1.083338260650634766e+00
-3.423236608505249023e-01
2.685335159301757812e+00
1.902700304985046387e+00
2.414484471082687378e-01
-3.223868310451507568e-01
-2.961523234844207764e-01
1.428478121757507324e+00
-5.189642310142517090e-01
-2.128029823303222656e+00
9.844086766242980957e-01
9.107399582862854004e-01
5.580369234085083008e-01
2.489009350538253784e-01
3.475956618785858154e-01
-1.083974074572324753e-02
1.356307506561279297e+00
-5.299066305160522461e-01
2.104546308517456055e+00
-9.192515611648559570e-01
-6.912996768951416016e-01
-1.065072655677795410e+00
-7.024237513542175293e-01
1.468376368284225464e-01
7.448816299438476562e-01
-1.208572268486022949e+00
-1.930497407913208008e+00
1.633089900016784668e+00
-2.038036435842514038e-01
-7.116194963455200195e-01
-9.112585783004760742e-01
-1.480030059814453125e+00
1.086120963096618652e+00
4.392537474632263184e-01
-1.151712894439697266e+00
-8.893480300903320312e-01
-1.392542362213134766e+00
1.964149236679077148e+00
-6.456038355827331543e-01
-1.504799008369445801e+00
4.414683878421783447e-01
-7.764710187911987305e-01
-5.227835103869438171e-02
1.087887048721313477e+00
9.164021015167236328e-01
3.351316154003143311e-01
-1.214366912841796875e+00
-1.080792546272277832e+00
1.900272011756896973e+00
-1.431658148765563965e+00
2.492049783468246460e-01
-6.989539861679077148e-01
8.713398575782775879e-01
-8.811260461807250977e-01
-2.794968895614147186e-02
1.634300053119659424e-01
-7.211425155401229858e-02
4.864074289798736572e-01
1.582514166831970215e+00
1.378987669944763184e+00
-9.263337254524230957e-01
-1.246984839439392090e+00
-1.697383671998977661e-01
2.461015939712524414e+00
-3.026486396789550781e+00
-1.425704956054687500e+00
2.483657836914062500e+00
2.974825501441955566e-01
6.541048288345336914e-01
1.504037529230117798e-01
-2.350216209888458252e-01
9.154534935951232910e-01
-8.986474275588989258e-01
-3.118012547492980957e-01
-2.462117373943328857e-01
-9.167593121528625488e-01
-1.355116605758666992e+00
1.927486538887023926e+00
5.916167497634887695e-01
-1.020576953887939453e+00
-1.823164939880371094e+00
-1.630386352539062500e+00
2.165446758270263672e+00
