1.009316325187683105e+00
-1.173153877258300781e+00
2.237968891859054565e-01
7.064492702484130859e-01
-7.354531884193420410e-01
4.076887965202331543e-01
1.007750988006591797e+00
2.384623587131500244e-01
-1.030607342720031738e+00
-3.139685690402984619e-01
-1.666984260082244873e-01
-7.803002595901489258e-01
9.232413172721862793e-01
1.463414728641510010e-01
7.437649369239807129e-01
-8.869379162788391113e-01
-2.571836113929748535e-01
5.695788860321044922e-01
-7.499783039093017578e-01
1.295300722122192383e+00
-1.411908864974975586e+00
-1.779177784919738770e+00
1.345590829849243164e+00
-8.433987945318222046e-02
7.846199870109558105e-01
5.767744779586791992e-02
2.335582256317138672e+00
-1.527343153953552246e+00
-7.527700066566467285e-02
-1.659009605646133423e-01
4.490921795368194580e-01
1.678871750831604004e+00
-1.087039947509765625e+00
3.188353478908538818e-01
-6.209634616971015930e-02
1.602834701538085938e+00
-8.093255758285522461e-01
-7.635568380355834961e-01
-4.389072358608245850e-01
3.998330533504486084e-01
1.624880313873291016e+00
-3.130781948566436768e-01
1.659419178962707520e+00
1.536780238151550293e+00
1.027218252420425415e-01
-1.542545408010482788e-01
-7.563748955726623535e-01
7.266507148742675781e-01
2.213987827301025391e+00
1.120198249816894531e+00
1.157876610755920410e+00
-2.783658504486083984e+00
1.586834937334060669e-01
-7.664226889610290527e-01
6.575563549995422363e-01
-6.107544302940368652e-01
-7.875072360038757324e-01
3.657807782292366028e-02
-1.095566898584365845e-01
1.849154591560363770e+00
-7.552787065505981445e-01
1.615032315254211426e+00
6.572071909904479980e-01
-7.554257661104202271e-02
3.894546627998352051e-01
-1.114277005195617676e+00
1.270255804061889648e+00
5.177515149116516113e-01
-6.604335308074951172e-01
7.587521076202392578e-01
-4.461348950862884521e-01
-2.240427494049072266e+00
1.112261891365051270e+00
7.420566678047180176e-01
4.078422188758850098e-01
-1.111153244972229004e+00
-2.777129411697387695e+00
-1.659565329551696777e+00
9.079027771949768066e-01
3.805534243583679199e-01
5.767405033111572266e-02
4.349318519234657288e-02
-5.135720372200012207e-01
-1.188785135746002197e-01
1.696909219026565552e-01
-2.188131570816040039e+00
-8.301343917846679688e-01
-2.084893703460693359e+00
-7.468397915363311768e-02
6.504833102226257324e-01
1.277674585580825806e-01
-1.225349903106689453e+00
-3.901499211788177490e-01
-1.235372662544250488e+00
1.819678783416748047e+00
2.264120429754257202e-01
5.034616589546203613e-01
1.087517738342285156e+00
-1.600860238075256348e+00
-6.958696842193603516e-01
-6.183739900588989258e-01
-1.650481820106506348e-01
-5.620931982994079590e-01
9.265924692153930664e-01
1.546786427497863770e+00
9.121338129043579102e-01
-8.071008324623107910e-01
-1.105644255876541138e-01
1.039411425590515137e+00
2.650604963302612305e+00
9.814120531082153320e-01
2.620411872863769531e+00
-3.250404596328735352e-01
-1.181943416595458984e+00
1.271786689758300781e+00
-1.682612895965576172e+00
-6.667269468307495117e-01
-1.624837636947631836e+00
-1.699502929113805294e-03
-7.594597935676574707e-01
-9.068982005119323730e-01
-1.036440372467041016e+00
-5.497429519891738892e-02
-2.175643920898437500e+00
-1.536376237869262695e+00
-1.749673247337341309e+00
1.959423869848251343e-01
1.499853849411010742e+00
