8.427633643150329590e-01
-1.200535774230957031e+00
5.304239988327026367e-01
8.839322328567504883e-01
-1.919436156749725342e-01
6.577659249305725098e-01
1.728673428297042847e-01
1.182167887687683105e+00
-7.061132192611694336e-01
-6.077631115913391113e-01
-1.283792257308959961e-01
-3.122489690780639648e+00
8.168849349021911621e-01
-3.779582679271697998e-01
1.002133607864379883e+00
-4.016585350036621094e-01
-6.549915671348571777e-01
-7.549255490303039551e-01
-2.613332271575927734e+00
1.542231202125549316e+00
7.118142247200012207e-01
-2.087949991226196289e+00
-2.850574851036071777e-01
1.171385407447814941e+00
-1.910493731498718262e+00
-4.087522625923156738e-01
1.521380186080932617e+00
-2.020920440554618835e-02
4.972641170024871826e-01
9.272276163101196289e-01
-1.658122420310974121e+00
3.254756703972816467e-02
-1.208616852760314941e+00
-2.083552926778793335e-01
-5.725566148757934570e-01
7.208640575408935547e-01
-4.189891517162322998e-01
-1.724403500556945801e+00
-1.165404677391052246e+00
-3.849223721772432327e-03
1.767446041107177734e+00
-7.285127639770507812e-01
9.669598937034606934e-01
1.040405750274658203e+00
1.389961838722229004e+00
1.156825542449951172e+00
1.578282713890075684e-01
2.316583871841430664e+00
9.127011299133300781e-01
9.655324816703796387e-01
4.714072644710540771e-01
-1.357129335403442383e+00
1.295235753059387207e+00
2.288121283054351807e-01
-9.920714497566223145e-01
-1.081105828285217285e+00
7.989863753318786621e-01
-3.322245478630065918e-01
2.141056060791015625e+00
2.989453792572021484e+00
-2.313435316085815430e+00
2.034082412719726562e+00
-1.030827641487121582e+00
2.733509063720703125e+00
1.235355809330940247e-01
-1.061017394065856934e+00
1.769354581832885742e+00
2.098720222711563110e-01
-3.879572153091430664e-01
4.782604798674583435e-02
-5.890972614288330078e-01
-2.222024679183959961e+00
2.646317481994628906e+00
4.523425698280334473e-01
2.194902181625366211e+00
-4.247034192085266113e-01
-1.232184320688247681e-01
6.257436424493789673e-02
-2.753550410270690918e-01
-1.294031262397766113e+00
1.668272614479064941e-01
-9.546868205070495605e-01
-8.313300609588623047e-01
-9.220760464668273926e-01
7.652926445007324219e-01
-2.631911516189575195e+00
-1.299610853195190430e+00
-1.965381354093551636e-01
-1.592275649309158325e-01
1.526596546173095703e-01
5.024334192276000977e-01
-6.910454630851745605e-01
-9.321343898773193359e-01
-4.095071256160736084e-01
1.203367590904235840e+00
-4.755377769470214844e-02
3.211181163787841797e-01
1.096713542938232422e+00
-1.514557242393493652e+00
1.024240016937255859e+00
-1.333239525556564331e-01
-1.105403423309326172e+00
-1.671117424964904785e+00
1.502851992845535278e-01
1.567080974578857422e+00
2.659430265426635742e+00
-9.076601266860961914e-01
6.734073758125305176e-01
-1.394302606582641602e+00
6.878834962844848633e-01
8.136715888977050781e-01
1.822544097900390625e+00
-1.821640610694885254e+00
-8.629057407379150391e-01
6.703215837478637695e-01
-1.807760477066040039e+00
-6.889131665229797363e-01
1.239523291587829590e+00
-4.887443184852600098e-01
-1.101153612136840820e+00
5.992410778999328613e-01
3.897401988506317139e-01
-3.492703661322593689e-02
-2.051723241806030273e+00
-1.105398416519165039e+00
4.262277781963348389e-01
-6.550373435020446777e-01
1.216967344284057617e+00
