-1.243842244148254395e+00
-1.099197387695312500e+00
4.654032588005065918e-01
3.657739162445068359e-01
1.763257622718811035e+00
-1.140385493636131287e-01
-1.074759960174560547e+00
-6.225212216377258301e-01
-1.907467961311340332e+00
-2.148081541061401367e+00
-3.422970473766326904e-01
9.641203284263610840e-02
8.367693424224853516e-01
-1.090218782424926758e+00
-7.395127415657043457e-01
-8.375181816518306732e-03
-6.062393188476562500e-01
1.303834915161132812e+00
6.867254152894020081e-03
1.114666819572448730e+00
2.002480983734130859e+00
-1.217678546905517578e+00
3.296604156494140625e-01
2.334604740142822266e+00
-1.103323698043823242e+00
-1.867445111274719238e+00
1.121561765670776367e+00
1.492700815200805664e+00
-6.081697940826416016e-01
3.043515920639038086e+00
1.346706897020339966e-01
7.556875348091125488e-01
-1.422946095466613770e+00
1.541039109230041504e+00
-2.104198560118675232e-02
-2.576909661293029785e-01
-9.591441750526428223e-01
-7.362638115882873535e-01
4.663031101226806641e-01
9.590664505958557129e-01
1.580532193183898926e+00
-1.653649687767028809e+00
1.476760745048522949e+00
-3.389984965324401855e-01
5.514934659004211426e-01
-1.106517910957336426e+00
-2.464220821857452393e-01
8.751338720321655273e-01
-3.068195819854736328e+00
3.358260869979858398e+00
-4.477353692054748535e-01
-1.319576025009155273e+00
1.302122235298156738e+00
2.510822534561157227e+00
1.244316063821315765e-02
7.060327529907226562e-01
-1.573101580142974854e-01
-1.002943441271781921e-01
7.215866446495056152e-01
-1.609541177749633789e-01
1.533284425735473633e+00
-1.934396922588348389e-01
1.706916928291320801e+00
-1.505804061889648438e+00
6.009925007820129395e-01
-1.716163516044616699e+00
-2.258076369762420654e-01
7.109785676002502441e-01
1.243552327156066895e+00
6.909057497978210449e-01
3.130419254302978516e-01
-7.878089547157287598e-01
-1.531983733177185059e+00
-6.853068619966506958e-02
-1.588987708091735840e-01
-1.402024030685424805e-01
2.559006929397583008e+00
-1.248798131942749023e+00
3.227589130401611328e-01
-8.881245255470275879e-01
-1.551574617624282837e-01
-2.567470788955688477e+00
5.311321616172790527e-01
-2.103792279958724976e-01
1.464536905288696289e+00
1.256722509860992432e-01
-3.697227537631988525e-01
1.016362547874450684e+00
6.193403601646423340e-01
3.954789638519287109e-01
4.663983881473541260e-01
-1.327867627143859863e+00
-1.748021245002746582e+00
3.362329602241516113e-01
2.135060727596282959e-01
-1.310199499130249023e+00
1.736528158187866211e+00
-2.328641861677169800e-01
1.449829787015914917e-01
8.587120771408081055e-01
-2.448264509439468384e-01
2.284955501556396484e+00
1.139262437820434570e+00
9.764446616172790527e-01
-1.242423534393310547e+00
6.547532081604003906e-01
6.737501025199890137e-01
-1.901483178138732910e+00
-4.785851240158081055e-01
-3.842846155166625977e-01
6.748161464929580688e-02
-2.124041318893432617e+00
-2.704018592834472656e+00
-7.711200118064880371e-01
6.571405529975891113e-01
4.546929299831390381e-01
-5.968517661094665527e-01
-2.188071250915527344e+00
-1.865480899810791016e+00
-5.771487355232238770e-01
5.119550824165344238e-01
-1.244141906499862671e-01
-6.848051548004150391e-01
2.936626374721527100e-01
-6.984699368476867676e-01
-1.600688934326171875e+00
7.417153716087341309e-01
5.716814994812011719e-01
