-2.464015334844589233e-01
-1.536925911903381348e+00
-3.588046431541442871e-01
6.720949411392211914e-01
-3.312503099441528320e-01
7.969387769699096680e-01
-1.048100590705871582e+00
-2.982684671878814697e-01
-2.409817874431610107e-01
-2.519970417022705078e+00
-8.040618300437927246e-01
-1.243620276451110840e+00
-1.518661856651306152e+00
-2.267095804214477539e+00
4.550386071205139160e-01
7.433402538299560547e-01
1.205391764640808105e+00
-3.351011276245117188e-01
7.899735569953918457e-01
4.397022724151611328e-01
6.751994490623474121e-01
-8.456648588180541992e-01
-1.251948714256286621e+00
8.535958528518676758e-01
1.986097335815429688e+00
1.528413146734237671e-01
3.845354020595550537e-01
-1.520180344581604004e+00
3.764426708221435547e-01
-1.841087639331817627e-01
-1.724346876144409180e-01
2.374833673238754272e-01
-7.469652593135833740e-02
-1.244106769561767578e+00
9.329360723495483398e-01
2.148972034454345703e+00
1.068371057510375977e+00
1.026488542556762695e+00
3.276894092559814453e-01
-2.723466455936431885e-01
-1.142663836479187012e+00
-4.571121335029602051e-01
1.949609756469726562e+00
2.150171697139739990e-01
1.265214920043945312e+00
1.196218729019165039e-01
-1.926355957984924316e-01
-2.030920982360839844e+00
2.244361340999603271e-01
2.206455707550048828e+00
2.202270776033401489e-01
-1.746397733688354492e+00
-5.877774357795715332e-01
9.411528706550598145e-01
3.557170927524566650e-01
1.264928817749023438e+00
-8.868948221206665039e-01
2.441808879375457764e-01
3.783903121948242188e-01
2.473281145095825195e+00
3.124260008335113525e-01
-2.042022705078125000e+00
2.257425636053085327e-01
5.988986045122146606e-02
-8.414157629013061523e-01
-7.414867170155048370e-03
1.044109702110290527e+00
1.624522328376770020e+00
-1.419300556182861328e+00
4.161936938762664795e-01
9.999121427536010742e-01
1.792062759399414062e+00
6.515386700630187988e-01
4.668201208114624023e-01
1.364121794700622559e+00
-7.814649343490600586e-01
1.050062417984008789e+00
-1.145214140415191650e-01
1.358895748853683472e-01
-1.780129909515380859e+00
4.466415345668792725e-01
-4.320399761199951172e-01
9.406753182411193848e-01
8.817729949951171875e-01
8.874016404151916504e-01
-5.737877488136291504e-01
-7.893016338348388672e-01
2.263933420181274414e+00
-6.037953495979309082e-02
4.701355397701263428e-01
1.087804913520812988e+00
-1.107553958892822266e+00
-1.860591530799865723e+00
-4.710165858268737793e-01
-1.388682611286640167e-02
-1.424182534217834473e+00
8.161391317844390869e-02
1.880259871482849121e+00
-1.242423534393310547e+00
1.483236074447631836e+00
1.529094129800796509e-01
1.552743554115295410e+00
-2.062022447586059570e+00
-2.848354816436767578e+00
-3.349989354610443115e-01
1.675898134708404541e-01
-2.868457555770874023e+00
-2.444267511367797852e+00
1.025209426879882812e+00
-8.697254061698913574e-01
2.763181209564208984e+00
1.720268249511718750e+00
-1.225565791130065918e+00
2.299757719039916992e+00
-1.409397959709167480e+00
-4.012022633105516434e-03
5.284307599067687988e-01
-7.821317911148071289e-01
-3.818010985851287842e-01
-1.724929690361022949e+00
4.248012900352478027e-01
1.645004510879516602e+00
-1.179075360298156738e+00
-1.383555382490158081e-01
-9.279918074607849121e-01
-1.739321589469909668e+00
-7.513380646705627441e-01
-1.420188903808593750e+00
