-2.265734434127807617e+00
1.095975518226623535e+00
-3.465657234191894531e-01
1.143092587590217590e-01
8.143585920333862305e-01
5.447192490100860596e-02
2.981953620910644531e-01
5.804027616977691650e-02
8.214431405067443848e-01
-8.537712097167968750e-01
6.139149516820907593e-02
1.439274754375219345e-02
-1.483726739883422852e+00
-1.809628963470458984e+00
1.332649469375610352e+00
-5.370929837226867676e-01
1.127863287925720215e+00
-4.882889240980148315e-02
-4.089828953146934509e-02
6.250804066658020020e-01
-9.198589920997619629e-01
2.220243215560913086e-01
1.901595890522003174e-01
9.877157211303710938e-01
-1.929825186729431152e+00
-6.765370815992355347e-02
2.147542685270309448e-01
-1.365986704826354980e+00
1.450082540512084961e+00
1.836641788482666016e+00
-1.465646147727966309e+00
2.452818900346755981e-01
-1.204789996147155762e+00
-3.949481844902038574e-01
2.997564971446990967e-01
-6.434566378593444824e-01
1.279935240745544434e+00
-1.206475496292114258e+00
-2.815536499023437500e+00
-3.469904899597167969e+00
5.518696904182434082e-01
4.267678856849670410e-01
2.757160902023315430e+00
7.999259233474731445e-01
1.372864097356796265e-02
-1.048818081617355347e-01
9.199151396751403809e-01
2.265870094299316406e+00
-3.421415984630584717e-01
5.633388161659240723e-01
2.580601215362548828e+00
-7.921351790428161621e-01
-1.456865817308425903e-01
-1.411601543426513672e+00
-3.060569167137145996e-01
8.555583357810974121e-01
1.422378778457641602e+00
-3.799748122692108154e-01
-3.075590729713439941e-01
-6.359980255365371704e-02
-1.517524361610412598e+00
2.209434986114501953e+00
-1.546074032783508301e+00
1.634494543075561523e+00
8.397810459136962891e-01
6.567487120628356934e-01
1.155024647712707520e+00
-1.137165069580078125e+00
-5.700682401657104492e-01
-1.628528982400894165e-01
-2.929431498050689697e-01
1.322253227233886719e+00
2.130306005477905273e+00
-1.390283346176147461e+00
-2.588892459869384766e+00
-1.168048977851867676e+00
-4.598063230514526367e-01
7.375501841306686401e-02
-3.218553960323333740e-02
-2.702207088470458984e+00
-1.908809423446655273e+00
-2.097800970077514648e+00
1.529242277145385742e+00
-7.908772826194763184e-01
1.232962250709533691e+00
9.394192695617675781e-01
-8.927244693040847778e-02
3.960747420787811279e-01
-1.437177896499633789e+00
1.244713425636291504e+00
2.241694182157516479e-01
-1.021150231361389160e+00
-5.904581546783447266e-01
7.026824355125427246e-01
-3.948349654674530029e-01
-7.097443193197250366e-02
3.955615282058715820e+00
-1.985419690608978271e-01
8.014090657234191895e-01
4.623984992504119873e-01
-5.174874663352966309e-01
6.079111695289611816e-01
5.950779914855957031e-01
4.082172214984893799e-01
1.744852423667907715e+00
-5.355047583580017090e-01
-1.270842432975769043e+00
3.002302050590515137e-01
-3.702718615531921387e-01
1.350256502628326416e-01
-2.510379999876022339e-02
-6.272901892662048340e-01
9.729211926460266113e-01
-2.662793636322021484e+00
-1.398278713226318359e+00
-4.502248167991638184e-01
-7.078419923782348633e-01
5.176531672477722168e-01
5.055536031723022461e-01
9.276633858680725098e-01
-1.171580314636230469e+00
-2.476798593997955322e-01
4.060925245285034180e-01
-1.308354377746582031e+00
5.551183223724365234e-01
-1.089051723480224609e+00
4.276624023914337158e-01
3.084021210670471191e-01
