-9.416676163673400879e-01
2.987251877784729004e-01
5.622565746307373047e-01
1.276627033948898315e-01
-1.459966003894805908e-01
-9.003553390502929688e-01
-7.569791674613952637e-01
1.955007910728454590e+00
4.244258403778076172e-01
-1.908998847007751465e+00
-2.126755475997924805e+00
7.562036514282226562e-01
-3.704510927200317383e-01
5.398392677307128906e-01
1.294140338897705078e+00
1.085899710655212402e+00
-1.127842783927917480e+00
4.155290126800537109e-01
3.205211400985717773e+00
3.188439309597015381e-01
5.645286440849304199e-01
8.683831244707107544e-02
3.521962165832519531e-01
2.499925196170806885e-01
-1.187852859497070312e+00
2.604779005050659180e+00
1.345990061759948730e+00
1.603526175022125244e-01
-5.808832049369812012e-01
1.265933513641357422e+00
2.971382141113281250e-01
-3.046649396419525146e-01
-9.996290802955627441e-01
-2.043384790420532227e+00
1.445179730653762817e-01
-2.513596773147583008e+00
-1.904253363609313965e+00
-2.078179568052291870e-01
-2.776839733123779297e-01
-8.846427202224731445e-01
8.720141053199768066e-01
-5.804850459098815918e-01
8.319343924522399902e-01
2.583090543746948242e+00
-8.481933921575546265e-02
9.275315999984741211e-01
2.121042162179946899e-01
1.580135583877563477e+00
3.628748357295989990e-01
6.749309301376342773e-01
8.032322525978088379e-01
-1.885156631469726562e+00
-7.823352217674255371e-01
8.769024610519409180e-01
5.304533243179321289e-01
6.593076586723327637e-01
2.866133689880371094e+00
1.515632033348083496e+00
-1.092436313629150391e+00
-5.123220682144165039e-01
-1.882691621780395508e+00
-2.820284366607666016e-01
-2.602011919021606445e+00
-7.030424475669860840e-01
2.600939035415649414e+00
-2.279731988906860352e+00
1.803686755010858178e-04
1.516833066940307617e+00
-3.220364153385162354e-01
3.803237974643707275e-01
-1.509352564811706543e+00
6.838687062263488770e-01
8.794455528259277344e-01
1.360682725906372070e+00
4.450172781944274902e-01
-4.112743586301803589e-02
-8.824142813682556152e-01
-5.413928627967834473e-01
2.206254482269287109e+00
-1.651142001152038574e+00
-7.323655486106872559e-01
-3.613057136535644531e-01
3.766485214233398438e+00
-4.587945044040679932e-01
8.261995911598205566e-01
-7.727490067481994629e-01
1.571214437484741211e+00
-2.429150104522705078e+00
-6.932551860809326172e-01
-8.559702038764953613e-01
-1.440087676048278809e+00
2.783097624778747559e-01
-3.833056986331939697e-01
2.113164901733398438e+00
-5.309110879898071289e-01
-1.450597286224365234e+00
6.804617494344711304e-02
-2.250424861907958984e+00
8.880503773689270020e-01
-1.053427532315254211e-01
6.354370117187500000e-01
-6.489329338073730469e-01
5.680943727493286133e-01
8.608746528625488281e-01
-5.814331173896789551e-01
-1.679123491048812866e-01
-1.845905929803848267e-01
-3.599756479263305664e+00
-1.767759084701538086e+00
-2.274540424346923828e+00
-1.570223093032836914e+00
3.748834133148193359e-01
2.356876134872436523e+00
-8.948249816894531250e-01
8.948215246200561523e-01
-1.718604862689971924e-01
1.156260967254638672e+00
-6.110535860061645508e-01
2.034693241119384766e+00
-7.668016552925109863e-01
-8.116160035133361816e-01
-5.820719599723815918e-01
-2.102933168411254883e+00
-3.256585299968719482e-01
4.813824295997619629e-01
-2.102219611406326294e-01
4.393114447593688965e-01
-9.877892732620239258e-01
