-7.554806470870971680e-01
1.446774840354919434e+00
-7.824380397796630859e-01
2.015392631292343140e-01
-9.990248084068298340e-01
-1.779218435287475586e+00
-1.083120822906494141e+00
-1.141038656234741211e+00
-5.828453302383422852e-01
-1.630564570426940918e+00
1.993654847145080566e+00
-1.005298256874084473e+00
9.093505740165710449e-01
1.877461910247802734e+00
-7.185972332954406738e-01
-1.190528512001037598e+00
1.686839461326599121e-01
6.126281023025512695e-01
-1.432135462760925293e+00
2.133857727050781250e+00
-1.141550183296203613e+00
-4.565259218215942383e-01
-1.031835675239562988e+00
-8.523881435394287109e-02
-1.520150661468505859e+00
5.462263524532318115e-02
1.593799114227294922e+00
-1.255937069654464722e-01
1.613531351089477539e+00
-1.586390286684036255e-01
-7.547349929809570312e-01
6.820496320724487305e-01
-3.475325703620910645e-01
7.499948143959045410e-01
-5.585528016090393066e-01
1.659260630607604980e+00
1.792107939720153809e+00
1.956855773925781250e+00
8.455603569746017456e-02
-1.194207310676574707e+00
1.244164943695068359e+00
1.548603415489196777e+00
1.563004970550537109e+00
6.767522692680358887e-01
-1.145960092544555664e+00
2.163801431655883789e+00
1.888565421104431152e+00
2.508843898773193359e+00
-4.828563034534454346e-01
2.143453359603881836e+00
-4.013297855854034424e-01
-1.012459158897399902e+00
5.381172299385070801e-01
1.304307699203491211e+00
5.440720170736312866e-02
-5.676150918006896973e-01
1.320316493511199951e-01
-2.924478352069854736e-01
-3.438211679458618164e-01
5.162091553211212158e-02
-1.395824790000915527e+00
1.535887956619262695e+00
-1.388748288154602051e+00
9.035324454307556152e-01
-4.824595153331756592e-01
-3.440771698951721191e-01
4.558927118778228760e-01
9.235981106758117676e-01
1.556657701730728149e-01
-3.704427480697631836e-01
3.032833337783813477e-01
-2.045806884765625000e+00
1.336061716079711914e+00
9.265916347503662109e-01
-9.066287428140640259e-02
1.184894323348999023e+00
-2.541799068450927734e+00
-4.391636848449707031e-01
-3.962826728820800781e-01
-1.254540681838989258e+00
-7.162442803382873535e-01
4.377493634819984436e-02
2.655523538589477539e+00
1.486917138099670410e+00
-6.545034646987915039e-01
1.642795562744140625e+00
-1.097644090652465820e+00
-1.718292117118835449e+00
-9.197433590888977051e-01
4.904960095882415771e-01
-1.536657810211181641e+00
-5.412412285804748535e-01
-3.139999151229858398e+00
-7.614068388938903809e-01
-1.301176428794860840e+00
-2.813997566699981689e-01
1.691229820251464844e+00
-1.384818434715270996e+00
-9.696901440620422363e-01
2.572072744369506836e+00
2.863507568836212158e-01
-5.986987352371215820e-01
-2.739637196063995361e-01
-2.933698296546936035e-01
2.149637937545776367e-01
-7.343628406524658203e-01
-4.269376993179321289e-01
-7.997526526451110840e-01
-3.868837654590606689e-01
-2.808107137680053711e-01
1.607442378997802734e+00
1.667988300323486328e-02
1.365834951400756836e+00
-3.806862235069274902e-01
-1.842480063438415527e+00
3.407658636569976807e-01
8.022900819778442383e-01
-2.095936536788940430e+00
3.222172737121582031e+00
-7.539117336273193359e-01
5.212967749685049057e-03
9.124197065830230713e-02
-1.204558610916137695e+00
-1.869939684867858887e+00
-4.107442796230316162e-01
-2.763713359832763672e+00
-8.702775239944458008e-01
1.090036630630493164e+00
