1.096708297729492188e+00
6.919763088226318359e-01
-5.010166764259338379e-01
-2.028072834014892578e+00
2.729703903198242188e+00
1.640533685684204102e+00
2.536542415618896484e+00
1.510648012161254883e+00
-3.276862204074859619e-01
-9.325260519981384277e-01
-1.085247278213500977e+00
-7.666144371032714844e-01
4.112458825111389160e-01
-1.026475548744201660e+00
-2.457811117172241211e+00
5.285000205039978027e-01
-5.921816825866699219e-01
-5.740545988082885742e-01
-1.674439907073974609e+00
7.234559655189514160e-01
-1.869366288185119629e+00
-4.601145982742309570e-01
-1.360739946365356445e+00
1.084430813789367676e+00
1.846826195716857910e+00
-2.753479778766632080e-01
6.204925179481506348e-01
-4.614004194736480713e-01
2.908636033535003662e-01
-6.993503868579864502e-02
5.489713549613952637e-01
-1.600847125053405762e+00
-4.857212901115417480e-01
-4.292735457420349121e-01
2.299109250307083130e-01
1.119325011968612671e-01
1.622712492942810059e+00
7.539992928504943848e-01
-8.065264821052551270e-01
-1.931938648223876953e+00
6.288628578186035156e-01
1.869719922542572021e-01
9.622337222099304199e-01
4.511037170886993408e-01
-3.790940642356872559e-01
-2.550119638442993164e+00
1.318164110183715820e+00
8.638103604316711426e-01
2.183182716369628906e+00
8.446379899978637695e-01
4.130088090896606445e-01
-7.468739748001098633e-01
-1.339774370193481445e+00
1.598614007234573364e-01
1.965503096580505371e+00
5.264007449150085449e-01
6.516516208648681641e-01
-4.497855007648468018e-01
-1.926760189235210419e-02
-7.869584560394287109e-01
1.271898508071899414e+00
-9.740741848945617676e-01
3.806341812014579773e-02
7.353667020797729492e-01
2.026519298553466797e+00
-3.616353571414947510e-01
1.336230754852294922e+00
-6.669246554374694824e-01
4.974419474601745605e-01
-1.741098910570144653e-01
4.015478789806365967e-01
-3.407378196716308594e-01
4.538525938987731934e-01
2.189727276563644409e-01
-4.846430122852325439e-01
-1.715074062347412109e+00
-1.208552956581115723e+00
1.546233445405960083e-01
-1.350915789604187012e+00
-2.316806554794311523e+00
-1.131698727607727051e+00
-1.421658396720886230e+00
3.306504487991333008e-01
-2.162690639495849609e+00
4.191453456878662109e+00
1.765881538391113281e+00
-8.936282992362976074e-01
7.250556945800781250e-01
-1.505981206893920898e+00
-8.456482291221618652e-01
2.277338981628417969e+00
-1.394398331642150879e+00
-2.412221193313598633e+00
-2.506473958492279053e-01
1.057219982147216797e+00
-7.587439566850662231e-02
3.116585731506347656e+00
2.871573530137538910e-02
5.071675032377243042e-02
2.900000289082527161e-02
5.018398761749267578e-01
1.084537744522094727e+00
-1.324584484100341797e+00
-1.339400649070739746e+00
3.357379734516143799e-01
-1.025586575269699097e-01
-1.255259037017822266e+00
-1.112500309944152832e+00
1.154248118400573730e+00
-1.359425306320190430e+00
2.432759523391723633e+00
-9.884579777717590332e-01
-9.432722926139831543e-01
2.784938514232635498e-01
6.822313368320465088e-02
5.559093356132507324e-01
4.335407018661499023e-01
-1.062829971313476562e+00
-1.689801692962646484e+00
1.687096595764160156e+00
2.271429061889648438e+00
-1.435879707336425781e+00
-4.569668471813201904e-01
-1.540693640708923340e+00
-1.683950573205947876e-01
-8.111645579338073730e-01
1.153746008872985840e+00
5.461874604225158691e-01
