1.348257899284362793e+00
-8.442399501800537109e-01
2.374876439571380615e-01
4.400182366371154785e-01
2.832592487335205078e+00
1.810203552246093750e+00
1.937240064144134521e-01
-7.442071437835693359e-01
-1.424488306045532227e+00
-1.994655728340148926e-01
4.601560831069946289e-01
1.410510897636413574e+00
-1.579342961311340332e+00
-2.390914440155029297e+00
7.888904213905334473e-01
-5.508084893226623535e-01
1.192294001579284668e+00
1.345222115516662598e+00
-2.074461221694946289e+00
-7.827411293983459473e-01
-6.250126361846923828e-01
-9.482053518295288086e-01
-1.869022846221923828e+00
1.470825076103210449e+00
8.276023268699645996e-01
8.083732128143310547e-01
7.372890710830688477e-01
-1.636382937431335449e+00
1.290159821510314941e+00
-1.511012196540832520e+00
2.019125461578369141e+00
-9.664284586906433105e-01
-9.492317438125610352e-01
-1.330678939819335938e+00
1.082057714462280273e+00
1.822625398635864258e-01
1.411285400390625000e+00
6.212911009788513184e-01
-4.830760061740875244e-01
4.805432260036468506e-01
1.438097000122070312e+00
4.987981319427490234e-01
1.182113289833068848e+00
7.291935086250305176e-01
-9.199140667915344238e-01
5.958571434020996094e-01
1.557848334312438965e+00
2.909196019172668457e-01
4.296691715717315674e-01
-1.207039713859558105e+00
2.706380933523178101e-02
-2.363659620285034180e+00
-1.758073925971984863e+00
1.684529542922973633e+00
7.312311232089996338e-02
-6.566279381513595581e-02
1.237762451171875000e+00
2.862184762954711914e+00
1.091579437255859375e+00
-9.029898792505264282e-02
2.968371286988258362e-02
-5.712233781814575195e-01
1.156714081764221191e+00
3.898324370384216309e-01
-2.698676347732543945e+00
-8.511497974395751953e-01
2.147201746702194214e-01
3.296291828155517578e-01
-2.364891290664672852e+00
6.617773175239562988e-01
7.821338176727294922e-01
-3.074614405632019043e-01
-1.473358720541000366e-01
-1.423615366220474243e-01
-1.526411652565002441e+00
9.760738015174865723e-01
-9.934343099594116211e-01
-1.265875577926635742e+00
-6.543745398521423340e-01
-1.090608477592468262e+00
-2.027324676513671875e+00
-2.917147874832153320e-01
2.419924497604370117e+00
2.915890142321586609e-02
1.347451925277709961e+00
1.688838601112365723e+00
-2.241120576858520508e+00
-7.723804116249084473e-01
4.632055759429931641e-02
-4.610589146614074707e-01
1.114982515573501587e-01
-1.128509402275085449e+00
-3.462598025798797607e-01
1.223439201712608337e-01
-1.555884480476379395e+00
-1.334391385316848755e-01
1.652842611074447632e-01
4.595806300640106201e-01
-3.552278578281402588e-01
-2.719867527484893799e-01
-5.401816368103027344e-01
9.546818137168884277e-01
-4.175193607807159424e-01
2.154762506484985352e+00
7.508804202079772949e-01
5.474554300308227539e-01
-4.892024397850036621e-01
-2.386772632598876953e+00
9.071286916732788086e-01
-1.831808447837829590e+00
-7.830842137336730957e-01
4.906195402145385742e-01
-1.102514505386352539e+00
2.324174404144287109e+00
-6.506327390670776367e-01
-2.745175063610076904e-01
1.583514690399169922e+00
-9.833392500877380371e-01
1.456008791923522949e+00
1.123828887939453125e+00
1.896118670701980591e-01
-1.714294910430908203e+00
7.207053899765014648e-01
4.129251539707183838e-01
-9.848700165748596191e-01
-2.082049846649169922e+00
1.304346442222595215e+00
-2.949841916561126709e-01
