1.818104863166809082e+00
3.457424044609069824e-01
4.007844328880310059e-01
-9.828080236911773682e-02
-1.331466794013977051e+00
1.130609154701232910e+00
2.086681365966796875e+00
1.146348863840103149e-01
-3.840575218200683594e+00
-1.223984003067016602e+00
-1.391084045171737671e-01
2.531311213970184326e-01
2.738487005233764648e+00
-2.408019304275512695e+00
-3.608733415603637695e-01
-8.283421993255615234e-01
-1.195336103439331055e+00
6.298769712448120117e-01
-7.522321939468383789e-01
2.460619658231735229e-01
-9.487067461013793945e-01
1.782760024070739746e-01
-1.017527222633361816e+00
2.742956638336181641e+00
-7.844591140747070312e-01
6.744277477264404297e-01
2.366450279951095581e-01
-2.467063963413238525e-01
-1.424567103385925293e+00
9.491178989410400391e-01
-1.510884165763854980e+00
-4.894282519817352295e-01
2.497222721576690674e-01
-1.280012726783752441e+00
6.083166003227233887e-01
1.076506376266479492e+00
-4.623215496540069580e-01
1.595966815948486328e+00
1.520985245704650879e+00
-1.236729979515075684e+00
1.278971552848815918e+00
-2.020953893661499023e+00
9.971336722373962402e-01
2.419507980346679688e+00
-1.479146718978881836e+00
-1.147654056549072266e+00
-2.049746811389923096e-01
2.467674255371093750e+00
-1.032054066658020020e+00
-1.646685719490051270e+00
-8.708670735359191895e-01
-1.178414463996887207e+00
1.449407696723937988e+00
2.067945152521133423e-01
-1.751919239759445190e-01
2.007824182510375977e-01
2.446850836277008057e-01
9.948590993881225586e-01
5.644181966781616211e-01
1.993532776832580566e+00
2.396192550659179688e+00
-3.744800388813018799e-01
-1.804249286651611328e-01
-6.257575750350952148e-01
-4.601930379867553711e-01
-2.656082630157470703e+00
3.878382444381713867e-01
1.608016133308410645e+00
1.585415959358215332e+00
6.058694720268249512e-01
5.703854560852050781e-01
1.845230817794799805e+00
4.742704927921295166e-01
7.337735295295715332e-01
4.057089611887931824e-02
-1.776603102684020996e+00
3.498200476169586182e-01
-1.151380315423011780e-01
-6.303415894508361816e-01
-7.828787565231323242e-01
1.090207323431968689e-01
6.569080948829650879e-01
9.809247851371765137e-01
-1.700380593538284302e-01
6.943462491035461426e-01
-9.578619003295898438e-01
-1.307995438575744629e+00
-2.878120243549346924e-01
-2.108263254165649414e+00
9.318323135375976562e-01
4.777136445045471191e-01
-3.085644006729125977e+00
-1.295220613479614258e+00
5.766319036483764648e-01
7.956430912017822266e-01
3.780723214149475098e-01
2.423361539840698242e+00
-2.294887065887451172e+00
5.868389010429382324e-01
-9.728810191154479980e-02
9.490516781806945801e-02
-5.163117051124572754e-01
-2.232144355773925781e+00
4.674595892429351807e-01
1.639815330505371094e+00
2.005630970001220703e+00
3.828284144401550293e-01
7.914814352989196777e-01
1.057551980018615723e+00
-6.170105338096618652e-01
-6.343711614608764648e-01
1.242448329925537109e+00
-1.868954420089721680e+00
-2.060828447341918945e+00
-1.127680018544197083e-01
6.137641668319702148e-01
4.291992187500000000e-01
-2.293176174163818359e+00
-1.533744931221008301e+00
-1.018584966659545898e+00
-1.231757044792175293e+00
8.468959480524063110e-02
1.932031631469726562e+00
1.157498478889465332e+00
-1.894483566284179688e-01
1.067350029945373535e+00
-1.172638177871704102e+00
-3.854025304317474365e-01
