1.382364779710769653e-01
4.049696624279022217e-01
-1.170561194419860840e+00
-1.279921650886535645e+00
-9.721666574478149414e-01
-1.116795778274536133e+00
3.903422355651855469e-01
9.952232837677001953e-01
-1.121025681495666504e+00
-4.430721327662467957e-02
2.058647632598876953e+00
1.284179329872131348e+00
9.862946271896362305e-01
1.805133700370788574e+00
1.368440747261047363e+00
-8.737013339996337891e-01
8.706158995628356934e-01
-1.690508723258972168e-01
3.306927857920527458e-03
-4.426825791597366333e-02
4.653665125370025635e-01
-2.194759607315063477e+00
1.465807408094406128e-01
3.095708608627319336e+00
-1.163396477699279785e+00
-1.139895439147949219e+00
3.490990698337554932e-01
3.913608789443969727e-01
-3.528667092323303223e-01
7.728995680809020996e-01
-3.483849167823791504e-01
-1.912716031074523926e-01
-2.718388438224792480e-01
-2.838734984397888184e-01
-2.073496341705322266e+00
-1.532806396484375000e+00
3.629234433174133301e-02
-1.072513103485107422e+00
-8.065567612648010254e-01
7.978765368461608887e-01
-1.499980837106704712e-01
2.372021436691284180e+00
1.835377573966979980e+00
3.808797001838684082e-01
-1.904947310686111450e-01
2.284665584564208984e+00
-6.076539158821105957e-01
1.758331656455993652e+00
1.478758692741394043e+00
-9.237419366836547852e-01
1.853112280368804932e-01
-2.121093988418579102e+00
5.743089318275451660e-01
-2.013446241617202759e-01
-1.670921444892883301e+00
-9.786347746849060059e-01
9.285500049591064453e-01
1.694631457328796387e+00
-1.004620194435119629e+00
-2.850204110145568848e-01
-1.223989605903625488e+00
1.088418960571289062e+00
-9.739098548889160156e-01
-1.029589027166366577e-01
6.928417086601257324e-01
-1.643293052911758423e-01
-2.156982868909835815e-01
-8.315545320510864258e-01
8.714739680290222168e-01
1.243396878242492676e+00
5.649640038609504700e-02
-1.025827884674072266e+00
-2.311080843210220337e-01
-3.034202158451080322e-01
-5.006027594208717346e-02
-2.205788612365722656e+00
4.981681108474731445e-01
-2.945510856807231903e-02
-2.256408780813217163e-01
-1.685822725296020508e+00
3.118723630905151367e+00
3.017861396074295044e-02
5.659098029136657715e-01
-5.645416378974914551e-01
-1.075504869222640991e-01
-1.816678643226623535e+00
1.486098527908325195e+00
4.506081938743591309e-01
-9.962288737297058105e-01
2.486456036567687988e-01
1.181847453117370605e-01
-9.738163650035858154e-02
3.467081785202026367e-01
-1.335634350776672363e+00
-9.603827595710754395e-01
-4.009420573711395264e-01
4.465192794799804688e+00
7.898386716842651367e-01
1.485731482505798340e+00
-4.690714925527572632e-02
-1.012591361999511719e+00
1.551828503608703613e+00
-2.450587302446365356e-01
1.136674642562866211e+00
1.499703168869018555e+00
-1.312765002250671387e+00
-1.890124797821044922e+00
8.413162827491760254e-02
1.434012770652770996e+00
-1.177087903022766113e+00
-1.806811928749084473e+00
8.215422034263610840e-01
-1.964550495147705078e+00
-2.317469358444213867e+00
1.109409689903259277e+00
-6.934405565261840820e-01
1.541786432266235352e+00
3.447441756725311279e-01
-1.306252121925354004e+00
-4.026869833469390869e-01
-2.182784080505371094e+00
1.846501529216766357e-01
-1.480671167373657227e+00
1.105552434921264648e+00
6.708104163408279419e-02
9.590762853622436523e-01
-1.360692381858825684e+00
-7.354241013526916504e-01
