-3.986399471759796143e-01
-4.589521586894989014e-01
-5.770343542098999023e-01
1.210589110851287842e-01
2.155030012130737305e+00
1.514481663703918457e+00
8.222121745347976685e-02
-1.488513588905334473e+00
-4.037477493286132812e+00
-2.290347814559936523e-01
-1.592415332794189453e+00
1.173407793045043945e+00
-1.037034392356872559e+00
-1.834627747535705566e+00
6.549084186553955078e-01
-1.818656444549560547e+00
1.496641755104064941e+00
4.906221330165863037e-01
-1.028548836708068848e+00
-1.052936196327209473e+00
-8.103215694427490234e-01
-6.793769598007202148e-01
-6.921561956405639648e-01
1.075838565826416016e+00
2.310538738965988159e-01
-8.464133739471435547e-01
-4.228827357292175293e-01
-1.296685218811035156e+00
1.507930457592010498e-01
1.179819703102111816e+00
1.147678136825561523e+00
4.118410646915435791e-01
-4.037365019321441650e-01
1.381522536277770996e+00
6.639370918273925781e-01
5.972700119018554688e-01
5.197065472602844238e-01
1.647245883941650391e+00
2.060305595397949219e+00
-7.385437488555908203e-01
1.439295530319213867e+00
1.763154715299606323e-01
1.373416066169738770e+00
1.874954581260681152e+00
-2.111961126327514648e+00
1.195599064230918884e-01
-1.943532228469848633e-01
6.673581153154373169e-02
7.985501885414123535e-01
4.166468381881713867e-01
-1.210860848426818848e+00
2.395495772361755371e-01
2.562371492385864258e-01
6.526790261268615723e-01
-7.901694774627685547e-01
1.219274640083312988e+00
-5.463373661041259766e-01
2.683836936950683594e+00
-6.415855288505554199e-01
-5.921066999435424805e-01
-7.872785925865173340e-01
1.865399956703186035e+00
8.466106653213500977e-01
-1.415022134780883789e+00
-2.178909540176391602e+00
-3.649747967720031738e-01
-9.215888381004333496e-01
-5.319909006357192993e-02
-1.820919752120971680e+00
1.022213220596313477e+00
2.569824755191802979e-01
1.111288443207740784e-01
-7.062799334526062012e-01
1.013118386268615723e+00
-9.628337025642395020e-01
2.167147636413574219e+00
1.831279158592224121e+00
-1.583191633224487305e+00
-9.557887911796569824e-01
4.185777902603149414e-02
1.730211675167083740e-01
7.974018454551696777e-01
3.285643339157104492e+00
8.110389858484268188e-02
6.076753735542297363e-01
1.075742244720458984e+00
-1.717183709144592285e+00
-1.115349173545837402e+00
1.786997914314270020e+00
-5.809452384710311890e-02
1.193127334117889404e-01
-7.588561773300170898e-01
-9.608989357948303223e-01
7.991214990615844727e-01
-1.144800305366516113e+00
3.731385171413421631e-01
1.212510704994201660e+00
-2.042773246765136719e+00
-1.468454837799072266e+00
-9.813523292541503906e-01
1.628582239151000977e+00
1.663367450237274170e-02
9.687615036964416504e-01
-1.815393567085266113e-01
-8.723671548068523407e-03
-6.711323857307434082e-01
-8.073751926422119141e-01
-8.098217844963073730e-01
1.997015476226806641e-01
-1.256258726119995117e+00
-2.257853597402572632e-01
-6.829809546470642090e-01
-6.259867548942565918e-01
1.114445328712463379e+00
-7.772683501243591309e-01
3.875434398651123047e-02
1.612186908721923828e+00
-2.201745748519897461e+00
-6.805242300033569336e-01
6.152543425559997559e-01
1.011560320854187012e+00
-3.103355765342712402e-01
2.832399606704711914e-01
8.642744421958923340e-01
-1.110393762588500977e+00
-1.364014744758605957e+00
6.591058969497680664e-01
5.852882862091064453e-01
