-1.276848763227462769e-01
-2.679052650928497314e-01
4.951755404472351074e-01
3.557117879390716553e-01
-2.684472501277923584e-01
5.414831042289733887e-01
3.194007277488708496e-02
-1.218129247426986694e-01
-1.433210968971252441e+00
-3.198389112949371338e-01
-1.109922289848327637e+00
-1.640820980072021484e+00
-3.876905143260955811e-01
-1.642890423536300659e-01
1.980667471885681152e+00
-9.352546334266662598e-01
-1.295234441757202148e+00
5.639736354351043701e-02
1.235207438468933105e+00
5.428144931793212891e-01
3.055109500885009766e+00
-2.045243233442306519e-01
1.604982376098632812e+00
1.923602342605590820e+00
8.080759644508361816e-02
-3.771057724952697754e-02
1.795842647552490234e-01
-3.584327995777130127e-01
-1.527120947837829590e+00
1.631788760423660278e-01
-1.146866917610168457e+00
9.815194606781005859e-01
-1.803246259689331055e+00
1.417463421821594238e-01
2.093566179275512695e+00
-1.496550202369689941e+00
1.457563757896423340e+00
-1.771518111228942871e+00
-1.614065885543823242e+00
-1.233683109283447266e+00
1.337240815162658691e+00
1.493881344795227051e+00
1.619473576545715332e+00
1.104984760284423828e+00
-4.932882487773895264e-01
-2.433498620986938477e+00
1.735388636589050293e+00
1.751700788736343384e-01
6.445196270942687988e-01
2.747388124465942383e+00
7.597058415412902832e-01
-2.744353294372558594e+00
-6.742821931838989258e-01
9.184133410453796387e-01
9.332294464111328125e-01
-7.864001393318176270e-01
1.509212493896484375e+00
2.617701888084411621e-01
-2.312489271163940430e+00
2.170132398605346680e+00
3.173519372940063477e-01
3.780796229839324951e-01
1.661849260330200195e+00
-1.062324762344360352e+00
-3.581859171390533447e-01
4.774594902992248535e-01
3.895998299121856689e-01
7.972047328948974609e-01
-2.419504076242446899e-01
1.083340167999267578e+00
1.223963499069213867e+00
9.447181969881057739e-02
7.815201580524444580e-02
1.016030073165893555e+00
-2.238678783178329468e-01
-1.174450039863586426e+00
-1.079657554626464844e+00
-4.762675464153289795e-01
9.225664734840393066e-01
-7.779086828231811523e-01
-1.859973520040512085e-01
-9.359205365180969238e-01
2.670461237430572510e-01
6.421746015548706055e-01
2.158123254776000977e+00
4.642497599124908447e-01
1.630601584911346436e-01
-1.215571641921997070e+00
-4.827160835266113281e-01
-1.124687910079956055e+00
6.409706473350524902e-01
-5.497770383954048157e-02
2.592455446720123291e-01
-2.628662884235382080e-01
-3.000305294990539551e-01
-2.183559894561767578e+00
1.174438953399658203e+00
-3.434456884860992432e-01
-3.031885921955108643e-01
5.864008516073226929e-02
1.653096675872802734e+00
-2.351474389433860779e-02
-6.560389995574951172e-01
-1.718712002038955688e-01
4.996752142906188965e-01
-5.018747448921203613e-01
-2.144741058349609375e+00
-2.295911788940429688e+00
-1.491288185119628906e+00
-2.949948608875274658e-01
1.235637426376342773e+00
-2.440815448760986328e+00
8.852374553680419922e-01
-2.206842184066772461e+00
2.443447828292846680e+00
-1.083302378654479980e+00
-4.810459613800048828e-01
-1.090952873229980469e+00
7.900704145431518555e-01
-1.058570265769958496e+00
-1.569255948066711426e+00
1.038479924201965332e+00
3.463519215583801270e-01
-2.646153450012207031e+00
-1.939159184694290161e-01
1.160820722579956055e+00
-1.659957170486450195e+00
7.725657820701599121e-01
