-1.915657401084899902e+00
3.891110047698020935e-02
-1.251756846904754639e-01
4.003748297691345215e-01
9.895259737968444824e-01
1.787582635879516602e+00
5.024663805961608887e-01
-1.240487545728683472e-01
-7.229469418525695801e-01
-1.472137808799743652e+00
4.096737802028656006e-01
-1.663876533508300781e+00
-8.706542849540710449e-01
2.268705964088439941e-01
-1.801107645034790039e+00
-1.118157863616943359e+00
7.183845043182373047e-01
1.156486511230468750e+00
4.448140859603881836e-01
-2.739609181880950928e-01
-2.623772025108337402e-01
1.007656216621398926e+00
5.869090557098388672e-01
8.656255006790161133e-01
-6.109581589698791504e-01
2.544589757919311523e+00
1.272297620773315430e+00
5.079321861267089844e-01
1.054504871368408203e+00
-1.881805360317230225e-01
-8.199049234390258789e-01
-2.156691789627075195e+00
2.723518013954162598e-01
-2.664557993412017822e-01
-1.347211718559265137e+00
5.031811594963073730e-01
1.296242117881774902e+00
-1.391426682472229004e+00
-1.398838758468627930e+00
-4.788547158241271973e-01
2.165898531675338745e-01
-7.676406204700469971e-02
1.830275297164916992e+00
1.994567394256591797e+00
7.527295351028442383e-01
6.833567023277282715e-01
1.758031964302062988e+00
1.966491460800170898e+00
2.247597932815551758e+00
4.516056478023529053e-01
7.429397106170654297e-01
-7.132750749588012695e-01
-4.389871656894683838e-01
9.523211717605590820e-01
-9.998295307159423828e-01
1.427694678306579590e+00
4.052591621875762939e-01
-1.635737135075032711e-04
8.272927403450012207e-01
-7.659109234809875488e-01
-8.910151720046997070e-01
6.665654182434082031e-01
-1.441658735275268555e+00
-3.075871169567108154e-01
-2.870637476444244385e-01
1.705975055694580078e+00
3.911362886428833008e-01
-6.853412389755249023e-01
3.015411496162414551e-01
3.183242380619049072e-01
1.159886479377746582e+00
-3.037299156188964844e+00
1.737110733985900879e+00
1.400311589241027832e+00
-7.658563256263732910e-01
8.301315307617187500e-01
3.997732698917388916e-01
-7.262915968894958496e-01
-7.424133419990539551e-01
-1.818038076162338257e-01
9.881924092769622803e-02
-8.559192419052124023e-01
4.344713687896728516e-02
3.906497061252593994e-01
-1.087483644485473633e+00
-7.621093392372131348e-01
3.661769628524780273e-01
-1.626822948455810547e+00
1.046159982681274414e+00
5.369527339935302734e-01
-4.025819003582000732e-01
-1.549335479736328125e+00
-3.766670942306518555e+00
-1.720871329307556152e+00
-8.291198015213012695e-01
-1.907535076141357422e+00
-1.456827998161315918e+00
-9.264516830444335938e-01
1.944726586341857910e+00
2.010786682367324829e-01
3.633701503276824951e-01
-1.810510903596878052e-01
-2.099491834640502930e+00
-6.814259290695190430e-02
3.656215667724609375e+00
5.452635288238525391e-01
-1.841880083084106445e-01
-6.678038835525512695e-01
1.113215923309326172e+00
-6.638049483299255371e-01
-5.589994192123413086e-01
-9.539138525724411011e-02
2.987599968910217285e-01
1.597078561782836914e+00
-7.885156273841857910e-01
-1.194332242012023926e+00
2.221620827913284302e-01
9.083806872367858887e-01
-1.492160916328430176e+00
5.421555042266845703e-01
-1.116317272186279297e+00
1.470864471048116684e-02
5.355560779571533203e-01
-1.921186327934265137e+00
-1.013157606124877930e+00
-8.457244038581848145e-01
6.726559400558471680e-01
9.328049421310424805e-01
