-1.188419580459594727e+00
-2.636700153350830078e+00
1.805369257926940918e-01
4.121605753898620605e-01
1.353602528572082520e+00
1.394630312919616699e+00
9.638555645942687988e-01
4.273753985762596130e-02
-1.403441429138183594e-01
-1.663985133171081543e+00
1.833781123161315918e+00
9.935612678527832031e-01
-9.133286476135253906e-01
2.970415592193603516e+00
3.718250691890716553e-01
-3.322772681713104248e-01
1.274629831314086914e+00
-7.920214533805847168e-01
4.795989394187927246e-01
-4.901658371090888977e-02
-2.869630046188831329e-02
5.626068115234375000e-01
3.610923588275909424e-01
9.207564592361450195e-01
-2.075392484664916992e+00
1.521722674369812012e+00
-1.062319755554199219e+00
3.567875623703002930e-01
1.806262135505676270e+00
4.259030520915985107e-01
-7.109826803207397461e-01
-1.066150069236755371e+00
1.278682053089141846e-01
-1.261164546012878418e+00
1.137642502784729004e+00
1.369253039360046387e+00
6.807273626327514648e-02
-7.212617993354797363e-01
-1.435798764228820801e+00
-5.060020089149475098e-01
-4.243435561656951904e-01
1.001160502433776855e+00
4.731826484203338623e-01
5.545180439949035645e-01
4.685738384723663330e-01
2.025368690490722656e+00
-5.639032125473022461e-01
-6.800741553306579590e-01
-1.115645989775657654e-01
1.042536377906799316e+00
-1.030716776847839355e+00
5.261216163635253906e-01
-1.462632536888122559e+00
-2.052696943283081055e+00
-1.220328807830810547e-01
5.944688320159912109e-01
5.868392586708068848e-01
-5.696224570274353027e-01
1.321851730346679688e+00
1.204925060272216797e+00
-1.807332873344421387e+00
3.560513019561767578e+00
-1.966940999031066895e+00
1.096462234854698181e-01
-2.044251203536987305e+00
9.608832746744155884e-02
1.590230464935302734e+00
1.367890238761901855e-01
2.296261072158813477e+00
1.051709413528442383e+00
7.946612834930419922e-01
-3.000048398971557617e+00
3.497171401977539062e-01
1.450955390930175781e+00
3.469547033309936523e-01
-1.638327956199645996e+00
1.595082402229309082e+00
1.453302741050720215e+00
1.098405599594116211e+00
-5.680276751518249512e-01
6.717861890792846680e-01
-9.298661351203918457e-01
-7.779870629310607910e-01
1.468088507652282715e+00
1.066079616546630859e+00
3.062082231044769287e-01
8.887472748756408691e-01
-3.458544015884399414e-01
-2.034939050674438477e+00
2.317777276039123535e-01
6.063103675842285156e-01
-1.624662756919860840e+00
-1.401050806045532227e+00
-4.116735607385635376e-02
8.840051889419555664e-01
-5.922842025756835938e-01
7.866315841674804688e-01
1.376737594604492188e+00
-1.969702124595642090e+00
-1.630890846252441406e+00
-4.411764740943908691e-01
-1.225903153419494629e+00
-1.101841688156127930e+00
-2.372650504112243652e-01
-5.949247479438781738e-01
-1.278132081031799316e+00
-2.468643188476562500e+00
-9.401063621044158936e-02
9.304166436195373535e-01
-2.251827716827392578e-01
-1.203205466270446777e+00
2.099178552627563477e+00
-1.646563172340393066e+00
-9.149566292762756348e-01
-1.533118367195129395e+00
-3.528247177600860596e-01
-1.246489882469177246e+00
-3.510677516460418701e-01
1.463170528411865234e+00
-1.173878073692321777e+00
-8.471611738204956055e-01
-2.100778818130493164e-01
4.721583127975463867e-01
4.158365726470947266e-01
-4.587113857269287109e-01
1.353674411773681641e+00
5.165449902415275574e-02
-1.443168997764587402e+00
