1.208492964506149292e-01
-1.642286777496337891e-01
3.806620240211486816e-01
1.841233819723129272e-01
-1.014371156692504883e+00
-1.678148031234741211e+00
3.691306114196777344e-01
2.065240859985351562e+00
2.072874605655670166e-01
-1.034625411033630371e+00
-2.141014188528060913e-01
-1.821726322174072266e+00
-8.366801142692565918e-01
-1.777567267417907715e-01
-7.236851453781127930e-01
4.675794243812561035e-01
-1.616744637489318848e+00
-1.207820653915405273e+00
-1.289178729057312012e-01
4.352510571479797363e-01
-1.164671301841735840e+00
3.242363929748535156e-01
-1.135729074478149414e+00
-1.557151675224304199e+00
-1.767741918563842773e+00
1.087874054908752441e+00
1.720528602600097656e+00
-9.929130077362060547e-01
1.946820259094238281e+00
-9.967346191406250000e-01
-1.393197655677795410e+00
8.005096316337585449e-01
-2.099668741226196289e+00
-1.214294433593750000e+00
-1.057788655161857605e-01
2.434070587158203125e+00
-1.099944949150085449e+00
-4.572985172271728516e-01
1.550142168998718262e+00
-1.144798636436462402e+00
-5.220051109790802002e-02
1.387879848480224609e+00
1.737140119075775146e-01
4.249086678028106689e-01
-5.918340682983398438e-01
1.404694616794586182e-01
5.508128404617309570e-01
-6.589814554899930954e-03
-8.043048381805419922e-01
1.739931583404541016e+00
1.041876822710037231e-01
1.289387196302413940e-01
-1.058754563331604004e+00
1.043439626693725586e+00
6.238257884979248047e-01
-1.118521928787231445e+00
1.941883087158203125e+00
-1.346122026443481445e+00
9.058449268341064453e-01
3.454089760780334473e-01
-1.698835849761962891e+00
2.399198293685913086e+00
-5.929700732231140137e-01
6.604803800582885742e-01
2.022634148597717285e-01
2.888593375682830811e-01
-2.194979041814804077e-01
5.826053023338317871e-01
3.378198146820068359e+00
4.144972562789916992e-01
-4.516389667987823486e-01
1.323447585105895996e+00
1.487043261528015137e+00
1.069875597953796387e+00
-9.351991415023803711e-01
-1.445860385894775391e+00
9.242803454399108887e-01
3.917182385921478271e-01
1.376056820154190063e-01
-1.804350852966308594e+00
1.082182168960571289e+00
-2.274100631475448608e-01
1.143684625625610352e+00
-5.365934371948242188e-01
2.437718510627746582e-01
-1.404535889625549316e+00
4.150806367397308350e-01
-6.168145537376403809e-01
-2.774326689541339874e-02
1.329934239387512207e+00
-7.907539606094360352e-01
-2.142645120620727539e+00
-1.627823114395141602e+00
-1.659888625144958496e-01
9.709951281547546387e-01
-1.245676204562187195e-01
5.887622237205505371e-01
-8.534296751022338867e-01
1.809987068176269531e+00
1.271492242813110352e+00
1.293804764747619629e+00
-2.099995374679565430e+00
-8.658218383789062500e-01
3.612257957458496094e+00
3.039352893829345703e+00
-1.679253131151199341e-01
-9.099855422973632812e-01
-1.070870876312255859e+00
-6.816629767417907715e-01
-4.839652061462402344e+00
1.305206060409545898e+00
1.153217911720275879e+00
2.090539693832397461e+00
7.303307056427001953e-01
-1.399019598960876465e+00
1.334452152252197266e+00
1.828566312789916992e+00
-1.557577013969421387e+00
-1.515461325645446777e+00
3.357066214084625244e-01
-1.250243902206420898e+00
2.003023475408554077e-01
-1.965925455093383789e+00
-1.603781342506408691e+00
-4.141201972961425781e-01
-1.119262695312500000e+00
1.707972049713134766e+00
7.995151877403259277e-01
