-9.500118494033813477e-01
-1.174110248684883118e-01
4.947610199451446533e-01
2.256297320127487183e-01
1.866719961166381836e+00
-2.167436361312866211e+00
-4.123948216438293457e-01
9.658940434455871582e-01
-4.663917720317840576e-01
1.374974727630615234e+00
2.895192801952362061e-01
2.953187465667724609e+00
3.055980503559112549e-01
-4.981340374797582626e-03
-2.124713420867919922e+00
3.303407728672027588e-01
-1.680402755737304688e+00
1.558235287666320801e+00
8.285162448883056641e-01
-6.225371360778808594e-02
-2.062160491943359375e+00
-1.245227336883544922e+00
1.650972962379455566e+00
1.444182395935058594e+00
-3.247328281402587891e+00
7.261396050453186035e-01
8.884876966476440430e-01
-5.789452791213989258e-01
7.932148873805999756e-02
1.076808452606201172e+00
-1.309703111648559570e+00
-8.318618685007095337e-02
1.917257755994796753e-01
1.953265070915222168e-01
-1.657370209693908691e+00
1.259868860244750977e+00
9.112512469291687012e-01
-1.799272894859313965e+00
1.354474186897277832e+00
-4.755474925041198730e-01
-2.524963319301605225e-01
2.904199063777923584e-01
1.631014466285705566e+00
-1.876180917024612427e-01
-1.592925667762756348e+00
9.870454072952270508e-01
-1.609923958778381348e+00
1.171133875846862793e+00
1.419034242630004883e+00
-6.497486829757690430e-01
1.331078410148620605e+00
-2.242003679275512695e+00
2.897711396217346191e-01
-1.383266568183898926e+00
-1.180060267448425293e+00
-8.784821033477783203e-01
-4.626859426498413086e-01
1.359575510025024414e+00
6.102788448333740234e-01
8.805292844772338867e-01
-5.620793104171752930e-01
1.365857720375061035e+00
6.616016626358032227e-01
2.578521370887756348e-01
-1.931683868169784546e-01
-3.906240463256835938e-01
-1.312953472137451172e+00
-1.124207615852355957e+00
1.279546767473220825e-01
4.394844770431518555e-01
-1.258783489465713501e-01
-1.523370146751403809e+00
3.139364004135131836e+00
-3.523313999176025391e-02
-6.553202867507934570e-01
-2.204746007919311523e+00
-6.093024741858243942e-03
-2.308904677629470825e-01
5.447419881820678711e-01
-1.351625800132751465e+00
7.083419561386108398e-01
-2.563431262969970703e+00
1.837996959686279297e+00
4.029823839664459229e-01
-3.479731380939483643e-01
-3.491417467594146729e-01
1.791631877422332764e-01
-6.354367136955261230e-01
1.622621417045593262e+00
2.038816213607788086e+00
-1.368116736412048340e+00
-2.414162307977676392e-01
-1.008175611495971680e+00
1.295226335525512695e+00
4.271294549107551575e-02
2.331208139657974243e-01
-5.089921951293945312e-01
8.868820667266845703e-01
-8.618349432945251465e-01
1.113996386528015137e+00
-2.042473554611206055e+00
-6.812279224395751953e-01
1.033579587936401367e+00
-8.175811767578125000e-01
1.283477902412414551e+00
-8.150917887687683105e-01
-8.843945860862731934e-01
4.756852388381958008e-01
9.939274787902832031e-01
4.315271675586700439e-01
-2.272509574890136719e+00
8.093674182891845703e-01
-4.575222730636596680e-01
1.132163047790527344e+00
9.703856110572814941e-01
-5.713587626814842224e-02
1.992842182517051697e-03
-2.252246856689453125e+00
-1.038105964660644531e+00
-3.424395993351936340e-02
5.966396331787109375e-01
-1.941414177417755127e-01
2.504558801651000977e+00
4.977842271327972412e-01
-5.715296864509582520e-01
-5.609469413757324219e-01
-9.610756039619445801e-01
4.681371152400970459e-01
