9.127856045961380005e-02
-1.054157875478267670e-02
5.143038630485534668e-01
2.104989141225814819e-01
1.509989142417907715e+00
-1.152976036071777344e+00
7.615835666656494141e-01
6.985866427421569824e-01
2.025624662637710571e-01
-7.817717194557189941e-01
7.271193712949752808e-02
-1.417431354522705078e+00
-1.521363735198974609e+00
-6.827300190925598145e-01
-1.845124363899230957e-02
2.310343742370605469e+00
5.667226314544677734e-01
8.258233070373535156e-01
6.953114271163940430e-01
4.744143187999725342e-01
6.909132599830627441e-01
-3.197555541992187500e+00
1.339080184698104858e-01
1.315964609384536743e-01
-6.537330150604248047e-01
-4.560100436210632324e-01
7.967152446508407593e-02
-1.436271786689758301e+00
-2.857429385185241699e-01
-3.038926124572753906e-01
4.970924258232116699e-01
-3.641670465469360352e+00
-9.175428152084350586e-01
-6.630623340606689453e-01
2.300318479537963867e+00
-2.222641855478286743e-01
-1.147294521331787109e+00
1.749318093061447144e-01
-6.233061552047729492e-01
-1.129760503768920898e+00
4.908141791820526123e-01
8.222251534461975098e-01
2.197698593139648438e+00
2.279464602470397949e-01
1.345233768224716187e-01
-2.218764543533325195e+00
-7.375350594520568848e-02
-4.158743619918823242e-01
1.413564205169677734e+00
-7.817774415016174316e-01
4.610644876956939697e-01
-1.654986977577209473e+00
8.388138413429260254e-01
2.268916368484497070e+00
-1.750329852104187012e+00
2.266989350318908691e-01
3.695393502712249756e-01
1.360137462615966797e+00
-1.638236522674560547e+00
-6.640652418136596680e-01
-4.182758033275604248e-01
-7.775940299034118652e-01
7.541443705558776855e-01
1.476366043090820312e+00
7.810728996992111206e-02
1.199185013771057129e+00
1.994426250457763672e+00
1.562385678291320801e+00
6.968804597854614258e-01
-3.702032566070556641e-01
3.021636962890625000e+00
1.194266915321350098e+00
-1.149610280990600586e+00
2.271118313074111938e-01
1.451927870512008667e-01
-7.118197679519653320e-01
-1.427448153495788574e+00
-1.212671995162963867e+00
-7.504651546478271484e-01
-1.012429237365722656e+00
1.071437448263168335e-01
-1.052186250686645508e+00
4.359597861766815186e-01
-6.746315360069274902e-01
1.097508549690246582e+00
-4.116814434528350830e-01
-5.971971154212951660e-01
2.260279893875122070e+00
-1.579859137535095215e+00
1.398702561855316162e-01
1.683000564575195312e+00
-1.080968022346496582e+00
6.621791124343872070e-01
-3.575408756732940674e-01
-1.416385769844055176e+00
-3.673730790615081787e-01
1.600651860237121582e+00
-7.958269119262695312e-02
1.431601196527481079e-01
2.145368337631225586e+00
1.481739133596420288e-01
1.158111810684204102e+00
-2.486739605665206909e-01
-2.559014037251472473e-02
8.815175294876098633e-01
4.643884301185607910e-01
-1.075661659240722656e+00
-6.973546743392944336e-01
4.742921143770217896e-02
-8.857297301292419434e-01
1.904502153396606445e+00
-6.856756210327148438e-01
5.022186636924743652e-01
1.169584035873413086e+00
3.758402168750762939e-01
-9.466177225112915039e-02
-2.221283674240112305e+00
-1.686045765876770020e+00
1.755719184875488281e+00
-5.972148776054382324e-01
-2.688646554946899414e+00
-1.757004484534263611e-02
-1.084107279777526855e+00
-3.197712004184722900e-01
-8.374589085578918457e-01
-1.681732416152954102e+00
8.578216284513473511e-02
1.430966615676879883e+00
