2.404353857040405273e+00
2.308333814144134521e-01
-6.325371861457824707e-01
-2.648888111114501953e+00
1.705548286437988281e+00
1.662251055240631104e-01
-5.169404149055480957e-01
2.329250574111938477e+00
-4.017235636711120605e-01
-6.463230848312377930e-01
1.080017685890197754e+00
1.584161162376403809e+00
2.495891094207763672e+00
-1.056023761630058289e-01
-1.548850536346435547e-02
1.713491916656494141e+00
-1.727711558341979980e+00
9.403809309005737305e-01
-1.514980554580688477e+00
2.304567955434322357e-03
2.230982780456542969e-01
-1.319189786911010742e+00
-1.890736818313598633e+00
1.197414040565490723e+00
-1.170085668563842773e+00
1.043337941169738770e+00
-8.659429550170898438e-01
-1.731584966182708740e-01
-1.193659007549285889e-02
1.764610886573791504e+00
-3.294663429260253906e-01
-2.938131332397460938e+00
-1.269512057304382324e+00
2.478638291358947754e-01
5.053801536560058594e-01
1.756526470184326172e+00
8.102508783340454102e-01
-2.757510840892791748e-01
-6.564622521400451660e-01
-1.340053319931030273e+00
1.183230161666870117e+00
-1.303792297840118408e-01
1.330892443656921387e+00
1.035554409027099609e+00
-1.018812417984008789e+00
-1.109338283538818359e+00
6.325628757476806641e-01
2.084584474563598633e+00
1.103950142860412598e+00
-2.289362192153930664e+00
-5.032121539115905762e-01
-1.076050639152526855e+00
3.822506368160247803e-01
9.005625247955322266e-01
2.222719430923461914e+00
-6.837930083274841309e-01
3.062614500522613525e-01
3.142587542533874512e-01
-8.739423155784606934e-01
7.492218017578125000e-01
6.947520375251770020e-02
1.837310753762722015e-02
1.280826091766357422e+00
-3.302327990531921387e-01
1.847736954689025879e+00
-1.894332170486450195e+00
8.056227564811706543e-01
1.961499810218811035e+00
-1.386190056800842285e+00
2.235210388898849487e-01
3.303606212139129639e-01
1.361040115356445312e+00
2.105063945055007935e-01
-3.441276550292968750e-01
3.966077268123626709e-01
4.830225557088851929e-02
7.557842731475830078e-01
2.168269157409667969e-01
6.974489092826843262e-01
-2.364336252212524414e+00
-1.652376532554626465e+00
-6.299679875373840332e-01
-1.161653876304626465e+00
-6.289020180702209473e-01
1.971724748611450195e+00
-1.112373709678649902e+00
-1.476671844720840454e-01
5.691061019897460938e-01
-3.145134150981903076e-01
6.571982502937316895e-01
1.235007524490356445e+00
-2.405048608779907227e+00
5.311423540115356445e-01
9.653376340866088867e-01
2.432778663933277130e-02
1.447465062141418457e+00
8.348130583763122559e-01
-1.019069552421569824e+00
-8.634254336357116699e-01
-3.415568470954895020e-01
6.615716218948364258e-01
2.935756929218769073e-02
-1.433977246284484863e+00
-9.615621566772460938e-01
6.989703178405761719e-01
-2.762250602245330811e-01
-5.222662091255187988e-01
-3.509699702262878418e-01
2.318561315536499023e+00
1.567300081253051758e+00
-7.978528738021850586e-01
1.024516582489013672e+00
-1.362638831138610840e+00
-1.779149770736694336e+00
2.197368621826171875e+00
-9.105360507965087891e-01
3.352032005786895752e-01
-6.929875612258911133e-01
-3.582343101501464844e+00
2.471479773521423340e-01
-3.336161971092224121e-01
-1.696062207221984863e+00
7.160937190055847168e-01
-4.879691898822784424e-01
-5.003006458282470703e-01
-9.784411191940307617e-01
1.408655881881713867e+00
-1.684208393096923828e+00
