9.890745282173156738e-01
1.301880002021789551e+00
-8.041542023420333862e-03
-1.031812429428100586e-01
-4.065154790878295898e-01
-1.959435462951660156e+00
-1.730412840843200684e+00
1.524185657501220703e+00
-1.140908241271972656e+00
-7.830488681793212891e-01
2.345845460891723633e+00
1.490610599517822266e+00
5.236853361129760742e-01
2.402409464120864868e-01
-7.998372912406921387e-01
4.095824956893920898e-01
-5.354876071214675903e-02
1.805208802223205566e+00
1.152574181556701660e+00
1.242651939392089844e+00
-8.512944579124450684e-01
-2.270304918289184570e+00
-8.408148586750030518e-02
-1.023165702819824219e+00
-1.819739460945129395e+00
2.776311933994293213e-01
2.958971977233886719e+00
9.620249271392822266e-01
1.116953015327453613e+00
-1.238191723823547363e-01
-1.188270151615142822e-01
-9.989377111196517944e-02
-4.646609127521514893e-01
-9.837349876761436462e-03
-3.675746023654937744e-01
-1.595756271854043007e-03
7.235528230667114258e-01
-5.279627442359924316e-01
-1.045188307762145996e+00
4.594900310039520264e-01
1.643706083297729492e+00
5.349320173263549805e-01
4.570496380329132080e-01
2.647180795669555664e+00
-1.527594685554504395e+00
2.120318651199340820e+00
3.799746930599212646e-01
-7.526953518390655518e-02
2.560754776000976562e+00
-4.487044215202331543e-01
-3.288233280181884766e+00
-5.903697609901428223e-01
-4.181210696697235107e-01
-7.714822143316268921e-02
-7.068163752555847168e-01
-2.268540114164352417e-01
1.805518150329589844e+00
8.128452301025390625e-01
2.029297202825546265e-01
-1.239521503448486328e+00
-7.664227485656738281e-01
2.758133172988891602e+00
-5.167496390640735626e-03
-1.509054154157638550e-01
5.211066603660583496e-01
-1.330877900123596191e+00
-1.072219312191009521e-01
1.130901694297790527e+00
-1.009819865226745605e+00
1.114447951316833496e+00
-1.638029694557189941e+00
-3.307204246520996094e+00
1.217453360557556152e+00
5.618829131126403809e-01
1.708021640777587891e+00
-1.613417983055114746e+00
-1.349159121513366699e+00
2.069576025009155273e+00
-1.976766467094421387e+00
-1.328295350074768066e+00
1.590229034423828125e+00
-3.193922042846679688e-01
-1.470321267843246460e-01
-4.361078739166259766e-01
1.312499284744262695e+00
-1.094530940055847168e+00
-3.199854791164398193e-01
-1.219274282455444336e+00
-4.597638547420501709e-01
1.681524038314819336e+00
-9.777432084083557129e-01
-5.117907524108886719e-01
2.324005067348480225e-01
2.865519821643829346e-01
-1.131274580955505371e+00
1.440184235572814941e+00
1.465113997459411621e+00
-5.298893451690673828e-01
7.435733079910278320e-01
4.411410987377166748e-01
-3.955841660499572754e-01
1.026730656623840332e+00
-2.303818464279174805e+00
-9.147588610649108887e-01
1.287662148475646973e+00
1.665685176849365234e-01
-2.247956037521362305e+00
-1.158532023429870605e+00
5.446085333824157715e-01
-9.046884626150131226e-02
-1.397011518478393555e+00
1.452045083045959473e+00
-1.503653526306152344e+00
-1.405913949012756348e+00
2.001501560211181641e+00
-6.609591245651245117e-01
1.993489146232604980e+00
3.942274674773216248e-02
-1.306377410888671875e+00
1.662661194801330566e+00
-2.403376340866088867e+00
-2.069703787565231323e-01
-3.950791433453559875e-02
2.053079307079315186e-01
-1.471689939498901367e-01
2.066057473421096802e-01
-3.703994452953338623e-01
-1.173147559165954590e+00
