4.712621271610260010e-01
5.030295252799987793e-01
1.340361386537551880e-01
-4.743836224079132080e-01
4.352262914180755615e-01
1.605742216110229492e+00
6.566039919853210449e-01
-2.503385245800018311e-01
-8.187357783317565918e-01
7.848981618881225586e-01
9.283922612667083740e-02
3.647119179368019104e-02
1.965520977973937988e+00
-1.972220778465270996e+00
-4.516451619565486908e-03
-8.581584692001342773e-01
1.382783055305480957e+00
1.648674011230468750e+00
9.115148186683654785e-01
-1.175929903984069824e+00
1.767791628837585449e+00
9.555210471153259277e-01
2.568735927343368530e-02
1.214838385581970215e+00
-1.143458366394042969e+00
4.181173145771026611e-01
-1.294443726539611816e+00
-9.373747706413269043e-01
-1.914041000418365002e-03
5.893483757972717285e-01
-3.266806900501251221e-01
6.458810567855834961e-01
-1.365161299705505371e+00
-1.786910176277160645e+00
8.483176827430725098e-01
2.341521739959716797e+00
8.518462181091308594e-01
9.017801284790039062e-02
1.177170753479003906e+00
-1.781936526298522949e+00
1.345047950744628906e+00
-1.281656980514526367e+00
1.952077865600585938e+00
-2.144461154937744141e+00
-1.668675541877746582e+00
-6.745195984840393066e-01
-1.388473510742187500e+00
-7.641831040382385254e-01
1.818600654602050781e+00
-1.395765900611877441e+00
-1.226995110511779785e+00
-1.696908354759216309e+00
-9.721055626869201660e-01
-1.160796761512756348e+00
-1.608673781156539917e-01
5.185503959655761719e-01
-1.122357249259948730e+00
8.564563393592834473e-01
-4.432443082332611084e-01
1.059412121772766113e+00
-2.995616912841796875e+00
8.155900239944458008e-01
1.963493973016738892e-01
-7.329573631286621094e-01
-1.693194955587387085e-01
-1.540408492088317871e+00
-9.897711873054504395e-02
2.163895130157470703e+00
-5.867643356323242188e-01
-6.291561126708984375e-01
1.664634943008422852e-01
-5.036383271217346191e-01
-2.188010215759277344e+00
9.643757939338684082e-01
-5.294333100318908691e-01
1.363973379135131836e+00
3.271751105785369873e-01
-4.377568066120147705e-01
4.370306432247161865e-01
-7.732535898685455322e-02
7.835668325424194336e-01
-1.094779610633850098e+00
3.881269097328186035e-01
-3.945241272449493408e-01
5.532057285308837891e-01
2.494482517242431641e+00
6.059084087610244751e-02
-1.278205513954162598e+00
-2.125346362590789795e-01
-7.844809889793395996e-01
3.364842236042022705e-01
4.148483872413635254e-01
1.593934535980224609e+00
-4.007619619369506836e-01
8.903943300247192383e-01
7.198706865310668945e-01
8.182934522628784180e-01
-5.568084716796875000e-01
1.375127792358398438e+00
8.417298197746276855e-01
-2.423556149005889893e-01
-2.149368762969970703e+00
-3.546217978000640869e-01
3.190751314163208008e+00
-1.202832102775573730e+00
2.270735204219818115e-01
-1.165241479873657227e+00
-8.424865603446960449e-01
3.468463659286499023e+00
-1.238598108291625977e+00
1.169418931007385254e+00
1.299388885498046875e+00
-3.003726303577423096e-01
1.160571813583374023e+00
-6.430392265319824219e-01
-1.285561919212341309e+00
1.127363592386245728e-01
-2.642964720726013184e-01
-1.618588089942932129e+00
-4.751318991184234619e-01
-1.224371716380119324e-01
-8.118266463279724121e-01
7.720878124237060547e-01
-1.190447211265563965e+00
-9.341965317726135254e-01
-9.964316338300704956e-02
2.629257440567016602e-01
-3.293631374835968018e-01
