2.361631870269775391e+00
-7.600653767585754395e-01
7.429686188697814941e-01
4.815218448638916016e-01
4.215409457683563232e-01
1.204153418540954590e+00
1.812322854995727539e+00
3.908072710037231445e-01
-8.984785079956054688e-01
-6.538097262382507324e-01
8.752320408821105957e-01
-1.084980368614196777e+00
3.331308485940098763e-03
-1.149792194366455078e+00
-1.306020855903625488e+00
1.719275474548339844e+00
-1.348694324493408203e+00
-5.888826847076416016e-01
-4.403606951236724854e-01
1.956413626670837402e+00
-1.035217046737670898e+00
3.343726396560668945e-01
-6.338683366775512695e-01
4.433849751949310303e-01
2.743400335311889648e-01
-4.955430626869201660e-01
-3.184334039688110352e-01
-4.613916873931884766e-01
-5.013502836227416992e-01
-4.873566925525665283e-01
4.766851067543029785e-01
1.250851750373840332e-01
-2.455951929092407227e+00
-9.638013243675231934e-01
-1.206225991249084473e+00
2.189471721649169922e+00
-6.184674501419067383e-01
8.446155786514282227e-01
-1.354165434837341309e+00
-5.466875433921813965e-01
6.368697285652160645e-01
7.296161651611328125e-01
1.409507989883422852e+00
6.839526295661926270e-01
1.023488879203796387e+00
1.575582146644592285e+00
7.297232747077941895e-01
1.910019993782043457e+00
3.052513360977172852e+00
9.788100123405456543e-01
5.668780803680419922e-01
-1.501600265502929688e+00
-3.024275600910186768e-01
6.702910065650939941e-01
6.823810935020446777e-01
-6.407868266105651855e-01
2.240564823150634766e+00
-1.124416947364807129e+00
-1.092149972915649414e+00
2.511196732521057129e-01
-1.145748376846313477e+00
-2.319989167153835297e-02
1.528803825378417969e+00
1.266595482826232910e+00
3.889217078685760498e-01
-2.519274711608886719e+00
1.083101153373718262e+00
7.993619441986083984e-01
-2.111969232559204102e+00
3.533256649971008301e-01
7.908895015716552734e-01
-1.201060891151428223e+00
2.868688821792602539e+00
8.977284282445907593e-02
9.593778289854526520e-03
-2.408330678939819336e+00
-9.662967324256896973e-01
-2.908237934112548828e+00
6.323258280754089355e-01
-1.777843236923217773e+00
-4.530618488788604736e-01
-1.238469004631042480e+00
-1.191638946533203125e+00
-1.078574657440185547e+00
1.763378620147705078e+00
-6.995414495468139648e-01
-2.361678361892700195e+00
-1.201578751206398010e-01
-9.806401133537292480e-01
-5.566996335983276367e-01
5.820103883743286133e-01
-2.182616710662841797e+00
-1.471579194068908691e+00
1.584225594997406006e-01
9.380797743797302246e-01
-2.071743607521057129e-01
7.733989953994750977e-01
6.880873441696166992e-01
-2.709646940231323242e+00
1.575940608978271484e+00
1.460819602012634277e+00
1.707250475883483887e-01
-4.212129414081573486e-01
-1.061054944992065430e+00
1.262909531593322754e+00
-1.209524393081665039e+00
1.580370813608169556e-01
-1.302465796470642090e+00
2.542807102203369141e+00
2.071764469146728516e+00
-6.284454464912414551e-01
5.604422092437744141e-01
-5.342761874198913574e-01
2.489072531461715698e-01
3.178775310516357422e-01
2.270682811737060547e+00
1.104874014854431152e+00
9.645219892263412476e-02
-1.408590912818908691e+00
4.680438935756683350e-01
7.723402976989746094e-02
-1.124972581863403320e+00
-1.326221227645874023e+00
-1.472813963890075684e+00
-5.178166031837463379e-01
1.227209806442260742e+00
-1.146219015121459961e+00
1.163314878940582275e-01
