-7.191480398178100586e-01
-2.986074686050415039e+00
1.511871337890625000e+00
9.056276082992553711e-02
7.789825797080993652e-01
-2.130975723266601562e+00
1.005690097808837891e+00
1.134076714515686035e+00
-1.024616360664367676e+00
3.182963132858276367e-01
-1.111830472946166992e+00
1.861493349075317383e+00
6.688916683197021484e-01
-1.064203143119812012e+00
1.684959083795547485e-01
7.361305952072143555e-01
5.275608897209167480e-01
8.468673229217529297e-01
7.862173914909362793e-01
4.767175316810607910e-01
-4.524471163749694824e-01
-1.715253353118896484e+00
4.389555454254150391e-01
1.604978561401367188e+00
-3.856816291809082031e+00
-4.817169606685638428e-01
5.644816160202026367e-01
-1.223559379577636719e+00
-4.714748859405517578e-01
-1.184349954128265381e-01
1.825218945741653442e-01
1.294236063957214355e+00
1.105020195245742798e-01
2.125268697738647461e+00
-4.344631731510162354e-01
1.982423901557922363e+00
-5.949411392211914062e-01
1.246623173356056213e-01
1.111957550048828125e+00
5.156344771385192871e-01
4.372216761112213135e-02
-4.873976111412048340e-01
1.471825480461120605e+00
3.869263827800750732e-01
-1.459617137908935547e+00
-2.131357789039611816e-01
-2.062870740890502930e+00
8.529363870620727539e-01
8.620600700378417969e-01
8.820540308952331543e-01
1.055721759796142578e+00
-2.142903804779052734e+00
5.040159225463867188e-01
-3.857796490192413330e-01
-2.749473154544830322e-01
7.359762787818908691e-01
-3.164339065551757812e-01
1.824485510587692261e-01
-2.311799228191375732e-01
1.118170738220214844e+00
-5.604410767555236816e-01
-3.017229139804840088e-01
-8.591930568218231201e-02
-9.859870076179504395e-01
1.193159222602844238e-01
1.696285963058471680e+00
-4.584931135177612305e-01
3.104780018329620361e-01
3.200943768024444580e-01
-8.092474341392517090e-01
-5.143486261367797852e-01
-6.311629414558410645e-01
1.624885439872741699e+00
3.620952963829040527e-01
-1.815286993980407715e+00
-3.679805994033813477e-01
-4.295332357287406921e-02
7.655435800552368164e-01
4.082800149917602539e-01
-1.881652951240539551e+00
1.092472553253173828e+00
-1.879039406776428223e+00
9.536558985710144043e-01
1.399147033691406250e+00
-1.295960426330566406e+00
5.760043263435363770e-01
-1.274860352277755737e-01
-9.609300643205642700e-02
1.368163585662841797e+00
-6.338908672332763672e-01
-1.075225710868835449e+00
4.545127451419830322e-01
-5.618866682052612305e-01
1.333507895469665527e+00
1.281067170202732086e-02
5.509671568870544434e-02
-1.899383068084716797e-01
2.136633396148681641e+00
1.337227582931518555e+00
9.295094609260559082e-01
1.406036615371704102e+00
5.238370895385742188e-01
1.082648038864135742e+00
-8.170858025550842285e-01
-1.746986865997314453e+00
1.041165828704833984e+00
-2.045298576354980469e+00
-4.024844765663146973e-01
-5.067234039306640625e-01
-1.491548538208007812e+00
-8.050876259803771973e-01
-6.196177005767822266e-01
2.630337774753570557e-01
8.904244899749755859e-01
-5.658425390720367432e-02
-2.066858291625976562e+00
1.890275999903678894e-02
-1.930895924568176270e+00
-5.556833744049072266e-01
1.349406242370605469e+00
1.553283631801605225e-01
3.750950098037719727e-01
8.040310144424438477e-01
-2.651062309741973877e-01
-1.491159200668334961e+00
-1.897510886192321777e+00
-6.675860285758972168e-01
1.820285916328430176e-01
