-1.019230127334594727e+00
4.081894755363464355e-01
-8.263184130191802979e-02
-1.063791394233703613e+00
-9.760296344757080078e-01
2.265343666076660156e+00
5.627877116203308105e-01
8.357625603675842285e-01
-1.385688185691833496e+00
-1.873750090599060059e-01
-9.500091671943664551e-01
-1.658988833427429199e+00
-1.510166406631469727e+00
-1.543524622917175293e+00
1.405753731727600098e+00
-1.642617344856262207e+00
3.242438733577728271e-01
3.732620924711227417e-02
-7.701401114463806152e-01
1.427143812179565430e+00
1.785883754491806030e-01
-1.019429937005043030e-01
1.035041287541389465e-01
7.096166014671325684e-01
-1.171587109565734863e+00
4.032438993453979492e-01
4.252668023109436035e-01
3.104452788829803467e-01
7.112578749656677246e-01
1.285474300384521484e+00
-2.422814667224884033e-01
2.453154087066650391e+00
5.709934234619140625e-01
1.685465276241302490e-01
-3.362859189510345459e-01
2.325443327426910400e-01
3.024817109107971191e-01
1.293551802635192871e+00
1.051282525062561035e+00
-1.056713238358497620e-01
2.102593898773193359e+00
1.313895344734191895e+00
2.527977705001831055e+00
5.123798847198486328e-01
2.697495818138122559e-01
-8.815053701400756836e-01
-6.368057131767272949e-01
-6.771187782287597656e-01
-2.305452153086662292e-02
-1.786072373390197754e+00
-5.582373738288879395e-01
-6.130468845367431641e-01
-1.121101498603820801e+00
1.714804209768772125e-02
-7.474117875099182129e-01
2.892839908599853516e+00
-1.132611036300659180e-01
1.116188526153564453e+00
-4.838740229606628418e-01
1.031309962272644043e+00
-3.834727108478546143e-01
-1.302502632141113281e+00
6.976848840713500977e-01
6.140920519828796387e-01
4.103170931339263916e-01
-3.040228843688964844e+00
1.124378204345703125e+00
-1.089376926422119141e+00
8.152636885643005371e-01
-2.891687750816345215e-01
4.283943474292755127e-01
1.145404696464538574e+00
1.698308110237121582e+00
6.295754313468933105e-01
-3.941099159419536591e-03
-1.540423035621643066e+00
-5.246138572692871094e-01
-2.421404838562011719e+00
-1.511006236076354980e+00
-6.705830693244934082e-01
-7.548964023590087891e-01
-5.412205457687377930e-01
-5.963025987148284912e-02
-3.775344789028167725e-01
1.296969175338745117e+00
-1.760291337966918945e+00
-2.542629241943359375e-01
-5.149447917938232422e-01
-1.658996343612670898e+00
4.592350423336029053e-01
-6.216122955083847046e-02
-1.740973114967346191e+00
-1.061398744583129883e+00
-5.389358997344970703e-01
1.767725348472595215e+00
-5.255672931671142578e-01
-4.344194829463958740e-01
1.254929304122924805e+00
7.471596598625183105e-01
1.276284933090209961e+00
-2.676797628402709961e+00
-4.401647150516510010e-01
5.870429873466491699e-01
3.083941340446472168e-01
-2.251331329345703125e+00
9.378582835197448730e-01
7.163717746734619141e-01
-4.390198290348052979e-01
9.110130071640014648e-01
-1.013021096587181091e-01
-3.283473253250122070e-01
5.902722850441932678e-02
4.803978279232978821e-02
1.217952966690063477e+00
2.728654623031616211e+00
8.661589622497558594e-01
-4.974093735218048096e-01
1.353724002838134766e-01
-1.358649283647537231e-01
2.722401618957519531e+00
4.083454906940460205e-01
-2.257738590240478516e+00
-1.267605781555175781e+00
-1.678219914436340332e+00
-1.019534826278686523e+00
4.811860918998718262e-01
-6.792200803756713867e-01
-7.477206736803054810e-02
