1.255600094795227051e+00
-2.798157215118408203e+00
9.908687472343444824e-01
4.912706315517425537e-01
-1.663864403963088989e-01
-1.586430072784423828e+00
2.213485479354858398e+00
1.807775497436523438e-01
1.270412951707839966e-01
1.159960627555847168e+00
-1.185387730598449707e+00
-7.355831265449523926e-01
7.543860673904418945e-01
-1.036620974540710449e+00
1.280774235725402832e+00
-2.477609217166900635e-01
9.287985563278198242e-01
-4.032465815544128418e-01
-1.398756861686706543e+00
6.764280796051025391e-01
-1.323568105697631836e+00
2.472220212221145630e-01
5.727908611297607422e-01
5.178031921386718750e-01
-1.548314392566680908e-01
-1.889693379402160645e+00
-2.500947415828704834e-01
-1.091804981231689453e+00
-2.560978569090366364e-02
-5.046489834785461426e-01
-6.205613017082214355e-01
1.727945566177368164e+00
-1.986754834651947021e-01
-2.385804662480950356e-03
-5.294092893600463867e-01
1.714997768402099609e+00
-5.291213989257812500e-01
5.785334110260009766e-01
7.612686604261398315e-02
-2.847514748573303223e-01
3.801124095916748047e-01
1.893169999122619629e+00
2.200126409530639648e+00
3.346460759639739990e-01
-4.938330650329589844e-01
1.170266270637512207e+00
-4.648584723472595215e-01
-1.526663303375244141e-01
1.184778213500976562e+00
6.490215063095092773e-01
-3.942794501781463623e-01
-2.327408313751220703e+00
7.734333872795104980e-01
-9.144449830055236816e-01
-1.167858362197875977e+00
-1.534166559576988220e-02
-6.031605005264282227e-01
1.273621082305908203e+00
-1.340802550315856934e+00
1.873996138572692871e+00
-1.349082350730895996e+00
-8.062307238578796387e-01
8.668579459190368652e-01
2.583655118942260742e-01
-4.572166502475738525e-01
3.389835953712463379e-01
9.134415984153747559e-01
-8.694875985383987427e-02
9.995799064636230469e-01
-9.792870283126831055e-01
-8.367381095886230469e-01
2.998368144035339355e-01
1.367507576942443848e+00
5.778697729110717773e-01
-1.609876751899719238e-01
1.008505940437316895e+00
-1.937647581100463867e+00
6.618431955575942993e-02
1.355011463165283203e+00
-1.266187906265258789e+00
6.530624032020568848e-01
-5.799217820167541504e-01
-8.344958424568176270e-01
1.281689763069152832e+00
8.001462817192077637e-01
-4.907207190990447998e-02
-1.921455502510070801e+00
4.250315427780151367e-01
1.309938073158264160e+00
-1.009858846664428711e-01
-4.399631619453430176e-01
-4.163102805614471436e-01
-6.174294352531433105e-01
1.969947576522827148e+00
-6.737342476844787598e-02
-5.377990603446960449e-01
-5.166181921958923340e-01
2.749441623687744141e+00
9.154329895973205566e-01
5.336571931838989258e-01
1.134632349014282227e+00
-3.523494899272918701e-01
1.499255537986755371e+00
-9.094668030738830566e-01
-9.392902255058288574e-01
1.153995633125305176e+00
-8.218839764595031738e-01
-9.762189388275146484e-01
1.006173968315124512e+00
-1.418319582939147949e+00
-1.729827046394348145e+00
8.893548846244812012e-01
-1.078712940216064453e+00
3.078081607818603516e-01
7.736424207687377930e-01
-2.066043138504028320e+00
-3.173771202564239502e-01
-1.264809012413024902e+00
1.155087947845458984e-01
-1.347522854804992676e+00
3.369441926479339600e-01
-6.841444969177246094e-01
-4.724421501159667969e-01
-7.704624533653259277e-01
-1.376233339309692383e+00
-2.066980838775634766e+00
-1.354784131050109863e+00
2.256680727005004883e+00
