8.040145635604858398e-01
-9.425782598555088043e-03
-2.438116222620010376e-01
-5.314744114875793457e-01
-1.754042744636535645e+00
-3.454460799694061279e-01
1.434029221534729004e+00
-4.875268042087554932e-01
-8.485708832740783691e-01
1.295585870742797852e+00
-1.050136685371398926e+00
-2.191637039184570312e+00
-8.258278667926788330e-02
-1.335420250892639160e+00
9.880054593086242676e-01
-1.878222227096557617e+00
-6.152533739805221558e-02
-4.680199921131134033e-01
-3.758068978786468506e-01
1.879701733589172363e+00
6.578232049942016602e-01
9.447681307792663574e-01
1.332018852233886719e+00
6.127699017524719238e-01
-6.247510910034179688e-01
2.538138031959533691e-01
1.342604279518127441e+00
4.584115445613861084e-01
-2.506572902202606201e-01
-3.794495761394500732e-01
-1.362868905067443848e+00
-3.571313381195068359e+00
-6.643716692924499512e-01
1.029307484626770020e+00
-5.882741138339042664e-02
8.533464074134826660e-01
-1.289844870567321777e+00
2.158943414688110352e+00
-2.989177703857421875e-01
2.217040300369262695e+00
9.513853192329406738e-01
6.139658093452453613e-01
2.182098388671875000e+00
3.586360067129135132e-02
3.742242157459259033e-01
7.667098641395568848e-01
-1.012732863426208496e+00
2.413631200790405273e+00
3.204617276787757874e-02
-3.122054338455200195e-01
-1.197476744651794434e+00
-7.369765639305114746e-01
3.785102367401123047e-01
-6.991957128047943115e-02
4.632263481616973877e-01
1.839236378669738770e+00
-8.174289464950561523e-01
1.880848526954650879e+00
-2.142610788345336914e+00
1.421464800834655762e+00
6.233930587768554688e-01
-2.008723974227905273e+00
2.267952859401702881e-01
-1.009581804275512695e+00
1.300925612449645996e+00
-2.050668150186538696e-01
2.856168508529663086e+00
-3.539007529616355896e-02
3.164800703525543213e-01
-1.058651089668273926e+00
2.963642179965972900e-01
2.278975725173950195e+00
1.960888624191284180e+00
1.815988272428512573e-01
-2.576384842395782471e-01
-1.326787710189819336e+00
-1.332421064376831055e+00
-1.215115413069725037e-01
-3.776124119758605957e-02
-2.304812192916870117e+00
-3.708753347396850586e+00
6.515322923660278320e-01
-8.877322077751159668e-01
-1.042399644851684570e+00
1.763329029083251953e+00
-6.058772802352905273e-01
-1.175710320472717285e+00
8.375544548034667969e-01
-5.026793479919433594e-01
-1.822111457586288452e-01
1.870483756065368652e+00
-1.612360715866088867e+00
4.773938357830047607e-01
4.523170888423919678e-01
1.110136270523071289e+00
-1.173783898353576660e+00
1.341743707656860352e+00
8.109983801841735840e-01
8.749371170997619629e-01
2.191502571105957031e+00
-7.983123064041137695e-01
1.272419542074203491e-01
2.506657540798187256e-01
-9.499672651290893555e-01
1.066509246826171875e+00
1.445078372955322266e+00
-7.158448100090026855e-01
9.921340942382812500e-01
9.785586595535278320e-01
-9.685891866683959961e-01
-1.213510558009147644e-01
-1.241194009780883789e+00
-1.332105994224548340e+00
1.017553091049194336e+00
-5.903024673461914062e-01
-5.870310664176940918e-01
2.623269557952880859e-01
-1.500719785690307617e+00
4.761879742145538330e-01
1.399049907922744751e-01
1.060434937477111816e+00
-1.254795908927917480e+00
-1.621035814285278320e+00
-1.954583048820495605e+00
-6.812207102775573730e-01
-2.338030040264129639e-01
6.970008462667465210e-02
-1.122706055641174316e+00
