1.841000318527221680e+00
1.058638095855712891e+00
-3.496953845024108887e-02
4.713072478771209717e-01
1.848431348800659180e+00
-5.925575494766235352e-01
-5.160388946533203125e-01
-9.850253462791442871e-01
-1.402749776840209961e+00
-1.399585962295532227e+00
5.798949599266052246e-01
2.214314043521881104e-01
1.009901523590087891e+00
1.156769245862960815e-01
6.532874703407287598e-01
5.982557535171508789e-01
-9.206391870975494385e-02
1.219606280326843262e+00
-3.668387830257415771e-01
1.177299857139587402e+00
-1.586528182029724121e+00
-3.640827834606170654e-01
3.249970078468322754e-01
-8.290705084800720215e-01
3.964690864086151123e-01
-9.433605670928955078e-01
-2.264258116483688354e-01
-7.392962574958801270e-01
8.138235211372375488e-01
1.887172222137451172e+00
5.136091113090515137e-01
-3.666304051876068115e-02
-3.751852735877037048e-02
1.232157588005065918e+00
-3.557914197444915771e-01
7.405034899711608887e-01
-3.808943629264831543e-01
-6.641184538602828979e-02
-5.521577596664428711e-01
-1.126927658915519714e-01
1.564987421035766602e+00
1.853560924530029297e+00
1.685495734214782715e+00
-3.070361018180847168e-01
-1.212012648582458496e+00
-1.597001105546951294e-01
3.098928630352020264e-01
4.448225200176239014e-01
-6.987364590167999268e-02
1.017617940902709961e+00
-2.138568162918090820e+00
-2.769354820251464844e+00
1.114508271217346191e+00
3.956654369831085205e-01
5.573787093162536621e-01
-9.449361562728881836e-01
3.256892561912536621e-01
2.305851936340332031e+00
-3.342134654521942139e-01
1.495734453201293945e+00
-1.542837381362915039e+00
9.303250908851623535e-01
-5.845149606466293335e-02
-1.125561520457267761e-01
-1.870587468147277832e+00
-9.844232797622680664e-01
-1.479937911033630371e+00
3.470501422882080078e+00
-2.534177899360656738e-01
-9.346303939819335938e-01
2.441784620285034180e+00
6.267092227935791016e-01
-1.490067392587661743e-01
2.203918933868408203e+00
6.872646510601043701e-02
8.174008131027221680e-02
5.286239981651306152e-01
-8.594133853912353516e-01
-2.804491817951202393e-01
2.470699101686477661e-01
2.252393484115600586e+00
-1.006942510604858398e+00
-1.009787678718566895e+00
3.430653214454650879e-01
-2.322490066289901733e-01
-4.944872260093688965e-01
-4.760990142822265625e-01
-6.616417169570922852e-01
-9.963714480400085449e-01
4.429323673248291016e-01
1.143649101257324219e+00
-2.232737541198730469e-01
-1.557925701141357422e+00
4.640130400657653809e-01
-1.070747256278991699e+00
2.927491962909698486e-01
5.086092352867126465e-01
-1.339483022689819336e+00
-1.086701035499572754e+00
-5.741143226623535156e-01
6.565357446670532227e-01
4.462702572345733643e-01
-3.096175491809844971e-01
-4.096456170082092285e-01
-1.891233682632446289e+00
-2.230852246284484863e-01
2.086714744567871094e+00
-1.308866143226623535e+00
3.828750848770141602e-01
-4.975371956825256348e-01
1.005312129855155945e-01
-4.809752404689788818e-01
-3.282456398010253906e-01
3.888075947761535645e-01
-1.166790485382080078e+00
-4.757297635078430176e-01
2.949158191680908203e+00
-2.685662031173706055e+00
3.538638949394226074e-01
-2.018075942993164062e+00
-3.216921389102935791e-01
-1.145461082458496094e+00
1.283615469932556152e+00
-5.922858715057373047e-01
-1.080921530723571777e+00
-8.070371150970458984e-01
-2.247719764709472656e+00
-8.543643355369567871e-01
