3.395929634571075439e-01
-6.660255789756774902e-01
-1.065367698669433594e+00
-1.294761300086975098e+00
-2.784366309642791748e-01
-7.644987702369689941e-01
3.086586296558380127e-01
4.089140594005584717e-01
-1.058264613151550293e+00
-5.238613486289978027e-01
-4.601036012172698975e-01
-1.051291450858116150e-01
5.300722122192382812e-01
7.994173765182495117e-01
7.639223337173461914e-01
-1.377015352249145508e+00
1.503073811531066895e+00
-6.802166700363159180e-01
-2.691538631916046143e-01
1.153103113174438477e+00
9.990631937980651855e-01
-2.029453992843627930e+00
-2.439161539077758789e-01
3.135010004043579102e+00
-4.742904007434844971e-01
-1.852806061506271362e-01
1.333834052085876465e+00
-1.006762862205505371e+00
-7.713484168052673340e-01
-2.359963208436965942e-01
1.457438468933105469e+00
4.106048494577407837e-02
6.956901401281356812e-02
-1.549818158149719238e+00
-5.400376319885253906e-01
-1.065264940261840820e+00
1.091246962547302246e+00
-3.163818120956420898e-01
-1.576807737350463867e+00
7.201055884361267090e-01
1.134308099746704102e+00
1.913515210151672363e+00
2.011797904968261719e+00
-8.052294254302978516e-01
4.250940680503845215e-01
-1.622999310493469238e-01
6.016039848327636719e-01
1.181503415107727051e+00
2.194101810455322266e+00
-1.078209042549133301e+00
4.268155694007873535e-01
-2.664632081985473633e+00
-5.727597475051879883e-01
6.409796476364135742e-01
-1.105668425559997559e+00
-2.635619938373565674e-01
7.019711285829544067e-02
1.816833972930908203e+00
5.066003203392028809e-01
-3.458279669284820557e-01
-6.169076561927795410e-01
-1.087579965591430664e+00
2.482746094465255737e-01
-2.054286450147628784e-01
-1.114553734660148621e-01
2.964772284030914307e-01
3.805029988288879395e-01
-3.283137381076812744e-01
1.155193299055099487e-01
9.431291818618774414e-01
3.486644923686981201e-01
-6.401675343513488770e-01
-1.197613239288330078e+00
-4.036892354488372803e-01
-1.504790186882019043e+00
-2.110840797424316406e+00
-9.559794068336486816e-01
6.127006411552429199e-01
-8.516943454742431641e-01
-1.684897065162658691e+00
2.262871980667114258e+00
1.286691427230834961e+00
8.735117316246032715e-01
-4.071376621723175049e-01
1.821533083915710449e+00
-1.087575078010559082e+00
1.679982900619506836e+00
1.252316236495971680e+00
-2.157654523849487305e+00
-1.356159150600433350e-01
7.672346830368041992e-01
-5.708514451980590820e-01
1.471946388483047485e-01
-2.699633836746215820e+00
-2.558535337448120117e-01
-8.794790506362915039e-01
4.770001888275146484e+00
4.282647669315338135e-01
1.523033976554870605e+00
-1.587243564426898956e-02
-1.578214406967163086e+00
1.639135837554931641e+00
-8.915803432464599609e-01
1.192465424537658691e+00
1.046861171722412109e+00
-1.181129693984985352e+00
-2.958418607711791992e+00
-6.179719567298889160e-01
2.293838739395141602e+00
-2.261010169982910156e+00
8.289648294448852539e-01
-6.528900861740112305e-01
-1.154449105262756348e+00
-7.101106047630310059e-01
-8.615384250879287720e-02
9.075306653976440430e-01
5.054606199264526367e-01
4.362994432449340820e-01
1.815468668937683105e-01
3.677216172218322754e-01
-6.767689585685729980e-01
-6.338553428649902344e-01
-1.254391074180603027e+00
5.548210144042968750e-01
-1.285197678953409195e-03
1.182761311531066895e+00
-5.033291578292846680e-01
-1.144245743751525879e+00
