2.124812602996826172e+00
-8.816819787025451660e-01
5.654524564743041992e-01
1.565662473440170288e-01
2.504642724990844727e+00
-5.108742117881774902e-01
8.278127312660217285e-01
-1.262694954872131348e+00
-1.664794325828552246e+00
-3.853393793106079102e-01
-2.470466308295726776e-02
8.922745585441589355e-01
-4.645670950412750244e-01
-1.543707966804504395e+00
1.605990648269653320e+00
-1.619337439537048340e+00
-7.041125893592834473e-01
1.101114869117736816e+00
-3.229233324527740479e-01
-4.244419336318969727e-01
-2.803533315658569336e+00
-9.752714633941650391e-01
2.201619446277618408e-01
1.696869969367980957e+00
-6.000837087631225586e-01
8.518894761800765991e-02
-7.447874546051025391e-01
-2.546099424362182617e+00
-1.540785729885101318e-01
7.395700812339782715e-01
2.094203606247901917e-02
6.266996860504150391e-01
-4.775387048721313477e-01
7.595465183258056641e-01
-4.882707893848419189e-01
2.842356264591217041e-01
-1.239659413695335388e-01
-1.464886426925659180e+00
-3.872092664241790771e-01
5.659626796841621399e-02
5.654591321945190430e-01
1.400459278374910355e-02
2.048603296279907227e+00
4.457044303417205811e-01
-2.752308547496795654e-01
-1.274940013885498047e+00
-6.789377927780151367e-01
-1.376645684242248535e+00
-6.585952043533325195e-01
-5.608583092689514160e-01
2.841525077819824219e-01
-2.616995275020599365e-01
-9.986251592636108398e-02
2.370817065238952637e-01
2.407974749803543091e-01
2.585337877273559570e+00
-2.770888090133666992e+00
-1.853084444999694824e+00
5.674438476562500000e-01
1.355478644371032715e+00
-2.125015974044799805e+00
1.222959280014038086e+00
-4.823755621910095215e-01
-5.233842879533767700e-02
-1.108521938323974609e+00
-2.705765962600708008e-01
-6.207425892353057861e-02
1.348551034927368164e+00
-2.432494051754474640e-02
-1.318860173225402832e+00
3.862748146057128906e-01
7.619358897209167480e-01
-4.024873673915863037e-01
1.363749623298645020e+00
-3.744195103645324707e-01
4.247117340564727783e-01
-5.208144783973693848e-01
1.160002708435058594e+00
2.324084192514419556e-01
-7.028762996196746826e-02
6.991460919380187988e-01
4.932880699634552002e-01
2.164682745933532715e-01
5.048760175704956055e-01
5.317116379737854004e-01
1.135110735893249512e+00
-2.582934856414794922e+00
-5.119072794914245605e-01
2.060407161712646484e+00
2.396976351737976074e-01
-1.498565316200256348e+00
-7.608434557914733887e-01
1.027948260307312012e+00
1.252070903778076172e+00
-1.296490430831909180e+00
-2.150825709104537964e-01
1.977257370948791504e+00
-3.725214898586273193e-01
-1.261319398880004883e+00
-7.483632564544677734e-01
9.776142835617065430e-01
9.426569938659667969e-02
6.568627953529357910e-01
-6.393378973007202148e-01
-1.405487537384033203e+00
-3.311876058578491211e-01
2.394405156373977661e-01
-1.247378587722778320e+00
1.784930825233459473e+00
-2.819416522979736328e+00
-1.446262478828430176e+00
-1.508446186780929565e-01
5.414469242095947266e-01
1.445302367210388184e+00
-1.151152729988098145e+00
-1.623514175415039062e+00
2.458601713180541992e+00
-1.418970704078674316e+00
1.258304715156555176e-01
1.171866416931152344e+00
1.251189351081848145e+00
7.129685282707214355e-01
7.655069828033447266e-01
1.519927978515625000e+00
-8.481053709983825684e-01
-6.937649846076965332e-01
-4.668565094470977783e-01
1.782864451408386230e+00
