7.625054717063903809e-01
1.186804533004760742e+00
-3.534638881683349609e-01
2.100552320480346680e-01
-6.233156323432922363e-01
-1.217965483665466309e+00
-8.656600117683410645e-01
-1.381808519363403320e+00
-6.683766841888427734e-01
-1.586820244789123535e+00
2.532813072204589844e+00
-1.714884996414184570e+00
2.481094837188720703e+00
1.309531450271606445e+00
-2.090513333678245544e-02
-7.471772432327270508e-01
-3.052491247653961182e-01
6.199975609779357910e-01
-2.386616468429565430e+00
2.264460802078247070e+00
-6.645640730857849121e-01
-6.241680979728698730e-01
-8.630709648132324219e-01
-1.601645648479461670e-01
-8.776912689208984375e-01
-1.155534267425537109e+00
1.786463618278503418e+00
3.866252601146697998e-01
6.174389123916625977e-01
8.029562979936599731e-02
-1.044424533843994141e+00
4.203960001468658447e-01
-4.635949730873107910e-01
2.934648096561431885e-01
-5.061323046684265137e-01
1.387977480888366699e+00
9.731325507164001465e-01
1.888352632522583008e+00
1.038771942257881165e-01
-6.750072240829467773e-01
8.804380297660827637e-01
1.319708228111267090e+00
1.743008017539978027e+00
1.425430178642272949e+00
-1.009595632553100586e+00
2.553416728973388672e+00
1.323618054389953613e+00
2.807159900665283203e+00
-6.558536291122436523e-01
1.434366703033447266e+00
-4.197557866573333740e-01
-1.533341884613037109e+00
5.554751157760620117e-01
1.021521925926208496e+00
-2.402881383895874023e-01
-1.990054965019226074e+00
-7.817869782447814941e-01
9.887506961822509766e-01
-3.800823912024497986e-02
1.094148516654968262e+00
-5.767462849617004395e-01
8.070154786109924316e-01
4.709807410836219788e-02
1.412571310997009277e+00
-2.048425003886222839e-02
-6.652936935424804688e-01
9.262177944183349609e-01
7.209920883178710938e-01
8.347190916538238525e-02
-3.299210369586944580e-01
3.737084865570068359e-01
-2.113836526870727539e+00
1.872940063476562500e+00
9.234555959701538086e-01
8.970543742179870605e-01
-9.896930307149887085e-02
-2.397891283035278320e+00
-1.847785234451293945e+00
-4.597024619579315186e-02
-1.100060224533081055e+00
-4.103707373142242432e-01
3.679880797863006592e-01
2.170794606208801270e-01
1.155494451522827148e+00
-4.800264537334442139e-01
1.442598402500152588e-01
-1.895530104637145996e+00
-1.473289251327514648e+00
-4.075393676757812500e-01
2.922191023826599121e-01
-3.460469841957092285e-01
-1.878644108772277832e+00
-2.314339876174926758e+00
-1.026733636856079102e+00
-8.044398576021194458e-02
1.038033980876207352e-02
1.709469199180603027e+00
-1.612454503774642944e-01
-2.013212680816650391e+00
2.095346212387084961e+00
2.513031661510467529e-01
-2.574977874755859375e-01
7.228759676218032837e-02
-1.076565861701965332e+00
2.108819186687469482e-01
-3.945915400981903076e-01
1.402577608823776245e-01
2.383036464452743530e-01
1.233532503247261047e-01
9.663906693458557129e-01
1.150349855422973633e+00
5.466226339340209961e-01
-4.048690199851989746e-01
-1.019155383110046387e+00
-1.084946870803833008e+00
1.887447386980056763e-01
1.151071310043334961e+00
-1.248727798461914062e+00
2.834532499313354492e+00
-1.787738919258117676e+00
-7.406498789787292480e-01
-7.040867805480957031e-01
-9.244323968887329102e-01
-1.851612687110900879e+00
-8.893308639526367188e-01
-2.248143196105957031e+00
-1.014613389968872070e+00
2.022148370742797852e+00
