-4.475337266921997070e-01
-1.037837862968444824e-01
1.266047596931457520e+00
5.053489208221435547e-01
8.421627879142761230e-01
6.375110149383544922e-01
1.995367050170898438e+00
3.584368154406547546e-02
-1.174606561660766602e+00
-1.875813007354736328e+00
1.492662668228149414e+00
1.335566163063049316e+00
6.226806640625000000e-01
-5.141669511795043945e-01
1.974964290857315063e-01
-2.337203472852706909e-01
-1.077113032341003418e+00
3.018845319747924805e-01
-2.290137052536010742e+00
-1.297375917434692383e+00
-6.631903052330017090e-01
-1.191574573516845703e+00
1.981534600257873535e+00
1.263635993003845215e+00
-1.156477093696594238e+00
9.943151473999023438e-01
1.111555099487304688e+00
-1.413535118103027344e+00
-9.326413869857788086e-01
-1.301929354667663574e-01
-2.108519792556762695e+00
1.753220915794372559e+00
1.182847395539283752e-01
1.379183083772659302e-01
-1.004132747650146484e+00
9.175746440887451172e-01
2.385150909423828125e+00
-5.938504934310913086e-01
-1.242962479591369629e+00
-5.213921666145324707e-01
6.127431988716125488e-01
-1.545853614807128906e+00
1.693102836608886719e+00
1.392764210700988770e+00
-2.367429882287979126e-01
6.252716481685638428e-02
-1.130010724067687988e+00
-1.017131090164184570e+00
3.341244459152221680e-01
1.383768469095230103e-01
3.924093842506408691e-01
-3.008273363113403320e+00
4.358227550983428955e-01
3.265824913978576660e-01
-6.805199384689331055e-01
-1.990831732749938965e+00
-1.471445083618164062e+00
1.886674046516418457e+00
1.361501574516296387e+00
6.544079780578613281e-01
-1.225686907768249512e+00
1.874440014362335205e-01
2.116429090499877930e+00
1.579996496438980103e-01
1.066180467605590820e+00
-1.987858176231384277e+00
-4.234041869640350342e-01
1.663141101598739624e-01
-9.286554157733917236e-02
-1.129816055297851562e+00
6.106514930725097656e-01
-7.763572335243225098e-01
1.345151901245117188e+00
3.175711631774902344e-01
-8.111084103584289551e-01
-2.332328081130981445e+00
-1.146401643753051758e+00
4.881179928779602051e-01
1.392267346382141113e+00
-9.876058101654052734e-01
2.343768179416656494e-01
6.118343472480773926e-01
-3.908422887325286865e-01
4.103594422340393066e-01
1.283919811248779297e+00
-1.104167252779006958e-01
-9.892482757568359375e-01
7.444324493408203125e-01
1.633419096469879150e-01
1.279206156730651855e+00
1.947548031806945801e+00
-1.284105896949768066e+00
1.375367283821105957e+00
-4.748077094554901123e-01
1.665984869003295898e+00
6.371719241142272949e-01
-3.684123754501342773e-01
1.993077754974365234e+00
-8.911350369453430176e-01
1.184469103813171387e+00
-2.212811470031738281e+00
8.086484670639038086e-01
-1.194547533988952637e+00
-8.322203159332275391e-02
3.237114846706390381e-01
6.585741043090820312e-01
7.370947003364562988e-01
5.559437870979309082e-01
5.597603917121887207e-01
-4.075812995433807373e-01
-3.375931262969970703e+00
-8.902281522750854492e-01
3.400734663009643555e-01
-4.732477962970733643e-01
1.379521608352661133e+00
8.081899881362915039e-01
1.335544139146804810e-01
-6.900281906127929688e-01
-5.917016863822937012e-01
-1.849708199501037598e+00
1.230242133140563965e+00
3.011686913669109344e-02
1.778703808784484863e+00
-1.059330105781555176e+00
-5.432131886482238770e-01
-2.287730693817138672e+00
-3.876389861106872559e-01
-7.760111689567565918e-01
