1.778210401535034180e-01
9.223007559776306152e-01
3.851716965436935425e-02
5.659191682934761047e-02
2.261555194854736328e-01
-1.132312297821044922e+00
4.471426606178283691e-01
8.953228592872619629e-01
5.268990397453308105e-01
-1.456475257873535156e+00
-1.031635999679565430e+00
2.434391528367996216e-01
-1.374797463417053223e+00
1.287033855915069580e-01
2.394696474075317383e+00
1.679887294769287109e+00
-7.715267539024353027e-01
1.090865373611450195e+00
2.536531448364257812e+00
1.499497294425964355e+00
8.604280352592468262e-01
-2.217375040054321289e-01
1.111005067825317383e+00
2.285227738320827484e-02
-2.042629241943359375e+00
2.028179645538330078e+00
-8.231849409639835358e-03
5.984694957733154297e-01
-1.861778050661087036e-01
-1.157680600881576538e-01
7.436597347259521484e-01
-8.341168761253356934e-01
-2.178664922714233398e+00
-5.362544059753417969e-01
-2.884646654129028320e-01
2.746956050395965576e-01
7.652789354324340820e-01
-8.093481659889221191e-01
-5.293297767639160156e-02
-1.886161565780639648e+00
2.207901954650878906e+00
7.323150634765625000e-01
1.411428451538085938e+00
2.714741468429565430e+00
-4.108591079711914062e-01
1.585176348686218262e+00
4.860881268978118896e-01
3.831955790519714355e-01
-5.907470583915710449e-01
1.659284710884094238e+00
6.469684839248657227e-01
-1.724384903907775879e+00
-1.176624298095703125e+00
-1.017352700233459473e+00
8.523198962211608887e-01
-4.385951757431030273e-01
2.895288228988647461e+00
8.998810648918151855e-01
-2.760069072246551514e-01
-6.779213547706604004e-01
8.134057372808456421e-02
-1.718279421329498291e-01
-2.128719568252563477e+00
-1.535202503204345703e+00
2.104230403900146484e+00
-2.656369209289550781e+00
-1.514519810676574707e+00
2.673579454421997070e+00
4.782385826110839844e-01
1.279398560523986816e+00
-9.648841023445129395e-01
-7.932932972908020020e-01
5.343040227890014648e-01
1.378421425819396973e+00
1.431967169046401978e-01
-4.355075657367706299e-01
-1.536339044570922852e+00
1.031371802091598511e-01
7.099539637565612793e-01
-2.175280570983886719e+00
3.714049160480499268e-01
-5.475895404815673828e-01
2.682517528533935547e+00
-8.897468447685241699e-01
9.494307041168212891e-01
-1.231295585632324219e+00
4.717553257942199707e-01
-2.879297018051147461e+00
-8.378747701644897461e-01
-4.140147864818572998e-01
-2.005190134048461914e+00
1.182739973068237305e+00
-9.387882351875305176e-01
2.081725597381591797e+00
-4.474373757839202881e-01
-3.720858097076416016e-01
2.241351902484893799e-01
-4.131239652633666992e-01
4.383097290992736816e-01
1.602534055709838867e+00
-3.646008670330047607e-01
8.592111468315124512e-01
1.280144751071929932e-01
1.198835134506225586e+00
-1.280816435813903809e+00
2.672906517982482910e-01
2.463645339012145996e-01
-3.005381822586059570e+00
-2.320229530334472656e+00
-2.089920997619628906e+00
-7.614323496818542480e-01
1.021400928497314453e+00
1.672648429870605469e+00
-1.093507051467895508e+00
3.580980300903320312e-01
-1.381186008453369141e+00
-6.146585345268249512e-01
-1.437256932258605957e+00
1.330636620521545410e+00
-5.642883777618408203e-01
5.832484960556030273e-01
-2.632254660129547119e-01
-2.774166822433471680e+00
-1.556836843490600586e+00
5.102383494377136230e-01
-1.189655780792236328e+00
1.145820736885070801e+00
-2.510646343231201172e+00
