-4.809542372822761536e-02
-1.861477196216583252e-01
-1.136417150497436523e+00
8.334671258926391602e-01
5.684747695922851562e-01
8.373956084251403809e-01
5.993458628654479980e-01
1.590267062187194824e+00
-8.011310100555419922e-01
7.659820318222045898e-01
3.651227653026580811e-01
7.999552488327026367e-01
1.059183835983276367e+00
-1.510597348213195801e+00
1.178723014891147614e-02
-4.595829173922538757e-02
7.330882549285888672e-01
-7.565192878246307373e-02
-1.813786387443542480e+00
1.518043726682662964e-01
-5.833112597465515137e-01
-1.067647099494934082e+00
1.036317706108093262e+00
2.467708438634872437e-01
8.272113800048828125e-01
1.295499324798583984e+00
1.705641150474548340e+00
-1.287449121475219727e+00
4.911041855812072754e-01
-5.608031153678894043e-01
2.166050672531127930e+00
1.828379273414611816e+00
-6.596412062644958496e-01
-3.621267080307006836e-01
4.734723269939422607e-01
1.284104943275451660e+00
1.657255768775939941e+00
3.445395827293395996e-02
-8.650207519531250000e-02
1.321434617042541504e+00
1.453103899955749512e+00
-2.070112943649291992e+00
7.551904916763305664e-01
1.340372800827026367e+00
7.695613503456115723e-01
-5.159053802490234375e-01
-9.786511659622192383e-01
-1.677270531654357910e+00
1.816201090812683105e+00
2.110658884048461914e+00
6.537553071975708008e-01
-1.708618640899658203e+00
-1.555227875709533691e+00
8.986592292785644531e-02
-4.129323661327362061e-01
2.786016464233398438e-01
1.275959491729736328e+00
-9.035168290138244629e-01
-6.755869984626770020e-01
8.534945249557495117e-01
-1.506725072860717773e+00
1.456649303436279297e-01
-1.039238691329956055e+00
-3.572232723236083984e-01
-1.909331560134887695e+00
-4.336909949779510498e-01
-1.067662388086318970e-01
2.534885168075561523e+00
-2.344079732894897461e+00
1.243730425834655762e+00
-2.200510948896408081e-01
4.701799899339675903e-02
-1.899316310882568359e+00
1.224435687065124512e+00
-4.735523462295532227e-01
-8.897221088409423828e-01
-3.039576113224029541e-01
-3.621008396148681641e-01
3.212167918682098389e-01
-3.152672946453094482e-01
-1.340754479169845581e-01
1.255105018615722656e+00
-7.492807507514953613e-01
-1.046397447586059570e+00
1.731652259826660156e+00
-1.862534761428833008e+00
-1.585331797599792480e+00
-1.712677001953125000e+00
-1.377294421195983887e+00
2.186664581298828125e+00
1.615025877952575684e+00
-8.780847191810607910e-01
1.395095586776733398e-01
9.202162176370620728e-02
-1.019843369722366333e-01
2.119497954845428467e-01
9.899511188268661499e-02
-3.844352066516876221e-01
-4.468483030796051025e-01
-1.500726103782653809e+00
4.585342407226562500e-01
1.692176014184951782e-01
-9.328894615173339844e-01
2.861987590789794922e+00
6.101686954498291016e-01
-7.316498160362243652e-01
-1.615757465362548828e+00
-1.694648504257202148e+00
1.760954260826110840e+00
-2.378153800964355469e+00
2.009555339813232422e+00
-7.400557398796081543e-01
1.596643209457397461e+00
1.158034443855285645e+00
-2.360356330871582031e+00
-1.456198215484619141e+00
-7.423478364944458008e-01
-4.044594764709472656e-01
-9.042115807533264160e-01
8.535522036254405975e-03
-1.082558333873748779e-01
-3.047884464263916016e+00
1.509290575981140137e+00
-1.980415582656860352e+00
-6.701527237892150879e-01
1.521779894828796387e+00
4.188280701637268066e-01
8.060002326965332031e-01
