8.240874856710433960e-02
9.291242361068725586e-01
1.226578578352928162e-01
3.648777306079864502e-02
1.891670823097229004e+00
-7.602632641792297363e-01
-1.240758776664733887e+00
-9.226440191268920898e-01
-2.965444326400756836e-01
-6.092659235000610352e-01
-1.668692082166671753e-01
1.664594560861587524e-01
-1.604421287775039673e-01
-2.282292842864990234e+00
1.113050580024719238e+00
-2.007237672805786133e-01
-1.118594855070114136e-01
-5.570349842309951782e-02
-3.924860060214996338e-01
3.341484069824218750e-02
2.110910415649414062e-01
-5.269508063793182373e-02
4.947671294212341309e-01
1.811097025871276855e+00
-3.726555705070495605e-01
-1.731896162033081055e+00
-1.212595462799072266e+00
-3.950950205326080322e-01
-1.931934505701065063e-01
1.836414694786071777e+00
-1.706418156623840332e+00
1.388023495674133301e+00
-1.320653200149536133e+00
9.144853949546813965e-01
7.006463408470153809e-01
-3.127643764019012451e-01
6.161443591117858887e-01
-2.702570855617523193e-01
-1.881223917007446289e+00
-2.165012359619140625e+00
1.726782798767089844e+00
-4.147152900695800781e-01
2.926116704940795898e+00
1.074704408645629883e+00
-6.591012477874755859e-01
-2.501163244247436523e+00
3.600231111049652100e-01
2.679908990859985352e+00
-9.874262213706970215e-01
1.217266917228698730e+00
2.443276882171630859e+00
-1.297507643699645996e+00
1.558033823966979980e+00
-2.568485438823699951e-01
7.458167076110839844e-01
-1.297421380877494812e-02
8.957782387733459473e-01
4.826365709304809570e-01
-7.354688644409179688e-02
1.996829628944396973e+00
-6.188119649887084961e-01
9.678679704666137695e-02
6.633275151252746582e-01
9.871756434440612793e-01
4.575454294681549072e-01
7.036376595497131348e-01
8.853966593742370605e-01
1.913322508335113525e-01
2.848950028419494629e-01
-2.181419283151626587e-01
3.508028388023376465e-01
2.848766088485717773e+00
3.045591115951538086e-01
-1.202657341957092285e+00
-1.511572122573852539e+00
-5.154236555099487305e-01
8.868119120597839355e-01
-5.121144056320190430e-01
-6.917775869369506836e-01
-2.675211668014526367e+00
-4.719836711883544922e-01
-2.354102849960327148e+00
3.407929241657257080e-01
-5.169729590415954590e-01
1.759427666664123535e+00
4.911787435412406921e-02
-5.638292431831359863e-02
1.698957443237304688e+00
-1.603191256523132324e+00
-2.850922644138336182e-01
5.240563154220581055e-01
-9.261150956153869629e-01
2.320755086839199066e-02
1.216690182685852051e+00
4.422414898872375488e-01
-1.329148769378662109e+00
3.516419887542724609e+00
-8.065781593322753906e-01
-1.673430018126964569e-02
-4.033454656600952148e-01
4.359479248523712158e-01
2.316229820251464844e+00
-8.104773163795471191e-01
-7.986123561859130859e-01
-2.792758345603942871e-01
2.029082328081130981e-01
-5.336392521858215332e-01
4.283608198165893555e-01
-1.427312493324279785e+00
-1.473204344511032104e-01
-2.780897915363311768e-01
-1.385499000549316406e+00
-1.117412745952606201e-01
-3.445089101791381836e+00
6.711757183074951172e-01
-1.299304366111755371e+00
-8.363597393035888672e-01
-7.547522187232971191e-01
5.852624773979187012e-02
6.076267734169960022e-02
-1.378019452095031738e+00
2.284971624612808228e-01
-4.598482549190521240e-01
-1.270027279853820801e+00
2.179824858903884888e-01
-7.498478889465332031e-02
-8.235391974449157715e-01
-2.665903270244598389e-01
