1.355556607246398926e+00
1.415730476379394531e+00
4.590937793254852295e-01
-1.716134697198867798e-01
4.670592844486236572e-01
-2.419185638427734375e+00
2.615985870361328125e-01
-7.509882450103759766e-01
-1.634765416383743286e-01
-5.129094719886779785e-01
1.624202847480773926e+00
4.161033928394317627e-01
1.238399624824523926e+00
-1.351298570632934570e+00
7.540051341056823730e-01
-3.821123838424682617e-01
-6.228344440460205078e-01
1.769960761070251465e+00
-1.712086558341979980e+00
-8.565887808799743652e-01
4.653863310813903809e-01
-1.182665824890136719e+00
5.916271805763244629e-01
1.239190474152565002e-01
-1.127104401588439941e+00
-1.439386963844299316e+00
1.546941883862018585e-02
3.525420129299163818e-01
1.543478727340698242e+00
1.076912730932235718e-01
5.888479575514793396e-02
-1.773244619369506836e+00
-5.599467158317565918e-01
3.923759460449218750e-01
1.062661781907081604e-01
2.871520351618528366e-03
2.758623957633972168e-01
-2.274637222290039062e+00
-3.680692240595817566e-02
2.628555297851562500e-01
-3.918264806270599365e-01
1.650561332702636719e+00
9.008076190948486328e-01
1.161107420921325684e+00
-2.193187952041625977e+00
3.434758424758911133e+00
-8.826696276664733887e-01
1.228579401969909668e+00
3.013013005256652832e-01
1.353141903877258301e+00
7.839314341545104980e-01
1.054815769195556641e+00
1.798947334289550781e+00
1.486057639122009277e+00
6.430888175964355469e-01
1.966309070587158203e+00
8.974987864494323730e-01
1.041512489318847656e+00
-1.886898756027221680e+00
4.917316138744354248e-02
1.746744364500045776e-01
1.131641387939453125e+00
-2.374135732650756836e+00
2.018491268157958984e+00
-8.901200294494628906e-01
-1.387001395225524902e+00
-4.148057997226715088e-01
1.663497090339660645e+00
1.264421582221984863e+00
1.940489888191223145e+00
-8.067554831504821777e-01
-9.127396345138549805e-01
1.051111817359924316e+00
-1.818446666002273560e-01
7.819679975509643555e-01
-2.003674030303955078e+00
-3.604096174240112305e-01
-2.242412328720092773e+00
-3.426571786403656006e-01
-1.651493549346923828e+00
1.683283448219299316e+00
-1.385534286499023438e+00
1.636225342750549316e+00
5.721805989742279053e-02
-1.703510875813663006e-03
3.343337774276733398e-01
-1.584980130195617676e+00
-2.806868255138397217e-01
2.523930184543132782e-02
1.287249922752380371e+00
-1.393321156501770020e+00
-3.103310108184814453e+00
-1.189884543418884277e+00
-3.972354531288146973e-01
-3.412429690361022949e-01
-9.754960536956787109e-01
-1.807847619056701660e-01
-9.237737208604812622e-02
-2.981823086738586426e-01
4.722028374671936035e-01
4.359322190284729004e-01
-1.364633202552795410e+00
-4.193345308303833008e-01
-8.402672410011291504e-01
1.446237087249755859e+00
1.590121686458587646e-01
9.362427592277526855e-01
-1.032392501831054688e+00
3.267614841461181641e-01
1.238123513758182526e-02
-1.837715506553649902e+00
1.267111659049987793e+00
6.176587939262390137e-01
-9.332227706909179688e-01
7.440412044525146484e-01
1.169491529464721680e+00
3.253825187683105469e+00
9.137765765190124512e-01
-1.385221600532531738e+00
-2.019208431243896484e+00
-8.525718003511428833e-03
8.977460861206054688e-01
2.743221521377563477e-01
-1.879732012748718262e-01
-1.008088707923889160e+00
-1.092578053474426270e+00
-2.800610303878784180e+00
-4.533818066120147705e-01
