7.882456779479980469e-01
-4.677936434745788574e-01
5.196346044540405273e-01
-2.470749616622924805e+00
-2.029586315155029297e+00
-1.244898080825805664e+00
2.338962554931640625e+00
1.636996865272521973e+00
-2.637118101119995117e+00
7.835711836814880371e-01
9.871893525123596191e-01
1.197111487388610840e+00
2.255035161972045898e+00
-4.645094648003578186e-02
1.108662724494934082e+00
-1.066007494926452637e+00
7.298356890678405762e-01
7.590619325637817383e-01
-2.043049573898315430e+00
4.571813344955444336e-01
7.328090667724609375e-01
8.471435308456420898e-01
4.977510869503021240e-01
2.674542427062988281e+00
-2.074711799621582031e+00
2.253314852714538574e-01
-4.896086454391479492e-01
-1.075314760208129883e+00
1.323784232139587402e+00
5.753740668296813965e-01
-2.537273645401000977e+00
-2.294668197631835938e+00
5.227353423833847046e-03
-6.547260284423828125e-01
9.315702915191650391e-01
1.125302791595458984e+00
-1.601948261260986328e+00
6.435227394104003906e-01
8.653957843780517578e-01
-9.176341295242309570e-01
-2.052055746316909790e-01
-2.381853908300399780e-01
1.440243840217590332e+00
6.015563756227493286e-02
1.793903708457946777e-01
1.642963290214538574e+00
-3.300570547580718994e-01
1.012188673019409180e+00
1.105452626943588257e-01
1.403750181198120117e+00
1.135054826736450195e+00
-4.105657041072845459e-01
1.026050090789794922e+00
4.057667851448059082e-01
-4.898055791854858398e-01
1.443862915039062500e+00
-2.718984782695770264e-01
-1.026999801397323608e-01
-1.028590917587280273e+00
7.862754464149475098e-01
6.824264526367187500e-01
3.791316747665405273e-01
-1.164357781410217285e+00
-5.489682555198669434e-01
5.616897251456975937e-03
-1.901558160781860352e+00
1.396133184432983398e+00
-1.209289908409118652e+00
2.712318897247314453e-01
-5.935254096984863281e-01
6.655846238136291504e-01
1.287878036499023438e+00
2.280555248260498047e+00
-3.662424385547637939e-01
-1.001741647720336914e+00
-8.918354511260986328e-01
-1.303807616233825684e+00
-4.391347467899322510e-01
-2.092332601547241211e+00
-1.459477424621582031e+00
-1.362752318382263184e+00
1.161560297012329102e+00
8.022667169570922852e-01
-1.102676391601562500e+00
2.546236038208007812e+00
3.125655949115753174e-01
1.859459280967712402e-01
-1.340270191431045532e-01
-1.608162403106689453e+00
-6.048690080642700195e-01
-6.965984702110290527e-01
-4.866583347320556641e-01
-4.921113252639770508e-01
1.354280948638916016e+00
1.649849265813827515e-01
-4.952492713928222656e-01
9.857864975929260254e-01
7.040227651596069336e-01
1.745198607444763184e+00
2.021620512008666992e+00
2.722971677780151367e+00
-4.359315037727355957e-01
-6.253957152366638184e-01
-1.140567421913146973e+00
-2.762494385242462158e-01
5.641508102416992188e-01
-1.056817770004272461e+00
4.823401868343353271e-01
-2.569929659366607666e-01
-2.835473537445068359e+00
-7.505687475204467773e-01
-1.017528653144836426e+00
-1.354609727859497070e+00
-3.244624435901641846e-01
8.755262494087219238e-01
-7.118198275566101074e-01
2.701409757137298584e-01
-1.140575766563415527e+00
-2.603338718414306641e+00
1.015045046806335449e+00
-3.174608647823333740e-01
-1.283371895551681519e-01
9.668283462524414062e-01
-9.527452290058135986e-02
-1.058630466461181641e+00
-2.940677106380462646e-01
4.243927896022796631e-01
1.120784759521484375e+00
