-3.730130791664123535e-01
2.026603519916534424e-01
2.046915590763092041e-01
-3.380437374114990234e+00
3.041087388992309570e-01
-3.408496081829071045e-01
-8.476571440696716309e-01
1.058146476745605469e+00
-1.642948746681213379e+00
5.708079338073730469e-01
5.052762627601623535e-01
9.046149849891662598e-01
3.034577965736389160e-01
6.763818264007568359e-01
-8.635343313217163086e-01
2.977019548416137695e+00
4.812119901180267334e-02
-1.926703453063964844e-01
-3.478856757283210754e-02
-7.269465923309326172e-01
1.469137668609619141e-01
1.474828273057937622e-01
4.381242096424102783e-01
1.498118996620178223e+00
-4.833157360553741455e-01
-6.543357968330383301e-01
-1.897926092147827148e+00
-5.222006440162658691e-01
6.262583136558532715e-01
1.369863152503967285e+00
-2.255269765853881836e+00
-3.819712400436401367e+00
-2.127118855714797974e-01
9.323148131370544434e-01
2.378025501966476440e-01
-7.014482617378234863e-01
-1.163384199142456055e+00
6.341080665588378906e-01
5.073783397674560547e-01
7.200329899787902832e-01
2.029906988143920898e+00
5.368539690971374512e-01
1.809342026710510254e+00
3.614519834518432617e-01
-9.254586696624755859e-01
-1.178993821144104004e+00
-1.816881448030471802e-01
1.595220923423767090e+00
3.334835529327392578e+00
3.772231563925743103e-02
2.743581235408782959e-01
-3.274969458580017090e-01
4.973755478858947754e-01
-4.798576608300209045e-02
1.105553746223449707e+00
1.928543090820312500e+00
4.194652140140533447e-01
3.094029426574707031e-01
-6.537547707557678223e-02
-2.387927174568176270e-01
-9.510056674480438232e-02
1.128422975540161133e+00
-1.436144262552261353e-01
3.241033852100372314e-01
-6.734641194343566895e-01
-1.422633171081542969e+00
-1.007097512483596802e-01
-3.492461144924163818e-01
-1.101602464914321899e-01
4.954466819763183594e-01
5.071305036544799805e-01
-1.019689679145812988e+00
1.390724629163742065e-01
-7.541337013244628906e-01
-2.185807228088378906e+00
1.989016383886337280e-01
5.454218387603759766e-02
5.253171920776367188e-01
-2.659137248992919922e-01
-3.712146759033203125e+00
-4.465405046939849854e-01
-3.079358041286468506e-01
4.521868526935577393e-01
-7.831977605819702148e-01
1.010162830352783203e+00
1.353221178054809570e+00
-1.084663629531860352e+00
6.965315341949462891e-01
-8.915034532546997070e-01
6.443265676498413086e-01
2.941479682922363281e-01
1.491268277168273926e-01
-1.514029264450073242e+00
7.904563546180725098e-01
4.699934422969818115e-01
-8.772893548011779785e-01
1.845597624778747559e+00
6.232909858226776123e-02
-6.620290130376815796e-02
-1.153863072395324707e+00
3.601774215698242188e+00
1.906546115875244141e+00
5.132253170013427734e-01
-7.972538471221923828e-02
-1.762214303016662598e+00
-1.302373707294464111e-01
-8.834569454193115234e-01
-4.707110524177551270e-01
1.423059590160846710e-02
-2.716966152191162109e+00
3.355540633201599121e-01
-4.744794070720672607e-01
-8.030981421470642090e-01
-1.702532470226287842e-01
2.398944854736328125e+00
-1.316997289657592773e+00
-1.617369204759597778e-01
-1.227238655090332031e+00
-1.262447118759155273e+00
1.066410660743713379e+00
2.308840990066528320e+00
2.186976373195648193e-01
7.071308791637420654e-02
7.521660327911376953e-01
-6.179531663656234741e-02
-2.365209758281707764e-01
-7.263745665550231934e-01
-1.757346749305725098e+00
