4.480260889977216721e-03
-1.453231096267700195e+00
6.673654913902282715e-01
2.573362290859222412e-01
2.049268960952758789e+00
-2.972422122955322266e+00
-1.415757894515991211e+00
-8.235909789800643921e-02
-4.075847268104553223e-01
1.157190680503845215e+00
-1.803263902664184570e+00
7.183677554130554199e-01
2.171643674373626709e-01
6.427109241485595703e-02
-2.657412052154541016e+00
3.308987617492675781e-01
-1.815413594245910645e+00
9.580700397491455078e-01
2.002050131559371948e-01
1.326150655746459961e+00
-7.845590114593505859e-01
-1.104520916938781738e+00
1.821586489677429199e+00
1.874261498451232910e+00
-1.909436225891113281e+00
2.136390954256057739e-01
6.510190367698669434e-01
-7.134471535682678223e-01
-8.441334962844848633e-01
4.640091955661773682e-01
-2.642201185226440430e-01
7.032752633094787598e-01
1.818043738603591919e-01
-1.753900796175003052e-01
1.258843764662742615e-02
1.194986939430236816e+00
6.254076361656188965e-01
-1.110734820365905762e+00
1.443587660789489746e+00
3.153400961309671402e-03
5.989767909049987793e-01
-8.330029249191284180e-02
1.837305665016174316e+00
-8.437603116035461426e-01
-6.911889314651489258e-01
-1.623418688774108887e+00
-6.531483530998229980e-01
1.079355001449584961e+00
1.419994354248046875e+00
7.670461535453796387e-01
1.391107559204101562e+00
-3.228502511978149414e+00
1.413705587387084961e+00
4.389222338795661926e-02
3.600963205099105835e-02
-1.378685474395751953e+00
-8.306987881660461426e-01
1.564306378364562988e+00
1.414406776428222656e+00
2.835220098495483398e+00
1.158002912998199463e-01
-1.768043398857116699e+00
2.256549358367919922e+00
3.161881566047668457e-01
-1.635100990533828735e-01
1.076794505119323730e+00
-6.921289563179016113e-01
-5.743499994277954102e-01
-1.495350599288940430e-01
3.913187980651855469e-01
3.977190852165222168e-01
-3.931007385253906250e-01
1.970298647880554199e+00
-4.284571111202239990e-02
-1.175563931465148926e+00
-1.825326085090637207e+00
-9.130770713090896606e-02
-3.417771756649017334e-01
-2.835220396518707275e-01
-1.325837612152099609e+00
1.031376838684082031e+00
-2.272899866104125977e+00
1.355553746223449707e+00
7.753810882568359375e-01
1.275799870491027832e+00
-4.359128475189208984e-01
1.072886109352111816e+00
7.607731819152832031e-01
7.277009487152099609e-01
4.629346132278442383e-01
-1.535001277923583984e+00
-1.999199688434600830e-01
-1.115723848342895508e+00
1.156155109405517578e+00
1.150808453559875488e+00
-9.552498459815979004e-01
-3.871625065803527832e-01
6.277585029602050781e-01
-8.557550311088562012e-01
1.729809165000915527e+00
-1.751289606094360352e+00
4.769646525382995605e-01
1.870900094509124756e-01
-1.821040987968444824e+00
6.543427109718322754e-01
1.276633292436599731e-01
-1.210257530212402344e+00
-5.099894851446151733e-02
-6.471630185842514038e-02
-1.030074000358581543e+00
-6.829794049263000488e-01
-1.166117787361145020e+00
-4.931931793689727783e-01
1.833751559257507324e+00
1.111757874488830566e+00
5.084185600280761719e-01
-8.572641015052795410e-01
-2.620855331420898438e+00
1.072048842906951904e-01
-8.904780149459838867e-01
1.088001608848571777e+00
-7.923253625631332397e-02
9.198268651962280273e-01
-1.226875543594360352e+00
-7.446092963218688965e-01
-3.624602854251861572e-01
-7.499911785125732422e-01
1.602285355329513550e-01
