-1.414325475692749023e+00
7.805481553077697754e-01
8.148406445980072021e-02
-8.046256005764007568e-02
1.044915914535522461e-01
-1.676891446113586426e+00
-2.188175439834594727e+00
4.512788057327270508e-01
-1.335831522941589355e+00
-2.223189830780029297e+00
1.052980184555053711e+00
-2.416164636611938477e+00
3.735538423061370850e-01
1.293210685253143311e-01
1.015981197357177734e+00
4.818922653794288635e-02
-9.756773114204406738e-01
1.000545978546142578e+00
-9.349434971809387207e-01
1.699653148651123047e+00
-1.243667453527450562e-01
4.238421022891998291e-01
-1.091530248522758484e-01
-4.617621302604675293e-01
-6.355404257774353027e-01
8.803570866584777832e-01
2.477440595626831055e+00
-3.098738789558410645e-01
-1.774554133415222168e+00
1.169322967529296875e+00
1.167474865913391113e+00
-5.376044511795043945e-01
2.521001696586608887e-01
8.710178732872009277e-02
3.854528069496154785e-01
1.089809060096740723e+00
1.736252665519714355e+00
8.275285363197326660e-01
5.797771811485290527e-01
-1.274916768074035645e+00
-7.061283588409423828e-01
5.627580285072326660e-01
2.265864759683609009e-01
2.553744554519653320e+00
-1.291297912597656250e+00
2.208582401275634766e+00
1.806432723999023438e+00
1.444275617599487305e+00
6.837957501411437988e-01
1.115770578384399414e+00
-1.293422937393188477e+00
4.486767649650573730e-01
-9.236623644828796387e-01
1.937716126441955566e+00
1.772892713546752930e+00
-6.943060159683227539e-01
1.970613598823547363e+00
5.379041433334350586e-01
-3.052924871444702148e-01
-5.677511096000671387e-01
-4.434866607189178467e-01
1.081325411796569824e+00
-3.418647289276123047e+00
1.679044961929321289e+00
8.474894165992736816e-01
-6.790211796760559082e-01
6.918442249298095703e-01
1.375247001647949219e+00
1.501990914344787598e+00
-1.046664357185363770e+00
-1.161065220832824707e+00
-1.916850090026855469e+00
-8.510487079620361328e-01
3.400097191333770752e-01
-1.467630863189697266e+00
-5.495343804359436035e-01
-2.597626209259033203e+00
1.428640842437744141e+00
3.157203793525695801e-01
-1.900997638702392578e+00
-6.657487154006958008e-01
4.169010370969772339e-02
2.529220104217529297e+00
-1.538030982017517090e+00
2.007602214813232422e+00
-4.316806197166442871e-01
-1.772550642490386963e-01
-1.705308437347412109e+00
-2.759609818458557129e-01
4.470310509204864502e-01
-2.920561790466308594e+00
7.366237789392471313e-02
-2.224586486816406250e+00
-2.514327764511108398e-01
-2.032408237457275391e+00
-7.929690480232238770e-01
1.514802694320678711e+00
3.266975581645965576e-01
2.812874689698219299e-02
5.393818616867065430e-01
1.665547251701354980e+00
-7.682539820671081543e-01
-1.086698889732360840e+00
2.910721063613891602e+00
2.053742170333862305e+00
-9.672755002975463867e-02
-1.633517593145370483e-01
-8.600884675979614258e-01
-2.284690290689468384e-01
-7.131652832031250000e-01
3.635404631495475769e-02
-1.024562790989875793e-01
1.350658774375915527e+00
1.358718514442443848e+00
9.653108716011047363e-01
6.860036253929138184e-01
3.875833153724670410e-01
-9.763984084129333496e-01
1.175849795341491699e+00
-6.934901475906372070e-01
-1.979424238204956055e+00
9.015536904335021973e-01
-6.793621182441711426e-01
-2.760193586349487305e+00
-6.594687104225158691e-01
-7.584562301635742188e-01
-6.904772520065307617e-01
-2.760184928774833679e-02
