-6.165975928306579590e-01
-3.373993337154388428e-01
1.449561119079589844e-01
-3.470111846923828125e+00
2.635582983493804932e-01
1.150987744331359863e+00
-1.281045377254486084e-01
1.177006602287292480e+00
-6.736379861831665039e-01
-3.455612659454345703e-01
-4.035817980766296387e-01
-2.479491680860519409e-01
1.811818778514862061e-01
1.213071197271347046e-01
-9.426193237304687500e-01
2.723930835723876953e+00
6.755492091178894043e-01
-3.942474424839019775e-01
3.997470811009407043e-02
5.203183889389038086e-01
-1.729182898998260498e-01
6.936781108379364014e-02
5.279661417007446289e-01
1.071610331535339355e+00
-7.256356477737426758e-01
4.094107449054718018e-01
-6.519861221313476562e-01
-1.810849666595458984e+00
1.288673374801874161e-02
1.293445110321044922e+00
-1.079387664794921875e+00
-3.951193094253540039e+00
-2.124028801918029785e-01
-1.031165480613708496e+00
1.872675567865371704e-01
-5.628780126571655273e-01
-1.550418585538864136e-01
4.104777276515960693e-01
-7.788950800895690918e-01
5.857229232788085938e-02
2.055393218994140625e+00
2.577412426471710205e-01
1.804557323455810547e+00
3.226831555366516113e-02
-1.397122591733932495e-01
-1.561426162719726562e+00
3.832722008228302002e-01
1.387223362922668457e+00
3.745776176452636719e+00
-7.106965780258178711e-01
4.607821702957153320e-01
-8.899917602539062500e-01
-9.210575222969055176e-01
-2.611193060874938965e-01
1.067015409469604492e+00
1.387451171875000000e+00
2.077455222606658936e-01
4.221501350402832031e-01
1.692727208137512207e+00
-7.426388859748840332e-01
2.762170433998107910e-01
4.325568974018096924e-01
6.677162647247314453e-01
8.690018057823181152e-01
-7.877829074859619141e-01
-1.871474981307983398e+00
2.845589220523834229e-01
-3.174618780612945557e-01
-7.531334757804870605e-01
6.020080447196960449e-01
8.316458463668823242e-01
-1.180389523506164551e+00
3.743008375167846680e-01
-6.063722968101501465e-01
-2.890127897262573242e+00
-6.276248097419738770e-01
-1.284168243408203125e+00
3.843172490596771240e-01
6.111197173595428467e-02
-3.513509035110473633e+00
-1.230519890785217285e+00
1.808898895978927612e-01
-7.838506251573562622e-02
-5.780024528503417969e-01
1.582666635513305664e+00
1.380787611007690430e+00
-1.572640776634216309e+00
8.829469680786132812e-01
-1.293096542358398438e+00
1.671756148338317871e+00
1.524268269538879395e+00
-1.200026750564575195e+00
-1.311709165573120117e+00
-6.777402758598327637e-01
1.201187849044799805e+00
-4.235841333866119385e-01
2.030075073242187500e+00
-1.527586728334426880e-01
-9.928830862045288086e-01
-1.046127200126647949e+00
2.482827901840209961e+00
1.043438434600830078e+00
3.992527723312377930e-01
6.692717671394348145e-01
-4.948226213455200195e-01
-4.171828329563140869e-01
-1.037330865859985352e+00
-6.799631714820861816e-01
1.371433377265930176e+00
-2.250364542007446289e+00
1.488361597061157227e+00
-3.208777904510498047e-01
-4.126265645027160645e-01
1.827869415283203125e-01
1.250059247016906738e+00
-2.544471621513366699e-01
-6.267806291580200195e-01
-5.275939106941223145e-01
1.461070775985717773e-01
1.093000888824462891e+00
3.041412115097045898e+00
-1.060528397560119629e+00
1.397176265716552734e+00
4.092095196247100830e-01
1.605432629585266113e-01
-6.347879171371459961e-01
3.010148406028747559e-01
-1.594587683677673340e+00
