-1.140672802925109863e+00
6.861757636070251465e-01
-3.771501183509826660e-01
-4.362036287784576416e-01
-1.289601325988769531e+00
2.316679954528808594e+00
5.889953970909118652e-01
-6.849185228347778320e-01
3.148681521415710449e-01
-7.674305438995361328e-01
2.324643731117248535e-01
8.058059811592102051e-01
-2.228362083435058594e+00
-1.975826174020767212e-01
1.404353857040405273e+00
-1.117723941802978516e+00
2.337947487831115723e-01
-1.143490299582481384e-01
-6.076838970184326172e-01
1.388566374778747559e+00
1.559204101562500000e+00
4.310270249843597412e-01
8.137041926383972168e-01
1.072295427322387695e+00
-2.647725582122802734e+00
-2.688021361827850342e-01
-3.505568802356719971e-01
-2.321933031082153320e+00
-3.839432299137115479e-01
1.645417332649230957e+00
-4.138356149196624756e-01
-1.442953824996948242e+00
2.929666340351104736e-01
-1.324360370635986328e+00
1.928690791130065918e+00
-5.148777961730957031e-01
-2.289428561925888062e-01
-6.300324946641921997e-02
7.529205083847045898e-01
6.018677353858947754e-01
-2.887648105621337891e+00
1.595330119132995605e+00
1.528705120086669922e+00
2.376646399497985840e-01
9.923986792564392090e-01
6.426309943199157715e-01
2.190519571304321289e+00
-4.558255523443222046e-02
-1.827213525772094727e+00
-1.416200876235961914e+00
-5.728338956832885742e-01
-5.717991590499877930e-01
4.320829510688781738e-01
-3.221289813518524170e-02
-5.157881975173950195e-01
7.597547173500061035e-01
-1.159775495529174805e+00
8.575357198715209961e-01
1.799050532281398773e-02
8.026974797248840332e-01
-2.579159975051879883e+00
7.857384681701660156e-01
-1.141861557960510254e+00
1.463161349296569824e+00
1.857310056686401367e+00
-5.414199829101562500e-01
5.115463733673095703e-01
4.911972582340240479e-01
-1.045501947402954102e+00
1.716279834508895874e-01
1.320835828781127930e+00
-8.490527048707008362e-03
-1.550563573837280273e+00
1.235786199569702148e+00
-6.260752677917480469e-01
-4.044413194060325623e-02
-6.550520658493041992e-01
1.970014929771423340e+00
1.222760915756225586e+00
-6.161649823188781738e-01
8.125348687171936035e-01
-2.137676000595092773e+00
2.804050207138061523e+00
1.553573489189147949e+00
1.651208731345832348e-03
2.815617322921752930e-01
-8.012949824333190918e-01
-2.124619007110595703e+00
1.333521604537963867e+00
-2.025694131851196289e+00
-7.978855371475219727e-01
7.828768491744995117e-01
9.607560038566589355e-01
-8.496698141098022461e-01
8.669624477624893188e-02
-3.842305243015289307e-01
7.018448710441589355e-01
-5.238670110702514648e-01
5.758104920387268066e-01
2.106179475784301758e+00
-7.349137663841247559e-01
-1.524961948394775391e+00
3.887270987033843994e-01
7.239321470260620117e-01
1.547516107559204102e+00
-1.368839740753173828e+00
1.627962589263916016e-01
-9.674268364906311035e-01
-8.656646013259887695e-01
-2.033991336822509766e+00
1.611810922622680664e+00
-6.069729924201965332e-01
2.557898044586181641e+00
-7.770171854645013809e-03
-2.731133997440338135e-01
3.618422150611877441e-01
-2.033392041921615601e-01
7.944319844245910645e-01
-6.183797121047973633e-01
-2.600120902061462402e-01
-7.941223978996276855e-01
2.033243894577026367e+00
-1.163899898529052734e+00
-1.658694863319396973e+00
-6.860193014144897461e-01
-1.056499838829040527e+00
-1.433050513267517090e+00
-1.036875367164611816e+00
