5.120944380760192871e-01
-1.397437691688537598e+00
7.000093460083007812e-01
5.014079809188842773e-01
2.043667316436767578e+00
-1.691848635673522949e-01
2.359305173158645630e-01
1.004627943038940430e+00
-1.092220902442932129e+00
1.556264609098434448e-01
-3.630674183368682861e-01
3.370219230651855469e+00
1.115131497383117676e+00
-9.279718995094299316e-01
-6.414486169815063477e-01
7.816913127899169922e-01
-7.787384986877441406e-01
4.810081422328948975e-01
-6.277791261672973633e-01
-2.404841899871826172e+00
-8.929718732833862305e-01
-1.990776896476745605e+00
-7.152303308248519897e-02
2.879158735275268555e+00
-5.082386359572410583e-02
9.643861055374145508e-01
1.908083707094192505e-01
1.309684514999389648e+00
-1.701224207878112793e+00
6.971984505653381348e-01
-1.885716319084167480e+00
1.453043460845947266e+00
-6.379312276840209961e-01
3.238869309425354004e-01
-1.442640900611877441e+00
1.651493191719055176e+00
-5.907850265502929688e-01
-5.196984410285949707e-01
-5.632475614547729492e-01
1.347645401954650879e+00
-4.149642288684844971e-01
-1.243546128273010254e+00
1.201944470405578613e+00
9.819435477256774902e-01
-2.149507850408554077e-01
-6.545761227607727051e-01
1.360905051231384277e+00
-1.061181873083114624e-01
8.781837821006774902e-01
-6.073028445243835449e-01
-2.553469538688659668e-01
-1.264194607734680176e+00
1.376191377639770508e+00
-4.203020334243774414e-01
6.168699264526367188e-01
-7.996810078620910645e-01
3.848801851272583008e-01
2.162868499755859375e+00
9.555386304855346680e-01
1.114586353302001953e+00
1.762014478445053101e-01
-2.834854125976562500e-01
1.519416928291320801e+00
-8.131079077720642090e-01
9.466663748025894165e-02
3.921782970428466797e-01
-1.090598464012145996e+00
1.428759694099426270e+00
5.832438468933105469e-01
-2.150741219520568848e-01
1.616428971290588379e+00
-5.217652916908264160e-01
-7.262952923774719238e-01
8.487116694450378418e-01
6.496403813362121582e-01
-2.753352403640747070e+00
1.404590129852294922e+00
1.164623796939849854e-01
-3.108486831188201904e-01
-6.207801699638366699e-01
-2.313910871744155884e-01
-1.685202479362487793e+00
7.914124131202697754e-01
8.569392561912536621e-01
1.836541295051574707e-01
1.342013478279113770e-01
-3.282431662082672119e-01
9.505788683891296387e-01
-1.142876982688903809e+00
1.768063306808471680e+00
-3.293594717979431152e-02
-9.937971830368041992e-02
6.399103403091430664e-01
-8.100485429167747498e-03
1.385949552059173584e-01
-1.302889466285705566e+00
-6.025478243827819824e-01
-4.841645359992980957e-01
-9.697133898735046387e-01
-2.823865413665771484e-01
-2.600710466504096985e-02
2.789414405822753906e+00
-1.156134247779846191e+00
-2.339579343795776367e+00
4.692511633038520813e-02
-7.425275444984436035e-01
-1.488980203866958618e-01
-1.402907520532608032e-01
-5.509250238537788391e-02
-1.283217430114746094e+00
-7.075431942939758301e-01
7.755694389343261719e-01
-8.257182836532592773e-01
2.436811447143554688e+00
9.540570378303527832e-01
-1.284072399139404297e+00
1.647168397903442383e+00
-1.676860332489013672e+00
-9.831395149230957031e-01
-2.198709964752197266e+00
-1.140947818756103516e+00
-1.156201124191284180e+00
1.495981454849243164e+00
-2.387484550476074219e+00
-9.377939701080322266e-01
-1.409938216209411621e+00
-9.323846101760864258e-01
3.138230741024017334e-01
