-7.610180974006652832e-01
-1.984222412109375000e+00
-9.653023481369018555e-01
-6.215775385499000549e-02
-1.398249387741088867e+00
-4.164367914199829102e-01
1.997368484735488892e-01
9.798637628555297852e-01
-9.541541337966918945e-01
-1.010039925575256348e+00
-1.020143628120422363e+00
-1.319355726242065430e+00
1.136507868766784668e+00
-1.871355056762695312e+00
9.208908677101135254e-01
1.263027071952819824e+00
6.111406087875366211e-01
-7.169418931007385254e-01
-2.662862241268157959e-01
2.504033803939819336e+00
9.685158729553222656e-01
-6.476246714591979980e-01
9.289982914924621582e-01
1.244680404663085938e+00
3.854097425937652588e-01
6.600412130355834961e-01
4.345190227031707764e-01
3.942092061042785645e-01
-8.786798119544982910e-01
7.518624067306518555e-01
4.133716225624084473e-01
3.741811513900756836e-01
7.393029332160949707e-02
-7.535567879676818848e-02
1.117837905883789062e+00
1.240024089813232422e+00
1.225656032562255859e+00
-1.512489199638366699e+00
-9.955182671546936035e-01
1.023554682731628418e+00
2.063517719507217407e-01
-8.650807291269302368e-02
2.220685005187988281e+00
-1.142478346824645996e+00
-1.274926215410232544e-02
-2.696098983287811279e-01
1.392938733100891113e+00
-3.693266808986663818e-01
-2.196031622588634491e-02
1.079889416694641113e+00
-4.430921375751495361e-01
-1.398421406745910645e+00
1.540375709533691406e+00
8.953040838241577148e-01
1.260938048362731934e+00
7.837134003639221191e-01
-4.413833022117614746e-01
-1.580998063087463379e+00
2.336079254746437073e-02
1.562417626380920410e+00
-1.161399111151695251e-01
-2.666059136390686035e-02
1.392044901847839355e+00
1.330018639564514160e+00
4.270047545433044434e-01
-7.809374481439590454e-02
3.103484809398651123e-01
1.107462167739868164e+00
-5.582411289215087891e-01
-2.369573712348937988e-01
9.912451505661010742e-01
-4.981309473514556885e-01
-1.498185276985168457e+00
7.200991511344909668e-01
-8.050646185874938965e-01
-1.957190483808517456e-01
-1.249094843864440918e+00
-1.167032957077026367e+00
8.378290534019470215e-01
2.875146865844726562e-01
1.686346828937530518e-01
-2.353667259216308594e+00
7.785243988037109375e-01
1.128300666809082031e+00
1.657114505767822266e+00
-3.817861080169677734e-01
-5.845499038696289062e-01
1.385850161314010620e-01
4.850451648235321045e-01
2.051398903131484985e-02
1.110337615013122559e+00
1.189255490899085999e-01
2.423625588417053223e-01
-5.015207529067993164e-01
1.805823922157287598e+00
-4.407690465450286865e-01
-1.282813429832458496e+00
1.147676706314086914e-01
2.616937458515167236e-01
-1.794755339622497559e+00
1.846170067787170410e+00
1.190267324447631836e+00
-1.713033318519592285e+00
3.729430213570594788e-02
3.376716077327728271e-01
5.098033547401428223e-01
-1.040381789207458496e+00
-2.335926771163940430e+00
-5.588254705071449280e-02
-2.274557590484619141e+00
-1.609145104885101318e-02
-9.956364035606384277e-01
-1.067673444747924805e+00
5.431714653968811035e-01
-2.356118679046630859e+00
-2.503386437892913818e-01
-7.466415315866470337e-02
1.983094662427902222e-01
8.997749686241149902e-01
-9.521513581275939941e-01
7.878901958465576172e-01
-1.200997471809387207e+00
1.391542792320251465e+00
-2.085017681121826172e+00
-1.492800116539001465e+00
6.422525644302368164e-01
-2.243199825286865234e+00
3.974143043160438538e-02
