2.267353832721710205e-01
-2.476382255554199219e+00
6.030813455581665039e-01
3.617467582225799561e-01
2.586040496826171875e-01
-2.332397222518920898e+00
3.873711526393890381e-01
-2.730198502540588379e-01
-6.905746459960937500e-01
5.557074546813964844e-01
-3.328106164932250977e+00
-4.818061292171478271e-01
1.080528616905212402e+00
-4.712722599506378174e-01
-5.771336555480957031e-01
1.185751318931579590e+00
1.016038656234741211e+00
-6.975471377372741699e-01
-1.178336858749389648e+00
2.180636227130889893e-01
1.296156644821166992e+00
-6.809213757514953613e-01
-1.358389947563409805e-02
7.814705967903137207e-01
6.626982092857360840e-01
1.400803327560424805e+00
9.860715270042419434e-01
-1.407785058021545410e+00
-2.005028277635574341e-01
-7.907696962356567383e-01
-1.501304745674133301e+00
4.349893629550933838e-01
-4.764580726623535156e-01
-2.367414832115173340e-01
1.289231032133102417e-01
2.352553606033325195e+00
2.492816746234893799e-01
2.033743143081665039e+00
1.097965955734252930e+00
6.455183774232864380e-02
-6.437733173370361328e-01
1.114580154418945312e+00
2.146581411361694336e+00
9.837932586669921875e-01
6.906414031982421875e-01
1.160815119743347168e+00
1.054902151226997375e-01
4.752429127693176270e-01
8.438763022422790527e-02
-5.190016627311706543e-01
-6.989219784736633301e-01
-3.794382810592651367e-01
1.350135505199432373e-01
-2.419785976409912109e+00
-5.472339987754821777e-01
7.105877995491027832e-01
-1.000372767448425293e+00
3.023588418960571289e+00
6.835687756538391113e-01
3.753270804882049561e-01
-1.096942543983459473e+00
-1.721699595451354980e+00
1.433442831039428711e+00
-2.057186663150787354e-01
1.262346029281616211e+00
2.302575856447219849e-02
-1.646270900964736938e-01
-6.106445789337158203e-01
9.463601708412170410e-01
1.285660147666931152e+00
-7.993303537368774414e-01
-7.161461114883422852e-01
3.922967612743377686e-01
5.044749379158020020e-01
-3.918778598308563232e-01
-5.521891713142395020e-01
-1.419268250465393066e+00
-3.980529308319091797e-01
-3.139854967594146729e-01
-1.840366721153259277e-01
-6.908414512872695923e-02
-8.111958503723144531e-01
7.041323781013488770e-01
2.394533604383468628e-01
-1.199508786201477051e+00
-1.567465305328369141e+00
4.773570001125335693e-01
7.779830694198608398e-01
2.804450094699859619e-01
9.591854214668273926e-01
2.029170036315917969e+00
-1.310625553131103516e+00
3.589161932468414307e-01
8.274602890014648438e-01
-1.951262205839157104e-01
8.788605928421020508e-01
-6.081527844071388245e-02
1.082464933395385742e+00
-1.195974230766296387e+00
3.499203920364379883e-01
-5.311417579650878906e-01
7.743512392044067383e-01
1.474985241889953613e+00
-1.988236904144287109e+00
-4.031354188919067383e-01
2.574389696121215820e+00
-9.726406335830688477e-01
-3.039535582065582275e-01
2.291334867477416992e+00
-3.158504962921142578e+00
6.607978045940399170e-02
7.729898393154144287e-02
-9.421620517969131470e-02
3.547744154930114746e-01
4.628507494926452637e-01
-5.680523514747619629e-01
7.004117369651794434e-01
2.629587650299072266e-01
5.251231193542480469e-01
-2.238617688417434692e-01
-1.882809519767761230e+00
-1.751222133636474609e+00
-1.071900606155395508e+00
-2.703935146331787109e+00
-1.010656952857971191e+00
-1.400696039199829102e+00
-1.297682642936706543e+00
2.143288850784301758e+00
