-2.204590290784835815e-01
3.198990821838378906e-01
8.447129279375076294e-02
1.971270516514778137e-02
1.596433401107788086e+00
-8.441216945648193359e-01
-1.050292611122131348e+00
-1.050885200500488281e+00
1.691980212926864624e-01
-6.685958504676818848e-01
-9.881249666213989258e-01
-7.355303168296813965e-01
-4.575313925743103027e-01
-2.192272186279296875e+00
9.612938761711120605e-01
-1.163804903626441956e-01
2.561322450637817383e-01
-1.322395503520965576e-01
-6.824501752853393555e-01
6.962675452232360840e-01
3.196459710597991943e-01
1.203821599483489990e-01
3.087814450263977051e-01
1.711462140083312988e+00
-3.950842618942260742e-01
-1.513570070266723633e+00
-8.652268052101135254e-01
-8.102743029594421387e-01
1.350066959857940674e-01
1.499443054199218750e+00
-1.339800596237182617e+00
1.291770339012145996e+00
-1.277885437011718750e+00
3.312694728374481201e-01
1.248761773109436035e+00
-4.942338764667510986e-01
5.479152202606201172e-01
-2.507780492305755615e-01
-2.053391933441162109e+00
-2.232885837554931641e+00
1.463580489158630371e+00
-3.068787455558776855e-01
2.948002576828002930e+00
7.325781583786010742e-01
-1.154985874891281128e-01
-2.564342975616455078e+00
8.036304712295532227e-01
2.619400024414062500e+00
-7.420181632041931152e-01
1.371780872344970703e+00
2.499771118164062500e+00
-1.517668247222900391e+00
1.323675990104675293e+00
-2.804332599043846130e-02
7.257882952690124512e-01
1.452781707048416138e-01
7.301695942878723145e-01
1.904099881649017334e-01
-1.486371178179979324e-02
2.152298927307128906e+00
-4.862641990184783936e-01
-2.788320481777191162e-01
7.142345905303955078e-01
1.233471632003784180e+00
6.209539771080017090e-01
1.203158140182495117e+00
1.239677548408508301e+00
-2.419325113296508789e-01
-2.017107605934143066e-01
-2.600689530372619629e-01
3.295860290527343750e-01
2.559383153915405273e+00
6.130028367042541504e-01
-1.249370217323303223e+00
-2.023420095443725586e+00
-7.990604043006896973e-01
3.111402392387390137e-01
-4.083670675754547119e-01
-6.826290488243103027e-01
-2.686954498291015625e+00
-8.297847509384155273e-01
-2.106746435165405273e+00
4.326255321502685547e-01
-5.628873109817504883e-01
2.333670377731323242e+00
2.901631295680999756e-01
2.351032346487045288e-01
1.685556173324584961e+00
-1.681960821151733398e+00
-4.998677670955657959e-01
6.962928175926208496e-01
-8.896520137786865234e-01
-9.789265692234039307e-02
1.021463036537170410e+00
4.900402128696441650e-01
-1.264540672302246094e+00
3.565705299377441406e+00
-5.588767528533935547e-01
2.137443125247955322e-01
1.491477638483047485e-01
2.769270539283752441e-01
2.237140178680419922e+00
-5.245258808135986328e-01
-6.467366814613342285e-01
1.621183454990386963e-01
2.862147986888885498e-01
-9.787818789482116699e-01
2.103371769189834595e-01
-1.474509239196777344e+00
-6.544642448425292969e-01
4.606389701366424561e-01
-1.915405869483947754e+00
1.970556378364562988e-01
-2.804172277450561523e+00
1.837104745209217072e-02
-7.904421687126159668e-01
-9.513183236122131348e-01
-4.130384325981140137e-01
7.190978527069091797e-01
1.008122414350509644e-01
-1.166382074356079102e+00
2.811408415436744690e-02
-8.844292759895324707e-01
-1.844852566719055176e+00
1.225239336490631104e-01
-2.380748689174652100e-01
-3.310125470161437988e-01
1.116547212004661560e-01
