1.289158225059509277e+00
1.050563454627990723e+00
4.280035495758056641e-01
-6.597016006708145142e-02
1.112094044685363770e+00
6.517453193664550781e-01
-1.296391248703002930e+00
1.228448033332824707e+00
-1.336955785751342773e+00
-1.036582469940185547e+00
2.244607061147689819e-01
1.563381314277648926e+00
-1.528905868530273438e+00
-1.342623829841613770e+00
-7.392284274101257324e-02
-3.202049136161804199e-01
3.378382418304681778e-03
1.441578388214111328e+00
7.417883276939392090e-01
-7.657835483551025391e-01
-1.564388155937194824e+00
2.084993124008178711e+00
1.590766787528991699e+00
-5.319963097572326660e-01
-6.161190196871757507e-02
-9.605763107538223267e-02
1.047980189323425293e+00
-1.813565254211425781e+00
-4.183453321456909180e-01
-1.669461250305175781e+00
4.777100384235382080e-01
-3.536058962345123291e-01
-5.884333848953247070e-01
-1.842294812202453613e+00
1.902743577957153320e+00
1.868209004402160645e+00
2.447710514068603516e+00
-6.134331822395324707e-01
-1.631345391273498535e+00
8.320580720901489258e-01
1.190852522850036621e+00
1.476290941238403320e+00
1.641685366630554199e+00
1.448043823242187500e+00
1.554826945066452026e-01
4.801012873649597168e-01
5.444799065589904785e-01
-6.861929595470428467e-02
6.701242327690124512e-01
-1.649316191673278809e+00
-1.170170307159423828e+00
-5.125205516815185547e-01
-1.050669312477111816e+00
-5.516173243522644043e-01
-1.700163960456848145e+00
-2.584807872772216797e-01
-1.927787303924560547e+00
2.537076950073242188e+00
-8.250716328620910645e-01
-6.210184097290039062e-01
-1.108515024185180664e+00
3.513321280479431152e-01
-3.683467209339141846e-01
4.480360448360443115e-01
-2.982694506645202637e-01
-1.656314015388488770e+00
-6.323305368423461914e-01
-3.257693946361541748e-01
4.526199400424957275e-01
-8.480176925659179688e-01
8.578105568885803223e-01
7.514144778251647949e-01
-1.612777352333068848e+00
3.448179364204406738e-01
-2.110674232244491577e-01
-8.418885469436645508e-01
1.636039018630981445e+00
1.223188281059265137e+00
2.575875520706176758e-01
-9.903093576431274414e-01
1.112455725669860840e+00
1.199849367141723633e+00
7.944003343582153320e-01
-4.272417128086090088e-01
2.680392265319824219e-01
-5.976238250732421875e-01
-2.093240022659301758e+00
-8.670104146003723145e-01
-1.543909218162298203e-02
-5.955413579940795898e-01
3.262243747711181641e+00
-6.806395649909973145e-01
-1.431318879127502441e+00
-1.452589988708496094e+00
-1.686455011367797852e+00
6.726312041282653809e-01
-5.991919040679931641e-01
-6.699450016021728516e-01
2.388506174087524414e+00
-7.412744164466857910e-01
2.272364854812622070e+00
-2.909942567348480225e-01
1.715317070484161377e-01
2.508643567562103271e-01
1.411019414663314819e-01
-1.220268532633781433e-01
-1.176415607333183289e-01
-2.245160341262817383e+00
2.644313573837280273e+00
-2.809311866760253906e+00
8.013719320297241211e-01
-2.353632926940917969e+00
1.553581357002258301e+00
8.458028435707092285e-01
1.011632680892944336e+00
-5.261306166648864746e-01
-2.671663463115692139e-02
-8.073065876960754395e-01
-1.543480038642883301e+00
9.762029647827148438e-01
1.046414971351623535e+00
2.995100021362304688e-01
9.027025103569030762e-01
-3.893409371376037598e-01
-7.816059589385986328e-01
3.927431106567382812e-01
-1.111299276351928711e+00
-1.101220175623893738e-01
