9.178125262260437012e-01
-9.034293889999389648e-02
-1.074947714805603027e+00
-1.305666446685791016e+00
-8.081936240196228027e-01
-3.430200517177581787e-01
8.310547471046447754e-01
7.426051497459411621e-01
-6.694651246070861816e-01
-5.535437464714050293e-01
8.897341489791870117e-01
-2.967576384544372559e-01
1.144075632095336914e+00
1.048571586608886719e+00
1.390639662742614746e+00
-1.084578037261962891e+00
1.108130693435668945e+00
-5.202368497848510742e-01
-3.716184794902801514e-01
1.170717239379882812e+00
9.653077721595764160e-01
-2.191092014312744141e+00
2.335971221327781677e-03
2.769779205322265625e+00
-6.318123936653137207e-01
-7.093977928161621094e-01
1.589184045791625977e+00
-3.676900267601013184e-01
-1.122668981552124023e+00
5.066657066345214844e-01
6.561243534088134766e-01
-2.305171787738800049e-01
-1.092917621135711670e-01
-1.727216482162475586e+00
-1.515862464904785156e+00
-1.467456340789794922e+00
2.610440552234649658e-01
-6.658326983451843262e-01
-1.661374211311340332e+00
5.684594511985778809e-01
-2.450676448643207550e-02
2.244628906250000000e+00
1.868803501129150391e+00
-5.002051219344139099e-02
6.039305925369262695e-01
1.382364034652709961e+00
1.639399379491806030e-01
1.544834613800048828e+00
1.843311071395874023e+00
-1.298443198204040527e+00
2.679695487022399902e-01
-2.836555004119873047e+00
-3.838584125041961670e-01
-8.357339352369308472e-02
-1.502784848213195801e+00
-1.344431996345520020e+00
3.227602243423461914e-01
2.322407007217407227e+00
4.506390094757080078e-01
2.182764112949371338e-01
-7.359232902526855469e-01
-4.108592271804809570e-01
2.094751447439193726e-01
3.172997236251831055e-01
6.654443144798278809e-01
-2.786532640457153320e-01
3.043969571590423584e-01
-5.790461301803588867e-01
3.009860515594482422e-01
1.222161889076232910e+00
2.527955472469329834e-01
-8.093061447143554688e-01
-1.853957176208496094e-01
-2.530889511108398438e-01
-5.328853130340576172e-01
-2.633422136306762695e+00
-6.812208294868469238e-01
-4.110490381717681885e-01
-1.301013529300689697e-01
-1.462214231491088867e+00
2.437559604644775391e+00
9.456725716590881348e-01
-3.049181401729583740e-01
-5.431324839591979980e-01
7.309568524360656738e-01
-2.125867843627929688e+00
1.348367810249328613e+00
8.169548511505126953e-01
-1.731663465499877930e+00
5.642145872116088867e-01
1.009476065635681152e+00
-1.513450026512145996e+00
5.551297664642333984e-01
-2.358139038085937500e+00
2.158223688602447510e-01
-5.011466145515441895e-01
4.696169376373291016e+00
8.556563258171081543e-01
7.369667887687683105e-01
1.361790597438812256e-01
-1.863803505897521973e+00
1.215914964675903320e+00
-1.742626130580902100e-01
9.159991741180419922e-01
2.060168266296386719e+00
-9.203902482986450195e-01
-2.056796312332153320e+00
9.886788576841354370e-02
2.358756065368652344e+00
-9.832143783569335938e-01
-4.798266887664794922e-01
4.748716354370117188e-01
-2.076162576675415039e+00
-1.784355759620666504e+00
4.705633223056793213e-01
5.872499346733093262e-01
9.764562845230102539e-01
1.030773520469665527e+00
-2.899103164672851562e-01
-6.702858209609985352e-01
-1.837137818336486816e+00
-8.985374569892883301e-01
-1.169998764991760254e+00
1.795146912336349487e-01
-1.152806803584098816e-01
7.472805380821228027e-01
-5.785488486289978027e-01
-4.394636750221252441e-01
