1.242293238639831543e+00
2.891465555876493454e-03
-5.372234582901000977e-01
-2.045788049697875977e+00
-7.262237668037414551e-01
3.282735124230384827e-02
1.390814781188964844e+00
-7.945979237556457520e-01
-1.441557288169860840e+00
2.357043474912643433e-01
6.759993433952331543e-01
2.092716217041015625e+00
-5.466380119323730469e-01
2.638784050941467285e-01
-6.459576487541198730e-01
7.242360711097717285e-01
9.557844400405883789e-01
-4.114866852760314941e-01
-2.311287164688110352e+00
4.016608297824859619e-01
8.434761315584182739e-02
3.035441637039184570e-01
-1.492201209068298340e+00
5.958808660507202148e-01
-1.787125587463378906e+00
-2.213092327117919922e+00
-1.761965602636337280e-01
-3.837970495223999023e-01
1.286357402801513672e+00
6.322636604309082031e-01
-5.940152406692504883e-01
-1.749218463897705078e+00
5.142617225646972656e-01
1.963860392570495605e+00
-9.879333376884460449e-01
-6.903120279312133789e-01
-1.367909312248229980e+00
5.723119378089904785e-01
-5.901950597763061523e-01
-1.450831741094589233e-01
1.122531771659851074e+00
1.153729677200317383e+00
5.380550026893615723e-01
4.845525026321411133e-01
-9.161447286605834961e-01
1.714421749114990234e+00
-2.378127098083496094e+00
1.815255641937255859e+00
1.448398828506469727e+00
1.920343995094299316e+00
1.124218821525573730e+00
-6.571019291877746582e-01
7.253692746162414551e-01
7.708493471145629883e-01
-9.803369641304016113e-01
1.894775032997131348e+00
4.514121413230895996e-01
-1.048618275672197342e-02
-2.992182254791259766e+00
4.987322390079498291e-01
7.350265383720397949e-01
8.757187128067016602e-01
-1.782967448234558105e+00
1.329202532768249512e+00
3.226968288421630859e+00
-1.497726559638977051e+00
-8.484738469123840332e-01
-7.633039355278015137e-01
-1.258373856544494629e+00
6.709789037704467773e-01
3.812336921691894531e-01
-2.100217789411544800e-01
2.034305185079574585e-01
4.599462822079658508e-02
-1.824682205915451050e-01
-1.386269927024841309e-01
8.160337209701538086e-01
-6.864694952964782715e-01
-1.800629794597625732e-01
-2.821763753890991211e+00
-1.497439026832580566e+00
9.767282754182815552e-02
-1.323788404464721680e+00
-6.931496858596801758e-01
4.780125141143798828e+00
5.936548709869384766e-01
-4.812327399849891663e-02
-2.738826274871826172e-01
-1.730792075395584106e-01
-5.775260329246520996e-01
-7.202826738357543945e-01
-2.753525972366333008e-01
-1.551581382751464844e+00
1.644168734550476074e+00
-1.475579142570495605e+00
8.645838499069213867e-01
1.455044627189636230e+00
2.368461132049560547e+00
-7.874466776847839355e-01
1.047143712639808655e-01
1.126212835311889648e+00
5.744600296020507812e-01
4.367026090621948242e-01
-4.244236052036285400e-01
3.546515405178070068e-01
3.557151928544044495e-02
-1.229460239410400391e+00
-4.267186224460601807e-01
2.768860578536987305e+00
-1.169404625892639160e+00
3.584481775760650635e-01
-1.331487059593200684e+00
-1.670409083366394043e+00
8.219943046569824219e-01
1.087084174156188965e+00
1.663111746311187744e-01
4.747916460037231445e-01
-1.008264422416687012e+00
3.813913464546203613e-02
3.063455820083618164e+00
-6.651423573493957520e-01
-3.769469857215881348e-01
-1.690112709999084473e+00
-2.266908407211303711e+00
-5.909869074821472168e-01
1.375420391559600830e-01
2.734719812870025635e-01
7.668055295944213867e-01
