-2.012624591588973999e-01
-1.147341489791870117e+00
2.062989026308059692e-01
4.106696248054504395e-01
3.772596120834350586e-01
-1.560455083847045898e+00
9.976110458374023438e-01
1.148889899253845215e+00
9.173320233821868896e-02
-2.552966177463531494e-01
4.722995758056640625e-01
-5.041315555572509766e-01
-1.176815200597047806e-02
1.500759959220886230e+00
1.093102931976318359e+00
-5.105400085449218750e-01
-1.171684145927429199e+00
-1.180597692728042603e-01
-3.442986726760864258e+00
-1.775530338287353516e+00
-5.697775483131408691e-01
-6.724236011505126953e-01
1.126727581024169922e+00
1.251136898994445801e+00
-8.132299780845642090e-01
2.447260729968547821e-02
-2.577721834182739258e+00
-1.078840136528015137e+00
6.147973537445068359e-01
9.445331096649169922e-01
-1.242916822433471680e+00
-1.981126427650451660e+00
-3.744720518589019775e-01
1.072178959846496582e+00
6.401612162590026855e-01
2.438916563987731934e-01
-7.598390579223632812e-01
8.181035518646240234e-01
1.383311748504638672e+00
1.160042360424995422e-01
1.206072330474853516e+00
-7.450655698776245117e-01
1.217136502265930176e+00
9.624776244163513184e-01
7.183658480644226074e-01
-6.298871040344238281e-01
-1.007254362106323242e+00
-1.511868596076965332e+00
3.635482192039489746e-01
3.856116533279418945e+00
-2.036185264587402344e+00
-6.401176452636718750e-01
6.178114414215087891e-01
-7.573553919792175293e-01
-1.641125917434692383e+00
1.143462777137756348e+00
-2.408966422080993652e-01
6.294090747833251953e-01
-8.781975507736206055e-01
1.633049249649047852e+00
-5.237743854522705078e-01
9.162541031837463379e-01
-2.620208024978637695e+00
-1.101979255676269531e+00
-1.478223800659179688e+00
3.150740265846252441e-01
5.204545259475708008e-01
-3.850322663784027100e-01
-2.492502033710479736e-01
-1.761908411979675293e+00
5.953507423400878906e-01
-1.989919900894165039e+00
-1.305194258689880371e+00
1.857374787330627441e+00
-5.453746318817138672e-01
1.717301756143569946e-01
8.836529217660427094e-03
5.620113611221313477e-01
1.010151728987693787e-01
-1.618977785110473633e+00
6.562915444374084473e-01
-4.921537637710571289e-01
2.245252847671508789e+00
-1.278104037046432495e-01
1.395087242126464844e+00
9.871180653572082520e-01
7.841778993606567383e-01
-6.623589396476745605e-01
-7.185203433036804199e-01
-3.678326010704040527e-01
2.982422113418579102e-01
3.822209835052490234e-01
-9.083645939826965332e-01
1.466702818870544434e+00
1.063547492027282715e+00
7.901598215103149414e-01
1.629900574684143066e+00
7.967115640640258789e-01
-9.752193093299865723e-01
9.544364213943481445e-01
7.886511087417602539e-01
9.566241502761840820e-01
1.224290013313293457e+00
3.813032209873199463e-01
-1.695644855499267578e+00
1.910732746124267578e+00
-1.274117708206176758e+00
3.754283487796783447e-01
9.412009119987487793e-01
-1.109187960624694824e+00
2.327375300228595734e-02
7.282934784889221191e-01
4.230862557888031006e-01
-5.944714546203613281e-01
-1.099921226501464844e+00
-1.937074780464172363e+00
-3.362935408949851990e-02
7.271384596824645996e-01
-7.068172097206115723e-01
3.921452283859252930e+00
-1.786856502294540405e-01
-8.300049602985382080e-02
-6.944720149040222168e-01
-6.968203783035278320e-01
-9.935139417648315430e-01
1.921837925910949707e+00
-1.106109023094177246e-01
-3.854341208934783936e-01
