-1.157773017883300781e+00
-5.308245420455932617e-01
-8.105155229568481445e-01
-7.038080692291259766e-01
2.786972224712371826e-01
-1.101844549179077148e+00
-3.246554136276245117e-01
-8.357194662094116211e-01
8.399102091789245605e-01
-2.238402128219604492e+00
8.794776350259780884e-02
8.196411728858947754e-01
-2.539054632186889648e+00
-2.242480218410491943e-01
-6.289128065109252930e-01
3.682642057538032532e-02
-2.490016460418701172e+00
3.822950720787048340e-01
1.497205138206481934e+00
7.164810299873352051e-01
-1.467493057250976562e+00
9.326347112655639648e-01
8.166489005088806152e-01
1.019487023353576660e+00
-1.838927149772644043e+00
2.038923978805541992e+00
3.929288685321807861e-01
9.483233094215393066e-01
-9.325255751609802246e-01
7.056957483291625977e-01
1.559623003005981445e+00
-1.018564462661743164e+00
7.896863818168640137e-01
-4.783527553081512451e-01
1.835687607526779175e-01
-1.377055406570434570e+00
-8.239056468009948730e-01
2.981718778610229492e-01
-2.476632595062255859e+00
-6.909056901931762695e-01
-1.570193290710449219e+00
6.470338106155395508e-01
1.689651846885681152e+00
2.269037246704101562e+00
1.532501578330993652e-01
1.715795516967773438e+00
-1.582526564598083496e-01
4.650671184062957764e-01
7.139191031455993652e-01
2.793551206588745117e+00
-4.573819637298583984e-01
-1.316733717918395996e+00
-1.829076558351516724e-01
-2.743999063968658447e-01
-5.041669011116027832e-01
2.587186098098754883e-01
-7.137596607208251953e-02
6.026985645294189453e-01
-1.796061158180236816e+00
-4.080465435981750488e-01
-1.614502966403961182e-01
1.262872695922851562e+00
-8.496878147125244141e-01
5.684112906455993652e-01
1.130607366561889648e+00
-1.356689333915710449e+00
6.036581397056579590e-01
-3.456825315952301025e-01
1.551919221878051758e+00
1.659996867179870605e+00
1.089010477066040039e+00
1.177648752927780151e-01
-5.467867255210876465e-01
8.750409483909606934e-01
-2.044958770275115967e-01
1.040273427963256836e+00
2.482408732175827026e-01
3.857160806655883789e+00
-4.512791037559509277e-01
-1.797873377799987793e+00
-7.987697720527648926e-01
7.372670173645019531e-01
5.889226794242858887e-01
5.293111130595207214e-02
6.289526820182800293e-01
-2.697393417358398438e+00
1.454246044158935547e+00
-2.823850393295288086e+00
2.907779514789581299e-01
-1.361949086189270020e+00
2.946482598781585693e-01
3.337284326553344727e-01
-1.546623110771179199e+00
1.500988602638244629e+00
3.750097155570983887e-01
-8.184669017791748047e-01
-1.058372020721435547e+00
-2.488571554422378540e-01
1.391918897628784180e+00
-7.783303409814834595e-02
-3.554877042770385742e-01
9.249510765075683594e-01
-9.036100506782531738e-01
1.929401040077209473e+00
9.320949912071228027e-01
2.087891250848770142e-01
-2.514188289642333984e-01
-1.072666883468627930e+00
-3.032890856266021729e-01
-8.309572935104370117e-01
-4.719126522541046143e-01
-1.581171989440917969e+00
2.231636524200439453e+00
6.304756402969360352e-01
2.629997730255126953e+00
-3.896149992942810059e-01
9.835591912269592285e-02
-3.780693709850311279e-01
3.681064248085021973e-01
1.148100569844245911e-01
1.077550351619720459e-01
1.084507465362548828e+00
-9.162912964820861816e-01
-1.217171549797058105e+00
-9.814485907554626465e-01
-5.266451239585876465e-01
-1.080906391143798828e+00
-4.422344565391540527e-01
