-7.139357924461364746e-01
-1.165722131729125977e+00
-5.648047924041748047e-01
4.811180531978607178e-01
3.158271610736846924e-01
-1.658536642789840698e-01
-1.302613496780395508e+00
2.124867916107177734e+00
-7.503625154495239258e-01
-1.430277705192565918e+00
1.610038518905639648e+00
-6.431449055671691895e-01
-1.041415929794311523e+00
-4.127262830734252930e-01
-1.146872282028198242e+00
1.154796004295349121e+00
-1.138266921043395996e-01
-1.343966603279113770e+00
2.540223300457000732e-01
1.874235272407531738e-01
5.340307950973510742e-01
8.166091442108154297e-01
1.489762514829635620e-01
-7.074691653251647949e-01
-2.484059333801269531e+00
5.544105768203735352e-01
7.267545461654663086e-01
1.308663725852966309e+00
2.721672356128692627e-01
2.691204249858856201e-01
3.249299824237823486e-01
-2.177500724792480469e+00
7.127656340599060059e-01
8.347236514091491699e-01
-6.205911040306091309e-01
2.138602495193481445e+00
1.517303138971328735e-01
-8.792552351951599121e-01
-5.203453898429870605e-01
-1.028106585144996643e-01
-2.995703220367431641e+00
-8.525792956352233887e-01
1.924287438392639160e+00
5.203986167907714844e-01
-5.560246855020523071e-02
2.337978482246398926e-01
5.749049037694931030e-02
-1.086110234260559082e+00
1.378388762474060059e+00
-1.194933056831359863e+00
-2.293167710304260254e-01
-1.248268961906433105e+00
-8.783727884292602539e-01
-5.577161908149719238e-01
-1.355628132820129395e+00
9.538183808326721191e-01
8.152590692043304443e-02
3.737342059612274170e-01
5.519816875457763672e-01
-8.198690414428710938e-01
-1.479555010795593262e+00
2.690850496292114258e+00
-3.224891662597656250e+00
-2.128108963370323181e-02
2.667782068252563477e+00
8.389294147491455078e-01
7.473413944244384766e-01
-1.327837705612182617e+00
-5.448458194732666016e-01
-8.517795205116271973e-01
-6.056492924690246582e-01
4.533954858779907227e-01
1.929407238960266113e+00
7.733056545257568359e-01
-4.786329269409179688e-01
-6.439071297645568848e-01
-1.276314854621887207e+00
1.658262014389038086e+00
-1.002844333648681641e+00
-1.333011150360107422e+00
1.718234181404113770e+00
-2.475982666015625000e+00
1.305838227272033691e+00
1.981049060821533203e+00
1.523679018020629883e+00
-1.724726676940917969e+00
-4.972836375236511230e-01
-1.053278684616088867e+00
-1.850242018699645996e-01
-2.185274213552474976e-01
4.773500859737396240e-01
-4.614873975515365601e-02
-8.271492719650268555e-01
4.646396338939666748e-01
2.713795900344848633e+00
-1.867969930171966553e-01
-6.029891371726989746e-01
-1.147298701107501984e-02
1.224750638008117676e+00
-1.079991459846496582e+00
-1.594864606857299805e+00
-5.499908924102783203e-01
-1.422017067670822144e-01
5.788192749023437500e-01
3.084648609161376953e+00
1.682284921407699585e-01
9.778400659561157227e-01
-1.030079007148742676e+00
7.362685799598693848e-01
-1.934986948966979980e+00
2.282726526260375977e+00
3.588337600231170654e-01
1.147542595863342285e+00
4.231808781623840332e-01
-1.673878073692321777e+00
-1.672462940216064453e+00
-1.050989627838134766e+00
1.641360640525817871e+00
3.687304854393005371e-01
6.916273832321166992e-01
2.773197889328002930e-01
6.184727549552917480e-01
1.705005884170532227e+00
-1.502296686172485352e+00
-3.237995803356170654e-01
-3.147903978824615479e-01
1.049993872642517090e+00
-9.886590838432312012e-01
