-7.026623487472534180e-01
4.692445993423461914e-01
-6.679804325103759766e-01
5.816948413848876953e-01
-1.109051182866096497e-01
1.153826951980590820e+00
-1.430009305477142334e-01
-1.222207665443420410e+00
-2.466885566711425781e+00
-2.129685640335083008e+00
-1.456989169120788574e+00
-6.923362612724304199e-01
4.758512973785400391e-01
2.066133618354797363e-01
-7.537797689437866211e-01
3.171606659889221191e-01
4.417000114917755127e-01
-4.257576167583465576e-01
-2.265934467315673828e+00
-4.696646630764007568e-01
1.970433712005615234e+00
-6.961932778358459473e-01
-2.206082046031951904e-01
1.790156602859497070e+00
-8.993264436721801758e-01
1.146658539772033691e+00
8.281111717224121094e-03
-2.808291196823120117e+00
-7.986620068550109863e-01
-4.808200895786285400e-01
1.354085922241210938e+00
6.230624858289957047e-03
-1.561717838048934937e-01
-1.041850566864013672e+00
1.054177805781364441e-01
2.150563001632690430e-01
2.221307277679443359e+00
7.431334853172302246e-01
-6.718244552612304688e-01
4.976264834403991699e-01
1.211640357971191406e+00
-7.581406831741333008e-01
1.430719614028930664e+00
1.003578975796699524e-01
5.979661941528320312e-01
-5.334668159484863281e-01
1.046720862388610840e+00
5.752724409103393555e-01
-1.135084271430969238e+00
-5.760353207588195801e-01
-1.167314499616622925e-01
9.476611614227294922e-01
3.731602057814598083e-02
-5.221509933471679688e-01
-1.356680393218994141e+00
6.206693053245544434e-01
-4.228847622871398926e-01
1.366357684135437012e+00
2.074171543121337891e+00
2.144962072372436523e+00
2.132971525192260742e+00
-1.034594893455505371e+00
9.609782099723815918e-01
1.477786421775817871e+00
-9.386590123176574707e-01
-1.423176527023315430e+00
1.512568712234497070e+00
5.142543911933898926e-01
-1.820604681968688965e+00
2.239757962524890900e-02
1.509060144424438477e+00
7.952025532722473145e-01
-1.649245023727416992e+00
6.058777570724487305e-01
1.967977583408355713e-01
-4.581315517425537109e-01
-1.943107098340988159e-01
5.132422447204589844e-01
1.634948551654815674e-01
-1.445474863052368164e+00
-1.645539879798889160e+00
-1.722189307212829590e+00
2.661795377731323242e+00
6.104047894477844238e-01
3.182728528976440430e+00
-2.609549760818481445e-01
-6.210660934448242188e-01
-1.175568819046020508e+00
-4.573389142751693726e-02
-2.317182272672653198e-01
-9.940898418426513672e-02
-1.581237912178039551e+00
-1.509920477867126465e+00
-3.982374370098114014e-01
6.651592254638671875e-01
-2.164503931999206543e-02
1.226893067359924316e+00
4.726580083370208740e-01
-4.141745343804359436e-02
1.423018097877502441e+00
1.267310529947280884e-01
1.460198044776916504e+00
9.393320418894290924e-03
1.454071998596191406e+00
-4.972814917564392090e-01
-1.401603937149047852e+00
-2.466632843017578125e+00
-1.140213832259178162e-01
-5.639294385910034180e-01
-2.154026746749877930e+00
1.959088921546936035e+00
-2.792165242135524750e-02
-1.776641607284545898e+00
2.845744609832763672e+00
-2.043111324310302734e+00
-1.005209922790527344e+00
7.508695721626281738e-01
1.279259920120239258e-01
-2.425421327352523804e-01
-5.432620048522949219e-01
3.356796503067016602e-01
-7.044743895530700684e-01
3.973606228828430176e-01
-7.394466400146484375e-01
-9.677989482879638672e-01
-3.905566632747650146e-01
2.181839942932128906e+00
-3.733283579349517822e-01
