1.650315999984741211e+00
-1.380237489938735962e-01
-2.788332998752593994e-01
3.024484515190124512e-01
2.790809631347656250e+00
7.245196700096130371e-01
-1.516352593898773193e-01
-6.560378670692443848e-01
-1.467857956886291504e+00
-2.064405202865600586e+00
7.993535399436950684e-01
9.760212302207946777e-01
-4.360691905021667480e-01
-1.673119068145751953e+00
-8.306602835655212402e-01
-1.697227120399475098e+00
-8.482180237770080566e-01
3.235025405883789062e-01
7.132588028907775879e-01
-8.199868202209472656e-01
2.490948587656021118e-01
8.569739460945129395e-01
1.302130103111267090e+00
1.385299682617187500e+00
-2.172547578811645508e+00
-8.610983937978744507e-02
-8.590769767761230469e-01
-9.053471088409423828e-01
1.489699363708496094e+00
2.871087491512298584e-01
6.159532666206359863e-01
-1.919213771820068359e+00
7.902886867523193359e-01
1.232434749603271484e+00
7.506566643714904785e-01
5.413506180047988892e-02
2.407524138689041138e-01
1.046940565109252930e+00
8.741026520729064941e-01
1.743752837181091309e+00
7.528809830546379089e-03
-1.312567114830017090e+00
1.527988195419311523e+00
-3.312000930309295654e-01
-2.299360483884811401e-01
-1.595345973968505859e+00
6.443623304367065430e-01
1.036850333213806152e+00
-1.994094491004943848e+00
1.568388104438781738e+00
-9.468708634376525879e-01
1.585180282592773438e+00
-7.311535477638244629e-01
1.992727220058441162e-01
-1.714009284973144531e+00
2.672355651855468750e+00
5.477436780929565430e-01
2.547547817230224609e+00
-3.936896026134490967e-01
-1.043483495712280273e+00
-7.810132503509521484e-01
-1.181405544281005859e+00
-1.072266936302185059e+00
7.070874571800231934e-01
-1.607174158096313477e+00
-6.882208585739135742e-01
1.458019971847534180e+00
1.451674699783325195e+00
-6.819623112678527832e-01
-8.914608955383300781e-01
-1.354751348495483398e+00
-1.929527282714843750e+00
-2.392684966325759888e-01
1.359153866767883301e+00
-3.870375752449035645e-01
-1.005666404962539673e-01
-1.136921420693397522e-01
1.069055438041687012e+00
-6.137985587120056152e-01
-2.310337685048580170e-02
1.582185745239257812e+00
-3.055191338062286377e-01
-2.172447741031646729e-01
4.595536291599273682e-01
-9.609301388263702393e-02
2.233007997274398804e-01
4.941481351852416992e-01
-1.017608642578125000e+00
6.248017307370901108e-03
-8.952065110206604004e-01
4.215379059314727783e-01
1.916021406650543213e-01
4.303674995899200439e-01
7.339708209037780762e-01
-7.154408693313598633e-01
-1.171683147549629211e-01
1.433792114257812500e+00
-1.549906849861145020e+00
-8.157689571380615234e-01
-1.644273996353149414e+00
-7.515023946762084961e-01
3.108957409858703613e-01
1.695537328720092773e+00
5.252596735954284668e-01
-2.387323856353759766e+00
4.746690094470977783e-01
-2.923253297805786133e+00
-1.258490204811096191e+00
1.664849877357482910e+00
-5.752539038658142090e-01
-7.587206959724426270e-01
9.977086782455444336e-01
1.751805067062377930e+00
1.911390572786331177e-01
8.291938155889511108e-02
-2.219837188720703125e+00
-8.105896711349487305e-01
3.871315419673919678e-01
-8.599593639373779297e-01
1.784259915351867676e+00
8.882443904876708984e-01
1.435942109674215317e-02
4.821526706218719482e-01
1.684627085924148560e-01
-1.011867523193359375e+00
1.316199183464050293e+00
-1.473875522613525391e+00
3.929785192012786865e-01
