-4.832133650779724121e-02
8.160234689712524414e-01
-1.942532360553741455e-01
-4.906832277774810791e-01
-2.013324260711669922e+00
1.430398672819137573e-01
1.011086225509643555e+00
2.882586717605590820e-01
1.274340450763702393e-01
1.487618833780288696e-01
1.607882022857666016e+00
5.579705834388732910e-01
4.889953732490539551e-01
-2.644876539707183838e-01
5.822151303291320801e-01
-1.902024626731872559e+00
-1.119156599044799805e+00
6.196090579032897949e-01
1.412069916725158691e+00
1.592775881290435791e-01
-1.258411169052124023e+00
9.842120110988616943e-02
1.443313598632812500e+00
1.756565928459167480e+00
-1.375600934028625488e+00
-3.156860172748565674e-01
-5.378527045249938965e-01
1.209453821182250977e+00
3.257016837596893311e-01
5.328078866004943848e-01
-2.265450000762939453e+00
-3.880842924118041992e+00
-1.210550427436828613e+00
1.869108796119689941e+00
-1.471923708915710449e+00
8.194089531898498535e-01
-9.851790666580200195e-01
-4.452851414680480957e-02
-1.627178490161895752e-01
1.778178334236145020e+00
-3.933458924293518066e-01
-2.744153738021850586e-01
2.057936668395996094e+00
1.407579898834228516e+00
-1.070493459701538086e+00
2.672729253768920898e+00
-1.880015254020690918e+00
3.437292098999023438e+00
-3.536083400249481201e-01
-5.944686532020568848e-01
-1.232138037681579590e+00
-8.147904276847839355e-02
1.639773488044738770e+00
-2.900610677897930145e-02
1.513259410858154297e-01
2.619026899337768555e-01
9.826327562332153320e-01
1.209372520446777344e+00
-3.106084585189819336e+00
6.016602516174316406e-01
-1.910733245313167572e-02
7.918637394905090332e-01
-1.670556426048278809e+00
-7.061238884925842285e-01
6.096788644790649414e-01
-1.175800919532775879e+00
1.970311403274536133e+00
4.246917963027954102e-01
9.384318590164184570e-01
-3.010833859443664551e-01
2.318282127380371094e-01
2.003503799438476562e+00
1.620861172676086426e+00
1.422258317470550537e-01
5.875141620635986328e-01
-2.005943775177001953e+00
5.365525931119918823e-02
-1.022766605019569397e-01
-8.402376621961593628e-02
-2.271947860717773438e+00
-2.592611789703369141e+00
-2.148762464523315430e+00
2.074384316802024841e-02
-1.157435297966003418e+00
1.664454042911529541e-01
-4.090377986431121826e-01
-1.744566917419433594e+00
1.151628494262695312e-01
1.317103862762451172e+00
4.620837867259979248e-01
1.797813177108764648e+00
-5.054105520248413086e-01
3.564489483833312988e-01
1.296715378761291504e+00
1.930873095989227295e-01
-5.322024971246719360e-02
1.619106411933898926e+00
7.214395701885223389e-02
7.230122089385986328e-01
2.042747259140014648e+00
-7.318853139877319336e-01
6.154515147209167480e-01
-7.860661149024963379e-01
4.846718311309814453e-01
2.216264963150024414e+00
2.234627008438110352e-01
-2.699776291847229004e-01
1.101585149765014648e+00
6.680877804756164551e-01
6.422139238566160202e-03
-1.719524860382080078e+00
4.974656403064727783e-01
-1.334326863288879395e+00
-1.025295138359069824e+00
5.268514752388000488e-01
-1.784908890724182129e+00
1.429328203201293945e+00
-2.620224952697753906e+00
-6.916904449462890625e-01
-2.075671702623367310e-01
4.345675706863403320e-01
2.197747379541397095e-01
-7.904923558235168457e-01
-3.580308258533477783e-01
-3.897355496883392334e-01
-5.543696284294128418e-01
-1.121748238801956177e-01
-2.035227298736572266e+00
