-4.360378384590148926e-01
1.155996561050415039e+00
-2.298668622970581055e-01
-5.983076095581054688e-01
-1.919925451278686523e+00
6.927198767662048340e-01
1.288099646568298340e+00
3.223628699779510498e-01
2.559135854244232178e-01
-7.563079707324504852e-03
1.465759873390197754e+00
1.080001592636108398e+00
3.348626494407653809e-01
-8.515138030052185059e-01
4.630748033523559570e-01
-2.189060211181640625e+00
-9.930298328399658203e-01
8.028929233551025391e-01
1.866289258003234863e+00
-1.336463391780853271e-01
-1.709558606147766113e+00
-1.500537618994712830e-02
1.005411028861999512e+00
1.736214756965637207e+00
-1.709558963775634766e+00
4.268882274627685547e-01
-2.864866256713867188e-01
6.770275235176086426e-01
7.129691839218139648e-01
3.885309994220733643e-01
-2.021238088607788086e+00
-4.197391986846923828e+00
-1.044867873191833496e+00
1.571917176246643066e+00
-1.703622341156005859e+00
1.042153000831604004e+00
-3.069742023944854736e-01
9.989127516746520996e-02
-7.259965538978576660e-01
1.560941338539123535e+00
-3.019255101680755615e-01
-2.973238527774810791e-01
2.028172254562377930e+00
1.124467372894287109e+00
-1.262266993522644043e+00
2.625392913818359375e+00
-1.728936553001403809e+00
3.148563146591186523e+00
-3.154126461595296860e-03
-1.292681455612182617e+00
-1.183446645736694336e+00
2.512053251266479492e-01
6.787015199661254883e-01
-1.251031011343002319e-01
-1.332220286130905151e-01
9.645129442214965820e-01
9.539793729782104492e-01
1.028208971023559570e+00
-2.835473775863647461e+00
-1.864263117313385010e-01
-7.455526292324066162e-02
1.562070727348327637e+00
-2.080007076263427734e+00
-8.936522603034973145e-01
2.745144069194793701e-01
-1.611073493957519531e+00
1.906449437141418457e+00
4.960575699806213379e-01
7.784419059753417969e-01
-3.571003973484039307e-01
3.652602061629295349e-02
1.562345862388610840e+00
1.585687041282653809e+00
1.387259066104888916e-01
1.494186520576477051e-01
-1.910572648048400879e+00
-6.326310038566589355e-01
3.576108217239379883e-01
6.391800194978713989e-02
-2.142825603485107422e+00
-3.022208213806152344e+00
-1.824432134628295898e+00
8.700013160705566406e-01
-1.280726075172424316e+00
2.709806263446807861e-01
1.722747981548309326e-01
-2.014077663421630859e+00
-5.625117570161819458e-02
1.278473258018493652e+00
9.575759172439575195e-01
2.237052917480468750e+00
-6.242768168449401855e-01
3.447261452674865723e-01
8.456385731697082520e-01
-2.879718840122222900e-01
9.443219006061553955e-02
1.605158925056457520e+00
-2.662692070007324219e-01
7.783619165420532227e-01
1.759626150131225586e+00
-1.258051633834838867e+00
2.299168109893798828e-01
-5.878073573112487793e-01
1.127179145812988281e+00
2.128510713577270508e+00
-2.538951337337493896e-01
-5.766679048538208008e-01
9.757407307624816895e-01
1.216021656990051270e+00
1.548957526683807373e-01
-1.182293534278869629e+00
7.238019704818725586e-01
-7.445400357246398926e-01
-6.494584083557128906e-01
1.068861261010169983e-01
-1.288266539573669434e+00
1.375450253486633301e+00
-2.518442630767822266e+00
-6.494221687316894531e-01
6.688615679740905762e-01
8.403963446617126465e-01
-4.626195877790451050e-02
-1.104894503951072693e-01
1.610704511404037476e-01
-2.820500433444976807e-01
-5.590664744377136230e-01
1.234980672597885132e-01
-2.216637134552001953e+00
