6.130781173706054688e-01
5.659369826316833496e-01
-4.948319494724273682e-01
-5.376878380775451660e-01
1.006716728210449219e+00
1.935925483703613281e+00
-1.108826518058776855e+00
-6.070854663848876953e-01
-1.049464643001556396e-01
-9.705390036106109619e-02
3.484380543231964111e-01
-4.371168315410614014e-01
-2.581623554229736328e+00
-3.423984944820404053e-01
-1.072885990142822266e-01
-6.480892300605773926e-01
-3.836949765682220459e-01
1.098111391067504883e+00
-1.241800934076309204e-01
-1.761153489351272583e-01
-2.225003242492675781e+00
9.227123260498046875e-01
1.189078927040100098e+00
8.164352178573608398e-01
-3.625879764556884766e+00
5.087285637855529785e-01
2.987801432609558105e-01
-3.554237782955169678e-01
1.327922582626342773e+00
-8.949003219604492188e-01
-4.117342829704284668e-01
7.737656682729721069e-02
2.152154684066772461e+00
-1.268085598945617676e+00
2.599891722202301025e-01
1.081837296485900879e+00
5.918150022625923157e-02
-3.820238411426544189e-01
-8.666692674160003662e-02
6.091917753219604492e-01
1.547868490219116211e+00
4.140413701534271240e-01
1.127298712730407715e+00
-1.112888336181640625e+00
-9.030789732933044434e-01
-1.225579619407653809e+00
-2.053357362747192383e+00
-1.503240108489990234e+00
1.274250149726867676e+00
1.261298418045043945e+00
2.739497423171997070e-01
-4.268925786018371582e-01
4.579887688159942627e-01
1.159781098365783691e+00
-7.401284575462341309e-01
2.160490751266479492e+00
2.985874414443969727e-01
2.582623004913330078e+00
-2.325927972793579102e+00
-1.521879136562347412e-01
-2.018971920013427734e+00
-1.319921731948852539e+00
1.260349750518798828e+00
-9.318653941154479980e-01
-1.513220548629760742e+00
-1.421553015708923340e+00
-1.371739268302917480e+00
-2.323366999626159668e-01
-1.328942626714706421e-01
-1.863846331834793091e-01
-1.887802839279174805e+00
-6.497519016265869141e-01
-2.319508075714111328e+00
2.154705286026000977e+00
3.758762478828430176e-01
9.821031093597412109e-01
1.299801468849182129e+00
1.583774328231811523e+00
-1.330492943525314331e-01
-9.356623142957687378e-02
3.990845978260040283e-01
-2.160948812961578369e-01
1.800975948572158813e-01
1.160807967185974121e+00
1.836683392524719238e+00
1.077544927597045898e+00
-2.323736846446990967e-01
-2.533435344696044922e+00
7.970812320709228516e-01
-1.563195228576660156e+00
4.161685407161712646e-01
4.065136611461639404e-01
7.236604690551757812e-01
2.757085800170898438e+00
-3.916020691394805908e-01
-1.852909207344055176e+00
1.328994989395141602e+00
-9.211015105247497559e-01
1.058451771736145020e+00
8.361084759235382080e-02
-1.518813073635101318e-01
8.676304221153259277e-01
-4.007332026958465576e-02
4.758293330669403076e-01
-2.192178726196289062e+00
2.125249356031417847e-01
-2.165029197931289673e-01
-1.401642799377441406e+00
3.164445757865905762e-01
-4.484246075153350830e-01
8.821169137954711914e-01
1.041786789894104004e+00
-8.070527315139770508e-01
-5.563875436782836914e-01
1.060465693473815918e+00
-4.328207969665527344e-01
7.841833233833312988e-01
5.557097792625427246e-01
-1.837056040763854980e+00
9.844452738761901855e-01
-1.793154716491699219e+00
1.178850054740905762e+00
-5.360251665115356445e-01
-2.642845809459686279e-01
-5.767919421195983887e-01
1.377630531787872314e-01
-1.475936770439147949e+00
2.086802482604980469e+00
