7.884953022003173828e-01
-2.147438377141952515e-01
-5.835451483726501465e-01
-3.074047803878784180e+00
1.267028689384460449e+00
-9.743916988372802734e-02
2.061823129653930664e+00
-6.477661132812500000e-01
4.868741929531097412e-01
-1.428311586380004883e+00
7.705497741699218750e-02
4.153065755963325500e-02
7.801027894020080566e-01
5.232139304280281067e-02
-5.530586838722229004e-01
1.708523988723754883e+00
-5.706567764282226562e-01
-2.039308547973632812e-01
-1.048041462898254395e+00
8.525687456130981445e-01
-5.748046040534973145e-01
-1.408740431070327759e-01
-3.579924106597900391e-01
2.755312442779541016e+00
-5.241311192512512207e-01
-1.891749382019042969e+00
-4.623704552650451660e-01
1.311203479766845703e+00
-9.602119922637939453e-01
1.233813166618347168e+00
-8.549335598945617676e-01
-1.533859133720397949e+00
9.828441590070724487e-02
2.185046434402465820e+00
-1.502878069877624512e-01
7.409162074327468872e-02
-4.343264400959014893e-01
-8.021122962236404419e-02
4.914337992668151855e-01
1.932783573865890503e-01
8.676325678825378418e-01
1.801456689834594727e+00
1.080811500549316406e+00
8.865861296653747559e-01
-8.966618776321411133e-01
-3.149189710617065430e+00
-7.373970001935958862e-02
2.888304471969604492e+00
-6.662006974220275879e-01
1.759328961372375488e+00
1.161016345024108887e+00
-1.307191848754882812e+00
9.224090576171875000e-01
3.145251870155334473e-01
1.388955235481262207e+00
-2.079823970794677734e+00
9.642962217330932617e-01
6.043946146965026855e-01
-9.172964096069335938e-01
1.840633273124694824e+00
-5.498344302177429199e-01
-4.586404561996459961e-01
9.489763379096984863e-01
1.331854939460754395e+00
1.201203227043151855e+00
-5.700819194316864014e-02
2.820683270692825317e-02
1.780483603477478027e+00
7.185317575931549072e-02
-2.557882666587829590e-01
-2.954150363802909851e-02
3.196758031845092773e-01
-1.789774060249328613e+00
-5.608901381492614746e-01
1.841342002153396606e-01
-5.694456100463867188e-01
4.935683608055114746e-01
2.385426014661788940e-01
-2.937231957912445068e-01
-3.298533439636230469e+00
4.556373357772827148e-01
-1.094600558280944824e+00
-2.029355168342590332e-01
-6.154754161834716797e-01
2.804454326629638672e+00
2.736819684505462646e-01
-2.524372749030590057e-02
2.102327823638916016e+00
4.218786582350730896e-02
-2.248096704483032227e+00
-4.222333729267120361e-01
-1.144885301589965820e+00
-1.485728740692138672e+00
1.111403331160545349e-01
6.489667892456054688e-01
-2.132997065782546997e-01
5.048914551734924316e-01
-2.351602315902709961e-01
3.732825517654418945e-01
7.802702188491821289e-01
1.156485080718994141e+00
7.214255332946777344e-01
-1.877272367477416992e+00
1.078728914260864258e+00
4.430570304393768311e-01
-2.173010855913162231e-01
7.324943542480468750e-01
4.711258709430694580e-01
8.962678313255310059e-01
-2.509992361068725586e+00
-7.436912059783935547e-01
-1.994843125343322754e+00
-1.483723282814025879e+00
-1.123267173767089844e+00
3.306123495101928711e+00
8.577151298522949219e-01
-4.705949723720550537e-01
-2.088146686553955078e+00
-2.234470367431640625e+00
1.414207696914672852e+00
1.980284333229064941e+00
-7.428770065307617188e-01
-8.493577241897583008e-01
-9.796993136405944824e-01
2.011396288871765137e-01
-2.141895294189453125e+00
-3.527133166790008545e-01
-8.635628223419189453e-01
