1.798351407051086426e-01
2.713815867900848389e-01
5.545987486839294434e-01
1.646983176469802856e-01
3.084420263767242432e-01
-5.753789544105529785e-01
8.839710354804992676e-01
-3.768525719642639160e-01
-4.498015642166137695e-01
-3.095334529876708984e+00
4.908172190189361572e-01
-2.231971502304077148e+00
1.150129795074462891e+00
-2.045771837234497070e+00
8.622531890869140625e-01
-1.040983200073242188e+00
-2.035811901092529297e+00
2.489997148513793945e+00
-2.110355854034423828e+00
8.675989508628845215e-01
1.455727458000183105e+00
-1.194562673568725586e+00
2.520039975643157959e-01
-3.889773190021514893e-01
-1.670455932617187500e-01
3.786056637763977051e-01
1.822211742401123047e+00
7.867350578308105469e-01
1.903024315834045410e-01
3.331925392150878906e+00
-4.621187448501586914e-01
-1.101473689079284668e+00
-6.633646488189697266e-01
1.808605432510375977e+00
-4.568195343017578125e-01
-1.535405158996582031e+00
-1.020223259925842285e+00
-1.348824024200439453e+00
-1.884282231330871582e-01
3.204704076051712036e-02
-6.982893347740173340e-01
-9.964078664779663086e-01
1.693615078926086426e+00
2.138473272323608398e+00
-4.387190341949462891e-01
2.527656793594360352e+00
1.815683692693710327e-01
1.100369095802307129e+00
-2.026938050985336304e-01
9.890669584274291992e-01
-7.216941118240356445e-01
-2.080666542053222656e+00
6.320987939834594727e-01
1.109549880027770996e+00
4.425151646137237549e-01
1.430875897407531738e+00
1.578107476234436035e+00
-1.199101284146308899e-01
-6.568750541191548109e-05
1.308576583862304688e+00
5.166177749633789062e-01
-1.073586940765380859e+00
-3.024899721145629883e+00
4.052558243274688721e-01
4.717022776603698730e-01
-8.307092189788818359e-01
-9.975983202457427979e-02
-1.372530609369277954e-01
-1.364534944295883179e-01
1.815553545951843262e+00
-2.790079712867736816e-01
-1.197673678398132324e+00
-6.918605417013168335e-02
9.207323789596557617e-01
9.531597048044204712e-02
1.081479430198669434e+00
1.612907886505126953e+00
-1.240116208791732788e-01
-4.939874410629272461e-01
-7.875609993934631348e-01
-2.225222736597061157e-01
-1.670954108238220215e+00
-3.620382547378540039e-01
-2.958177328109741211e-01
-1.184497326612472534e-01
-1.559077739715576172e+00
-1.195885300636291504e+00
-1.446354746818542480e+00
6.648869514465332031e-01
1.294962167739868164e-01
-2.487595081329345703e-01
-2.749401092529296875e+00
-4.382601678371429443e-01
1.499967098236083984e+00
-1.986385226249694824e+00
-2.235887199640274048e-01
1.324418544769287109e+00
2.108270645141601562e+00
-5.283010005950927734e-01
7.976971268653869629e-01
2.133503854274749756e-01
7.567002773284912109e-01
1.064201831817626953e+00
-1.175486445426940918e-01
2.848999261856079102e+00
8.483085036277770996e-01
-7.436014711856842041e-02
-9.401646256446838379e-01
-2.978292405605316162e-01
4.433704912662506104e-01
9.804747700691223145e-01
2.428142577409744263e-01
-5.298247337341308594e-01
-1.040527105331420898e+00
-6.311481446027755737e-02
-1.466809749603271484e+00
1.138213515281677246e+00
-4.862277507781982422e-01
-1.972706675529479980e+00
-8.987965583801269531e-01
-1.494772315025329590e+00
-2.265357077121734619e-01
-6.356172561645507812e-01
9.275869727134704590e-01
-1.093225479125976562e+00
-1.647603958845138550e-01
2.084936574101448059e-02
2.722703456878662109e+00
