4.688253700733184814e-01
1.630474805831909180e+00
8.129225671291351318e-02
1.296792477369308472e-01
2.356251478195190430e+00
3.502641916275024414e-01
-3.779062330722808838e-01
-2.281738668680191040e-01
-3.959459960460662842e-01
-6.827756166458129883e-01
6.671167016029357910e-01
1.201074838638305664e+00
3.318810462951660156e-01
-3.059285879135131836e+00
1.208243608474731445e+00
-3.090832233428955078e-01
1.227641999721527100e-01
2.521965205669403076e-01
-5.477487444877624512e-01
-5.995498299598693848e-01
-4.946311414241790771e-01
-3.991669118404388428e-01
3.176525831222534180e-01
1.621586561203002930e+00
-4.255611598491668701e-01
-1.283521652221679688e+00
-5.951229333877563477e-01
-6.465407609939575195e-01
-4.607585966587066650e-01
2.278201103210449219e+00
-1.730134367942810059e+00
9.836084246635437012e-01
-1.164045691490173340e+00
4.675992131233215332e-01
-1.229718551039695740e-01
-4.386870563030242920e-01
8.500208258628845215e-01
-5.491020157933235168e-02
-2.552976369857788086e+00
-2.344756126403808594e+00
1.581110835075378418e+00
-2.744671404361724854e-01
2.865496873855590820e+00
1.458474755287170410e+00
-9.159128069877624512e-01
-1.708751082420349121e+00
9.105872362852096558e-03
2.849202632904052734e+00
-7.889379262924194336e-01
-4.031006693840026855e-01
2.420598506927490234e+00
-8.686866760253906250e-01
1.817950904369354248e-01
-1.010013818740844727e+00
4.163299500942230225e-02
-2.753929048776626587e-02
7.188776731491088867e-01
9.944561719894409180e-01
4.126337468624114990e-01
9.612210392951965332e-01
-5.142387747764587402e-01
1.122110843658447266e+00
1.104577064514160156e+00
1.194149732589721680e+00
3.064894676208496094e-01
-9.428113102912902832e-01
5.356739163398742676e-01
2.306597977876663208e-01
3.062505722045898438e-01
-4.658972099423408508e-02
3.202124536037445068e-01
2.685852289199829102e+00
8.265975713729858398e-01
-1.247794508934020996e+00
-1.376076340675354004e+00
-1.121503710746765137e+00
6.128643155097961426e-01
-5.217614769935607910e-01
-3.330229595303535461e-02
-2.580473899841308594e+00
-9.001889228820800781e-01
-1.707095026969909668e+00
-3.030628263950347900e-01
-7.893297076225280762e-01
1.247814178466796875e+00
-4.222534298896789551e-01
-9.124384522438049316e-01
9.953397512435913086e-01
-1.314152717590332031e+00
8.135672807693481445e-01
1.499475717544555664e+00
-2.130533695220947266e+00
4.651394188404083252e-01
6.142970323562622070e-01
3.831788301467895508e-01
-4.558364152908325195e-01
3.536316871643066406e+00
-8.788558840751647949e-01
-8.856046199798583984e-01
-1.452466607093811035e+00
-3.719502389430999756e-01
1.344403982162475586e+00
-5.935725569725036621e-01
-3.622581660747528076e-01
3.515967726707458496e-01
-3.309473693370819092e-01
-1.823051720857620239e-01
7.238023281097412109e-01
1.888859272003173828e-01
1.152304172515869141e+00
-1.195096254348754883e+00
-3.450884521007537842e-01
-4.561716318130493164e-01
-3.959943056106567383e+00
2.508577406406402588e-01
-1.344043374061584473e+00
-4.057942628860473633e-01
-2.931439578533172607e-01
7.891934365034103394e-02
2.872258424758911133e-01
-1.430003285408020020e+00
-4.082336723804473877e-01
8.290550112724304199e-01
-2.364149093627929688e-01
1.376266032457351685e-01
-1.133517175912857056e-01
-4.478099644184112549e-01
6.908474862575531006e-02
