-4.104509353637695312e-01
-1.178565099835395813e-01
1.750584840774536133e-01
3.160533308982849121e-01
-7.782446146011352539e-01
-2.129761695861816406e+00
2.049126386642456055e+00
-9.337505102157592773e-01
-2.625664472579956055e+00
9.824837446212768555e-01
-1.026791214942932129e+00
1.282006949186325073e-01
-1.083827853202819824e+00
-2.566718578338623047e+00
3.214311361312866211e+00
1.860112905502319336e+00
-5.962815880775451660e-01
9.507570266723632812e-01
-8.808009624481201172e-01
6.529241204261779785e-01
2.808933496475219727e+00
1.016315579414367676e+00
4.112921655178070068e-01
1.343487501144409180e+00
-1.757790088653564453e+00
-1.000752806663513184e+00
-1.135217428207397461e+00
3.368715345859527588e-01
-1.072662696242332458e-01
9.297032952308654785e-01
-6.881296038627624512e-01
3.681258857250213623e-01
-1.517811179161071777e+00
1.143567442893981934e+00
1.706210255622863770e+00
-5.864061117172241211e-01
1.624055504798889160e+00
-3.531663492321968079e-02
-7.989879846572875977e-01
-2.751350879669189453e+00
2.944657206535339355e-01
2.102175474166870117e+00
1.846913933753967285e+00
-4.068960249423980713e-02
-1.060297608375549316e+00
1.013117432594299316e+00
-8.110164403915405273e-01
1.181600809097290039e+00
9.807360172271728516e-01
2.171072483062744141e+00
6.226097345352172852e-01
-3.519743084907531738e-01
-2.166213035583496094e+00
-7.828598022460937500e-01
-4.839898645877838135e-01
2.606326639652252197e-01
1.315821528434753418e+00
5.091876387596130371e-01
-9.563174843788146973e-01
1.273803353309631348e+00
1.463797330856323242e+00
-6.633818149566650391e-01
1.013519048690795898e+00
-1.158450245857238770e+00
4.139519631862640381e-01
8.532056808471679688e-01
1.913772463798522949e+00
-1.745675444602966309e+00
-1.295800954103469849e-01
1.827314198017120361e-01
4.664650857448577881e-01
5.363009572029113770e-01
1.718626379966735840e+00
3.786912858486175537e-01
1.296839594841003418e+00
-6.921747922897338867e-01
4.178102314472198486e-01
-8.574988842010498047e-01
1.072509646415710449e+00
-1.854964852333068848e+00
-2.486621141433715820e-01
-4.096300303936004639e-01
-2.473305165767669678e-01
-2.199319899082183838e-01
1.869765967130661011e-01
-6.673349738121032715e-01
4.933087155222892761e-02
-3.112097382545471191e-01
-1.694611310958862305e+00
-1.229008913040161133e+00
1.702466845512390137e+00
-1.309347033500671387e+00
1.086513474583625793e-01
-1.150649070739746094e+00
-1.732660770416259766e+00
-2.247057437896728516e+00
1.272691965103149414e+00
2.078135490417480469e+00
2.631795704364776611e-01
7.489171624183654785e-02
1.040571808815002441e+00
5.626205205917358398e-01
1.275390267372131348e+00
-3.485896289348602295e-01
5.169353485107421875e-01
1.285086393356323242e+00
-2.108755826950073242e+00
3.632351160049438477e-01
2.994232177734375000e-01
-3.952952921390533447e-01
5.504126548767089844e-01
-9.852427840232849121e-01
-1.517446637153625488e+00
-2.985039651393890381e-01
1.265155315399169922e+00
-9.124940037727355957e-01
3.324499726295471191e-01
1.375682801008224487e-01
-1.676813244819641113e+00
-7.332884073257446289e-01
-2.073965072631835938e+00
-5.909681916236877441e-01
-9.975386261940002441e-01
-2.295995235443115234e+00
-1.431999057531356812e-01
1.060475468635559082e+00
-1.643121480941772461e+00
4.785781800746917725e-01
