1.005941867828369141e+00
1.052428126335144043e+00
1.863996386528015137e-01
5.049887299537658691e-01
-2.393621485680341721e-03
2.290095329284667969e+00
1.651087641716003418e+00
8.841512203216552734e-01
-7.048838138580322266e-01
-2.940693795680999756e-01
8.134039044380187988e-01
7.209333777427673340e-01
3.576168775558471680e+00
1.807392835617065430e-01
-3.188275396823883057e-01
3.105402886867523193e-01
2.022485136985778809e-01
1.554681181907653809e+00
-3.262678086757659912e-01
1.097754836082458496e+00
2.139221668243408203e+00
-1.848799824714660645e+00
2.095162272453308105e-01
1.103417649865150452e-01
-1.895691514015197754e+00
3.748879432678222656e-01
1.673473477363586426e+00
-1.188666105270385742e+00
-1.247227907180786133e+00
5.548726916313171387e-01
-1.079519689083099365e-01
-1.454473495483398438e+00
-7.748853564262390137e-01
1.051623582839965820e+00
-1.467036366462707520e+00
8.784068822860717773e-01
-5.686380267143249512e-01
-1.770663261413574219e+00
-1.673352360725402832e+00
-2.756690979003906250e+00
-1.613287091255187988e+00
-4.139712750911712646e-01
1.544924974441528320e+00
1.477164626121520996e+00
1.218255281448364258e+00
2.608207762241363525e-01
1.872356534004211426e-01
8.904852904379367828e-03
1.083265304565429688e+00
1.350600600242614746e+00
-3.916193246841430664e-01
-6.753854751586914062e-01
-1.539970159530639648e+00
-2.076220810413360596e-01
-2.404008209705352783e-01
-1.392854452133178711e-01
4.795759320259094238e-01
2.881475448608398438e+00
1.111113578081130981e-01
1.841912567615509033e-01
-8.976443409919738770e-01
2.995252907276153564e-01
2.223622083663940430e+00
1.700873851776123047e+00
1.912382841110229492e-01
6.498661041259765625e-01
1.237553238868713379e+00
-1.632135063409805298e-01
1.143044829368591309e+00
2.331413626670837402e-01
-1.208165049552917480e+00
3.015743017196655273e+00
8.450194597244262695e-01
4.996375143527984619e-01
-7.089242935180664062e-01
-3.003052473068237305e+00
-8.045688867568969727e-01
-5.679224729537963867e-01
-1.673115068115293980e-03
-1.196206092834472656e+00
-3.079681873321533203e+00
-6.728229522705078125e-01
-1.736419051885604858e-01
-3.633136153221130371e-01
8.384922742843627930e-01
-1.298873662948608398e+00
-2.999953508377075195e+00
1.132633462548255920e-01
1.424681663513183594e+00
-1.049780249595642090e-01
7.131645679473876953e-01
-2.320909738540649414e+00
1.839110702276229858e-01
-9.585843086242675781e-01
8.355839252471923828e-01
-5.960632488131523132e-02
-6.588910222053527832e-01
-2.644689083099365234e+00
-7.866455316543579102e-01
-1.871800899505615234e+00
-2.220943868160247803e-01
1.409648299217224121e+00
-8.864879608154296875e-01
3.114792108535766602e-01
-1.454669117927551270e+00
3.790302276611328125e-01
1.567016988992691040e-01
7.388541847467422485e-02
2.721946716308593750e+00
8.643054962158203125e-02
-9.012162685394287109e-01
1.867165684700012207e+00
-9.395032525062561035e-01
-1.064906120300292969e+00
9.359928965568542480e-01
-2.285566329956054688e-01
-9.306104779243469238e-01
-1.896947145462036133e+00
1.351049840450286865e-01
-4.501990377902984619e-01
5.197106599807739258e-01
2.225667983293533325e-02
-8.301166296005249023e-01
-3.690693378448486328e-01
-7.386301755905151367e-01
7.167139649391174316e-01
9.226050972938537598e-01
-2.675571478903293610e-02
