-7.243504524230957031e-01
-4.732167124748229980e-01
-3.333613276481628418e-01
3.268298804759979248e-01
-2.169677972793579102e+00
5.420473217964172363e-01
-8.673700690269470215e-01
1.559903323650360107e-01
1.211178064346313477e+00
-6.672459244728088379e-01
1.172905683517456055e+00
1.316989492624998093e-02
5.470768809318542480e-01
-1.072403863072395325e-01
1.764874219894409180e+00
-1.363631486892700195e+00
-3.811943233013153076e-01
1.331045776605606079e-01
3.738426566123962402e-01
1.170459985733032227e+00
-2.487904429435729980e-01
-1.477262496948242188e+00
7.716366648674011230e-01
4.561392068862915039e-01
-3.043102920055389404e-01
-2.261123895645141602e+00
1.727564334869384766e+00
-8.640770912170410156e-01
-1.251238822937011719e+00
-1.772318631410598755e-01
-7.495337128639221191e-01
-2.989428281784057617e+00
-2.454632520675659180e+00
-1.861231327056884766e+00
-2.092460542917251587e-01
6.823553442955017090e-01
4.471045136451721191e-01
8.828284144401550293e-01
1.031218409538269043e+00
1.078088432550430298e-01
-1.213042020797729492e+00
2.001046895980834961e+00
1.780207037925720215e+00
3.384335279464721680e+00
-2.974718809127807617e-01
-1.540054082870483398e+00
-5.029509663581848145e-01
2.118371725082397461e+00
-1.586368232965469360e-01
-1.725571513175964355e+00
-1.789393424987792969e-01
-9.297103285789489746e-01
2.415611267089843750e+00
-1.636255085468292236e-01
-4.908006489276885986e-01
-4.902852773666381836e-01
2.650205850601196289e+00
-5.806035399436950684e-01
4.298205673694610596e-01
1.684002280235290527e+00
4.408282637596130371e-01
1.473232388496398926e+00
-2.421901971101760864e-01
1.083331227302551270e+00
2.477507114410400391e+00
-7.714024186134338379e-01
1.405612468719482422e+00
-6.788896322250366211e-01
1.117523431777954102e+00
9.464953094720840454e-02
-5.219286680221557617e-01
-1.578348994255065918e+00
9.604478478431701660e-01
3.635407984256744385e-01
-5.532848834991455078e-01
-1.883696913719177246e+00
-1.022341966629028320e+00
-1.342251658439636230e+00
-3.749768733978271484e-01
-1.726677656173706055e+00
2.131135761737823486e-01
-2.244086027145385742e+00
-3.186710834503173828e+00
-7.970108389854431152e-01
1.708923101425170898e+00
-9.218217134475708008e-01
-1.551921367645263672e-01
-2.182214111089706421e-01
-3.018198490142822266e+00
8.859390765428543091e-02
1.831403851509094238e+00
-4.257121682167053223e-01
-4.642176628112792969e-02
4.032160043716430664e-01
3.355392813682556152e-01
-2.897418737411499023e-01
-2.482860833406448364e-01
2.567017078399658203e+00
-6.582772731781005859e-01
2.887269258499145508e+00
-6.048257350921630859e-01
-5.634040832519531250e-01
-6.185523867607116699e-01
-3.081827759742736816e-01
1.063004612922668457e+00
5.630109310150146484e-01
-9.277127683162689209e-02
4.368662536144256592e-01
4.451780617237091064e-01
4.412478208541870117e-02
6.792979240417480469e-01
6.253163814544677734e-01
-9.311844110488891602e-01
4.039196074008941650e-01
9.457611441612243652e-01
-9.717146307229995728e-02
2.242501974105834961e+00
9.520977735519409180e-01
-1.713119894266128540e-01
-9.628686308860778809e-01
6.377351880073547363e-01
-1.912920475006103516e+00
-5.111988782882690430e-01
-1.513467669486999512e+00
-4.960321485996246338e-01
-1.727988958358764648e+00
1.238099455833435059e+00
2.150179862976074219e+00
