-9.006506800651550293e-01
8.814787268638610840e-01
-1.962704956531524658e-01
9.057547450065612793e-01
1.081109642982482910e+00
-1.035714894533157349e-01
2.605574950575828552e-02
-1.113913297653198242e+00
-1.207940101623535156e+00
-2.009598612785339355e-01
3.723191320896148682e-01
1.300631642341613770e+00
4.352107644081115723e-01
-2.600541114807128906e-01
-9.868535995483398438e-01
-4.027750790119171143e-01
9.633001089096069336e-01
1.107109427452087402e+00
5.995125044137239456e-03
-4.397837519645690918e-01
4.466669261455535889e-01
-2.940842628479003906e+00
-6.069281697273254395e-02
2.209889411926269531e+00
-1.730537712574005127e-01
-6.360318064689636230e-01
4.700683951377868652e-01
-7.718005776405334473e-01
-3.164776086807250977e+00
-5.317755937576293945e-01
2.709174454212188721e-01
-7.743332535028457642e-02
4.850796759128570557e-01
1.265235781669616699e+00
1.950908184051513672e+00
2.298128306865692139e-01
1.014199376106262207e+00
1.418409466743469238e+00
9.414864331483840942e-02
-5.645381212234497070e-01
-2.238719016313552856e-01
-6.769261956214904785e-01
1.731079220771789551e+00
1.258149385452270508e+00
8.691436052322387695e-01
-4.679327607154846191e-01
1.134000811725854874e-02
3.434041738510131836e-01
8.113138079643249512e-01
-1.349570512771606445e+00
-9.262618422508239746e-01
-6.873349547386169434e-01
4.507044553756713867e-01
-9.976778030395507812e-01
-1.501316070556640625e+00
-1.372071504592895508e+00
2.066057920455932617e-01
2.459611654281616211e+00
5.197536349296569824e-01
3.102882623672485352e+00
1.321748971939086914e+00
-2.391171157360076904e-01
2.482502460479736328e+00
2.459934502840042114e-01
-6.116138696670532227e-01
-2.310329914093017578e+00
-1.109096169471740723e+00
6.181775331497192383e-01
1.928483247756958008e+00
1.343717932701110840e+00
4.315959289669990540e-02
-9.124773144721984863e-01
4.854331016540527344e-01
-2.424257248640060425e-01
-6.338807940483093262e-01
2.755110561847686768e-01
7.642902731895446777e-01
-2.830912172794342041e-02
-1.452174663543701172e+00
-1.416161298751831055e+00
-3.489963412284851074e-01
-2.477486848831176758e+00
1.726251602172851562e+00
-1.398185491561889648e+00
1.884117484092712402e+00
-1.216202974319458008e+00
-2.966487646102905273e+00
-1.582402437925338745e-01
1.504017829895019531e+00
1.913817048072814941e+00
9.255276322364807129e-01
-1.795997321605682373e-01
9.632317423820495605e-01
4.574794173240661621e-01
1.203386068344116211e+00
5.156111121177673340e-01
1.431450724601745605e+00
3.110388815402984619e-01
-1.725950479507446289e+00
-2.199678659439086914e+00
-5.115512013435363770e-01
6.796914935111999512e-01
1.300984341651201248e-02
1.170176148414611816e+00
1.872467756271362305e+00
-3.377472609281539917e-02
1.027794554829597473e-01
9.454905986785888672e-02
7.371301651000976562e-01
-4.643502235412597656e-01
-2.207265138626098633e+00
9.832782149314880371e-01
-2.192163944244384766e+00
-9.424908161163330078e-01
5.257439613342285156e-01
-1.673036932945251465e+00
-5.699443817138671875e-01
-6.024681925773620605e-01
-1.297055959701538086e+00
-8.707135319709777832e-01
-7.147392034530639648e-01
-1.059230327606201172e+00
1.052930235862731934e+00
8.541144728660583496e-01
-8.726104497909545898e-01
-1.324996352195739746e+00
4.249801039695739746e-01
-2.609722316265106201e-01
