2.433407545089721680e+00
-7.011124491691589355e-01
-3.898106813430786133e-01
-3.015551343560218811e-02
-1.416580677032470703e+00
-1.268459916114807129e+00
3.426391780376434326e-01
4.282347857952117920e-01
-5.476397275924682617e-01
-1.213780045509338379e+00
3.153302371501922607e-01
-9.532486796379089355e-01
1.733575314283370972e-01
7.931940555572509766e-01
1.842968225479125977e+00
-1.674660891294479370e-01
-6.975039243698120117e-01
6.188979148864746094e-01
-4.153213977813720703e+00
1.815626502037048340e+00
5.208936929702758789e-01
-1.605852842330932617e+00
-1.275474429130554199e-01
4.376782476902008057e-01
-1.870348811149597168e+00
1.622203946113586426e+00
8.015494346618652344e-01
-5.165538191795349121e-01
-5.790123939514160156e-01
1.242820978164672852e+00
-1.500406503677368164e+00
2.770646214485168457e-01
-7.234863042831420898e-01
-4.722594022750854492e-01
-5.318005084991455078e-01
-4.721176922321319580e-01
8.603399991989135742e-01
-1.641179203987121582e+00
-1.575749635696411133e+00
5.939862728118896484e-01
1.815027356147766113e+00
-1.918042182922363281e+00
4.824009239673614502e-01
2.675360679626464844e+00
6.062663197517395020e-01
-7.330142855644226074e-01
2.125028848648071289e+00
2.721230268478393555e+00
4.597874879837036133e-01
-8.494620919227600098e-01
-7.753998637199401855e-01
-1.030851960182189941e+00
7.489268183708190918e-01
-9.077022075653076172e-01
4.988275766372680664e-01
1.105593800544738770e+00
-8.534064292907714844e-01
8.005061149597167969e-01
2.638357639312744141e+00
5.646165609359741211e-01
-2.400906085968017578e-01
1.003843665122985840e+00
-1.640457957983016968e-01
3.097817420959472656e+00
3.718472719192504883e-01
-1.308717370033264160e+00
6.057565212249755859e-01
5.009174942970275879e-01
-2.369020938873291016e+00
-7.670120894908905029e-02
2.418316304683685303e-01
-1.005445957183837891e+00
-8.624302148818969727e-01
1.184084653854370117e+00
7.209209799766540527e-01
-1.517703175544738770e+00
-1.538484573364257812e+00
-2.337376356124877930e+00
8.634965419769287109e-01
-3.451291322708129883e-01
3.065563738346099854e-01
-1.969856955111026764e-02
-7.673200368881225586e-01
-3.355123400688171387e-01
1.401156783103942871e+00
-2.480964660644531250e+00
-1.133456110954284668e+00
-1.513174295425415039e+00
-3.594010174274444580e-01
-4.014591500163078308e-02
7.811641097068786621e-01
-2.401513814926147461e+00
4.702411293983459473e-01
1.317456007003784180e+00
1.210479259490966797e+00
6.070252656936645508e-01
-2.531448379158973694e-02
-7.694681882858276367e-01
-1.363511443138122559e+00
1.800969392061233521e-01
-1.098096609115600586e+00
-1.627636194229125977e+00
1.604886800050735474e-01
9.375312328338623047e-01
3.659387588500976562e+00
3.684139847755432129e-01
1.858415126800537109e+00
-1.012356653809547424e-01
4.602575004100799561e-01
-6.273720264434814453e-01
1.363488435745239258e+00
1.834557652473449707e+00
-1.461568176746368408e-01
-5.362428426742553711e-01
2.290046513080596924e-01
-1.286660075187683105e+00
-5.642113685607910156e-01
1.274561882019042969e+00
-9.052569866180419922e-01
7.618549466133117676e-02
9.614162445068359375e-01
-1.173714518547058105e+00
-7.590763568878173828e-01
-8.619549870491027832e-01
-4.259768724441528320e-01
2.793726921081542969e+00
-6.605221629142761230e-01
5.463234782218933105e-01
