-2.118766069412231445e+00
-4.101161956787109375e-01
-9.337355494499206543e-01
3.113556504249572754e-01
1.725806713104248047e+00
4.621880948543548584e-01
-9.093019366264343262e-01
1.215619325637817383e+00
6.116560101509094238e-02
-6.353983879089355469e-01
-7.883371114730834961e-01
9.270400404930114746e-01
1.742995977401733398e+00
-4.963872730731964111e-01
1.320843249559402466e-01
1.654936432838439941e+00
-2.098795473575592041e-01
8.994522094726562500e-01
-6.663144230842590332e-01
-1.452188789844512939e-01
8.404682278633117676e-01
-1.109543204307556152e+00
-1.928900718688964844e+00
6.725927591323852539e-01
-2.394264221191406250e+00
8.371493816375732422e-01
1.105775237083435059e+00
-1.996346950531005859e+00
-6.125838309526443481e-02
1.789719223976135254e+00
1.007445454597473145e+00
-3.378763437271118164e+00
-2.366918802261352539e+00
4.700635969638824463e-01
8.930169343948364258e-01
2.272881716489791870e-01
2.823056876659393311e-01
-4.592219293117523193e-01
-1.189600229263305664e+00
2.622902691364288330e-01
-7.031179070472717285e-01
-1.779125690460205078e+00
1.401574492454528809e+00
-2.497995831072330475e-02
-1.931369066238403320e+00
2.890762805938720703e+00
-3.073726296424865723e-01
1.131339550018310547e+00
-1.357163786888122559e-01
-8.938424587249755859e-01
-9.084317088127136230e-01
9.971094727516174316e-01
-1.441043734550476074e+00
6.869636774063110352e-01
2.023526839911937714e-02
1.396055668592453003e-01
2.517334461212158203e+00
-9.877050518989562988e-01
-8.339992165565490723e-02
8.539977669715881348e-01
6.324449181556701660e-01
2.693203687667846680e+00
-6.185524463653564453e-01
-2.032782882452011108e-01
1.951956868171691895e+00
-4.959825053811073303e-02
2.301325082778930664e+00
-3.804541826248168945e-01
4.363606274127960205e-01
-1.196824908256530762e+00
5.785856246948242188e-01
-1.719790339469909668e+00
7.804942131042480469e-01
-3.420172259211540222e-02
-1.707201480865478516e+00
-1.246820807456970215e+00
-1.180728197097778320e+00
5.136469751596450806e-02
1.840376257896423340e+00
-1.245943903923034668e+00
-1.430287063121795654e-01
1.140340328216552734e+00
1.736423611640930176e+00
-2.998105883598327637e-01
1.573780179023742676e+00
-3.059818148612976074e-01
5.384579896926879883e-01
-1.732289791107177734e+00
5.722169876098632812e-01
3.241687297821044922e+00
8.083484321832656860e-02
-5.067250728607177734e-01
-2.655324041843414307e-01
1.148968100547790527e+00
-1.799636602401733398e+00
3.466363251209259033e-01
9.525716304779052734e-01
-1.614889740943908691e+00
6.974710226058959961e-01
2.404019981622695923e-01
-2.154561430215835571e-01
-1.843831062316894531e+00
-2.118617147207260132e-01
1.174312472343444824e+00
-2.465202659368515015e-01
-6.342407315969467163e-02
-6.481209993362426758e-01
2.331473380327224731e-01
1.559933304786682129e+00
2.578636407852172852e-01
3.994570076465606689e-01
1.672668814659118652e+00
7.031065821647644043e-01
-1.721193194389343262e+00
7.263751029968261719e-01
-4.351332783699035645e-03
8.986517786979675293e-01
6.488936543464660645e-01
-1.950969099998474121e+00
-4.876614212989807129e-01
-2.793664216995239258e+00
2.949294447898864746e-01
6.053727269172668457e-01
-2.056148797273635864e-01
-5.218350291252136230e-01
-2.118534564971923828e+00
-1.145181432366371155e-01
-1.897632479667663574e+00
