-1.251353383064270020e+00
-2.008234977722167969e+00
-1.701423525810241699e+00
6.385048031806945801e-01
-2.285715579986572266e+00
-1.557992249727249146e-01
5.061720609664916992e-01
-2.915424704551696777e-01
8.637364208698272705e-02
1.020992159843444824e+00
9.987578392028808594e-01
-9.368813633918762207e-01
-2.671687841415405273e+00
2.415869086980819702e-01
-6.834129691123962402e-01
-3.023212552070617676e-01
6.794413328170776367e-01
1.447768330574035645e+00
-1.960311651229858398e+00
3.262458562850952148e+00
-1.745420455932617188e+00
-9.537390619516372681e-02
-2.245382517576217651e-01
-1.261919379234313965e+00
-2.041085720062255859e+00
2.303004562854766846e-01
1.537594079971313477e+00
1.033310413360595703e+00
1.593710541725158691e+00
1.441240310668945312e+00
-1.836206763982772827e-01
-1.521313190460205078e+00
-1.614172577857971191e+00
-6.566005349159240723e-01
-4.678823053836822510e-01
1.482313126325607300e-01
-1.964379474520683289e-02
7.467932999134063721e-02
-2.327767163515090942e-01
6.631025075912475586e-01
2.298698902130126953e+00
-1.145130515098571777e+00
1.041025161743164062e+00
1.483809351921081543e+00
1.506098270416259766e+00
-1.563285350799560547e+00
-3.516634702682495117e-01
6.640553474426269531e-01
-2.041629999876022339e-01
1.433197259902954102e+00
7.317286133766174316e-01
-2.561607122421264648e+00
-1.777574419975280762e+00
1.558628439903259277e+00
1.297609567642211914e+00
3.913342058658599854e-01
1.963983297348022461e+00
-1.260056972503662109e+00
-3.535837866365909576e-03
1.585641622543334961e+00
-2.144437074661254883e+00
2.065897941589355469e+00
-2.738625764846801758e+00
2.201520681381225586e+00
2.288343608379364014e-01
2.028008699417114258e+00
8.110403418540954590e-01
1.267106831073760986e-01
-5.471475124359130859e-01
-7.760686427354812622e-02
5.352829098701477051e-01
-5.424516201019287109e-01
4.520491361618041992e-01
1.004665017127990723e+00
1.907302886247634888e-01
-1.288874000310897827e-01
5.061795189976692200e-02
3.620296418666839600e-01
1.123246550559997559e+00
-1.714121252298355103e-01
6.082701086997985840e-01
-1.132561087608337402e+00
7.758275866508483887e-01
-1.944921463727951050e-01
-8.697968721389770508e-01
2.293960154056549072e-01
9.902606010437011719e-01
-2.733349800109863281e+00
3.862544000148773193e-01
-7.307786941528320312e-01
-1.366490364074707031e+00
-1.475393474102020264e-01
-1.109637975692749023e+00
-6.900944709777832031e-01
-5.481874570250511169e-02
-1.568492054939270020e+00
1.355535387992858887e+00
-1.028786778450012207e+00
-8.920646309852600098e-01
4.348847270011901855e-01
6.602764725685119629e-01
-2.526446878910064697e-01
-1.804426163434982300e-01
1.233781337738037109e+00
1.777933120727539062e+00
1.051147341728210449e+00
-1.767075538635253906e+00
-1.793044567108154297e+00
-1.621854119002819061e-02
-1.092623949050903320e+00
-3.212999999523162842e-01
2.076901674270629883e+00
1.314148664474487305e+00
7.608363032341003418e-01
8.833355307579040527e-01
-1.538885831832885742e+00
-1.640776991844177246e+00
-8.872587084770202637e-01
1.514330267906188965e+00
1.626305431127548218e-01
-8.516761064529418945e-01
6.993979215621948242e-01
1.151488900184631348e+00
-1.312020421028137207e-01
-6.141634583473205566e-01
-1.494283199310302734e+00
1.863746285438537598e+00
-1.177414178848266602e+00
