9.233998060226440430e-01
8.041120767593383789e-01
9.553329646587371826e-02
7.839453220367431641e-02
1.808469057083129883e+00
4.776828885078430176e-01
1.264068961143493652e+00
-3.805115818977355957e-01
-2.306604385375976562e+00
-2.763226926326751709e-01
8.681868910789489746e-01
-2.450587898492813110e-01
4.319269359111785889e-01
-2.487134695053100586e+00
-1.013844490051269531e+00
4.285945594310760498e-01
-6.583499908447265625e-01
-6.877344250679016113e-01
-7.753453850746154785e-01
7.858341336250305176e-01
-4.286457002162933350e-01
-2.128199577331542969e+00
9.776665568351745605e-01
-2.705527305603027344e+00
-6.613838672637939453e-01
-4.174325242638587952e-02
1.503053426742553711e+00
5.609955787658691406e-01
1.763938963413238525e-01
1.848983049392700195e+00
5.923177003860473633e-01
1.635134667158126831e-01
-1.702134370803833008e+00
-2.463433295488357544e-01
-3.693999052047729492e-01
2.503748655319213867e+00
-3.832212388515472412e-01
5.313190221786499023e-01
-7.043020129203796387e-01
-4.853769391775131226e-02
7.708565592765808105e-01
-1.204522013664245605e+00
1.302933335304260254e+00
1.759163379669189453e+00
-6.036067605018615723e-01
5.542731881141662598e-01
-3.325567841529846191e-01
2.947835326194763184e-01
4.884166270494461060e-02
2.394174486398696899e-01
-7.456384301185607910e-01
9.989392161369323730e-01
-2.073234319686889648e-01
-8.836752772331237793e-01
3.209266960620880127e-01
-1.224507689476013184e+00
2.349028587341308594e+00
2.063312679529190063e-01
1.284532248973846436e-02
2.805814266204833984e+00
1.966171115636825562e-01
-4.786966145038604736e-01
1.151256680488586426e+00
2.117856025695800781e+00
-2.246990919113159180e+00
-2.762595891952514648e+00
-1.834887713193893433e-01
3.149961233139038086e-01
-1.117762327194213867e+00
-6.910911947488784790e-02
2.689179182052612305e-01
-1.332762598991394043e+00
7.711508274078369141e-01
2.041180133819580078e+00
1.089417338371276855e-01
-2.368559122085571289e+00
-1.260270118713378906e+00
-9.493220448493957520e-01
1.327922105789184570e+00
8.450846187770366669e-03
7.761417031288146973e-01
1.271591782569885254e+00
-9.609514474868774414e-01
-1.455014467239379883e+00
1.764594435691833496e+00
-9.746001362800598145e-01
9.486602991819381714e-02
-6.477368474006652832e-01
4.472045898437500000e-01
1.608822941780090332e+00
1.583765387535095215e+00
-1.308914303779602051e+00
4.756678938865661621e-01
5.315819382667541504e-01
2.202758342027664185e-01
3.688329756259918213e-01
2.537480890750885010e-01
6.801527738571166992e-01
-6.553452014923095703e-01
-1.396707773208618164e+00
7.362388819456100464e-02
-4.668651521205902100e-01
-3.989365816116333008e+00
2.308440208435058594e+00
8.615179657936096191e-01
-4.996098577976226807e-01
-2.522256374359130859e-01
-1.422346234321594238e+00
-2.901373505592346191e-01
1.691699922084808350e-01
1.601534485816955566e+00
2.095977067947387695e+00
-1.298429131507873535e+00
-8.582304120063781738e-01
-5.984532237052917480e-01
-7.893131971359252930e-01
1.752482652664184570e+00
2.581512928009033203e-01
-2.448107451200485229e-01
-1.784767031669616699e+00
-4.101185500621795654e-01
-1.208853721618652344e-01
5.223380923271179199e-01
-4.056673347949981689e-01
-1.304617047309875488e+00
-3.386336266994476318e-01
6.713255643844604492e-01
-4.591397047042846680e-01
