-1.156935930252075195e+00
-1.723564147949218750e+00
-1.249970436096191406e+00
2.458974421024322510e-01
-2.732956409454345703e-01
1.728075861930847168e+00
-3.251899480819702148e-01
-5.847679972648620605e-01
-1.257837414741516113e+00
6.456705331802368164e-01
-1.128202915191650391e+00
4.916102588176727295e-01
2.495040558278560638e-02
6.343902349472045898e-01
8.907713294029235840e-01
-1.336654186248779297e+00
-1.334701538085937500e+00
6.121380925178527832e-01
-1.198011398315429688e+00
1.341670155525207520e+00
-1.580901026725769043e+00
1.582099556922912598e+00
-1.007213115692138672e+00
-1.078938022255897522e-01
-2.466343164443969727e+00
1.242423653602600098e+00
-3.798773586750030518e-01
4.337973594665527344e-01
1.347176313400268555e+00
4.098615646362304688e-01
1.580894351005554199e+00
-5.259264111518859863e-01
-1.676389694213867188e+00
-8.500437140464782715e-01
-2.475427150726318359e+00
-4.086420834064483643e-01
1.147196531295776367e+00
-2.615706443786621094e+00
1.027776971459388733e-01
-2.248761653900146484e+00
1.724007487297058105e+00
-1.046941995620727539e+00
7.251722812652587891e-01
1.997986078262329102e+00
2.986871898174285889e-01
2.161169290542602539e+00
3.534478247165679932e-01
5.761515498161315918e-01
1.964095532894134521e-01
1.626356244087219238e+00
-8.628993630409240723e-01
-3.932950794696807861e-01
-2.672868967056274414e-01
-2.484761238098144531e+00
-7.607222199440002441e-01
9.136154651641845703e-01
1.969404816627502441e+00
8.948643207550048828e-01
4.014212489128112793e-01
-4.174081683158874512e-01
4.601527452468872070e-01
5.022156238555908203e-01
-1.335369586944580078e+00
8.069722652435302734e-01
2.936290264129638672e+00
-5.581273511052131653e-02
2.626183032989501953e-01
-6.921779513359069824e-01
6.063285470008850098e-01
1.836916506290435791e-01
2.272399067878723145e-01
-2.756814658641815186e-01
4.569663405418395996e-01
8.928712606430053711e-01
1.097541451454162598e+00
4.015612900257110596e-01
-2.049710750579833984e+00
-1.945299953222274780e-01
5.537811517715454102e-01
-1.651325464248657227e+00
8.229074627161026001e-02
-1.498900413513183594e+00
-3.644034266471862793e-01
8.981934934854507446e-02
-3.498189747333526611e-01
1.700588583946228027e+00
1.008455455303192139e-02
-1.417737483978271484e+00
-5.125039219856262207e-01
1.161738514900207520e+00
-8.364371061325073242e-01
-1.431048750877380371e+00
1.929385662078857422e-01
-1.572539687156677246e+00
8.222186565399169922e-01
8.741441369056701660e-01
2.640181183815002441e-01
4.826781153678894043e-01
2.332166284322738647e-01
3.418805897235870361e-01
-1.148939132690429688e+00
1.395870327949523926e+00
3.120940327644348145e-01
1.846624135971069336e+00
2.425132840871810913e-01
-5.507094860076904297e-01
-2.942843735218048096e-01
-4.102599620819091797e-02
7.542990893125534058e-02
-1.175034880638122559e+00
-1.888730078935623169e-01
1.001237705349922180e-01
1.907227158546447754e+00
1.277784347534179688e+00
-8.904355764389038086e-01
4.364384710788726807e-01
-1.082637429237365723e+00
9.062439203262329102e-01
9.905872344970703125e-01
9.559042453765869141e-01
1.791684627532958984e+00
2.022694587707519531e+00
1.495818346738815308e-01
-4.046118855476379395e-01
-1.300054669380187988e+00
-3.698202610015869141e+00
2.991504371166229248e-01
-2.472005337476730347e-01
