1.621778368949890137e+00
5.947394371032714844e-01
1.837394535541534424e-01
1.207718178629875183e-01
1.641136050224304199e+00
-2.712235212326049805e+00
2.406134754419326782e-01
-1.878561079502105713e-01
6.019152998924255371e-01
-1.201889038085937500e+00
1.834198713302612305e+00
1.099661111831665039e+00
8.723415434360504150e-02
3.845094144344329834e-01
1.633290410041809082e+00
-7.539225816726684570e-01
-8.470105528831481934e-01
2.700642347335815430e-01
-3.831857144832611084e-01
7.310085892677307129e-01
1.257320046424865723e+00
-1.004714608192443848e+00
1.040185570716857910e+00
2.988191843032836914e-01
-1.057574152946472168e+00
-3.297642469406127930e-01
2.096354961395263672e+00
-1.799002885818481445e-01
1.192993640899658203e+00
-4.567498862743377686e-01
2.404265254735946655e-01
-4.403802752494812012e-01
7.170262336730957031e-01
-1.900077581405639648e+00
-2.013221502304077148e+00
-1.700831532478332520e+00
-9.338597655296325684e-01
-7.201130390167236328e-01
-1.866490602493286133e+00
5.347593426704406738e-01
4.249599277973175049e-01
1.485703349113464355e+00
9.145535826683044434e-01
3.093376636505126953e+00
-3.024697542190551758e+00
1.971645116806030273e+00
8.597032427787780762e-01
6.615563631057739258e-01
2.783288657665252686e-01
-3.577796518802642822e-01
-1.733854562044143677e-01
-1.506277799606323242e+00
1.076092720031738281e+00
-4.185425862669944763e-02
-9.485393017530441284e-02
1.763742327690124512e+00
6.475178599357604980e-01
1.053314447402954102e+00
-2.172873735427856445e+00
-2.411741614341735840e-01
1.009768340736627579e-02
8.989598155021667480e-01
-3.475043773651123047e-01
2.167735546827316284e-01
-4.546815752983093262e-01
-6.557115912437438965e-01
-2.327647209167480469e-01
-9.687496423721313477e-01
4.879699051380157471e-01
8.135614395141601562e-01
-3.037569522857666016e-01
3.907311260700225830e-01
1.089123487472534180e+00
1.464237570762634277e+00
3.068940401077270508e+00
-1.728872179985046387e+00
-1.193252682685852051e+00
-1.917644500732421875e+00
-4.154001474380493164e-01
-1.654204726219177246e+00
2.876645803451538086e+00
-2.660675346851348877e-01
2.218697369098663330e-01
4.527552127838134766e-01
1.005624905228614807e-01
-7.362402081489562988e-01
1.586958169937133789e-01
-1.901278376579284668e+00
5.266280770301818848e-01
5.908916592597961426e-01
-2.002944469451904297e+00
-3.356409668922424316e-01
-3.104485034942626953e+00
6.641481518745422363e-01
-1.353194236755371094e+00
-2.182569056749343872e-01
1.305780768394470215e+00
-2.174929141998291016e+00
-3.370605781674385071e-02
-7.882230728864669800e-02
-4.540317356586456299e-01
-8.400390744209289551e-01
-8.650943040847778320e-01
-4.804959893226623535e-01
2.865887165069580078e+00
-6.712396144866943359e-01
-8.091258406639099121e-01
-1.615993857383728027e+00
8.303529024124145508e-02
1.322966814041137695e+00
-2.673227787017822266e+00
1.816711664199829102e+00
6.467193365097045898e-02
-1.212528109550476074e+00
1.804502248764038086e+00
-1.340526938438415527e+00
2.685671091079711914e+00
2.414014190435409546e-01
-1.421298265457153320e+00
-6.802245974540710449e-01
6.606103181838989258e-01
1.213436126708984375e+00
-6.401735544204711914e-01
-1.634296774864196777e-01
-3.122158348560333252e-01
1.435900688171386719e+00
-1.321688532829284668e+00
-4.322296380996704102e-01
