2.091980695724487305e+00
7.168442010879516602e-01
-1.131479501724243164e+00
-6.457779407501220703e-01
2.124382972717285156e+00
-1.729964733123779297e+00
-1.083744287490844727e+00
-8.249070644378662109e-01
-1.447718143463134766e-01
3.486391603946685791e-01
1.793560743331909180e+00
-1.118760585784912109e+00
-5.728354454040527344e-01
2.425650060176849365e-01
5.070641636848449707e-01
-9.767061471939086914e-01
2.064344286918640137e-01
1.607159018516540527e+00
5.902450084686279297e-01
5.851052403450012207e-01
-5.780138969421386719e-01
-6.577748060226440430e-01
-8.142833709716796875e-01
3.889645338058471680e-01
-6.450909972190856934e-01
-7.285693287849426270e-01
1.929067373275756836e+00
1.062168717384338379e+00
2.838285923004150391e+00
-6.643065214157104492e-01
-7.381801605224609375e-01
9.178654551506042480e-01
4.339925944805145264e-01
2.193821966648101807e-01
-7.517027258872985840e-01
1.002662301063537598e+00
-5.846387147903442383e-01
-1.507569789886474609e+00
1.956349492073059082e+00
-9.004493355751037598e-01
-5.799567699432373047e-01
1.223703384399414062e+00
-3.580059707164764404e-01
2.046262323856353760e-01
-9.811074137687683105e-01
2.548109292984008789e+00
1.388881802558898926e+00
-2.879078090190887451e-01
-1.285604834556579590e+00
3.069223165512084961e-01
2.143407911062240601e-01
-1.671409249305725098e+00
1.147028356790542603e-01
1.160684943199157715e+00
5.637534260749816895e-01
-1.009615182876586914e+00
2.035893201828002930e+00
1.554381251335144043e+00
1.218662977218627930e+00
-4.588029533624649048e-02
-9.393997192382812500e-01
1.383691728115081787e-01
-3.307068943977355957e-01
1.760015606880187988e+00
1.331424236297607422e+00
-3.319404423236846924e-01
2.636909008026123047e+00
-4.862227439880371094e-01
1.051881074905395508e+00
7.023583650588989258e-01
9.620038866996765137e-01
-2.010812282562255859e+00
1.527013540267944336e+00
1.081666707992553711e+00
3.719379007816314697e-01
-7.874262332916259766e-01
1.794277667999267578e+00
-5.222911834716796875e-01
3.612247109413146973e-01
-2.372939348220825195e+00
9.044138789176940918e-01
-2.884406328201293945e+00
-1.568040847778320312e-01
-4.840242862701416016e-01
6.722186207771301270e-01
-2.364374399185180664e+00
-9.427002072334289551e-01
5.804215073585510254e-01
6.463922858238220215e-01
-7.914231419563293457e-01
2.609945058822631836e+00
-3.551702737808227539e+00
-4.068792760372161865e-01
1.298075556755065918e+00
1.068152785301208496e+00
-1.759490132331848145e+00
1.081189155578613281e+00
1.093682408332824707e+00
1.759275048971176147e-01
9.418876841664314270e-03
6.473189592361450195e-01
-8.498863577842712402e-01
-3.972833752632141113e-01
8.586328476667404175e-02
-2.530822530388832092e-04
-8.476174473762512207e-01
1.277349293231964111e-01
-2.259892463684082031e+00
-6.683393716812133789e-01
-4.708476960659027100e-01
6.681407094001770020e-01
1.837069630622863770e+00
-9.932752251625061035e-01
-2.697837591171264648e+00
-1.193722248077392578e+00
-1.690040111541748047e+00
1.425672292709350586e+00
1.875158786773681641e+00
-3.416354179382324219e+00
-2.619031965732574463e-01
-9.825666248798370361e-02
-3.656542003154754639e-01
-1.196744441986083984e+00
-1.556078195571899414e+00
-1.917856335639953613e-01
-1.056864976882934570e+00
-5.378535985946655273e-01
-6.598510146141052246e-01
