-4.275337159633636475e-01
1.490895032882690430e+00
4.327567219734191895e-01
1.908752024173736572e-01
1.201808333396911621e+00
-6.848119497299194336e-01
1.409891843795776367e+00
1.463349938392639160e+00
-6.831905245780944824e-02
-4.561109542846679688e-01
2.464279174804687500e+00
9.771265387535095215e-01
-1.238821625709533691e+00
-6.194660067558288574e-01
4.963173270225524902e-01
2.361375808715820312e+00
3.992545902729034424e-01
1.526957154273986816e+00
1.395149946212768555e+00
-1.158769607543945312e+00
-5.024382472038269043e-01
-3.399508476257324219e+00
3.408025440876372159e-05
-4.645543172955513000e-02
-1.922844886779785156e+00
-5.567139983177185059e-01
-3.047435581684112549e-01
-9.627393484115600586e-01
5.453627109527587891e-01
4.855975806713104248e-01
-8.245878815650939941e-01
-4.244120597839355469e+00
-1.039800524711608887e+00
2.363638281822204590e-01
4.588469564914703369e-01
-2.649213075637817383e-01
-1.154151916503906250e+00
-5.038725733757019043e-01
-4.454083442687988281e-01
-1.277332663536071777e+00
-4.508909583091735840e-01
1.218418121337890625e+00
1.949845790863037109e+00
1.129443168640136719e+00
-6.965746879577636719e-01
2.749680280685424805e-01
-1.183395743370056152e+00
-2.051125168800354004e-01
1.108863115310668945e+00
-1.792226433753967285e+00
2.002222687005996704e-01
-5.369120836257934570e-01
5.028475522994995117e-01
1.118303418159484863e+00
-2.777951955795288086e+00
5.544874668121337891e-01
8.690997958183288574e-01
1.146155118942260742e+00
-2.639349937438964844e+00
-2.012303829193115234e+00
-9.791495800018310547e-01
2.362853050231933594e+00
-8.461251854896545410e-01
1.243596792221069336e+00
1.472225487232208252e-01
-1.794503629207611084e-01
1.190552949905395508e+00
1.267773389816284180e+00
1.176033854484558105e+00
-1.375227272510528564e-01
2.458920717239379883e+00
3.238595724105834961e-01
-2.290845066308975220e-01
3.007381260395050049e-01
1.060672044754028320e+00
-9.059963226318359375e-01
-8.123620748519897461e-01
-1.228193521499633789e+00
-1.358458399772644043e-01
-8.932147026062011719e-01
2.703757286071777344e-01
-1.701149582862854004e+00
8.925985097885131836e-01
-9.452063441276550293e-01
-4.948055744171142578e-01
-3.922468125820159912e-01
-1.239983916282653809e+00
1.008665204048156738e+00
-6.406554579734802246e-01
1.298515796661376953e+00
1.687174916267395020e+00
-8.966546058654785156e-01
9.813273549079895020e-01
1.780656576156616211e-01
-2.652623414993286133e+00
6.157146692276000977e-01
1.353157877922058105e+00
-2.786461496725678444e-03
1.271838992834091187e-01
1.442369341850280762e+00
9.553778916597366333e-02
3.993511795997619629e-01
5.260512828826904297e-01
8.345668315887451172e-01
1.223404288291931152e+00
-2.912681698799133301e-01
-3.819152712821960449e-01
-1.798534095287322998e-01
3.026202619075775146e-01
3.189470469951629639e-01
-1.539727896451950073e-01
1.091812849044799805e+00
2.354561984539031982e-01
-7.844273000955581665e-03
9.258129000663757324e-01
-1.132414102554321289e+00
-1.171394467353820801e+00
-1.538574337959289551e+00
2.790240049362182617e-01
-8.635696023702621460e-02
-3.398595094680786133e+00
1.513554900884628296e-01
-1.745643466711044312e-01
1.274015784263610840e+00
-6.144250631332397461e-01
-1.788660168647766113e+00
-4.106831848621368408e-01
1.633941650390625000e+00
