-1.669425845146179199e+00
1.484721422195434570e+00
-6.540696024894714355e-01
-8.253920823335647583e-02
6.541767716407775879e-01
-2.270538061857223511e-01
-6.505025625228881836e-01
1.681157052516937256e-01
9.516898393630981445e-01
-5.986137986183166504e-01
-4.501891136169433594e-01
7.934907674789428711e-01
-2.251643896102905273e+00
-1.219781994819641113e+00
7.859257459640502930e-01
-4.525551795959472656e-01
5.762338042259216309e-01
-2.145301103591918945e-01
2.895265519618988037e-01
2.713737189769744873e-01
-4.559173882007598877e-01
-5.876206755638122559e-01
6.828104853630065918e-01
1.550826787948608398e+00
-1.397106885910034180e+00
-2.292703241109848022e-01
-7.559685707092285156e-01
-4.223194718360900879e-01
7.495753765106201172e-01
1.754557609558105469e+00
-1.465054154396057129e+00
1.074034929275512695e+00
-9.851124882698059082e-01
1.140184640884399414e+00
-2.199617326259613037e-01
-1.185471057891845703e+00
5.934557914733886719e-01
-1.995077878236770630e-01
-2.856628417968750000e+00
-3.396145820617675781e+00
1.038097977638244629e+00
2.198075950145721436e-01
2.739903450012207031e+00
1.033232927322387695e+00
-5.529168248176574707e-01
-6.952437162399291992e-01
9.836043715476989746e-01
2.472460746765136719e+00
-8.684299588203430176e-01
1.298530578613281250e+00
2.473814725875854492e+00
-6.857301592826843262e-01
2.166082412004470825e-01
-9.524944424629211426e-01
3.666437268257141113e-01
1.914998769760131836e+00
1.780091881752014160e+00
-5.558736920356750488e-01
-7.878374308347702026e-02
2.459471821784973145e-01
-1.760987639427185059e+00
1.501443028450012207e+00
-1.186178207397460938e+00
1.440352439880371094e+00
1.297179937362670898e+00
8.025915920734405518e-02
7.439716458320617676e-01
-6.028937101364135742e-01
4.704075157642364502e-01
-2.182439565658569336e-01
1.658677905797958374e-01
2.638280391693115234e+00
9.562761187553405762e-01
-1.103493928909301758e+00
-1.916808366775512695e+00
-3.794802129268646240e-01
8.992548584938049316e-01
5.702716708183288574e-01
-2.870235741138458252e-01
-3.213479518890380859e+00
-1.475443243980407715e+00
-2.304998874664306641e+00
1.931281924247741699e+00
-8.656094670295715332e-01
8.932352662086486816e-01
-1.989273577928543091e-01
9.892201423645019531e-01
-3.521423041820526123e-01
-9.371770024299621582e-01
1.723573207855224609e-01
-1.092353582382202148e+00
-3.520842194557189941e-01
-8.577265739440917969e-01
1.266394853591918945e+00
-3.901813626289367676e-01
-9.952660202980041504e-01
3.621515035629272461e+00
-8.053098320960998535e-01
4.953380525112152100e-01
9.429572224617004395e-01
4.750042855739593506e-01
1.130934238433837891e+00
4.716896265745162964e-02
2.982978522777557373e-01
1.182106852531433105e+00
3.937850594520568848e-01
-1.295836120843887329e-01
1.982429623603820801e-01
-1.826966166496276855e+00
-1.133648157119750977e+00
-7.329686284065246582e-01
-6.090910434722900391e-01
1.307246088981628418e+00
-3.077270746231079102e+00
-6.032628417015075684e-01
-9.653468728065490723e-01
-7.407728433609008789e-01
-5.477693676948547363e-01
1.151807904243469238e+00
6.252802014350891113e-01
-1.365146994590759277e+00
-1.101438552141189575e-01
-9.547678232192993164e-01
-1.437748432159423828e+00
7.230845689773559570e-01
-5.807191133499145508e-01
-3.410401642322540283e-01
-8.488777875900268555e-01
