-2.099136821925640106e-02
8.887724578380584717e-02
1.929368376731872559e-01
-3.485312685370445251e-02
9.481146335601806641e-01
3.860730826854705811e-01
-1.843060612678527832e+00
-9.559188485145568848e-01
-3.209143161773681641e+00
4.293302595615386963e-01
2.718697190284729004e-01
1.661455333232879639e-01
1.961637139320373535e+00
4.345599412918090820e-01
-6.534739136695861816e-01
-3.012931644916534424e-01
-9.783939123153686523e-01
1.537218332290649414e+00
8.457596898078918457e-01
-1.285725831985473633e+00
3.751659095287322998e-01
5.694060921669006348e-01
1.325625896453857422e+00
-8.735943436622619629e-01
-1.998389005661010742e+00
-3.999000415205955505e-02
1.348046064376831055e-01
8.298903703689575195e-01
-8.666666746139526367e-01
-1.124140977859497070e+00
-4.018177688121795654e-01
-1.980132341384887695e+00
-1.037068963050842285e+00
3.379231452941894531e+00
6.966477036476135254e-01
2.619743347167968750e+00
1.106434017419815063e-01
1.531275063753128052e-01
-5.215333700180053711e-01
2.106355905532836914e+00
2.656836509704589844e+00
1.169951796531677246e+00
1.617520928382873535e+00
-3.989576399326324463e-01
-2.185610532760620117e+00
1.156043410301208496e+00
-1.219918966293334961e+00
2.144121885299682617e+00
1.094241261482238770e+00
1.803555011749267578e+00
-1.146617308259010315e-01
-2.614372253417968750e+00
-5.602124929428100586e-01
-6.804226040840148926e-01
-6.192875280976295471e-02
1.893363118171691895e+00
8.343619108200073242e-01
-6.434538364410400391e-01
-1.379475593566894531e+00
-4.817915260791778564e-01
-1.024554729461669922e+00
1.057574987411499023e+00
-2.398179844021797180e-02
-7.395023107528686523e-02
5.665513277053833008e-01
-6.124198436737060547e-01
2.289322376251220703e+00
1.777926206588745117e+00
2.003707170486450195e+00
-1.612471342086791992e+00
-2.502352297306060791e-01
1.557404637336730957e+00
-5.289585590362548828e-01
1.228481650352478027e+00
5.046159029006958008e-01
7.813398241996765137e-01
-1.439957469701766968e-01
-5.888932943344116211e-01
3.739443421363830566e-02
-3.295989036560058594e-01
-6.755369901657104492e-01
-2.719246149063110352e-01
2.644670486450195312e+00
-5.020911693572998047e-01
1.838515758514404297e+00
2.567156851291656494e-01
-2.428251028060913086e+00
-2.400840282440185547e+00
7.918958067893981934e-01
-1.700060486793518066e+00
1.459841609001159668e+00
1.007966876029968262e+00
-1.279590606689453125e+00
4.044710099697113037e-01
-2.165147066116333008e+00
-2.277615666389465332e-01
1.059793591499328613e+00
-1.722227692604064941e+00
4.544196426868438721e-01
2.103977054357528687e-01
1.294656753540039062e+00
4.064386487007141113e-01
-7.829533815383911133e-01
-4.036804195493459702e-03
-1.457995533943176270e+00
-1.068921208381652832e+00
-1.388346910476684570e+00
-9.700646996498107910e-01
-1.678261309862136841e-01
-1.483597636222839355e+00
-7.826181501150131226e-02
-5.717769861221313477e-01
4.792369008064270020e-01
-1.125359311699867249e-01
6.442779898643493652e-01
-1.608356237411499023e+00
-3.453936278820037842e-01
-1.577425003051757812e+00
-8.829210400581359863e-01
1.735569953918457031e+00
-9.427064061164855957e-01
-1.408978104591369629e-01
-1.634307384490966797e+00
-1.641531139612197876e-01
-3.061556816101074219e-01
-3.538999557495117188e-01
4.221926629543304443e-01
-1.474955916404724121e+00
