-4.525133967399597168e-01
-7.400544881820678711e-01
1.869115680456161499e-01
8.204541802406311035e-01
-1.030034780502319336e+00
-1.694081664085388184e+00
-1.177045702934265137e+00
-8.150325417518615723e-01
2.003470510244369507e-01
-3.553557634353637695e+00
-1.715928435325622559e+00
-2.451644182205200195e+00
2.454359531402587891e+00
-2.541721105575561523e+00
-8.331016302108764648e-01
-2.804871797561645508e-01
-1.203773543238639832e-01
2.996061444282531738e-01
1.110670089721679688e+00
2.181645393371582031e+00
-2.041547775268554688e+00
1.146178320050239563e-01
6.158513426780700684e-01
-9.186640977859497070e-01
9.106354117393493652e-01
5.054899677634239197e-02
1.054124832153320312e+00
-1.678387522697448730e+00
8.931193500757217407e-03
2.805398106575012207e-01
-1.236310720443725586e+00
1.273548603057861328e+00
-1.798614621162414551e+00
-8.469963073730468750e-01
1.479858160018920898e+00
1.718594193458557129e+00
1.837676167488098145e-01
1.765981674194335938e+00
-1.022680282592773438e+00
-7.351322174072265625e-01
3.133759737014770508e+00
1.752905249595642090e-01
1.662665963172912598e+00
1.298441767692565918e+00
6.063629984855651855e-01
-8.891730308532714844e-01
4.592823237180709839e-02
2.030814647674560547e+00
3.747289180755615234e-01
1.659771919250488281e+00
7.375582456588745117e-01
-1.537957906723022461e+00
3.466022908687591553e-01
8.898246102035045624e-03
1.057896137237548828e+00
1.482301950454711914e+00
6.688057780265808105e-01
1.131010055541992188e+00
-1.340636372566223145e+00
2.722315788269042969e+00
1.308593392372131348e+00
-1.988462805747985840e+00
-4.949394166469573975e-01
1.821398377418518066e+00
-5.597262382507324219e-01
1.932900846004486084e-01
1.544443607330322266e+00
2.125342845916748047e+00
1.842114329338073730e-01
-1.120369076728820801e+00
1.207597255706787109e+00
4.647166728973388672e-01
4.185651540756225586e-01
4.597032070159912109e-01
-1.487003087997436523e+00
-6.565529108047485352e-02
-2.309636116027832031e+00
-1.271422505378723145e+00
-1.618164777755737305e-02
-1.802527785301208496e+00
3.053520321846008301e-01
3.741364479064941406e-01
-7.854464650154113770e-01
-9.778642654418945312e-02
5.821609497070312500e-01
2.822626233100891113e-01
-1.226248025894165039e+00
1.366533160209655762e+00
-2.552582263946533203e+00
6.316180825233459473e-01
1.183095455169677734e+00
-1.396158814430236816e+00
-6.109082102775573730e-01
1.000586152076721191e+00
-5.531048774719238281e-01
1.574711322784423828e+00
2.091196328401565552e-01
-6.574041247367858887e-01
1.851978302001953125e-01
1.935552358627319336e+00
1.347878575325012207e-01
-7.484196126461029053e-02
-1.038288831710815430e+00
5.737704038619995117e-01
-7.854316830635070801e-01
-1.693341732025146484e-01
-2.444290161132812500e+00
-1.034354209899902344e+00
-6.818532943725585938e-01
-1.444666743278503418e+00
1.676930487155914307e-01
-1.200954675674438477e+00
5.531489849090576172e-02
9.915243983268737793e-01
-2.271784305572509766e+00
-4.264427125453948975e-01
9.418200850486755371e-01
3.052212705370038748e-04
1.673053205013275146e-01
1.882790446281433105e+00
-9.240867495536804199e-01
1.719746708869934082e+00
-2.349137783050537109e+00
-1.836086034774780273e+00
-8.224046975374221802e-02
1.678463935852050781e+00
1.223260641098022461e+00
-8.194909095764160156e-01
