3.073710501194000244e-01
-1.112834811210632324e+00
6.401692032814025879e-01
9.135888218879699707e-01
-5.987944602966308594e-01
-3.025312721729278564e-01
1.464411854743957520e+00
5.334755778312683105e-01
-1.472751259803771973e+00
-6.064628362655639648e-01
1.243523001670837402e+00
-1.875607252120971680e+00
-1.248448371887207031e+00
-1.393810629844665527e+00
1.169666290283203125e+00
2.295165300369262695e+00
-1.335920810699462891e+00
7.602312564849853516e-01
1.591783612966537476e-01
-3.446561992168426514e-01
-3.458999097347259521e-01
2.724671959877014160e-01
-1.316848397254943848e+00
3.299451351165771484e+00
-1.188469886779785156e+00
1.874700039625167847e-01
1.867693543434143066e+00
-1.057449698448181152e+00
5.332477688789367676e-01
1.109297633171081543e+00
-2.086987644433975220e-01
-1.794014096260070801e+00
-1.329177021980285645e+00
1.374184489250183105e-01
-2.007964372634887695e+00
-5.966337397694587708e-02
-1.407926678657531738e+00
-1.193206429481506348e+00
1.417664289474487305e+00
-2.775368690490722656e-01
5.820356011390686035e-01
-5.402502417564392090e-01
6.368064880371093750e-01
8.399090766906738281e-01
4.033415019512176514e-01
1.963234066963195801e+00
2.423085123300552368e-01
2.936800718307495117e+00
-2.615884244441986084e-01
2.141652256250381470e-01
4.360141158103942871e-01
5.635186657309532166e-02
2.016097068786621094e+00
4.981687366962432861e-01
1.113698959350585938e+00
6.526046395301818848e-01
6.686385273933410645e-01
-1.466961622238159180e+00
-1.100770831108093262e-01
2.117014490067958832e-02
-1.926063187420368195e-02
1.141219615936279297e+00
5.244182348251342773e-01
2.785865306854248047e+00
-1.398441791534423828e+00
-1.525457620620727539e+00
1.216251134872436523e+00
6.883849203586578369e-02
-7.348479628562927246e-01
8.532577157020568848e-01
2.251805961132049561e-01
-1.005784869194030762e+00
-1.257028430700302124e-01
8.869820237159729004e-01
1.975529432296752930e+00
-2.198936462402343750e+00
2.092589139938354492e-01
1.603850573301315308e-01
-5.338766574859619141e-01
4.626396000385284424e-01
-2.292018011212348938e-02
-1.059210419654846191e+00
-1.156230926513671875e+00
-6.272209882736206055e-01
5.767256021499633789e-01
-1.663428843021392822e-01
-9.024658799171447754e-01
-1.713792681694030762e-01
1.308185338973999023e+00
-4.801600873470306396e-01
-8.347178697586059570e-01
-1.013925909996032715e+00
-1.383880138397216797e+00
1.359212517738342285e+00
7.407154440879821777e-01
-2.460105419158935547e-01
1.651856780052185059e+00
1.466894447803497314e-01
-2.874499261379241943e-01
-8.126180768013000488e-01
9.365213662385940552e-02
6.898500919342041016e-01
-4.515789449214935303e-01
3.131589889526367188e+00
2.242320924997329712e-01
1.645282030105590820e+00
-2.863559126853942871e-01
-6.006056070327758789e-01
-2.956069469451904297e+00
1.475529432296752930e+00
5.871124938130378723e-02
-1.876793503761291504e-01
-3.137941837310791016e+00
-1.060760736465454102e+00
-1.543251156806945801e+00
-2.732685089111328125e+00
8.526514172554016113e-01
1.152689218521118164e+00
-5.121154189109802246e-01
-1.202162146568298340e+00
-1.977207303047180176e+00
9.492089152336120605e-01
-4.271855056285858154e-01
-2.622345447540283203e+00
-4.710945785045623779e-01
-7.813089489936828613e-01
-1.962737560272216797e+00
1.977360010147094727e+00
