-1.191042900085449219e+00
1.204052641987800598e-01
-2.098925411701202393e-01
-2.329074144363403320e-01
7.803237438201904297e-01
2.247625142335891724e-01
7.544470429420471191e-01
2.340610742568969727e+00
1.273000478744506836e+00
-1.846873283386230469e+00
1.537435650825500488e+00
3.137679770588874817e-02
1.489315330982208252e-01
-1.721126317977905273e+00
-2.580436766147613525e-01
1.834278464317321777e+00
-1.604569315910339355e+00
7.068681120872497559e-01
2.512016296386718750e-01
2.189845032989978790e-02
-6.400956511497497559e-01
5.435717701911926270e-01
4.967246651649475098e-01
-4.259127974510192871e-01
-1.949898838996887207e+00
-1.001488685607910156e+00
4.159675836563110352e-01
9.207997322082519531e-01
2.251156330108642578e+00
-6.542298197746276855e-01
3.912307620048522949e-01
-2.386335372924804688e+00
-9.306169748306274414e-01
1.038616225123405457e-01
-1.098673194646835327e-01
7.245478034019470215e-01
3.272911310195922852e-01
-7.079848647117614746e-02
-1.854712128639221191e+00
2.659171521663665771e-01
-9.253778457641601562e-01
3.990647196769714355e-01
2.310628652572631836e+00
1.432682156562805176e+00
1.068372488021850586e+00
1.048771381378173828e+00
-7.970502972602844238e-01
-1.601572871208190918e+00
8.218346238136291504e-01
9.154470562934875488e-01
-6.752493977546691895e-01
4.330201447010040283e-01
-3.675140738487243652e-01
-2.651361227035522461e+00
-1.132334232330322266e+00
7.704576011747121811e-03
-1.382426857948303223e+00
1.798738360404968262e+00
1.018771886825561523e+00
-1.826268672943115234e+00
-7.906453013420104980e-01
2.077503442764282227e+00
-2.592318654060363770e-01
-1.772561788558959961e+00
-1.483997609466314316e-02
-1.754609823226928711e+00
-1.704931974411010742e+00
1.912891119718551636e-02
5.171335935592651367e-01
2.539267241954803467e-01
-2.114799022674560547e-01
-1.501828908920288086e+00
1.564657926559448242e+00
5.830606818199157715e-01
-5.814183354377746582e-01
-2.550177574157714844e-01
5.112765431404113770e-01
1.104047223925590515e-01
-1.517961740493774414e+00
-9.315983653068542480e-01
-1.566563487052917480e+00
-1.162633180618286133e+00
1.500359654426574707e+00
-8.806092143058776855e-01
1.838816761970520020e+00
3.770981132984161377e-01
-1.014774322509765625e+00
-8.548639714717864990e-02
-6.564627289772033691e-01
4.789670407772064209e-01
-3.878591954708099365e-01
-5.442798137664794922e-01
1.066033765673637390e-01
2.464029073715209961e+00
1.202989667654037476e-01
3.514106385409832001e-03
-1.375053286552429199e+00
-1.515003323554992676e+00
5.477290973067283630e-02
3.610987663269042969e-01
-1.101569414138793945e+00
-5.550287961959838867e-01
-6.040020585060119629e-01
2.467229843139648438e+00
3.726701974868774414e+00
-1.007412552833557129e+00
-1.093201637268066406e+00
4.522284865379333496e-01
6.457178592681884766e-01
-1.786800861358642578e+00
9.279124438762664795e-02
-1.117716073989868164e+00
1.809163212776184082e+00
-3.967666029930114746e-01
9.863318204879760742e-01
-8.529937863349914551e-01
1.019396781921386719e+00
1.031102657318115234e+00
7.737736105918884277e-01
-2.314302138984203339e-02
-1.109825730323791504e+00
1.036520957946777344e+00
1.808557510375976562e-01
2.431297302246093750e-01
-8.171767592430114746e-01
-4.789732098579406738e-01
1.440608382225036621e+00
1.438787221908569336e+00
