-1.652875840663909912e-01
-5.620502829551696777e-01
-7.814871072769165039e-01
1.787035167217254639e-01
-9.096040725708007812e-01
-4.223136603832244873e-01
-1.347402781248092651e-01
3.629753887653350830e-01
-7.277351617813110352e-01
-1.856350898742675781e+00
-6.874341964721679688e-01
1.904022812843322754e+00
4.081217572093009949e-02
-2.315566062927246094e+00
5.105430483818054199e-01
1.574562549591064453e+00
-1.175033926963806152e+00
1.373865485191345215e+00
-6.895676255226135254e-01
-1.312477707862854004e+00
3.371971845626831055e-01
2.572284460067749023e+00
-4.172509610652923584e-01
4.177664220333099365e-01
-1.686798572540283203e+00
2.002327680587768555e+00
-7.065085768699645996e-01
-6.568684577941894531e-01
-1.357265830039978027e+00
2.906280159950256348e-01
-2.451981306076049805e+00
1.829670816659927368e-01
8.449352383613586426e-01
2.253900527954101562e+00
4.849873185157775879e-01
7.375053167343139648e-01
5.564190149307250977e-01
-5.993497371673583984e-01
5.766918659210205078e-01
4.597403109073638916e-01
3.522368431091308594e+00
-8.882700800895690918e-01
5.879791378974914551e-01
7.316263318061828613e-01
-2.282114177942276001e-01
-1.761722207069396973e+00
-2.709543704986572266e+00
1.355047941207885742e+00
3.618245124816894531e-01
-1.873202435672283173e-02
1.329972386360168457e+00
7.095006108283996582e-01
1.199649691581726074e+00
1.034687399864196777e+00
-1.640965342521667480e+00
2.474162101745605469e+00
-6.016936898231506348e-01
4.954783320426940918e-01
-1.920679807662963867e+00
-6.897289156913757324e-01
2.513592541217803955e-01
5.650023818016052246e-01
-1.158870235085487366e-01
-8.222155570983886719e-01
4.037160575389862061e-01
-2.339137315750122070e+00
8.554037809371948242e-01
2.506395816802978516e+00
1.277858853340148926e+00
4.931003153324127197e-01
-1.290821909904479980e+00
8.574859499931335449e-01
-2.084516048431396484e+00
3.905383348464965820e-01
1.079821228981018066e+00
-1.382677435874938965e+00
3.961510062217712402e-01
-3.594800233840942383e-01
6.789839267730712891e-01
-1.773659229278564453e+00
1.144607290625572205e-01
2.216285943984985352e+00
1.933776974678039551e+00
-1.459652066230773926e+00
2.346214532852172852e+00
6.579466462135314941e-01
-2.100454330444335938e+00
9.413469433784484863e-01
6.501928567886352539e-01
3.030305206775665283e-01
-1.704876303672790527e+00
-2.294536113739013672e+00
-1.066064715385437012e+00
-1.465059041976928711e+00
-3.258506059646606445e+00
8.216189593076705933e-02
1.017659425735473633e+00
-7.801592350006103516e-01
-9.565285444259643555e-01
-9.045342206954956055e-01
2.168599516153335571e-01
1.860822081565856934e+00
1.334066748619079590e+00
2.430625677108764648e+00
-2.200122833251953125e+00
-3.922571837902069092e-01
-2.008287191390991211e+00
-1.166499137878417969e+00
8.862335085868835449e-01
7.605629563331604004e-01
7.750679254531860352e-01
1.638777494430541992e+00
1.233162164688110352e+00
1.025111004710197449e-01
-4.605185389518737793e-01
1.335249245166778564e-01
-1.096674650907516479e-01
-1.018570810556411743e-01
-7.782644629478454590e-01
2.961319386959075928e-01
4.868350327014923096e-01
-2.930131554603576660e-01
-5.632814764976501465e-01
3.716341853141784668e-01
-8.560084551572799683e-02
-1.125844836235046387e+00
2.249918580055236816e-01
-8.595853447914123535e-01
