2.741616666316986084e-01
-2.325330376625061035e-01
1.299994349479675293e+00
1.447151899337768555e-01
-1.034571900963783264e-01
1.168182015419006348e+00
1.816270709037780762e+00
-8.029644489288330078e-01
4.326173365116119385e-01
-1.881277441978454590e+00
-8.230983018875122070e-01
1.290177851915359497e-01
2.711877226829528809e-01
2.205928564071655273e-01
-7.837001234292984009e-02
3.132372796535491943e-01
-5.761300325393676758e-01
-1.200131535530090332e+00
-1.747216582298278809e-01
-6.171528697013854980e-01
4.554850757122039795e-01
3.270937502384185791e-01
1.593897581100463867e+00
9.347509145736694336e-01
1.938027143478393555e+00
1.309298634529113770e+00
1.298450469970703125e+00
-2.663501739501953125e+00
-1.348213672637939453e+00
2.369566440582275391e+00
1.445872932672500610e-01
1.251640636473894119e-02
-2.976564884185791016e+00
5.342560410499572754e-01
-1.381892442703247070e+00
1.238093972206115723e+00
-4.954382777214050293e-01
3.138550817966461182e-01
5.685244202613830566e-01
-1.022491097450256348e+00
-1.277044773101806641e+00
-1.387935638427734375e+00
1.418164372444152832e+00
5.063127279281616211e-01
-4.105166196823120117e-01
1.039813756942749023e+00
-6.838632822036743164e-01
-2.354600429534912109e+00
2.665622830390930176e-01
-1.005181744694709778e-01
3.695601522922515869e-01
-3.695260763168334961e+00
4.319479167461395264e-01
-2.409945964813232422e+00
-2.804900705814361572e-01
2.172946929931640625e-01
-9.239633083343505859e-01
2.624923944473266602e+00
1.281280279159545898e+00
2.010847568511962891e+00
-7.586330175399780273e-01
-2.073975503444671631e-01
4.218504130840301514e-01
7.454107999801635742e-01
-7.500815391540527344e-01
-6.724286675453186035e-01
-2.276673763990402222e-01
-7.118616104125976562e-01
-7.345876097679138184e-01
1.221786618232727051e+00
2.027982950210571289e+00
-1.382000207901000977e+00
1.751467585563659668e+00
5.577720999717712402e-01
-3.599628806114196777e-01
-2.422906160354614258e+00
-8.962153196334838867e-01
-7.084264159202575684e-01
7.892342209815979004e-01
-2.782348394393920898e-01
2.914819717407226562e-01
-1.172955036163330078e+00
-1.682981491088867188e+00
-1.013813138008117676e+00
4.398010671138763428e-01
-5.844246149063110352e-01
-1.702766120433807373e-01
9.226012825965881348e-01
2.117612361907958984e-01
1.849264740943908691e+00
-5.545452833175659180e-01
-1.184280514717102051e+00
-6.746267676353454590e-01
-1.723789423704147339e-01
1.430202871561050415e-01
1.247879981994628906e+00
2.144762724637985229e-01
1.803073137998580933e-01
2.301693111658096313e-01
5.058025121688842773e-01
4.058436453342437744e-01
1.434337735176086426e+00
-2.135939896106719971e-01
-1.413348913192749023e+00
2.720477581024169922e+00
-6.663556694984436035e-01
-6.039485931396484375e-01
6.190863847732543945e-01
3.374283075332641602e+00
8.129374980926513672e-01
-7.026060819625854492e-01
-7.030232548713684082e-01
5.359144210815429688e-01
9.747949838638305664e-01
9.896949529647827148e-01
-3.630347251892089844e-01
9.338878989219665527e-01
-5.486639142036437988e-01
-1.698596589267253876e-02
-1.221700668334960938e+00
-6.155198067426681519e-02
-2.210775613784790039e+00
-4.896342754364013672e-01
-1.912957310676574707e+00
-1.058603763580322266e+00
-3.555927276611328125e-01
5.871452093124389648e-01
3.719476759433746338e-01
