-2.095777690410614014e-01
-1.610096216201782227e+00
-4.025566577911376953e-01
1.169969558715820312e+00
1.975899696350097656e+00
1.399885058403015137e+00
-7.096202969551086426e-01
-2.792277038097381592e-01
-5.417739748954772949e-01
2.987106442451477051e-01
1.448228716850280762e+00
1.501448452472686768e-02
1.463149309158325195e+00
-1.838296413421630859e+00
-5.318155288696289062e-01
-4.969802200794219971e-01
2.126473188400268555e+00
-6.774569749832153320e-01
-1.015150070190429688e+00
-1.101171225309371948e-01
1.652445048093795776e-01
-4.949018359184265137e-01
-3.052959442138671875e-01
1.418907523155212402e+00
-3.735066056251525879e-01
1.058449983596801758e+00
-2.840018272399902344e-01
-7.500944137573242188e-01
2.592363953590393066e-01
-1.737274289131164551e+00
1.828775405883789062e-01
7.682197093963623047e-01
-5.486580729484558105e-01
-1.065794825553894043e+00
1.601891517639160156e+00
4.255211055278778076e-01
7.060166597366333008e-01
1.518424510955810547e+00
9.296958893537521362e-02
1.190352678298950195e+00
1.662477016448974609e+00
4.297752976417541504e-01
1.268501400947570801e+00
-9.007493257522583008e-01
1.125165596604347229e-01
-2.723316848278045654e-01
1.201084613800048828e+00
5.963955521583557129e-01
3.939782977104187012e-01
-7.935574650764465332e-01
8.518947362899780273e-01
-1.983505606651306152e+00
-3.341082632541656494e-01
3.664180338382720947e-01
-4.064853303134441376e-03
-1.320840239524841309e+00
5.049556493759155273e-01
1.760956048965454102e+00
1.284713268280029297e+00
2.220107078552246094e+00
6.873275637626647949e-01
-2.437880039215087891e+00
-4.525335133075714111e-02
2.074791193008422852e+00
-1.784581661224365234e+00
-1.103655338287353516e+00
3.419820785522460938e+00
5.128459930419921875e-01
-1.807336568832397461e+00
2.012655258178710938e+00
1.671010851860046387e+00
-5.400403738021850586e-01
-2.303158491849899292e-01
-5.259430408477783203e-01
-1.020799160003662109e+00
4.338118806481361389e-02
-6.296997666358947754e-01
-4.183310866355895996e-01
4.914609491825103760e-01
-1.449360251426696777e+00
-1.704345464706420898e+00
-1.060824990272521973e+00
2.022671699523925781e+00
-1.181031346321105957e+00
2.634562253952026367e+00
-1.296921491622924805e+00
-9.901239275932312012e-01
-9.234936535358428955e-02
4.356814315542578697e-04
3.139093816280364990e-01
1.017546534538269043e+00
-1.791841030120849609e+00
-1.840493798255920410e+00
-5.034746527671813965e-01
5.407547950744628906e-02
-4.801119565963745117e-01
-1.774190217256546021e-01
1.590883255004882812e+00
-1.470410823822021484e-01
5.239657759666442871e-01
-1.214758992195129395e+00
4.687205851078033447e-01
-4.826075434684753418e-01
1.619759440422058105e+00
-1.112806916236877441e+00
-7.581601738929748535e-01
-2.170387983322143555e+00
-2.576792240142822266e+00
6.306359767913818359e-01
-2.863066196441650391e+00
1.440292358398437500e+00
2.885892428457736969e-02
-8.195494413375854492e-01
2.540397405624389648e+00
-1.008697867393493652e+00
-3.837631940841674805e-01
-1.018949151039123535e+00
-1.185977831482887268e-01
-7.779838442802429199e-01
-6.446188688278198242e-01
8.399177789688110352e-01
-4.514420926570892334e-01
1.365759670734405518e-01
-6.818808913230895996e-01
-6.648910045623779297e-01
7.901533246040344238e-01
2.062178611755371094e+00
-3.055129766464233398e+00
