9.387307763099670410e-01
-8.024019598960876465e-01
1.079487681388854980e+00
-1.325361609458923340e+00
-6.921734809875488281e-01
-4.723748862743377686e-01
-1.040184020996093750e+00
-1.503253936767578125e+00
2.297953814268112183e-01
-8.174984902143478394e-02
7.970140576362609863e-01
4.429449439048767090e-01
2.434067487716674805e+00
1.379743456840515137e+00
-8.886951208114624023e-01
-9.245324134826660156e-01
-1.112961173057556152e+00
1.051156759262084961e+00
9.466846585273742676e-01
1.382290720939636230e+00
8.722829818725585938e-01
-1.104845702648162842e-01
6.008281111717224121e-01
1.772131919860839844e+00
3.067624270915985107e-01
-1.122080922126770020e+00
-1.454675674438476562e+00
9.179617464542388916e-02
1.696903258562088013e-01
5.292289853096008301e-01
-2.320168972015380859e+00
-3.716754198074340820e+00
-1.098846197128295898e+00
1.574759721755981445e+00
-6.008289009332656860e-02
1.444325327873229980e+00
-6.811489462852478027e-01
-5.524184703826904297e-01
6.584447622299194336e-02
3.663708269596099854e-01
1.023290276527404785e+00
1.464763045310974121e+00
1.795514822006225586e+00
9.373359084129333496e-01
4.575681686401367188e-02
-1.537823677062988281e-01
-3.518697023391723633e-01
1.533951163291931152e+00
-9.787429571151733398e-01
1.133134961128234863e+00
9.970661997795104980e-01
-1.725218772888183594e+00
8.880470991134643555e-01
2.192674160003662109e+00
-5.276352763175964355e-01
-3.611384034156799316e-01
2.452365398406982422e+00
6.041081547737121582e-01
1.756613492965698242e+00
1.603330612182617188e+00
-1.075663939118385315e-01
-9.567112922668457031e-01
1.193847775459289551e+00
-8.669138550758361816e-01
-5.657710433006286621e-01
-7.333087921142578125e-01
1.606976270675659180e+00
1.340906500816345215e+00
-9.845736026763916016e-01
2.348604500293731689e-01
-3.579500690102577209e-02
2.921174049377441406e+00
-1.263632416725158691e+00
-4.897557497024536133e-01
-3.649100959300994873e-01
-9.151430726051330566e-01
-3.737544119358062744e-01
-8.457111120223999023e-01
-1.011644363403320312e+00
-3.063569307327270508e+00
2.874439656734466553e-01
-1.488265633583068848e+00
9.280230998992919922e-01
-1.409967184066772461e+00
2.740711927413940430e+00
-9.873727709054946899e-02
-5.424720048904418945e-01
8.897345066070556641e-01
-1.996844410896301270e+00
-1.582951545715332031e+00
4.671175777912139893e-01
-4.211267530918121338e-01
1.117978096008300781e+00
5.213608145713806152e-01
5.946587920188903809e-01
-4.793907403945922852e-01
1.889912247657775879e+00
-1.175769925117492676e+00
3.988062143325805664e-01
1.741216052323579788e-03
5.371379107236862183e-02
1.223313570022583008e+00
-1.713338971138000488e+00
-6.523960828781127930e-01
-1.366379380226135254e+00
9.753822088241577148e-01
7.624480128288269043e-02
3.602932989597320557e-01
-1.936264872550964355e+00
-1.227396368980407715e+00
-5.467337369918823242e-01
5.917349457740783691e-02
-3.166864216327667236e-01
1.717018127441406250e+00
1.998648881912231445e+00
-1.278889656066894531e+00
-6.072745919227600098e-01
-1.216047048568725586e+00
-2.068316221237182617e+00
-8.931477665901184082e-01
2.092097520828247070e+00
-7.599101066589355469e-01
-1.849973499774932861e-01
-1.330750703811645508e+00
-4.942433834075927734e-01
1.791696995496749878e-02
-4.959264695644378662e-01
-2.686940729618072510e-01
