2.923480272293090820e-01
6.583668589591979980e-01
3.453193008899688721e-01
4.902679920196533203e-01
7.151058316230773926e-02
-4.634040892124176025e-01
1.462738275527954102e+00
-3.905946314334869385e-01
-1.904106855392456055e+00
-4.950397610664367676e-01
4.781308397650718689e-02
1.726957559585571289e+00
-5.952270030975341797e-01
-3.309798479080200195e+00
2.111762285232543945e+00
1.344649195671081543e+00
-1.583936572074890137e+00
1.586851835250854492e+00
3.908407688140869141e-01
-2.043197453022003174e-01
1.393931508064270020e+00
-3.883402347564697266e-01
4.835115373134613037e-01
2.493731498718261719e+00
-9.810922145843505859e-01
-5.140186548233032227e-01
-1.908910512924194336e+00
7.753165811300277710e-02
-1.428928852081298828e+00
1.531410455703735352e+00
9.249361231923103333e-03
5.050495266914367676e-01
-1.572449445724487305e+00
9.001029729843139648e-01
6.674212217330932617e-01
-3.060551881790161133e-01
3.004581928253173828e+00
-4.758103489875793457e-01
-2.054815292358398438e+00
-3.228811025619506836e+00
3.548779785633087158e-01
1.063841819763183594e+00
1.966362595558166504e+00
5.560120344161987305e-01
-1.810309648513793945e+00
-2.775578200817108154e-02
-9.130144715309143066e-01
1.695303082466125488e+00
9.683765769004821777e-01
8.109551668167114258e-01
5.774671435356140137e-01
-4.737109690904617310e-02
-2.197137594223022461e+00
-3.078265488147735596e-01
-8.792667835950851440e-02
-1.004526138305664062e+00
2.387884855270385742e+00
1.107550978660583496e+00
5.392996668815612793e-01
6.409680247306823730e-01
1.386555790901184082e+00
-2.301302999258041382e-01
1.977271795272827148e+00
-1.006837368011474609e+00
-6.477063894271850586e-01
-9.895248413085937500e-01
1.088451027870178223e+00
-2.289727032184600830e-01
3.275327682495117188e-01
1.095702290534973145e+00
1.006740212440490723e+00
1.259184956550598145e+00
1.083097457885742188e-01
3.641460239887237549e-01
1.404740214347839355e+00
-1.001570463180541992e+00
8.049006462097167969e-01
-4.635983109474182129e-01
1.153977751731872559e+00
-1.413447737693786621e+00
5.800899863243103027e-01
-1.378027319908142090e+00
-1.641356050968170166e-01
-1.076135039329528809e-01
-9.285771101713180542e-02
-8.460227847099304199e-01
-6.218752861022949219e-01
-6.003209203481674194e-02
-1.411941647529602051e+00
-1.916556358337402344e-01
2.798301696777343750e+00
-2.250375986099243164e+00
4.853250682353973389e-01
-1.958302736282348633e+00
-1.466837763786315918e+00
-1.836125969886779785e+00
1.351119518280029297e+00
1.235191598534584045e-01
-1.357782483100891113e+00
-1.440775275230407715e+00
1.836298778653144836e-02
6.025710105895996094e-01
-4.795285165309906006e-01
7.554256916046142578e-01
1.207760572433471680e+00
3.787661194801330566e-01
-1.458846807479858398e+00
1.858754307031631470e-01
1.219367265701293945e+00
9.010227918624877930e-01
1.310703605413436890e-01
-8.755764923989772797e-03
-1.442309737205505371e+00
-1.783532977104187012e+00
1.716804146766662598e+00
-1.102785587310791016e+00
4.540133476257324219e-01
-8.411103487014770508e-01
-1.412691831588745117e+00
-1.001725316047668457e+00
-1.448567867279052734e+00
-2.848174870014190674e-01
7.628625631332397461e-01
-1.104287981986999512e+00
-5.897466465830802917e-02
8.610416054725646973e-01
-1.121525049209594727e+00
-1.019518375396728516e+00
