1.251208424568176270e+00
-1.244032979011535645e+00
7.731725573539733887e-01
-2.480622529983520508e+00
-2.009528160095214844e+00
-9.108593463897705078e-01
1.100717425346374512e+00
9.743032455444335938e-01
-1.577600121498107910e+00
-9.649300575256347656e-01
2.068977802991867065e-01
3.047101944684982300e-02
2.277565002441406250e+00
-1.276239454746246338e-01
-2.901251614093780518e-01
-1.329488754272460938e+00
-4.032142758369445801e-01
6.923013925552368164e-01
-1.154739737510681152e+00
1.432532072067260742e+00
5.937542319297790527e-01
7.423648145049810410e-03
8.165128231048583984e-01
3.651752710342407227e+00
-7.634611129760742188e-01
-1.331892702728509903e-02
-1.320922374725341797e+00
-1.444396138191223145e+00
1.411180011928081512e-02
5.939988493919372559e-01
-9.035437703132629395e-01
-1.593451738357543945e+00
-4.793778657913208008e-01
-1.603549838066101074e+00
1.389687418937683105e+00
1.460152983665466309e+00
-1.069994449615478516e+00
4.261241257190704346e-01
-7.663329690694808960e-02
-1.160335540771484375e+00
-2.249772250652313232e-01
-1.110337615013122559e+00
1.678334832191467285e+00
-2.043929249048233032e-01
1.147040843963623047e+00
-1.072388648986816406e+00
6.743806004524230957e-01
1.152376174926757812e+00
-2.298702299594879150e-01
1.856641411781311035e+00
1.283798933029174805e+00
-9.165933132171630859e-01
2.343358039855957031e+00
2.217207431793212891e+00
7.845285534858703613e-01
-5.924729704856872559e-01
6.064829230308532715e-01
-1.885448396205902100e-02
5.806750655174255371e-01
2.151354074478149414e+00
1.052410602569580078e+00
-1.914951920509338379e+00
1.508542448282241821e-01
-2.321020215749740601e-01
-6.321846246719360352e-01
-1.231362104415893555e+00
1.497691988945007324e+00
1.477798819541931152e-01
2.027124166488647461e-02
4.658804833889007568e-02
1.339520931243896484e+00
2.350160837173461914e+00
5.707903504371643066e-01
-5.303780436515808105e-01
-1.349065780639648438e+00
-7.519643902778625488e-01
-1.198288917541503906e+00
-6.467650532722473145e-01
-2.505147218704223633e+00
-9.857318997383117676e-01
-4.422433674335479736e-01
3.331548869609832764e-01
1.186209440231323242e+00
-4.704912602901458740e-01
3.427074432373046875e+00
5.798351168632507324e-01
4.009711444377899170e-01
1.769164919853210449e+00
-1.987093091011047363e+00
-9.480018615722656250e-01
-4.447367787361145020e-02
-9.279431700706481934e-01
-4.074140191078186035e-01
6.796237826347351074e-01
1.271544337272644043e+00
-1.135714173316955566e+00
1.071380496025085449e+00
-8.226358890533447266e-01
8.384354710578918457e-01
1.889241099357604980e+00
1.685112833976745605e+00
7.054106593132019043e-01
-2.044997930526733398e+00
-1.223308086395263672e+00
3.911787867546081543e-01
9.643565416336059570e-01
-5.930652618408203125e-01
2.248125821352005005e-01
-9.154970049858093262e-01
-2.902854681015014648e+00
3.763597011566162109e-01
-2.074045658111572266e+00
-1.205518364906311035e+00
-6.941392421722412109e-01
1.647158265113830566e+00
-4.211133122444152832e-01
-1.879517287015914917e-01
-2.074030160903930664e+00
-1.648506522178649902e+00
-2.924762964248657227e-01
2.011812627315521240e-01
1.507024168968200684e-01
4.257512390613555908e-01
-9.556163549423217773e-01
-6.481205821037292480e-01
-7.530622482299804688e-01
9.218379855155944824e-01
1.006590351462364197e-01
