2.762317657470703125e+00
4.569857846945524216e-03
-3.940014839172363281e-01
7.945812940597534180e-01
2.736877441406250000e+00
-6.391508579254150391e-01
5.068510770797729492e-01
-1.189694762229919434e+00
-2.807598114013671875e-01
-5.661268830299377441e-01
1.223771497607231140e-01
1.110692024230957031e+00
3.546994328498840332e-01
-1.723783761262893677e-01
-4.890943169593811035e-01
1.783590614795684814e-01
-8.034298419952392578e-01
1.151096343994140625e+00
6.853447556495666504e-01
-1.008492112159729004e+00
-5.920949578285217285e-01
-1.096095442771911621e+00
8.922700285911560059e-01
1.614116311073303223e+00
-5.029528737068176270e-01
7.491573095321655273e-01
-5.627881884574890137e-01
1.702482461929321289e+00
-8.273566961288452148e-01
4.082783460617065430e-01
-7.227106690406799316e-01
-5.037226080894470215e-01
-1.733677387237548828e+00
3.538560867309570312e-01
-1.933354139328002930e+00
-4.554292187094688416e-02
-1.860677361488342285e+00
-1.104606986045837402e+00
9.297249913215637207e-01
1.261472463607788086e+00
7.989858984947204590e-01
-1.580993533134460449e+00
1.731639862060546875e+00
1.516785860061645508e+00
-1.519334316253662109e-01
-3.068445920944213867e+00
-2.326708078384399414e+00
-1.277371406555175781e+00
1.374174654483795166e-01
2.372011661529541016e+00
2.383115887641906738e-02
-6.544763445854187012e-01
-3.165033459663391113e-01
-1.033295035362243652e+00
1.745992779731750488e+00
-5.781686902046203613e-01
8.334707021713256836e-01
-5.417466908693313599e-02
2.197425365447998047e+00
3.498003244400024414e+00
-5.585030317306518555e-01
1.407191753387451172e+00
1.612269431352615356e-01
2.779741585254669189e-01
-2.261889934539794922e+00
-6.054307818412780762e-01
-6.358353048563003540e-02
6.651548147201538086e-01
1.272647619247436523e+00
1.330973148345947266e+00
2.138032197952270508e+00
1.381317853927612305e+00
-1.560298800468444824e+00
1.107614994049072266e+00
9.856693744659423828e-01
1.078652977943420410e+00
-1.045560121536254883e+00
-1.035156965255737305e+00
-1.075922846794128418e+00
-6.605820059776306152e-01
9.302915632724761963e-02
-1.156793117523193359e+00
-1.718159794807434082e+00
-8.553048372268676758e-01
2.293547689914703369e-01
2.726658433675765991e-02
-1.726746082305908203e+00
1.245721936225891113e+00
6.821835041046142578e-01
-2.145044654607772827e-01
9.461227804422378540e-02
-1.054120063781738281e+00
8.120681643486022949e-01
-8.882607817649841309e-01
3.444305360317230225e-01
3.946927487850189209e-01
-7.343071103096008301e-01
-1.148870944976806641e+00
-1.050715446472167969e-01
6.711345314979553223e-01
-3.410623669624328613e-01
1.256264686584472656e+00
1.833580434322357178e-01
3.886571526527404785e-02
5.993652343750000000e-01
1.057600855827331543e+00
-1.078115463256835938e+00
-1.443813681602478027e+00
-2.440724223852157593e-01
-1.165965914726257324e+00
-2.050521135330200195e+00
-4.120983183383941650e-01
-2.159189462661743164e+00
-1.781206727027893066e-01
1.521642804145812988e-01
-3.636850714683532715e-01
6.493498086929321289e-01
-6.131132841110229492e-01
-2.708703875541687012e-01
1.171627193689346313e-01
1.515443474054336548e-01
7.385443449020385742e-01
1.020247578620910645e+00
6.766358017921447754e-01
-1.206726074218750000e+00
-1.313986301422119141e+00
1.970321238040924072e-01
1.537675499916076660e+00
