8.045998811721801758e-01
2.280990630388259888e-01
-6.793773174285888672e-01
-3.019983291625976562e+00
1.422344923019409180e+00
1.569755196571350098e+00
3.553234338760375977e+00
3.238720893859863281e-01
8.415980339050292969e-01
-1.902634143829345703e+00
7.216924428939819336e-01
3.692685365676879883e-01
1.108245253562927246e+00
-6.310732364654541016e-01
-2.928709089756011963e-01
1.641179919242858887e+00
7.661991566419601440e-02
-2.756190299987792969e-02
-1.223437666893005371e+00
9.895842671394348145e-01
-1.220303177833557129e+00
-2.130394876003265381e-01
-4.394166171550750732e-01
2.114751338958740234e+00
-7.679525613784790039e-01
-1.113973379135131836e+00
8.706712722778320312e-01
7.751584649085998535e-01
-1.167799472808837891e+00
1.552601933479309082e+00
-7.416381239891052246e-01
-2.137535810470581055e+00
2.192714363336563110e-01
1.094776630401611328e+00
-1.098320841789245605e+00
-2.320856451988220215e-01
-1.234858185052871704e-01
-8.063460141420364380e-02
-5.353694558143615723e-01
-4.783000946044921875e-01
1.319707632064819336e-01
2.123764038085937500e+00
9.657465219497680664e-01
1.313705801963806152e+00
-6.568372249603271484e-01
-1.767141342163085938e+00
-3.765873610973358154e-01
3.066358327865600586e+00
-4.801239669322967529e-01
-1.124234423041343689e-01
1.280332922935485840e+00
-9.651073217391967773e-01
-9.300513267517089844e-01
-8.178957700729370117e-01
5.015422105789184570e-01
-2.085691690444946289e+00
5.308941602706909180e-01
1.174990773200988770e+00
-3.006936609745025635e-01
4.876956641674041748e-01
-5.580132603645324707e-01
6.019225716590881348e-01
1.511793971061706543e+00
1.876606225967407227e+00
1.194661021232604980e+00
-1.783218860626220703e+00
6.219028029590845108e-03
1.315685629844665527e+00
-2.518969476222991943e-01
-2.000833302736282349e-01
-3.994798660278320312e-02
-1.727566719055175781e-01
-5.723785758018493652e-01
-6.564359664916992188e-01
4.385395720601081848e-02
-1.680828571319580078e+00
-3.667656481266021729e-01
-1.038823351263999939e-01
8.096476793289184570e-01
-3.209835767745971680e+00
-5.989260673522949219e-01
-1.510754674673080444e-01
-1.326017141342163086e+00
-9.187823534011840820e-01
2.321862697601318359e+00
-3.941582739353179932e-01
-8.977873921394348145e-01
1.201554059982299805e+00
3.311996459960937500e-01
-7.016834616661071777e-01
6.834452748298645020e-01
-2.678942918777465820e+00
-1.030425190925598145e+00
-9.276487231254577637e-01
9.195355772972106934e-01
9.502270221710205078e-01
4.949158132076263428e-01
9.581933915615081787e-02
-6.978759169578552246e-01
5.254249274730682373e-02
1.290062069892883301e-01
-5.485269427299499512e-01
-1.337457895278930664e+00
1.885153293609619141e+00
1.871099710464477539e+00
-6.124279499053955078e-01
9.187517762184143066e-01
1.025954723358154297e+00
3.055155277252197266e+00
-8.812712430953979492e-01
-1.270686507225036621e+00
-6.796182990074157715e-01
-1.553504109382629395e+00
-1.422020554542541504e+00
2.003037214279174805e+00
1.443810224533081055e+00
-1.828659921884536743e-01
-9.903201460838317871e-01
-1.790716052055358887e+00
1.684649348258972168e+00
1.872146844863891602e+00
-1.843840479850769043e+00
6.035426259040832520e-01
-3.442437648773193359e-01
-5.211419239640235901e-02
-2.632718563079833984e+00
4.525218904018402100e-01
-9.434604644775390625e-02
