-1.643025875091552734e+00
1.817269325256347656e-01
-6.814716458320617676e-01
-5.067145228385925293e-01
-2.743032217025756836e+00
-2.016765475273132324e-01
1.041299343109130859e+00
2.219494730234146118e-01
1.340034723281860352e+00
-2.133423388004302979e-01
-2.939001023769378662e-01
-1.022818565368652344e+00
-1.338449835777282715e+00
4.426030069589614868e-02
4.972142726182937622e-02
-2.547061443328857422e+00
-4.070094525814056396e-01
2.268541604280471802e-02
2.059268474578857422e+00
1.855910539627075195e+00
-1.041535735130310059e+00
3.337959349155426025e-01
1.153413176536560059e+00
1.392401576042175293e+00
-1.630903601646423340e+00
1.184425354003906250e+00
4.722642004489898682e-01
1.877790391445159912e-01
7.481513619422912598e-01
-5.464756488800048828e-02
-1.084362506866455078e+00
-3.813538551330566406e+00
-1.004350662231445312e+00
7.734004855155944824e-01
-5.392821431159973145e-01
9.291102886199951172e-01
-1.360458582639694214e-01
9.926784783601760864e-02
-8.162938356399536133e-01
9.385037422180175781e-01
-2.583546638488769531e-01
-6.607267260551452637e-02
1.833468079566955566e+00
1.271121352910995483e-01
5.420534685254096985e-02
1.681982278823852539e+00
-3.285097777843475342e-01
2.930151939392089844e+00
1.306543946266174316e-01
5.078786015510559082e-01
-1.180731177330017090e+00
-3.941857218742370605e-01
1.092488169670104980e+00
6.566643714904785156e-01
8.122795224189758301e-01
1.340792536735534668e+00
1.673258781433105469e+00
1.929973810911178589e-01
-2.356633663177490234e+00
3.890540897846221924e-01
-2.699579894542694092e-01
-1.577144712209701538e-01
-2.369272232055664062e+00
-5.668935179710388184e-01
8.437389135360717773e-01
-9.595387428998947144e-02
2.292729377746582031e+00
2.398522943258285522e-01
3.802312612533569336e-01
-2.717366218566894531e-01
2.437447011470794678e-01
2.154097557067871094e+00
1.451035737991333008e+00
5.813366547226905823e-02
-1.101929664611816406e+00
-1.182396888732910156e+00
-1.249867677688598633e+00
8.239258527755737305e-01
-4.354590475559234619e-01
-2.387246370315551758e+00
-3.676183938980102539e+00
-1.994765877723693848e+00
1.701795578002929688e+00
-9.016608595848083496e-01
7.612664103507995605e-01
7.924865484237670898e-01
-5.235840082168579102e-01
3.569419980049133301e-01
1.497990190982818604e-01
6.833062171936035156e-01
7.115378379821777344e-01
-2.828718721866607666e-01
-4.050451219081878662e-01
8.347160816192626953e-01
8.859743177890777588e-02
-6.337160468101501465e-01
1.814540982246398926e+00
-5.834369063377380371e-01
1.492396116256713867e+00
3.699338674545288086e+00
-1.439594388008117676e+00
8.099579811096191406e-02
-6.724017262458801270e-01
9.495781064033508301e-01
3.139728307723999023e+00
6.218538880348205566e-01
-1.189637780189514160e+00
4.494106769561767578e-02
3.145888447761535645e-01
-1.574400067329406738e+00
5.577327013015747070e-01
-6.375583410263061523e-01
4.811824858188629150e-01
4.132553637027740479e-01
-9.894229769706726074e-01
-1.731872558593750000e-01
5.243039727210998535e-01
-2.615464210510253906e+00
9.335030913352966309e-01
2.534665763378143311e-01
1.329471349716186523e+00
2.686270177364349365e-01
-1.735672354698181152e+00
-2.175621271133422852e+00
-1.055452227592468262e-02
-1.395636916160583496e+00
9.252663850784301758e-01
-2.692244052886962891e+00
