-8.327023386955261230e-01
2.096702814102172852e+00
-1.215179413557052612e-01
3.838651776313781738e-01
-1.456969380378723145e+00
1.473686218261718750e+00
-1.692312955856323242e+00
2.082201957702636719e+00
9.504919648170471191e-01
-6.045534014701843262e-01
-2.826446592807769775e-01
3.385476768016815186e-01
-2.230064392089843750e+00
-4.737326502799987793e-01
9.977773427963256836e-01
5.730133652687072754e-01
-7.045707851648330688e-02
8.988791704177856445e-01
1.961186289787292480e+00
1.645888566970825195e+00
1.034228503704071045e-01
7.887252606451511383e-03
8.346461653709411621e-01
2.327746868133544922e+00
-3.086477756500244141e+00
3.063673257827758789e+00
-6.746112704277038574e-01
-1.187945008277893066e+00
-7.557798624038696289e-01
-8.615599870681762695e-01
-1.342002391815185547e+00
8.198425769805908203e-01
-2.365116834640502930e+00
2.364771127700805664e+00
-2.980383634567260742e-01
-2.189415931701660156e+00
6.563441753387451172e-01
-6.938629746437072754e-01
-1.088178753852844238e+00
-9.203621000051498413e-02
-9.348498582839965820e-01
1.104887604713439941e+00
7.399768829345703125e-01
1.370360851287841797e+00
9.114336967468261719e-01
1.225090265274047852e+00
3.131125867366790771e-01
4.117334485054016113e-01
4.535538256168365479e-01
6.220269799232482910e-01
2.267796844244003296e-01
-1.057438135147094727e+00
7.552398741245269775e-02
-4.039399325847625732e-01
-1.417071819305419922e-01
5.802275538444519043e-01
-1.664171695709228516e+00
5.495203658938407898e-02
3.139481544494628906e-01
4.045905917882919312e-02
-3.067099153995513916e-01
2.657524347305297852e-01
-8.809772729873657227e-01
9.559405446052551270e-01
2.273618221282958984e+00
-2.198267221450805664e+00
3.101456761360168457e-01
1.519046068191528320e+00
7.302245497703552246e-01
-4.344682395458221436e-01
1.975741535425186157e-01
-1.981858849525451660e+00
2.813867032527923584e-01
8.796928524971008301e-01
-1.383491754531860352e+00
1.847707509994506836e+00
1.072109699249267578e+00
2.217980146408081055e+00
-1.121140718460083008e+00
-1.668278217315673828e+00
8.873944878578186035e-01
-7.874571681022644043e-01
1.150483846664428711e+00
1.371230185031890869e-01
-3.457190096378326416e-01
-1.492431640625000000e+00
1.340578794479370117e+00
-4.926488697528839111e-01
2.192406177520751953e+00
-2.905044078826904297e+00
-8.269339799880981445e-01
-1.048514246940612793e+00
-3.169059991836547852e+00
-6.635837554931640625e-01
-7.144889831542968750e-01
-1.927660703659057617e-01
-1.364241242408752441e+00
-9.414495825767517090e-01
1.692640185356140137e+00
1.399708628654479980e+00
-6.998725533485412598e-01
1.438376188278198242e+00
4.563887715339660645e-01
-6.048629283905029297e-01
4.431764781475067139e-01
-4.358618557453155518e-01
7.414432168006896973e-01
-1.327797055244445801e+00
-2.287374287843704224e-01
5.517166852951049805e-01
2.224602222442626953e+00
-4.348267614841461182e-01
1.430439233779907227e+00
-4.909407198429107666e-01
-2.148388773202896118e-01
-2.809101581573486328e+00
8.673362135887145996e-01
-1.168703436851501465e+00
2.339267492294311523e+00
4.974195733666419983e-02
-1.386937260627746582e+00
2.073538722470402718e-03
-6.178981065750122070e-01
-1.500734090805053711e+00
2.733788192272186279e-01
-1.919794201850891113e+00
-1.495966792106628418e+00
-8.321064710617065430e-01
