3.129037916660308838e-01
-4.472202658653259277e-01
-2.681758403778076172e-01
6.306174993515014648e-01
6.582942605018615723e-01
1.068927526473999023e+00
-5.796581134200096130e-02
-3.905957564711570740e-02
5.609679222106933594e-01
-3.739108517765998840e-02
7.068724036216735840e-01
3.373317793011665344e-02
2.548721134662628174e-01
-4.836041033267974854e-01
-1.230473875999450684e+00
1.347012758255004883e+00
-1.896093599498271942e-02
7.315086126327514648e-01
-6.366425156593322754e-01
1.690678238868713379e+00
-4.965870454907417297e-02
-7.022719085216522217e-02
4.139196574687957764e-01
7.411152124404907227e-01
7.139227353036403656e-03
1.589979045093059540e-02
2.703758001327514648e+00
-1.217874884605407715e+00
4.762190282344818115e-01
-3.101193606853485107e-01
-9.008062481880187988e-01
-1.102095246315002441e+00
-6.155447959899902344e-01
-1.911753773689270020e+00
6.146996617317199707e-01
1.186143159866333008e-01
1.941198348999023438e+00
-2.026424705982208252e-01
-2.313854694366455078e-01
-9.081758856773376465e-01
-3.893750160932540894e-02
-7.119155526161193848e-01
1.480651497840881348e+00
4.279853999614715576e-01
1.051017284393310547e+00
1.864724516868591309e+00
-5.418683290481567383e-01
1.101551055908203125e+00
1.405827283859252930e+00
1.638106256723403931e-01
2.875418961048126221e-01
-2.245549440383911133e+00
1.160124540328979492e+00
-2.572127342224121094e+00
3.424138128757476807e-01
-2.569907665252685547e+00
-9.860437512397766113e-01
5.480691194534301758e-01
-6.983005404472351074e-01
3.134274005889892578e+00
-4.858122467994689941e-01
1.898078560829162598e+00
-4.652637541294097900e-01
2.139433383941650391e+00
1.079651117324829102e+00
-7.115089297294616699e-01
-6.859578490257263184e-01
-7.624948620796203613e-01
9.081041216850280762e-01
1.272503256797790527e+00
4.643195271492004395e-01
2.333102226257324219e-01
2.333063125610351562e+00
3.671134412288665771e-01
-2.108491420745849609e+00
-2.516415357589721680e+00
6.944267153739929199e-01
-6.883724331855773926e-01
-5.607415437698364258e-01
-3.345489203929901123e-01
5.033510923385620117e-01
-1.663438200950622559e+00
-4.853359460830688477e-01
-2.762636661529541016e+00
9.306280612945556641e-01
-1.853322982788085938e+00
1.680605858564376831e-02
1.143555641174316406e+00
1.472602009773254395e+00
1.904636383056640625e+00
1.579067587852478027e+00
-6.129305958747863770e-01
1.727246522903442383e+00
5.142906308174133301e-01
-4.089547693729400635e-01
-1.534710407257080078e+00
-1.013936847448348999e-01
1.393836021423339844e+00
-2.567261457443237305e-01
-1.655383110046386719e-01
4.742213189601898193e-01
1.273088335990905762e+00
3.853214085102081299e-01
-4.576343297958374023e-01
3.083168506622314453e+00
1.072888374328613281e+00
-4.119448661804199219e-01
6.084748506546020508e-01
-6.705479025840759277e-01
-1.121732950210571289e+00
4.522268176078796387e-01
-2.048764675855636597e-01
-1.127868175506591797e+00
-4.520860314369201660e-01
-9.216873645782470703e-01
-1.489367604255676270e+00
1.877646297216415405e-01
-5.067992806434631348e-01
-6.230235099792480469e-01
-1.995600819587707520e+00
-9.045716524124145508e-01
-2.399031639099121094e+00
-1.604957580566406250e+00
-2.380690574645996094e+00
-1.093361139297485352e+00
-1.281419157981872559e+00
-9.767047166824340820e-01
1.084159016609191895e+00
