-8.601661026477813721e-02
9.335729479789733887e-01
-6.632610559463500977e-01
2.018890082836151123e-01
9.442494511604309082e-01
-1.021529793739318848e+00
-1.012514948844909668e+00
-7.759047150611877441e-01
-1.000491619110107422e+00
-1.199344158172607422e+00
-1.346213579177856445e+00
2.593513727188110352e+00
2.461951375007629395e-01
-2.358416795730590820e+00
1.305128097534179688e+00
7.218895554542541504e-01
-8.496361374855041504e-01
1.233596324920654297e+00
1.137497663497924805e+00
-1.057418957352638245e-01
-1.745322704315185547e+00
1.650078415870666504e+00
6.981282234191894531e-01
2.389908730983734131e-01
-1.511763811111450195e+00
3.036218643188476562e+00
-3.892611265182495117e-01
-1.161084651947021484e+00
1.185787767171859741e-01
-3.774808347225189209e-01
-7.781387567520141602e-01
3.854752779006958008e-01
-1.627905219793319702e-01
6.033160686492919922e-01
8.186746835708618164e-01
8.369171619415283203e-01
2.018029540777206421e-01
-1.366475462913513184e+00
6.689383387565612793e-01
-2.563746452331542969e+00
2.582827091217041016e+00
-3.694601953029632568e-01
1.413032293319702148e+00
1.839866995811462402e+00
-4.199491739273071289e-01
-2.560176849365234375e+00
1.319613456726074219e-01
-3.290534317493438721e-01
1.108742952346801758e+00
7.322103977203369141e-01
1.587588071823120117e+00
-3.403020203113555908e-01
-8.673697113990783691e-01
1.549014598131179810e-01
-1.496135950088500977e+00
1.316250443458557129e+00
-5.454199910163879395e-01
2.136169195175170898e+00
1.508249640464782715e-01
7.469713687896728516e-01
1.346588015556335449e+00
1.779768586158752441e+00
2.035309970378875732e-01
6.012943983078002930e-01
-6.436350941658020020e-02
-1.825904130935668945e+00
-1.407029628753662109e+00
2.105270385742187500e+00
1.718868166208267212e-01
-6.140437126159667969e-01
-2.975177168846130371e-01
-1.275439709424972534e-01
-1.169175952672958374e-01
-3.203617632389068604e-01
3.504873514175415039e-01
-1.186054468154907227e+00
-5.066196322441101074e-01
9.000315666198730469e-01
7.395307421684265137e-01
-2.723833084106445312e+00
-5.008702278137207031e-01
1.793629765510559082e+00
8.858098387718200684e-01
-6.352163553237915039e-01
3.996266841888427734e+00
-1.504376649856567383e+00
-2.257251977920532227e+00
2.540036737918853760e-01
-1.958428509533405304e-02
2.232418775558471680e+00
7.625093311071395874e-02
-1.356606960296630859e+00
1.871021687984466553e-01
4.998888671398162842e-01
-2.621014595031738281e+00
-5.790328979492187500e-01
1.289011716842651367e+00
-6.776944398880004883e-01
-1.216768622398376465e+00
-8.473929166793823242e-01
-2.262840986251831055e+00
-2.407278716564178467e-01
5.848279595375061035e-01
2.030905187129974365e-01
-1.487089633941650391e+00
-9.484690427780151367e-01
-2.498662948608398438e+00
-1.892583072185516357e-01
5.821754336357116699e-01
-1.841189861297607422e+00
4.885709285736083984e-01
4.915304780006408691e-01
-8.242388367652893066e-01
-9.150897860527038574e-01
-1.968291044235229492e+00
2.297598361968994141e+00
-9.991492033004760742e-01
-1.387187242507934570e-01
-1.366870522499084473e+00
2.610335111618041992e+00
1.753104925155639648e+00
2.280080020427703857e-01
8.525675535202026367e-01
-3.367870450019836426e-01
5.166259407997131348e-01
-4.569043517112731934e-01
6.739823520183563232e-02
-1.868069767951965332e-01
