-9.624743461608886719e-02
4.297485947608947754e-01
3.454672917723655701e-02
1.443495452404022217e-01
4.803867042064666748e-01
7.570642977952957153e-02
-2.736286222934722900e-01
1.693332642316818237e-01
4.315769076347351074e-01
-5.051763653755187988e-01
-1.175798416137695312e+00
-2.871302366256713867e-01
1.743604689836502075e-01
4.565987586975097656e-01
2.708780393004417419e-02
-1.345460414886474609e+00
-1.111468449234962463e-01
-1.788658946752548218e-01
8.268509805202484131e-02
-1.357742428779602051e+00
1.459882974624633789e+00
-1.424002885818481445e+00
-1.450739383697509766e+00
6.584603190422058105e-01
-1.093291878700256348e+00
9.784667491912841797e-01
1.602749943733215332e+00
-3.237176179885864258e+00
3.038023412227630615e-01
-1.650348454713821411e-01
2.844334125518798828e+00
-2.744956731796264648e+00
-1.756815671920776367e+00
1.456724286079406738e+00
-1.270880222320556641e+00
1.801805496215820312e+00
5.389907360076904297e-01
-3.893426954746246338e-01
1.863508582115173340e+00
-8.338251113891601562e-01
1.487370252609252930e+00
9.376296997070312500e-01
1.245042085647583008e+00
1.843274682760238647e-01
5.153465270996093750e-01
-1.917499542236328125e+00
9.551505446434020996e-01
-8.402666449546813965e-01
9.126762151718139648e-01
-4.127276539802551270e-01
2.492255926132202148e+00
-5.401401780545711517e-03
-1.717084050178527832e+00
1.247793078422546387e+00
-1.455143094062805176e+00
1.001149773597717285e+00
-1.071313619613647461e+00
-7.081532478332519531e-01
3.492801904678344727e+00
-9.374735951423645020e-01
1.494907736778259277e+00
4.716800749301910400e-01
8.892018795013427734e-01
1.974459648132324219e+00
1.111450076103210449e+00
-1.275660514831542969e+00
-4.080444872379302979e-01
5.686840415000915527e-01
7.606815099716186523e-01
2.983666956424713135e-01
5.541778802871704102e-01
-1.113327383995056152e+00
3.926746249198913574e-01
-6.286206096410751343e-02
-3.002408742904663086e+00
-6.244755387306213379e-01
-1.812076091766357422e+00
-9.436693191528320312e-01
-5.276422500610351562e-01
-1.722995400428771973e+00
1.275988668203353882e-01
7.442141771316528320e-01
-4.165028929710388184e-01
-2.106711119413375854e-01
2.740736961364746094e+00
8.975658416748046875e-01
-2.563642263412475586e+00
5.060052275657653809e-01
1.077854633331298828e-01
-4.897452890872955322e-01
2.391685962677001953e+00
-2.101001024246215820e+00
-5.258408784866333008e-01
1.383496642112731934e+00
-1.961959600448608398e-01
-1.137330055236816406e+00
1.335037946701049805e+00
-3.773846030235290527e-01
4.843908548355102539e-01
2.028470784425735474e-01
-6.092524528503417969e-01
4.042817950248718262e-01
3.799526691436767578e-01
1.740576148033142090e+00
-9.406099319458007812e-01
-7.190478444099426270e-01
-2.125098705291748047e+00
-1.328766942024230957e+00
1.912770867347717285e+00
-2.110658407211303711e+00
4.278018474578857422e-01
-1.412883102893829346e-01
-2.022301219403743744e-02
-6.905685067176818848e-01
-8.730018138885498047e-01
1.074110984802246094e+00
4.492756724357604980e-01
-4.097902476787567139e-01
-5.262981057167053223e-01
1.249358057975769043e+00
3.873868286609649658e-01
-3.678735494613647461e-01
1.687013149261474609e+00
-3.544460237026214600e-01
-5.076072812080383301e-01
5.161977410316467285e-01
-1.496737003326416016e+00
-1.403848528861999512e+00
