-2.004349231719970703e+00
-9.933047890663146973e-01
-1.658753752708435059e-01
3.149948418140411377e-01
-1.714110016822814941e+00
1.949637413024902344e+00
1.317425966262817383e+00
6.176981925964355469e-01
6.006790399551391602e-01
7.503143697977066040e-02
-1.649604290723800659e-01
-1.347037196159362793e+00
-7.562940120697021484e-01
-1.000112891197204590e+00
-6.195061802864074707e-01
1.255873590707778931e-01
1.088570833206176758e+00
1.405330777168273926e+00
-1.904901266098022461e+00
-1.971648216247558594e+00
-4.668428897857666016e-01
-1.614867210388183594e+00
-7.704801112413406372e-02
-1.385241031646728516e+00
-7.022240161895751953e-01
-1.508398175239562988e+00
3.215923786163330078e+00
6.703608483076095581e-02
1.517866611480712891e+00
6.451025009155273438e-01
5.728939175605773926e-01
-1.403181195259094238e+00
-1.249475359916687012e+00
-9.231948256492614746e-01
1.633297443389892578e+00
-1.492717415094375610e-01
2.435210466384887695e+00
3.797957599163055420e-01
-2.264399766921997070e+00
-2.121323943138122559e-01
7.296736240386962891e-01
2.705282568931579590e-01
1.543203592300415039e+00
2.455259561538696289e-01
5.262209773063659668e-01
2.035095214843750000e+00
6.147102713584899902e-01
1.797499895095825195e+00
9.234191775321960449e-01
-1.345849484205245972e-01
1.653945684432983398e+00
-3.505964279174804688e-01
1.231427073478698730e+00
-6.044347882270812988e-01
3.599835336208343506e-01
-9.305144548416137695e-01
1.158518195152282715e+00
6.826669573783874512e-01
-1.428602822124958038e-02
-1.100442171096801758e+00
-1.072579383850097656e+00
2.358750820159912109e+00
-1.551117539405822754e+00
1.778012871742248535e+00
-5.156179666519165039e-01
-7.100462913513183594e-01
2.587076127529144287e-01
6.122181415557861328e-01
-5.120623707771301270e-01
9.911726117134094238e-01
-2.904782295227050781e-01
-6.543556451797485352e-01
2.032870054244995117e+00
-5.795319080352783203e-01
-1.660642862319946289e+00
-5.560977458953857422e-01
1.563731431961059570e+00
-4.101068377494812012e-01
-1.218060374259948730e+00
-7.112714648246765137e-01
-6.134409904479980469e-01
-3.310101926326751709e-01
3.858592748641967773e+00
-2.889291048049926758e-01
2.130756616592407227e+00
1.032827615737915039e+00
-1.543697595596313477e+00
-3.289020955562591553e-01
1.768064022064208984e+00
2.103244066238403320e+00
-5.432785153388977051e-01
-1.415560007095336914e+00
-4.395516812801361084e-01
5.700761675834655762e-01
-8.916125446557998657e-02
-9.292681813240051270e-01
3.780339062213897705e-01
4.816012084484100342e-01
9.177587032318115234e-01
-4.368466138839721680e-02
-7.018218040466308594e-01
-6.540489792823791504e-01
-4.821897149085998535e-01
2.330094814300537109e+00
2.564479589462280273e+00
3.545636832714080811e-01
-2.151900529861450195e+00
-5.021857619285583496e-01
-2.437362432479858398e+00
-2.566862106323242188e+00
2.908129096031188965e-01
1.102244853973388672e+00
8.258012533187866211e-01
7.580470442771911621e-01
-2.114966869354248047e+00
-1.702724456787109375e+00
-1.929333209991455078e-01
2.396604716777801514e-01
-7.757340669631958008e-01
-6.110839247703552246e-01
-1.121776342391967773e+00
-1.169916749000549316e+00
-1.818017125129699707e+00
-2.943028211593627930e-01
-4.726750850677490234e-01
-2.011513233184814453e+00
1.181883335113525391e+00
-1.334649205207824707e+00
