-1.552767634391784668e+00
9.728803634643554688e-01
-1.208716511726379395e+00
2.498572915792465210e-01
-1.450395345687866211e+00
3.080396652221679688e-01
9.347887039184570312e-01
1.543091684579849243e-01
1.891811370849609375e+00
4.684388637542724609e-02
-5.909689068794250488e-01
-8.148502111434936523e-01
-1.218803673982620239e-01
1.589641690254211426e+00
2.902163505554199219e+00
7.685874700546264648e-01
-1.278473973274230957e+00
-8.126509189605712891e-02
-4.888892173767089844e-01
1.681097507476806641e+00
-5.072034001350402832e-01
4.128617793321609497e-02
-6.414359807968139648e-01
-3.720490634441375732e-01
-1.154346689581871033e-01
1.220258355140686035e+00
-1.829223185777664185e-01
2.858996093273162842e-01
3.190034627914428711e-01
1.408208906650543213e-01
-1.934313654899597168e+00
-1.263621449470520020e-01
7.475612759590148926e-01
-4.560692012310028076e-01
-1.740278363227844238e+00
1.033775731921195984e-01
2.382622212171554565e-01
-6.295651197433471680e-01
1.502609729766845703e+00
-1.714251399040222168e+00
-7.798144817352294922e-01
-1.046397686004638672e+00
1.865748167037963867e+00
1.349957466125488281e+00
1.114443540573120117e-01
1.090182662010192871e+00
-3.021786808967590332e-01
-5.070317983627319336e-01
-8.427025675773620605e-01
2.026196241378784180e+00
-2.476085186004638672e+00
-1.876105546951293945e+00
-2.692904770374298096e-01
8.266767859458923340e-01
-5.757654309272766113e-01
1.449656844139099121e+00
1.387105345726013184e+00
1.067274928092956543e+00
1.804589480161666870e-01
1.479133725166320801e+00
8.296949863433837891e-01
1.897806525230407715e+00
1.302912533283233643e-01
7.859211415052413940e-02
8.109300136566162109e-01
-1.227380394935607910e+00
1.878763198852539062e+00
2.111219406127929688e+00
1.562504917383193970e-01
-6.858265995979309082e-01
-9.192190766334533691e-01
-1.690912246704101562e+00
9.688933938741683960e-02
1.116047859191894531e+00
1.697048991918563843e-01
1.424631476402282715e+00
8.428505063056945801e-01
-1.218284368515014648e+00
2.844714224338531494e-01
1.402099728584289551e-01
3.250935077667236328e-01
-2.105091094970703125e+00
3.716107904911041260e-01
-7.564120292663574219e-01
-2.692583948373794556e-02
5.755189657211303711e-01
1.336046215146780014e-02
-9.205493927001953125e-01
4.936718046665191650e-01
7.402229309082031250e-01
1.305084943771362305e+00
-1.805721521377563477e+00
7.334629893302917480e-01
1.922842115163803101e-01
1.665487289428710938e+00
-7.547414302825927734e-01
-1.102076172828674316e+00
1.093317151069641113e+00
-2.061431646347045898e+00
-1.013221684843301773e-02
8.120504021644592285e-01
1.098029136657714844e+00
-1.734586209058761597e-01
-1.583343863487243652e+00
-1.536992430686950684e+00
5.507409572601318359e-01
-6.435384750366210938e-01
-1.368035912513732910e+00
1.043322205543518066e+00
-9.243759512901306152e-01
-7.915432453155517578e-01
1.105055570602416992e+00
1.544246524572372437e-01
-7.615553140640258789e-01
1.610996723175048828e+00
-2.115663528442382812e+00
1.079694390296936035e+00
-1.742146313190460205e-01
-3.531784117221832275e-01
-1.631221771240234375e+00
-3.110013246536254883e+00
1.299859732389450073e-01
5.645649433135986328e-01
-3.420215547084808350e-01
-1.178668498992919922e+00
-1.476678848266601562e+00
-3.641919791698455811e-01
6.741351485252380371e-01
