1.340235233306884766e+00
-8.908938169479370117e-01
-2.142140418291091919e-01
-2.187838792800903320e+00
-1.582425713539123535e+00
2.041663080453872681e-01
1.971657037734985352e+00
1.599618673324584961e+00
-5.797958374023437500e-01
-7.933447360992431641e-01
3.814538419246673584e-01
-6.822025775909423828e-01
1.662095546722412109e+00
-4.698320329189300537e-01
-2.113868147134780884e-01
5.425743460655212402e-01
-6.599104404449462891e-01
1.168604493141174316e+00
-4.147371053695678711e-01
4.825139939785003662e-01
1.390182495117187500e+00
-2.364696413278579712e-01
5.755068659782409668e-01
-2.321060597896575928e-01
-2.474556267261505127e-01
-6.912813186645507812e-01
-4.325419366359710693e-01
-1.966913580894470215e+00
1.523674279451370239e-02
1.614520907402038574e+00
-4.417233467102050781e-01
-2.963157892227172852e+00
-4.417747557163238525e-01
9.193481206893920898e-01
1.012698173522949219e+00
6.213930249214172363e-01
-1.468294382095336914e+00
-1.514319062232971191e+00
-1.404364585876464844e+00
-1.809811592102050781e+00
-2.062350064516067505e-01
3.082838654518127441e-01
1.920155405998229980e+00
-5.774580240249633789e-01
1.184951543807983398e+00
2.735899984836578369e-01
-4.052717685699462891e-01
1.658786535263061523e+00
2.148027904331684113e-02
1.407626152038574219e+00
1.287862539291381836e+00
-1.300132870674133301e+00
1.204679131507873535e+00
4.735102057456970215e-01
-2.012695372104644775e-01
-1.290065526962280273e+00
2.164854705333709717e-01
7.603365778923034668e-01
-7.594318389892578125e-01
3.085902452468872070e+00
-5.230605602264404297e-01
7.075076699256896973e-01
-1.170042037963867188e+00
1.615365862846374512e+00
2.581424951553344727e+00
-3.235222816467285156e+00
2.381057441234588623e-01
9.103999473154544830e-03
-7.252073884010314941e-01
-3.362924233078956604e-02
5.054070428013801575e-02
-7.935691475868225098e-01
1.929476380348205566e+00
-9.049940854310989380e-02
1.102325081825256348e+00
-2.473160743713378906e+00
-2.786648273468017578e-01
-2.133439779281616211e+00
-5.361231565475463867e-01
-1.234619975090026855e+00
2.442983239889144897e-01
-6.486848592758178711e-01
-1.866235613822937012e+00
-6.231095194816589355e-01
1.606910824775695801e+00
8.962880373001098633e-01
-6.912548094987869263e-02
5.211506485939025879e-01
-3.387133181095123291e-01
1.145972162485122681e-01
-5.755509734153747559e-01
-2.009149789810180664e+00
-1.332233071327209473e+00
-1.011430025100708008e+00
3.951631486415863037e-01
2.196126222610473633e+00
9.533847570419311523e-01
4.440614879131317139e-01
5.023643970489501953e-01
2.924102783203125000e+00
3.658773601055145264e-01
6.056764721870422363e-01
1.621351718902587891e+00
-8.541983366012573242e-01
1.923197150230407715e+00
1.234932541847229004e+00
-1.481342673301696777e+00
1.445231795310974121e+00
1.838721513748168945e+00
7.652910947799682617e-01
1.014225721359252930e+00
9.650493413209915161e-02
3.011462688446044922e-01
-1.639263629913330078e+00
-1.635441035032272339e-01
4.685288965702056885e-01
1.946720123291015625e+00
-1.115885853767395020e+00
-1.959473729133605957e+00
-1.774022340774536133e+00
9.543333053588867188e-01
-1.525226473808288574e+00
2.946778833866119385e-01
-2.108161687850952148e+00
-3.297811150550842285e-01
-1.993931770324707031e+00
-7.883563041687011719e-01
3.633626401424407959e-01
