-9.185580015182495117e-01
-1.760278701782226562e+00
-6.846451759338378906e-01
5.766656994819641113e-01
-1.049538493156433105e+00
-6.502609252929687500e-01
9.294953942298889160e-01
6.541886925697326660e-01
-1.158577799797058105e+00
-2.732099533081054688e+00
1.828705549240112305e+00
-6.068031191825866699e-01
8.076898753643035889e-02
-1.837151527404785156e+00
7.737812399864196777e-02
6.016965508460998535e-01
-3.598220944404602051e-01
2.977974653244018555e+00
2.189691662788391113e-01
1.432385742664337158e-01
1.158892989158630371e+00
1.391381859779357910e+00
-2.632734775543212891e-01
-3.774488270282745361e-01
1.155056953430175781e+00
1.726955533027648926e+00
2.196912527084350586e+00
-1.030218243598937988e+00
-8.124616146087646484e-01
1.174309968948364258e+00
9.230425953865051270e-01
-6.154314279556274414e-01
2.405863255262374878e-01
1.732539534568786621e+00
1.899670213460922241e-01
2.168116092681884766e+00
1.055349230766296387e+00
3.105038106441497803e-01
2.069440931081771851e-01
-1.407226562500000000e+00
1.235407114028930664e+00
1.314011067152023315e-01
1.116049885749816895e+00
-8.508901298046112061e-02
-6.731526255607604980e-01
2.709234058856964111e-01
2.722225904464721680e+00
2.062792062759399414e+00
2.658152878284454346e-01
2.349753618240356445e+00
-3.313738405704498291e-01
-1.923032879829406738e+00
-1.652204841375350952e-01
9.227340221405029297e-01
-6.567011475563049316e-01
2.639406919479370117e-01
2.544940471649169922e+00
-8.321521282196044922e-01
-1.970403075218200684e+00
-1.216391324996948242e+00
-2.632213592529296875e+00
-7.944960147142410278e-02
-3.237632513046264648e+00
-1.122754588723182678e-01
4.869619607925415039e-01
1.146691963076591492e-01
2.554570436477661133e+00
8.176303505897521973e-01
-2.777891755104064941e-01
-9.853631258010864258e-01
5.094656255096197128e-03
-1.889687180519104004e+00
-8.998841643333435059e-01
8.126066327095031738e-01
-9.377879500389099121e-01
-4.266918897628784180e-01
-8.664714097976684570e-01
-1.700554609298706055e+00
-1.353481709957122803e-01
5.604904294013977051e-01
4.147729277610778809e-01
-1.840506911277770996e+00
3.556327521800994873e-01
-2.241536416113376617e-02
-2.860639244318008423e-02
1.947153657674789429e-01
1.191111922264099121e+00
-7.277631759643554688e-01
1.071410536766052246e+00
-3.008666038513183594e-01
-1.283238649368286133e+00
-1.408456206321716309e+00
-1.573416590690612793e+00
-6.107400059700012207e-01
-1.779990315437316895e+00
1.564729332923889160e+00
5.783159732818603516e-01
-2.845037579536437988e-01
-4.828271567821502686e-01
1.714775443077087402e+00
1.162302136421203613e+00
-2.118803411722183228e-01
6.918343305587768555e-01
2.273633003234863281e+00
1.539061546325683594e+00
9.390177726745605469e-01
-1.723128914833068848e+00
-1.850080609321594238e+00
-1.168624281883239746e+00
1.184930801391601562e-01
-6.529548764228820801e-01
1.730874329805374146e-01
-3.276949822902679443e-01
5.873512029647827148e-01
-1.460564255714416504e+00
-9.624958634376525879e-01
5.426556617021560669e-02
-1.476629972457885742e+00
1.322047710418701172e+00
2.030462026596069336e+00
-3.924102187156677246e-01
6.458838582038879395e-01
-1.528071761131286621e+00
-3.106111764907836914e+00
-2.618417739868164062e-01
-9.883457422256469727e-01
6.109905242919921875e-01
-5.876786708831787109e-01
