-2.788366377353668213e-01
-1.790481686592102051e+00
-1.420721888542175293e+00
5.462468862533569336e-01
2.778478145599365234e+00
1.729315042495727539e+00
-3.538824617862701416e-01
-7.000707387924194336e-01
-4.193975031375885010e-01
1.178338527679443359e+00
-1.530826687812805176e-01
1.350582242012023926e+00
1.894013643264770508e+00
-8.710296154022216797e-01
6.425148844718933105e-01
1.616188168525695801e+00
3.520620763301849365e-01
-7.069601416587829590e-01
1.129231080412864685e-01
1.108800526708364487e-02
1.457461714744567871e+00
-1.079528212547302246e+00
5.691299587488174438e-02
1.119623303413391113e+00
-1.812270402908325195e+00
-2.418995052576065063e-01
9.207732044160366058e-03
-1.152079939842224121e+00
-6.202211380004882812e-01
-1.501245349645614624e-01
-5.032273530960083008e-01
-3.980414569377899170e-01
-1.562684655189514160e+00
-3.052311949431896210e-02
-4.795292317867279053e-01
-1.819233298301696777e+00
6.410962939262390137e-01
-1.039802074432373047e+00
-1.246781721711158752e-01
2.317923456430435181e-01
-5.842697620391845703e-01
5.758308172225952148e-01
1.633501410484313965e+00
-9.353426098823547363e-01
4.233284294605255127e-01
2.399364709854125977e+00
1.115697979927062988e+00
1.340481042861938477e+00
-1.072308301925659180e+00
-2.497698783874511719e+00
1.067724227905273438e+00
-9.739383459091186523e-01
-2.916108369827270508e-01
-2.562774181365966797e+00
-1.490316629409790039e+00
-7.790152430534362793e-01
1.103291749954223633e+00
1.809183835983276367e+00
-6.203764081001281738e-01
6.812394857406616211e-01
-3.924261629581451416e-01
4.331419944763183594e+00
-3.139065742492675781e+00
1.544839739799499512e+00
-4.565883874893188477e-01
-2.335178375244140625e+00
1.959770202636718750e+00
-2.365989834070205688e-01
-8.486372828483581543e-01
-1.676641553640365601e-01
1.879210352897644043e+00
-1.078700900077819824e+00
3.056387901306152344e-01
1.083495691418647766e-01
9.927474260330200195e-01
4.611904919147491455e-02
-1.550114750862121582e+00
-5.576371550559997559e-01
-8.313143849372863770e-01
-1.076988101005554199e+00
-3.807738721370697021e-01
-1.670298576354980469e-01
3.109307765960693359e+00
-1.666188001632690430e+00
1.272982209920883179e-01
5.619656443595886230e-01
-9.170522689819335938e-01
1.080346107482910156e+00
6.979937553405761719e-01
2.976562976837158203e-01
-7.335854172706604004e-01
-1.665601491928100586e+00
-1.710135102272033691e+00
1.291354000568389893e-02
-1.317651867866516113e+00
-1.945051997900009155e-01
-8.976622819900512695e-01
3.258123695850372314e-01
6.993324756622314453e-01
1.440853595733642578e+00
-9.562949091196060181e-02
-2.233538866043090820e+00
1.250800490379333496e+00
1.359769344329833984e+00
1.377058148384094238e+00
1.861001402139663696e-01
-7.471619248390197754e-01
-3.561789095401763916e-01
1.763009548187255859e+00
-6.777979731559753418e-01
-1.648739695549011230e+00
5.952495932579040527e-01
3.057361841201782227e-01
3.314597308635711670e-01
1.028606295585632324e-01
7.354159355163574219e-01
5.494225621223449707e-01
-1.745680928230285645e+00
2.996322214603424072e-01
-1.313432693481445312e+00
1.496130704879760742e+00
7.927348613739013672e-01
6.739409565925598145e-01
3.860759139060974121e-01
-3.803697824478149414e-01
-1.280471682548522949e+00
2.484610319137573242e+00
-1.547042965888977051e+00
