7.361650466918945312e-01
7.117580175399780273e-01
3.598164021968841553e-01
6.690104007720947266e-01
1.127138495445251465e+00
1.122512817382812500e+00
7.861086726188659668e-01
4.665353894233703613e-01
-6.296547055244445801e-01
-8.459528088569641113e-01
-3.822983205318450928e-01
-1.895756363868713379e+00
-1.291625350713729858e-01
-1.653760790824890137e+00
3.635217666625976562e+00
-2.036799192428588867e-01
-4.878627061843872070e-01
4.950565695762634277e-01
3.533849120140075684e-01
1.362151622772216797e+00
2.179994583129882812e+00
5.935497879981994629e-01
1.323396921157836914e+00
3.371232748031616211e-02
-3.310263752937316895e-01
4.988204240798950195e-01
1.078705430030822754e+00
-1.227504611015319824e-01
-1.087478876113891602e+00
2.499696314334869385e-01
-7.216790318489074707e-01
-7.560415863990783691e-01
-1.598412036895751953e+00
-1.959577441215515137e+00
8.400751352310180664e-01
4.971277117729187012e-01
7.003746032714843750e-01
-2.952697515487670898e+00
-2.165737628936767578e+00
-2.951336383819580078e+00
1.520619869232177734e+00
1.925356626510620117e+00
1.624670267105102539e+00
1.330119729042053223e+00
-8.493922352790832520e-01
9.471090435981750488e-01
1.088001504540443420e-01
1.087882995605468750e+00
7.839331626892089844e-01
8.843020796775817871e-01
1.325352907180786133e+00
-2.559672117233276367e+00
-2.065347909927368164e+00
-2.473792552947998047e+00
-5.851916670799255371e-01
-1.744412541389465332e+00
2.631332874298095703e+00
3.150020167231559753e-02
-1.594265103340148926e+00
1.374900102615356445e+00
6.149644851684570312e-01
7.963469028472900391e-01
1.717822551727294922e-01
4.010490775108337402e-01
4.902816414833068848e-01
-1.131688117980957031e+00
-5.081332325935363770e-01
1.677557587623596191e+00
9.965333938598632812e-01
9.279812574386596680e-01
6.696124076843261719e-01
-3.739225566387176514e-01
4.284318387508392334e-01
1.696226119995117188e+00
-4.085026383399963379e-01
-5.908771753311157227e-01
-1.377372860908508301e+00
-1.842262625694274902e+00
-2.734749913215637207e-01
-1.061201691627502441e+00
3.164386004209518433e-02
-4.986547231674194336e-01
-1.486880034208297729e-01
-5.393995642662048340e-01
2.758681774139404297e-01
-4.964647293090820312e-01
2.594013810157775879e-01
-2.013464927673339844e+00
-7.601807117462158203e-01
2.254112660884857178e-01
3.165110349655151367e+00
-6.318466067314147949e-01
7.538262009620666504e-01
-8.771742582321166992e-01
1.066566348075866699e+00
-8.077197074890136719e-01
1.484938383102416992e+00
1.961557865142822266e-01
-4.905990362167358398e-01
-4.147029519081115723e-01
-1.744830794632434845e-02
-8.433347940444946289e-01
7.944982051849365234e-01
-2.121914178133010864e-01
1.025879859924316406e+00
2.121036797761917114e-01
-8.396613001823425293e-01
-2.676232576370239258e+00
7.825537919998168945e-01
1.735882520675659180e+00
1.294572114944458008e+00
7.102997303009033203e-01
-1.278710484504699707e+00
-1.498106956481933594e+00
5.565928220748901367e-01
-8.462610244750976562e-01
-7.760146260261535645e-01
-1.448214799165725708e-01
4.917748570442199707e-01
-1.905459046363830566e+00
-1.562539815902709961e+00
4.123513400554656982e-01
5.025245547294616699e-01
-3.055600166320800781e+00
-5.163886025547981262e-02
9.649233818054199219e-01
-1.003160476684570312e+00
4.882939457893371582e-01
