1.782544255256652832e+00
2.198427468538284302e-01
-1.768207311630249023e+00
2.712666690349578857e-01
-4.530000388622283936e-01
-7.944979667663574219e-01
-1.101966574788093567e-01
-7.026252150535583496e-01
-8.676679134368896484e-01
-1.131068110466003418e+00
1.615542322397232056e-01
6.852318644523620605e-01
1.234322905540466309e+00
9.962804317474365234e-01
-1.604627370834350586e+00
1.087543606758117676e+00
-1.415706515312194824e+00
-1.766637116670608521e-01
1.858555823564529419e-01
-1.414635300636291504e+00
1.711843490600585938e+00
-8.240197896957397461e-01
-1.522870302200317383e+00
1.582637071609497070e+00
-7.017832398414611816e-01
-3.319541215896606445e-01
-1.588326096534729004e+00
-3.507161140441894531e-01
-1.910387039184570312e+00
1.843171119689941406e+00
-1.498311042785644531e+00
6.879572868347167969e-01
2.068163156509399414e-01
5.826079845428466797e-01
-8.908840417861938477e-01
1.133980989456176758e+00
8.991696238517761230e-01
1.827208995819091797e+00
3.502496480941772461e-01
2.837939560413360596e-02
5.073298215866088867e-01
4.672363102436065674e-01
1.434715509414672852e+00
-1.253391861915588379e+00
-2.455120086669921875e+00
6.634246110916137695e-01
-8.713945746421813965e-02
-5.877789855003356934e-01
-1.061151981353759766e+00
5.147739648818969727e-01
4.342566728591918945e-01
-1.928039908409118652e+00
1.963101267814636230e+00
1.837799996137619019e-01
-9.476732015609741211e-01
-1.197535395622253418e+00
-7.520190477371215820e-01
2.593988180160522461e+00
1.431778430938720703e+00
-7.417952418327331543e-01
9.479771852493286133e-01
1.040558934211730957e+00
3.038095831871032715e-01
7.027134299278259277e-01
-5.873861908912658691e-01
-2.298091173171997070e+00
8.305512666702270508e-01
1.093358039855957031e+00
1.349189400672912598e+00
1.863589048385620117e+00
9.562599062919616699e-01
1.511251449584960938e+00
1.576346874237060547e+00
1.348209738731384277e+00
6.895617246627807617e-01
1.869316101074218750e+00
-7.178739458322525024e-02
6.537916511297225952e-02
-3.972296416759490967e-01
-1.012770056724548340e+00
1.511300921440124512e+00
-1.676249623298645020e+00
-5.211753249168395996e-01
-1.266088634729385376e-01
7.229227423667907715e-01
-2.142107933759689331e-01
-1.173488616943359375e+00
2.430249452590942383e+00
1.592184543609619141e+00
-1.562965661287307739e-01
2.110839486122131348e-01
-8.660719543695449829e-02
-2.897422313690185547e-01
3.834867104887962341e-02
1.299386858940124512e+00
-2.178355455398559570e+00
-4.613541066646575928e-01
-2.296160697937011719e+00
-8.453830480575561523e-01
-9.644779562950134277e-01
3.042321801185607910e-01
9.170936346054077148e-01
-2.996331691741943359e+00
-2.603579282760620117e+00
1.239104345440864563e-01
2.993396297097206116e-02
-2.266308546066284180e+00
2.333882600069046021e-01
1.176650524139404297e+00
1.429305315017700195e+00
1.547228813171386719e+00
6.241262555122375488e-01
-6.217297911643981934e-01
8.875324726104736328e-01
9.538336396217346191e-01
-3.812308549880981445e+00
7.399480342864990234e-01
-1.043702602386474609e+00
4.128667712211608887e-01
-1.127557396888732910e+00
7.972957491874694824e-01
-9.170986413955688477e-01
-1.182822108268737793e+00
-1.082763433456420898e+00
-5.892142653465270996e-01
-5.345240831375122070e-01
1.747420579195022583e-01
7.911480218172073364e-02
