1.846396923065185547e+00
1.739816069602966309e-01
-4.219875335693359375e-01
2.585409283638000488e-01
1.415829420089721680e+00
9.937847852706909180e-01
-2.243690490722656250e+00
1.766626089811325073e-01
9.362292475998401642e-03
-1.033041119575500488e+00
4.465813636779785156e-01
8.381606340408325195e-01
1.533241868019104004e+00
-2.059301853179931641e+00
4.461301267147064209e-01
-1.046851515769958496e+00
1.806754916906356812e-01
7.805693149566650391e-01
2.436800956726074219e+00
-1.498448967933654785e+00
5.347721576690673828e-01
-3.128110408782958984e+00
1.566646814346313477e+00
3.983360528945922852e-01
-1.524332165718078613e+00
-1.539784431457519531e+00
1.024114251136779785e+00
-2.940175533294677734e-01
-8.534432649612426758e-01
9.087861180305480957e-01
-1.766443699598312378e-01
-2.289957284927368164e+00
-9.799100756645202637e-01
-7.018072009086608887e-01
6.282062828540802002e-02
1.094685912132263184e+00
-1.941272139549255371e+00
1.065185070037841797e+00
2.337949275970458984e-01
-8.834295272827148438e-01
2.354164421558380127e-01
-3.128457069396972656e-02
1.987705469131469727e+00
1.234997868537902832e+00
-1.941694378852844238e+00
2.453655242919921875e+00
-1.528305292129516602e+00
1.445711702108383179e-01
1.755617380142211914e+00
-8.612626791000366211e-01
8.870655894279479980e-01
7.351822853088378906e-01
-6.397053003311157227e-01
7.255568504333496094e-01
1.354305505752563477e+00
1.668946146965026855e+00
8.690380305051803589e-02
3.668838366866111755e-02
-6.778091937303543091e-02
5.913400053977966309e-01
-1.106073141098022461e+00
-6.794599890708923340e-01
7.854592204093933105e-01
1.644880175590515137e+00
-1.147823184728622437e-01
-1.510486960411071777e+00
-2.485883682966232300e-01
2.278217226266860962e-01
-1.909155011177062988e+00
2.849364280700683594e-01
1.957087993621826172e+00
3.241698980331420898e+00
-9.968122839927673340e-01
6.146246194839477539e-01
-1.059746623039245605e+00
-4.468415677547454834e-01
-4.620181024074554443e-01
-9.326103925704956055e-01
5.416883230209350586e-01
-1.637088656425476074e-01
9.613054990768432617e-01
4.947013854980468750e-01
-3.221264779567718506e-01
-1.809034466743469238e+00
2.438235044479370117e+00
-7.526185512542724609e-01
-2.767163991928100586e+00
6.305514276027679443e-02
9.515479207038879395e-02
-4.430730640888214111e-01
-5.998152121901512146e-02
-1.140568375587463379e+00
-6.933414340019226074e-01
-2.136670589447021484e+00
1.641230344772338867e+00
-4.532336294651031494e-01
-2.731163799762725830e-01
-1.687393039464950562e-01
-5.577200055122375488e-01
4.421590268611907959e-01
5.705593824386596680e-01
5.430845618247985840e-01
-1.842373967170715332e+00
1.172123923897743225e-01
2.046593666076660156e+00
2.212363295257091522e-02
4.384312629699707031e-01
1.024402856826782227e+00
2.960912287235260010e-01
1.782734543085098267e-01
-1.159531474113464355e+00
7.514863610267639160e-01
-7.584090232849121094e-01
-2.237175941467285156e+00
3.085523605346679688e+00
-2.752670288085937500e+00
-1.493817210197448730e+00
-1.001887440681457520e+00
-1.755172133445739746e+00
-1.867716610431671143e-01
-6.669100522994995117e-01
2.462616711854934692e-01
1.683998227119445801e+00
-4.131132066249847412e-01
-6.918113678693771362e-02
2.453343719244003296e-01
5.755831599235534668e-01
6.710652112960815430e-01
