2.161691427230834961e+00
3.979680538177490234e-01
6.762779951095581055e-01
3.557854592800140381e-01
6.498821377754211426e-01
1.095852851867675781e+00
2.373376846313476562e+00
5.299426317214965820e-01
8.397834300994873047e-01
-1.257030010223388672e+00
1.367335796356201172e+00
-2.602019309997558594e-01
1.149022698402404785e+00
-1.205633521080017090e+00
-4.205560088157653809e-01
-1.439500004053115845e-01
4.477815628051757812e-01
1.831296801567077637e+00
-8.232204914093017578e-01
-8.473831415176391602e-01
1.509836316108703613e+00
-4.117830693721771240e-01
1.003513216972351074e+00
1.201141595840454102e+00
-1.121017575263977051e+00
8.409558534622192383e-01
6.173067092895507812e-01
-6.784615516662597656e-01
-1.667251467704772949e+00
4.526336491107940674e-01
6.990089416503906250e-01
1.000547051429748535e+00
2.021027326583862305e+00
-5.133992433547973633e-01
7.608094252645969391e-03
-3.748981654644012451e-01
1.080044824630022049e-02
1.536367297172546387e+00
-2.019950151443481445e+00
1.988547146320343018e-01
-2.568793535232543945e+00
1.021346807479858398e+00
1.041472554206848145e+00
-1.886086761951446533e-01
-5.382483601570129395e-01
-1.207569837570190430e-01
-3.182179629802703857e-01
1.123646736145019531e+00
-8.122771978378295898e-01
3.671356290578842163e-02
-2.198622329160571098e-03
-5.704354643821716309e-01
-9.353531599044799805e-01
-1.757687181234359741e-01
9.317170381546020508e-01
-2.067322254180908203e+00
1.232059717178344727e+00
1.305334210395812988e+00
2.768591642379760742e-01
1.576639294624328613e+00
2.557958066463470459e-01
1.573551297187805176e+00
1.002870917320251465e+00
2.128082215785980225e-01
-6.607481837272644043e-01
-1.992159843444824219e+00
6.836710125207901001e-02
1.699003696441650391e+00
-4.052457809448242188e-01
1.332939028739929199e+00
-2.655119895935058594e-01
-5.179628729820251465e-01
8.879869431257247925e-02
5.477548018097877502e-02
-6.534349918365478516e-01
-1.953084707260131836e+00
-1.358505368232727051e+00
6.339417695999145508e-01
-1.242983818054199219e+00
-8.734297752380371094e-01
1.319012194871902466e-01
5.507640838623046875e-01
-5.280192375183105469e+00
-1.256663203239440918e+00
4.519990086555480957e-01
6.230727434158325195e-01
-2.721224725246429443e-01
6.464874744415283203e-02
1.863783121109008789e+00
4.275387525558471680e-01
6.349559426307678223e-01
-1.864560246467590332e+00
-9.633831977844238281e-01
1.204194545745849609e+00
9.804990291595458984e-01
-5.270357728004455566e-01
5.121535658836364746e-01
-1.130457878112792969e+00
1.367151856422424316e+00
-9.288832545280456543e-01
-8.814815282821655273e-01
6.572171449661254883e-01
-3.088597297668457031e+00
1.471250176429748535e+00
1.408873438835144043e+00
-2.032677412033081055e+00
1.431086659431457520e-01
-1.948639005422592163e-01
4.377542436122894287e-01
2.626099884510040283e-01
-6.242510080337524414e-01
-8.268194794654846191e-01
1.767158031463623047e+00
-1.370616555213928223e-01
6.243724748492240906e-02
-2.121600151062011719e+00
1.275010704994201660e+00
9.290368556976318359e-01
-9.759690761566162109e-01
-6.388939023017883301e-01
-2.450093746185302734e+00
-2.667905569076538086e+00
1.022903442382812500e+00
-1.258995756506919861e-02
-1.052575469017028809e+00
-1.062960624694824219e+00
-7.017583847045898438e-01
1.110509753227233887e+00
