-5.416694283485412598e-01
3.814228475093841553e-01
-2.998331189155578613e-01
-1.619203239679336548e-01
-2.183786630630493164e+00
3.987495899200439453e-01
-3.621454536914825439e-01
2.421259403228759766e+00
-1.101400256156921387e+00
-1.505267262458801270e+00
2.101835250854492188e+00
-3.146898448467254639e-01
-3.041663765907287598e-01
1.695872664451599121e+00
-4.214374721050262451e-01
-1.278775215148925781e+00
-8.694087266921997070e-01
9.066895246505737305e-01
2.367964237928390503e-01
7.029746770858764648e-01
1.430793285369873047e+00
-1.742450833320617676e+00
-1.923963241279125214e-02
1.866250634193420410e+00
-5.547860860824584961e-01
1.031507253646850586e+00
3.584572672843933105e-01
-3.540757298469543457e-01
2.345195859670639038e-01
-1.012196063995361328e+00
-5.260667204856872559e-01
-6.291074156761169434e-01
-1.419840216636657715e+00
-1.037932872772216797e+00
-1.530694842338562012e+00
2.011846303939819336e+00
-7.285304069519042969e-01
2.026780396699905396e-01
-1.816765069961547852e-01
-1.669159412384033203e+00
-3.562677204608917236e-01
1.226620003581047058e-01
-1.290392279624938965e-01
1.846784353256225586e+00
-1.110491156578063965e+00
2.594960331916809082e-01
1.990328073501586914e+00
2.058638811111450195e+00
1.124812364578247070e+00
1.935494065284729004e+00
-9.216584265232086182e-02
-1.865571737289428711e-01
4.543382674455642700e-02
1.576002240180969238e-01
4.791891574859619141e-01
3.310590028762817383e+00
5.987651944160461426e-01
-1.808082580566406250e+00
1.308312416076660156e+00
-5.226104259490966797e-01
-1.365432590246200562e-01
8.538026213645935059e-01
-2.855692625045776367e+00
1.250202178955078125e+00
2.020627498626708984e+00
-1.504498481750488281e+00
1.096637606620788574e+00
6.872794628143310547e-01
2.568851470947265625e+00
4.428484439849853516e-01
5.591668486595153809e-01
3.708886802196502686e-01
-2.758994102478027344e-01
1.018709659576416016e+00
-1.154817581176757812e+00
4.261111915111541748e-01
9.682618379592895508e-01
-3.168481960892677307e-02
-2.566380977630615234e+00
-1.328441143035888672e+00
-1.725759506225585938e+00
1.035406231880187988e+00
2.329601764678955078e+00
-5.383143946528434753e-02
7.672881484031677246e-01
-1.455257087945938110e-01
7.490476965904235840e-02
-1.005366683006286621e+00
-7.315695881843566895e-01
-8.537297844886779785e-01
-1.377626776695251465e+00
-1.017475962638854980e+00
-2.816559314727783203e+00
6.649764180183410645e-01
-1.275897860527038574e+00
-9.990043640136718750e-01
3.677841424942016602e-01
-9.524863958358764648e-01
2.722988724708557129e-01
1.560425877571105957e+00
2.053409099578857422e+00
-2.979547679424285889e-01
-4.138812422752380371e-01
1.898372769355773926e-01
3.166682243347167969e+00
1.275282382965087891e+00
-7.450727224349975586e-01
3.758740425109863281e-01
-1.271871924400329590e+00
-4.651771545410156250e+00
7.140604853630065918e-01
8.241213560104370117e-01
2.909925937652587891e+00
-2.515789270401000977e+00
1.914761066436767578e+00
-1.382020235061645508e+00
-7.521526813507080078e-01
-1.818379640579223633e+00
-1.207264423370361328e+00
-4.954105317592620850e-01
-1.016410708427429199e+00
-7.971115708351135254e-01
1.767355650663375854e-01
-8.652020096778869629e-01
-7.575758546590805054e-02
1.130669116973876953e-01
6.537959575653076172e-01
-1.298235177993774414e+00
