-9.634225964546203613e-01
1.939861774444580078e-01
-9.792425632476806641e-01
1.609429568052291870e-01
-7.652955651283264160e-01
-1.126233860850334167e-01
-6.008901000022888184e-01
-1.841465979814529419e-01
-6.888942718505859375e-01
-1.540047764778137207e+00
2.190609216690063477e+00
1.367857575416564941e+00
2.396355152130126953e+00
-1.655889749526977539e+00
-7.305508255958557129e-01
1.750651717185974121e+00
6.153980493545532227e-01
1.250172257423400879e+00
-1.212394118309020996e+00
4.751772060990333557e-02
7.457249164581298828e-01
-7.584031224250793457e-01
-1.495958328247070312e+00
1.084424555301666260e-01
-2.310656785964965820e+00
-1.766825914382934570e-01
6.035578846931457520e-01
-9.450054168701171875e-01
-7.144037485122680664e-01
2.890822410583496094e+00
4.351006448268890381e-01
-2.396172046661376953e+00
-1.414644002914428711e+00
2.021669149398803711e+00
1.119928956031799316e+00
3.112210631370544434e-01
1.791331887245178223e+00
6.417659521102905273e-01
5.873023867607116699e-01
4.410616457462310791e-01
-4.919372498989105225e-01
-1.131519198417663574e+00
8.590729832649230957e-01
1.588987231254577637e+00
-1.263769149780273438e+00
2.868501424789428711e+00
-6.711497306823730469e-01
1.430664777755737305e+00
-1.498101949691772461e+00
-1.924711614847183228e-01
-1.739413142204284668e+00
4.714326262474060059e-01
-1.563929080963134766e+00
6.812677979469299316e-01
-2.409762740135192871e-01
-1.060385107994079590e+00
2.435187339782714844e+00
1.583368062973022461e+00
-5.888810157775878906e-01
-1.121257543563842773e+00
-2.890038304030895233e-02
1.084267854690551758e+00
-3.215028285980224609e+00
-2.267054170370101929e-01
9.479562640190124512e-01
-1.042431592941284180e+00
9.489908218383789062e-01
1.276876568794250488e+00
1.443698406219482422e+00
-1.191391944885253906e+00
-1.761315017938613892e-01
-2.397453308105468750e+00
-4.822002649307250977e-01
1.657612025737762451e-01
-1.091869592666625977e+00
-1.008392453193664551e+00
-6.662413477897644043e-01
1.321769833564758301e+00
8.492706418037414551e-01
-1.345078825950622559e+00
2.787382900714874268e-01
7.042083740234375000e-01
9.556851387023925781e-01
-1.205990314483642578e+00
2.091854095458984375e+00
-1.406468033790588379e+00
-1.100784167647361755e-01
-1.633879065513610840e+00
4.262064993381500244e-01
2.198260784149169922e+00
7.141620665788650513e-02
-9.520031213760375977e-01
-2.528084814548492432e-01
1.862272262573242188e+00
-1.924692630767822266e+00
9.358690977096557617e-01
2.793245762586593628e-02
8.890644907951354980e-01
-4.942788556218147278e-02
-9.141561985015869141e-01
1.588116288185119629e+00
-1.092315539717674255e-01
3.166102617979049683e-02
3.296541690826416016e+00
4.502872377634048462e-02
-4.923389852046966553e-01
2.156652742996811867e-03
6.354864835739135742e-01
1.865122556686401367e+00
1.369990468025207520e+00
-2.767173945903778076e-01
9.692664742469787598e-01
2.055753916501998901e-01
-9.246590137481689453e-01
2.134036302566528320e+00
-3.321643769741058350e-01
3.046136498451232910e-01
-3.107391297817230225e-01
-1.554451465606689453e+00
-4.575706422328948975e-01
-3.097666025161743164e+00
2.934910356998443604e-01
3.795460164546966553e-01
-1.825792789459228516e+00
-4.275506436824798584e-01
-7.978821992874145508e-01
-8.869337439537048340e-01
-1.391023635864257812e+00
