1.388300061225891113e+00
-7.328113913536071777e-01
-1.529825627803802490e-01
4.961657822132110596e-01
2.612269401550292969e+00
1.517674088478088379e+00
1.249261736869812012e+00
1.201489090919494629e+00
1.984015583992004395e+00
-1.900634020566940308e-01
1.664979577064514160e+00
1.436235666275024414e+00
8.024827241897583008e-01
-1.756983399391174316e+00
1.727635622024536133e+00
1.724994778633117676e-01
-2.533598899841308594e+00
6.713006496429443359e-01
1.300672054290771484e+00
1.209213852882385254e+00
1.268478751182556152e+00
-6.251068413257598877e-02
-8.502944707870483398e-01
-8.334222435951232910e-02
-1.185541868209838867e+00
1.256482124328613281e+00
-1.057082176208496094e+00
-3.402380049228668213e-01
1.150092720985412598e+00
1.305990576744079590e+00
1.022779583930969238e+00
-1.401301026344299316e+00
-2.193540334701538086e-01
1.447674334049224854e-01
-5.309273600578308105e-01
1.098448634147644043e+00
1.218302845954895020e+00
1.554781049489974976e-01
-1.518664121627807617e+00
7.783035635948181152e-01
5.924351811408996582e-01
-1.991931945085525513e-01
1.379456043243408203e+00
4.011304676532745361e-01
2.353251218795776367e+00
2.071145296096801758e+00
-4.097747206687927246e-01
-5.975722670555114746e-01
1.485516130924224854e-01
-1.007682919502258301e+00
-1.708839893341064453e+00
-1.776117205619812012e+00
-7.626691460609436035e-01
-1.330894470214843750e+00
-2.356126546859741211e+00
9.036318957805633545e-02
-6.271771788597106934e-01
-1.562262654304504395e+00
8.293094635009765625e-01
-6.868641376495361328e-01
-6.889765262603759766e-01
2.592021465301513672e+00
-5.330710411071777344e-01
-2.020891666412353516e+00
-7.543163299560546875e-01
1.037140250205993652e+00
-5.785969495773315430e-01
-1.014006376266479492e+00
-1.405938807874917984e-02
-3.164623975753784180e-01
-1.007174015045166016e+00
-7.947424650192260742e-01
1.140408635139465332e+00
1.107795476913452148e+00
1.093289613723754883e+00
-2.534028291702270508e+00
3.991745114326477051e-01
-9.665134549140930176e-02
-1.090614199638366699e+00
-8.693410754203796387e-01
1.810577750205993652e+00
-1.070866465568542480e+00
1.245598316192626953e+00
1.939253062009811401e-01
-4.913477301597595215e-01
1.837955117225646973e+00
-2.282467186450958252e-01
6.823982596397399902e-01
-2.401487112045288086e+00
-1.484384238719940186e-01
-1.072106242179870605e+00
-1.354766339063644409e-01
-1.449290275573730469e+00
-8.574938178062438965e-01
-4.404475688934326172e-01
-5.697163343429565430e-01
-1.566878437995910645e+00
-6.250010728836059570e-01
9.441785216331481934e-01
1.186634063720703125e+00
9.733386039733886719e-01
-1.975326418876647949e+00
-3.961062133312225342e-01
4.999341666698455811e-01
7.002381682395935059e-01
-2.198685646057128906e+00
1.045144081115722656e+00
1.914395242929458618e-01
4.916487634181976318e-01
6.300373077392578125e-01
-6.044217348098754883e-01
-6.629780530929565430e-01
-5.557391643524169922e-01
3.825875520706176758e-01
-1.917325854301452637e+00
-1.231965303421020508e+00
1.403239965438842773e+00
4.718902409076690674e-01
-8.602213114500045776e-02
1.756422162055969238e+00
-1.302135467529296875e+00
3.209286034107208252e-01
4.577104449272155762e-01
-2.072558164596557617e+00
-5.746499896049499512e-01
2.813202142715454102e-02
1.708851099014282227e+00
-1.565445542335510254e+00
