3.513308167457580566e-01
-3.063371181488037109e-01
3.777540922164916992e-01
-4.875023290514945984e-02
-7.860770821571350098e-02
1.220677852630615234e+00
2.912759304046630859e+00
1.205939412117004395e+00
1.630055785179138184e+00
-1.118618249893188477e+00
8.480626940727233887e-01
2.691658027470111847e-02
-1.419389843940734863e+00
1.085803508758544922e+00
2.481661319732666016e+00
-2.909280061721801758e-01
-2.324149847030639648e+00
2.320043325424194336e+00
-1.164006710052490234e+00
-5.269441604614257812e-01
-5.585174560546875000e-01
4.650895893573760986e-01
-6.721993684768676758e-01
-8.453302085399627686e-02
-1.822610735893249512e+00
2.190274715423583984e+00
-6.827536225318908691e-01
-1.960805177688598633e+00
2.371871620416641235e-01
5.447024703025817871e-01
4.968915879726409912e-01
-3.753291442990303040e-02
-1.191936731338500977e+00
-1.151842594146728516e+00
1.061874866485595703e+00
2.136354207992553711e+00
7.387992739677429199e-01
1.284910559654235840e+00
-1.177644610404968262e+00
-1.676858544349670410e+00
-7.036582827568054199e-01
4.186545312404632568e-01
1.383425116539001465e+00
1.280917525291442871e+00
7.344418764114379883e-01
-1.961275339126586914e-01
1.156131401658058167e-01
-1.722952842712402344e+00
7.473843693733215332e-01
3.003831505775451660e-01
-1.992940545082092285e+00
-2.472611665725708008e-01
-9.287070631980895996e-01
1.691949248313903809e+00
-1.656748652458190918e+00
1.289884567260742188e+00
-1.237842962145805359e-01
-4.069689810276031494e-01
1.894839107990264893e-01
-1.278895288705825806e-01
-1.525903701782226562e+00
1.204460144042968750e+00
-3.670838177204132080e-01
-5.950043797492980957e-01
1.291282296180725098e+00
1.435198307037353516e+00
-6.637110114097595215e-01
2.196049392223358154e-01
-6.050811409950256348e-01
-1.892768263816833496e+00
-3.821007311344146729e-01
-1.111310839653015137e+00
2.691221237182617188e+00
1.306331515312194824e+00
1.703812479972839355e-01
1.317198276519775391e-01
-9.636389464139938354e-02
2.124316804111003876e-02
-1.581054329872131348e-01
-1.158259510993957520e+00
9.355654567480087280e-02
-3.139971733093261719e+00
8.508725166320800781e-01
8.568106293678283691e-01
1.630904555320739746e+00
2.151416301727294922e+00
-9.668462872505187988e-01
-1.047149181365966797e+00
-1.708032131195068359e+00
-1.425230979919433594e+00
-1.675005793571472168e+00
7.786095738410949707e-01
3.892660140991210938e-01
-9.118298441171646118e-02
1.080179095268249512e+00
5.822200179100036621e-01
1.456853374838829041e-02
-1.420972585678100586e+00
1.010784432291984558e-01
1.741304516792297363e+00
2.491944134235382080e-01
-1.415636420249938965e+00
-8.970963358879089355e-01
4.964843988418579102e-01
9.089110493659973145e-01
-1.025339007377624512e+00
1.118276119232177734e+00
1.665912866592407227e-01
2.041282802820205688e-01
4.130147993564605713e-01
9.614617228507995605e-01
1.467590928077697754e+00
6.416864395141601562e-01
-1.312052458524703979e-01
-2.256665468215942383e+00
-1.145683407783508301e+00
1.087824344635009766e+00
8.511971235275268555e-01
-1.221046924591064453e+00
-5.736612528562545776e-02
-6.964791417121887207e-01
-1.034916877746582031e+00
7.366535067558288574e-02
-1.189252972602844238e+00
-8.315876126289367676e-01
-1.222540616989135742e+00
-3.818103969097137451e-01
-1.130296587944030762e+00
