2.103387564420700073e-01
-5.645758286118507385e-02
-1.804818063974380493e-01
-4.601534903049468994e-01
-2.212983131408691406e+00
3.781889975070953369e-01
1.188412070274353027e+00
-1.451148390769958496e-01
1.138243556022644043e+00
-2.433952093124389648e-01
4.804293513298034668e-01
-1.879886984825134277e+00
6.627420186996459961e-01
-5.294608473777770996e-01
8.417734503746032715e-01
-1.958635449409484863e+00
-9.457880854606628418e-01
6.766754388809204102e-02
7.328925728797912598e-01
2.044272184371948242e+00
-4.861899912357330322e-01
9.278768301010131836e-02
1.241588830947875977e+00
1.234639048576354980e+00
-8.691014647483825684e-01
-3.194280862808227539e-01
7.708004117012023926e-01
7.845178246498107910e-01
-3.864046931266784668e-01
2.278868705034255981e-01
-1.418557286262512207e+00
-3.896625518798828125e+00
-1.113789796829223633e+00
2.319347411394119263e-01
-4.822162687778472900e-01
6.555827856063842773e-01
-1.005759716033935547e+00
1.242360100150108337e-01
-7.496768832206726074e-01
1.447610616683959961e+00
-6.096997857093811035e-01
-2.472170740365982056e-01
2.052579879760742188e+00
1.055442214012145996e+00
1.491211950778961182e-01
2.188732147216796875e+00
-8.809440135955810547e-01
3.286120176315307617e+00
-1.086822375655174255e-01
-2.431607693433761597e-01
-1.169698357582092285e+00
-1.057934641838073730e+00
1.091457962989807129e+00
3.584142625331878662e-01
4.205660820007324219e-01
-4.612601995468139648e-01
5.032030940055847168e-01
1.703173637390136719e+00
-1.893539547920227051e+00
1.622375965118408203e+00
6.443049311637878418e-01
-9.325269460678100586e-01
-6.106452345848083496e-01
1.203329786658287048e-01
1.329378962516784668e+00
-4.949518740177154541e-01
2.770056247711181641e+00
3.900775313377380371e-02
2.845250070095062256e-01
-2.321590632200241089e-01
3.343320190906524658e-01
1.847394704818725586e+00
2.100982189178466797e+00
1.074792742729187012e-01
1.301330476999282837e-01
-2.593344688415527344e+00
-1.161674976348876953e+00
-9.289217591285705566e-01
-1.430469658225774765e-02
-2.150430917739868164e+00
-3.169243812561035156e+00
-1.508178710937500000e+00
-1.148084640502929688e+00
-1.163899779319763184e+00
8.948727846145629883e-01
-9.442827701568603516e-01
-1.516047596931457520e+00
5.332178473472595215e-01
7.034590840339660645e-01
4.395452141761779785e-01
2.014581441879272461e+00
-1.901064753532409668e+00
4.232103824615478516e-01
4.300488829612731934e-01
1.472349643707275391e+00
-2.688362300395965576e-01
1.844279646873474121e+00
8.303700685501098633e-01
1.120853647589683533e-01
3.093425273895263672e+00
-1.394131541252136230e+00
4.508285522460937500e-01
-2.395533770322799683e-01
-5.226671323180198669e-02
2.993639945983886719e+00
9.569758772850036621e-01
-4.774501621723175049e-01
1.238418102264404297e+00
8.888487219810485840e-01
-2.294626459479331970e-02
7.266536355018615723e-02
2.864485234022140503e-02
-1.581479787826538086e+00
-3.918643891811370850e-01
-1.393370926380157471e-01
-3.283139169216156006e-01
9.604191780090332031e-01
-1.591451287269592285e+00
6.100571751594543457e-01
-1.039823770523071289e+00
3.705823719501495361e-01
-6.906207799911499023e-01
-1.382374644279479980e+00
-2.156042337417602539e+00
-6.195552349090576172e-01
-8.695371150970458984e-01
6.544739603996276855e-01
-1.378157019615173340e+00
