-1.501618146896362305e+00
-3.318386524915695190e-02
-5.354955196380615234e-01
-2.324120402336120605e-01
8.693631291389465332e-01
4.696413576602935791e-01
9.486334323883056641e-01
9.972383975982666016e-01
-1.074795722961425781e+00
-7.911649942398071289e-01
1.070908665657043457e+00
2.365153312683105469e+00
-6.839292049407958984e-01
6.242337822914123535e-02
1.570603251457214355e+00
1.479259252548217773e+00
-8.087062835693359375e-01
-2.918202877044677734e-01
1.411530673503875732e-01
1.506707310676574707e+00
1.985516101121902466e-01
2.000171899795532227e+00
3.693130016326904297e-01
7.357066869735717773e-01
-9.786372184753417969e-01
-1.094147213734686375e-03
1.665628552436828613e+00
-2.578402996063232422e+00
-1.194270730018615723e+00
-1.073203682899475098e+00
3.993960022926330566e-01
2.683619260787963867e-01
-9.437360167503356934e-01
-1.720121145248413086e+00
-1.714732050895690918e-01
-1.246274590492248535e+00
8.100559115409851074e-01
-5.791749358177185059e-01
-1.506618857383728027e+00
-1.704849302768707275e-01
-3.179186105728149414e+00
1.688382625579833984e+00
3.175455331802368164e-01
1.099157810211181641e+00
2.383278846740722656e+00
2.157508373260498047e+00
4.286494553089141846e-01
2.916404008865356445e-01
-1.419762015342712402e+00
2.101421117782592773e+00
-1.887504577636718750e+00
-7.868809700012207031e-01
4.067948758602142334e-01
9.343813657760620117e-01
1.372527122497558594e+00
3.046042919158935547e-01
1.895341515541076660e+00
-8.732293844223022461e-01
6.890155673027038574e-01
-2.404460668563842773e+00
4.665242135524749756e-01
1.752250075340270996e+00
-1.174768581986427307e-01
-9.281686693429946899e-02
6.505919098854064941e-01
-5.058467984199523926e-01
-1.360413670539855957e+00
5.162042379379272461e-02
-3.817648291587829590e-01
-8.059781044721603394e-02
9.156024456024169922e-02
-1.155855774879455566e+00
1.730254530906677246e+00
5.436819791793823242e-01
9.446335434913635254e-01
2.886352241039276123e-01
-1.632191181182861328e+00
-1.208797618746757507e-01
-1.954988986253738403e-01
-1.088307857513427734e+00
7.173028588294982910e-01
-1.624834537506103516e+00
1.632485151290893555e+00
-1.845994114875793457e+00
2.414028406143188477e+00
-4.221321344375610352e-01
6.775698065757751465e-01
-7.897290587425231934e-01
-9.812098145484924316e-01
-1.656525850296020508e+00
-1.660661958158016205e-02
7.630133628845214844e-01
-2.210707902908325195e+00
1.156183555722236633e-01
2.244775416329503059e-03
1.747189462184906006e-01
7.016103863716125488e-01
-6.216242909431457520e-01
2.532808303833007812e+00
1.705804228782653809e+00
7.166896462440490723e-01
-1.834833174943923950e-01
-6.675183773040771484e-01
2.127411842346191406e+00
2.243463993072509766e+00
5.831283926963806152e-01
-5.122252702713012695e-01
-1.841140866279602051e+00
1.176597476005554199e+00
-2.666154146194458008e+00
3.471296727657318115e-01
-3.006404876708984375e+00
1.564762115478515625e+00
6.823043823242187500e-01
9.409551620483398438e-01
-3.868057578802108765e-02
-7.238475680351257324e-01
-5.028271079063415527e-01
-6.036005020141601562e-01
-5.587861537933349609e-01
5.204327404499053955e-02
9.693342447280883789e-01
-4.033472239971160889e-01
-2.872465133666992188e+00
-5.524452328681945801e-01
-7.662457227706909180e-01
-1.338206768035888672e+00
-1.218149900436401367e+00
