1.220833957195281982e-01
5.731282234191894531e-01
3.697586804628372192e-02
8.035106211900711060e-02
8.175251483917236328e-01
-7.132909297943115234e-01
1.054048657417297363e+00
-5.924056172370910645e-01
-1.891599774360656738e+00
2.633969187736511230e-01
1.310728549957275391e+00
-7.115381360054016113e-01
1.721122115850448608e-01
-1.395390510559082031e+00
-5.123163461685180664e-01
8.750638961791992188e-01
-7.911276221275329590e-01
-6.622692346572875977e-01
-8.763884305953979492e-01
1.027888655662536621e+00
-2.187691479921340942e-01
-1.700222492218017578e+00
9.103327393531799316e-01
-2.740332126617431641e+00
-1.279725909233093262e+00
-7.504616975784301758e-01
1.057385206222534180e+00
1.202602386474609375e+00
1.177547216415405273e+00
1.902399063110351562e+00
-2.702268064022064209e-01
-1.397102489136159420e-03
-1.874613285064697266e+00
2.285316139459609985e-01
-1.111901327967643738e-01
2.255676507949829102e+00
-1.232481956481933594e+00
-2.223620116710662842e-01
2.161742746829986572e-01
1.814077980816364288e-02
8.124692738056182861e-02
-9.757338762283325195e-01
1.238072037696838379e+00
1.867456793785095215e+00
-5.384550690650939941e-01
1.900066733360290527e+00
-3.440203964710235596e-01
5.032189488410949707e-01
-1.340557783842086792e-01
1.531351089477539062e+00
-9.981482625007629395e-01
8.046549558639526367e-01
1.042809724807739258e+00
-8.424830436706542969e-01
2.683944106101989746e-01
-1.375877141952514648e+00
2.847287654876708984e+00
-4.728068411350250244e-01
-1.033863902091979980e+00
3.431632518768310547e+00
7.570010423660278320e-02
1.362207084894180298e-01
-3.272390365600585938e-01
2.271862268447875977e+00
-1.391472697257995605e+00
-1.482589602470397949e+00
-7.529114931821823120e-02
-4.857943356037139893e-01
-1.042215466499328613e+00
-2.017880044877529144e-02
-7.681328803300857544e-02
-1.973087191581726074e+00
1.317882537841796875e+00
2.045790195465087891e+00
5.984280109405517578e-01
-2.352240324020385742e+00
-7.241805791854858398e-01
-1.317729830741882324e+00
1.152302384376525879e+00
-9.363485872745513916e-02
1.198778867721557617e+00
1.438412517309188843e-01
-5.746008157730102539e-01
-1.601076960563659668e+00
1.263933420181274414e+00
-7.347152233123779297e-01
8.696957230567932129e-01
-1.052411675453186035e+00
8.042759299278259277e-01
9.853526353836059570e-01
3.510347008705139160e-01
-1.828408241271972656e-01
8.435751311480998993e-03
1.702991724014282227e+00
-3.547633588314056396e-01
3.548916280269622803e-01
3.222469091415405273e-01
1.627810478210449219e+00
3.511582016944885254e-01
-2.104370482265949249e-02
8.821931481361389160e-01
-1.782889217138290405e-01
-3.247181892395019531e+00
1.957133531570434570e+00
8.258978724479675293e-01
-3.633041977882385254e-01
-3.644048869609832764e-01
-1.320254802703857422e+00
-1.709747791290283203e+00
-5.379487872123718262e-01
1.390937805175781250e+00
1.975762009620666504e+00
-1.465612530708312988e+00
-8.761790990829467773e-01
5.037468858063220978e-03
-1.332644701004028320e+00
2.170442104339599609e+00
2.605192363262176514e-01
-8.156455159187316895e-01
-2.429121971130371094e+00
-1.118162631988525391e+00
5.138013362884521484e-01
-7.909822463989257812e-01
-1.230597853660583496e+00
-1.352709650993347168e+00
-4.156209826469421387e-01
2.988322675228118896e-01
-3.863066434860229492e-02
