1.560682296752929688e+00
1.684153079986572266e+00
-2.790059447288513184e-01
-1.169421076774597168e-01
1.917008012533187866e-01
-1.233666181564331055e+00
3.200149238109588623e-01
-4.305158257484436035e-01
9.494669437408447266e-01
3.430984616279602051e-01
-1.289993524551391602e+00
-7.190240174531936646e-02
7.664708048105239868e-02
1.658433437347412109e+00
-4.935224056243896484e-01
-4.046356976032257080e-01
-4.636252820491790771e-01
2.099663972854614258e+00
2.084416389465332031e+00
5.422679185867309570e-01
-1.075846910476684570e+00
-1.216252088546752930e+00
1.628742456436157227e+00
1.850087761878967285e+00
-8.759805560111999512e-01
4.919322133064270020e-01
-3.336236774921417236e-01
-1.035883665084838867e+00
8.466797471046447754e-01
1.865916490554809570e+00
4.762456417083740234e-01
1.759364455938339233e-01
-1.679049015045166016e+00
5.212013125419616699e-01
4.307243973016738892e-02
-2.354521006345748901e-01
1.116759300231933594e+00
-2.280097484588623047e+00
-5.733144879341125488e-01
2.811142802238464355e-01
5.602995157241821289e-01
-5.974285006523132324e-01
1.937499403953552246e+00
1.826309800148010254e+00
1.448389530181884766e+00
9.155109524726867676e-02
3.598186671733856201e-01
1.127717852592468262e+00
1.321006417274475098e+00
-1.361697912216186523e+00
-9.666875600814819336e-01
-1.429263353347778320e-01
7.915801405906677246e-01
2.526972591876983643e-01
-1.522725343704223633e+00
1.504555106163024902e+00
-1.344047039747238159e-01
-1.396132167428731918e-03
5.300039052963256836e-01
-9.353955388069152832e-01
-1.770255684852600098e+00
-8.496354520320892334e-02
-1.171357750892639160e+00
1.856566220521926880e-01
1.594842411577701569e-02
5.967927724123001099e-02
-4.921211302280426025e-01
-4.943418502807617188e-01
-7.412106394767761230e-01
2.550368010997772217e-01
-2.503807246685028076e-01
6.967138499021530151e-02
9.850825071334838867e-01
1.370667576789855957e+00
1.747661381959915161e-01
9.875373840332031250e-01
6.710233092308044434e-01
4.888319075107574463e-01
4.366671144962310791e-01
-5.440635681152343750e-01
-2.927818000316619873e-01
-2.074830055236816406e+00
1.575304269790649414e+00
5.949987769126892090e-01
-7.383933663368225098e-01
-2.458624094724655151e-01
2.283355951309204102e+00
-1.833764076232910156e+00
-3.312700241804122925e-02
-1.106062769889831543e+00
-1.343623399734497070e+00
-3.466411493718624115e-03
-6.166128516197204590e-01
5.011927485466003418e-01
-1.598843812942504883e+00
-8.973280787467956543e-01
-3.628543391823768616e-02
-5.269821286201477051e-01
1.986312150955200195e+00
9.091357588768005371e-01
5.896542966365814209e-02
-3.727578818798065186e-01
-1.645023345947265625e+00
-7.807626128196716309e-01
9.983237981796264648e-01
3.662402331829071045e-01
2.100509881973266602e+00
-2.340566813945770264e-01
2.584895193576812744e-01
-4.393342971801757812e+00
5.139716863632202148e-01
5.212715268135070801e-01
2.181830815970897675e-02
-5.739371180534362793e-01
5.868445038795471191e-01
-1.040595889091491699e+00
-1.391895651817321777e+00
-3.210790753364562988e-01
2.000977277755737305e+00
2.420587241649627686e-01
-1.434300184249877930e+00
-4.670335352420806885e-01
-1.052795052528381348e+00
-1.168310761451721191e+00
-1.238311052322387695e+00
-3.462318181991577148e+00
-5.370819196105003357e-02
-1.100786924362182617e+00
