-4.924071431159973145e-01
1.384364366531372070e+00
-5.552814006805419922e-01
2.177883386611938477e-01
-4.130989909172058105e-01
-1.642731308937072754e+00
-1.064847230911254883e+00
-3.662379384040832520e-01
-8.380726911127567291e-03
-1.190128564834594727e+00
8.204515576362609863e-01
2.312373876571655273e+00
5.798568725585937500e-01
-8.832909464836120605e-01
1.814121842384338379e+00
1.261969804763793945e+00
-1.630164980888366699e+00
1.476585030555725098e+00
1.318584084510803223e+00
2.301958203315734863e-01
-1.955827832221984863e+00
1.513282060623168945e+00
1.007372736930847168e+00
6.912700831890106201e-02
-1.900144219398498535e+00
1.918904066085815430e+00
-7.299394011497497559e-01
2.764895558357238770e-01
3.107643425464630127e-01
5.205363035202026367e-01
-2.017117023468017578e+00
1.190060079097747803e-01
-5.001730322837829590e-01
1.149789094924926758e+00
-3.272858858108520508e-01
2.367763519287109375e-01
-1.167703986167907715e+00
-2.430347681045532227e+00
1.567721366882324219e+00
-3.020114898681640625e+00
6.824576854705810547e-01
5.393814761191606522e-03
1.370660305023193359e+00
3.107586145401000977e+00
3.730219230055809021e-02
-5.500061810016632080e-02
-4.178473651409149170e-01
6.819465160369873047e-01
2.951071262359619141e-01
1.980419635772705078e+00
1.317694187164306641e+00
-4.987848997116088867e-01
1.041043519973754883e+00
-2.837470471858978271e-01
-1.689965486526489258e+00
-1.593595594167709351e-01
6.108289957046508789e-01
1.975100636482238770e+00
-1.043514132499694824e+00
1.727093338966369629e+00
1.173594951629638672e+00
2.676690816879272461e+00
-8.261924982070922852e-01
1.262593626976013184e+00
1.447716951370239258e+00
-1.387367606163024902e+00
-1.592218160629272461e+00
1.250099182128906250e+00
6.115317940711975098e-01
-2.406688034534454346e-02
-3.465691804885864258e-01
-3.220517337322235107e-01
7.792398929595947266e-01
-2.366448491811752319e-01
1.779750943183898926e+00
-1.652366876602172852e+00
7.990242242813110352e-01
-3.439137935638427734e-01
1.166492819786071777e+00
-2.749243259429931641e+00
3.364372551441192627e-01
-6.335052102804183960e-02
-1.629345566034317017e-01
-8.189819455146789551e-01
2.476778030395507812e+00
-2.664742231369018555e+00
-1.879514575004577637e+00
-2.454880326986312866e-01
9.900098443031311035e-01
2.274237632751464844e+00
-1.036400556564331055e+00
-1.264351963996887207e+00
1.896395832300186157e-01
1.795901298522949219e+00
-2.512337684631347656e+00
-1.913222819566726685e-01
1.068594336509704590e+00
1.015375703573226929e-01
-1.362822413444519043e+00
4.903165996074676514e-01
-2.077491998672485352e+00
-2.128142863512039185e-01
1.191917419433593750e+00
-7.485617697238922119e-02
-2.147071510553359985e-01
-5.099152922630310059e-01
-1.368242263793945312e+00
6.186456084251403809e-01
-9.936825633049011230e-01
-8.662167787551879883e-01
-1.505354404449462891e+00
1.718825459480285645e+00
-1.701143145561218262e+00
-2.509299755096435547e+00
-8.253114819526672363e-01
1.229354143142700195e+00
-1.117826672270894051e-03
1.622900962829589844e-01
-2.279811620712280273e+00
6.721309423446655273e-01
-2.053340524435043335e-02
1.044294118881225586e+00
-4.301273226737976074e-01
-1.357673883438110352e+00
2.532116472721099854e-01
-1.198270916938781738e+00
-3.154511749744415283e-01
8.813007920980453491e-02
