-2.454573154449462891e+00
4.558873176574707031e-01
1.174300909042358398e-01
-1.310257762670516968e-01
-6.540538072586059570e-01
9.127105772495269775e-02
6.861292719841003418e-01
1.816954731941223145e+00
1.113133907318115234e+00
2.103954926133155823e-02
1.481742143630981445e+00
-9.356576800346374512e-01
-3.193917036056518555e+00
-8.770079612731933594e-01
1.300582647323608398e+00
-1.115548849105834961e+00
-4.769556522369384766e-01
1.111306071281433105e+00
2.006085634231567383e+00
-7.493572831153869629e-01
2.768529355525970459e-01
-9.072371125221252441e-01
-1.668120026588439941e+00
-1.849885284900665283e-01
-2.504738330841064453e+00
-4.853156208992004395e-01
1.986752748489379883e+00
-4.124184548854827881e-01
1.536232590675354004e+00
-4.076843261718750000e-01
-3.428737632930278778e-03
6.880807876586914062e-01
-2.254473209381103516e+00
3.520924448966979980e-01
1.844238758087158203e+00
2.981569990515708923e-02
3.866366446018218994e-01
-2.425879716873168945e+00
1.223187446594238281e-01
-1.912391901016235352e+00
-1.359271764755249023e+00
1.171095013618469238e+00
1.930989027023315430e+00
2.528930827975273132e-02
1.615883111953735352e+00
1.686311483383178711e+00
-3.815538883209228516e-01
2.117522001266479492e+00
-8.819737434387207031e-01
1.278721570968627930e+00
2.188043355941772461e+00
1.161587685346603394e-01
-2.109453529119491577e-01
-1.537581443786621094e+00
2.093431055545806885e-01
-2.377164550125598907e-02
2.279684066772460938e+00
-6.712421178817749023e-01
2.443179845809936523e+00
-4.282809495925903320e-01
-2.014271974563598633e+00
3.171764850616455078e+00
-9.987806677818298340e-01
1.236198991537094116e-01
6.060252785682678223e-01
-3.088156878948211670e-01
2.140991836786270142e-01
2.968990206718444824e-01
-1.828124523162841797e+00
1.756151020526885986e-01
-2.254268899559974670e-02
-4.111188948154449463e-01
9.160661101341247559e-01
-7.913885712623596191e-01
-1.727455854415893555e+00
-1.326299905776977539e+00
-1.649653673171997070e+00
8.364526629447937012e-01
-1.218349456787109375e+00
-2.374030113220214844e+00
-1.321815729141235352e+00
1.473288983106613159e-01
1.294639945030212402e+00
-7.218390107154846191e-01
2.399873971939086914e+00
-7.171951234340667725e-02
2.294387221336364746e-01
7.667980194091796875e-01
5.851648449897766113e-01
-4.129345118999481201e-01
-1.079830974340438843e-01
-2.157366275787353516e+00
2.453850954771041870e-01
-1.987377256155014038e-01
-6.955543160438537598e-01
5.220145583152770996e-01
1.771494746208190918e+00
-1.108511164784431458e-01
1.401848196983337402e+00
8.380032181739807129e-01
-2.854626774787902832e-01
2.287682533264160156e+00
1.405532956123352051e-01
1.400705337524414062e+00
2.088078022003173828e+00
2.886785864830017090e-01
-3.028349876403808594e+00
5.244413614273071289e-01
1.909024596214294434e+00
-2.202251255512237549e-01
5.464849472045898438e-01
-9.197801947593688965e-01
-4.227357804775238037e-01
-2.556648015975952148e+00
-1.628582835197448730e+00
-1.472846388816833496e+00
-6.396247148513793945e-01
1.438063263893127441e+00
-6.452794075012207031e-01
9.936516284942626953e-01
-8.290511965751647949e-01
-1.511002540588378906e+00
4.467692971229553223e-01
-1.115697503089904785e+00
2.709686756134033203e-01
-9.175645112991333008e-01
4.887555241584777832e-01
-1.188759446144104004e+00
