-8.957663178443908691e-01
-1.712577193975448608e-01
-7.908425331115722656e-01
5.533769726753234863e-01
6.904234886169433594e-01
1.080472946166992188e+00
-2.925363779067993164e-01
-9.793480634689331055e-01
-1.919689178466796875e+00
-2.920424938201904297e-01
2.451898097991943359e+00
-5.353018268942832947e-02
-8.908708691596984863e-01
1.208483099937438965e+00
-8.140301704406738281e-02
-4.156414866447448730e-01
-5.843240618705749512e-01
1.880564808845520020e+00
-1.498507618904113770e+00
8.474131822586059570e-01
-1.882373332977294922e+00
-3.628271818161010742e-01
1.447686433792114258e+00
9.891004562377929688e-01
-2.371836662292480469e+00
2.007704257965087891e+00
2.525207757949829102e+00
-8.607621192932128906e-01
2.555635869503021240e-01
1.216126918792724609e+00
-8.151206970214843750e-01
-6.987606287002563477e-01
9.722414612770080566e-01
9.796544909477233887e-01
-1.300578594207763672e+00
1.069418907165527344e+00
6.482708454132080078e-02
-4.312414228916168213e-01
-1.907702565193176270e+00
-4.842303097248077393e-01
2.003387689590454102e+00
-1.727615714073181152e+00
7.086340785026550293e-01
2.674153804779052734e+00
-1.037278473377227783e-01
1.290083527565002441e+00
1.109850630164146423e-01
2.484888076782226562e+00
2.169541597366333008e+00
4.283571541309356689e-01
3.861453235149383545e-01
-7.632073760032653809e-01
-3.656092882156372070e-01
-6.305033564567565918e-01
-1.387177944183349609e+00
-7.624095678329467773e-02
2.023458719253540039e+00
-1.883389472961425781e+00
-4.828192591667175293e-01
7.522841095924377441e-01
-2.100411653518676758e+00
1.837282896041870117e+00
-3.148802518844604492e+00
1.213765263557434082e+00
4.429188668727874756e-01
-3.438988029956817627e-01
4.554805159568786621e-01
2.645155489444732666e-01
-3.302563726902008057e-01
-1.514129061251878738e-02
1.027504920959472656e+00
-2.752659797668457031e+00
1.812072277069091797e+00
6.356996297836303711e-01
2.254860289394855499e-02
1.952334493398666382e-01
-5.839563608169555664e-01
-6.360492706298828125e-01
7.191849350929260254e-01
-5.215898752212524414e-01
2.874229848384857178e-01
-7.242071628570556641e-02
1.291139006614685059e+00
-1.676106691360473633e+00
-6.092873811721801758e-01
-4.150301218032836914e-01
-1.781288027763366699e+00
-3.111322164535522461e+00
-2.320381104946136475e-01
4.101472347974777222e-02
-4.762708842754364014e-01
-9.154559969902038574e-01
-1.196707725524902344e+00
-6.652767658233642578e-01
-7.079634070396423340e-01
-1.229286432266235352e+00
-1.166501417756080627e-01
-4.168350622057914734e-02
-6.017951965332031250e-01
-7.632327079772949219e-01
6.636711359024047852e-01
-6.915555000305175781e-01
-1.381207466125488281e+00
2.294229030609130859e+00
1.586905241012573242e+00
-2.434478402137756348e-01
-1.944964766502380371e+00
-2.878618538379669189e-01
-4.842219501733779907e-02
1.479221820831298828e+00
1.757608294486999512e+00
3.822835683822631836e+00
1.312443614006042480e+00
-1.135397195816040039e+00
5.618630051612854004e-01
-1.081658601760864258e+00
-3.669082224369049072e-01
4.326746761798858643e-01
-1.624029874801635742e-01
-1.614811420440673828e-01
3.993168100714683533e-02
-7.506142258644104004e-01
1.926034688949584961e+00
-1.133814930915832520e+00
-4.895347654819488525e-01
1.045393586158752441e+00
-1.437533140182495117e+00
4.845594242215156555e-02
