1.857608705759048462e-01
7.176815867424011230e-01
-1.012419342994689941e+00
9.867057204246520996e-01
-1.204854130744934082e+00
1.416261076927185059e+00
5.067831873893737793e-01
1.850934267044067383e+00
9.069945663213729858e-02
9.548218846321105957e-01
2.385951519012451172e+00
3.243677616119384766e+00
5.696198940277099609e-01
-1.085681200027465820e+00
1.756104826927185059e+00
-6.891424655914306641e-01
-1.167216420173645020e+00
1.064355850219726562e+00
-1.353936195373535156e+00
3.473326861858367920e-01
-6.886765360832214355e-01
-1.324538707733154297e+00
-2.204036474227905273e+00
-1.754799485206604004e+00
-6.040436029434204102e-01
-6.238269209861755371e-01
-1.492345929145812988e+00
7.900362014770507812e-01
1.403239488601684570e+00
-3.993654549121856689e-01
-1.090275049209594727e+00
1.719517409801483154e-01
-9.420499950647354126e-02
1.245362162590026855e+00
3.541960418224334717e-01
1.570643305778503418e+00
1.192666530609130859e+00
-1.210122108459472656e+00
-1.245251178741455078e+00
3.730424642562866211e-01
8.308088183403015137e-01
1.469096392393112183e-01
1.539950728416442871e+00
2.064165830612182617e+00
-6.590509414672851562e-01
6.454585194587707520e-01
-7.906271219253540039e-01
-2.091520726680755615e-01
9.884361624717712402e-01
1.879478454589843750e+00
-1.935669630765914917e-01
-9.501045346260070801e-01
4.170651435852050781e-01
-1.508834481239318848e+00
6.424986720085144043e-01
1.315809600055217743e-02
5.281398296356201172e-01
7.371895909309387207e-01
-1.893269062042236328e+00
-2.815230786800384521e-01
1.497536301612854004e+00
-6.535316258668899536e-02
-1.099996924400329590e+00
-4.910308122634887695e-01
2.029369354248046875e+00
-1.801871061325073242e+00
-1.753541946411132812e+00
-1.627562999725341797e+00
3.316868543624877930e-01
3.106963075697422028e-02
-1.553146243095397949e+00
-1.097056746482849121e+00
-6.786001324653625488e-01
8.285638689994812012e-01
2.258867263793945312e+00
-1.216265797615051270e+00
-6.296687126159667969e-01
-1.244644880294799805e+00
1.009392738342285156e+00
-1.071150302886962891e+00
-7.668859362602233887e-01
8.752695322036743164e-01
1.806037187576293945e+00
-1.052608013153076172e+00
7.274956256151199341e-02
9.978180527687072754e-01
-2.027753114700317383e+00
-9.823843240737915039e-01
-6.910682320594787598e-01
2.139255523681640625e+00
1.363435149192810059e+00
2.566177770495414734e-02
-1.307819962501525879e+00
-3.095780611038208008e-01
-3.464967012405395508e+00
1.741278171539306641e-01
5.055589973926544189e-02
-2.228547781705856323e-01
-6.347372531890869141e-01
2.659103274345397949e-01
-1.193612456321716309e+00
2.081562757492065430e+00
-1.630371212959289551e-01
2.031843662261962891e+00
1.419667840003967285e+00
-6.726795434951782227e-01
-3.903280198574066162e-01
-2.481096535921096802e-01
1.368383049964904785e+00
-4.022898375988006592e-01
1.621834397315979004e+00
3.808098793029785156e+00
-1.062900543212890625e+00
-1.121572256088256836e+00
1.283082842826843262e+00
-2.627074956893920898e+00
1.710443019866943359e+00
-6.383732557296752930e-01
-2.398782491683959961e+00
-4.480357766151428223e-01
-4.962519705295562744e-01
-7.892752885818481445e-01
-2.049877643585205078e-01
-2.141100764274597168e-01
-3.694762587547302246e-01
-1.820117592811584473e+00
1.243891239166259766e+00
-1.966178417205810547e-01
