-3.620912432670593262e-01
-3.846527934074401855e-01
-1.099247574806213379e+00
-2.760874509811401367e+00
6.082591041922569275e-02
-1.500145196914672852e-01
1.814706325531005859e-01
2.717524290084838867e+00
8.617748022079467773e-01
-8.163661360740661621e-01
4.612632095813751221e-01
3.571516871452331543e-01
6.864587068557739258e-01
1.318087577819824219e+00
5.893197283148765564e-02
1.548182368278503418e+00
-7.510804533958435059e-01
6.476066708564758301e-01
-1.017961025238037109e+00
1.295781612396240234e+00
-1.861857026815414429e-01
-7.066555023193359375e-01
-2.103526353836059570e+00
5.051477551460266113e-01
-2.747843027114868164e+00
2.393467187881469727e+00
-3.046367317438125610e-02
-8.947886228561401367e-01
1.982805252075195312e+00
1.264277577400207520e+00
5.705039948225021362e-03
-3.850446462631225586e+00
-1.304109334945678711e+00
-6.565765738487243652e-01
9.653918147087097168e-01
1.622461795806884766e+00
1.244037508964538574e+00
-1.473292350769042969e+00
-8.364572525024414062e-01
-2.449131727218627930e+00
8.919241279363632202e-02
6.021670699119567871e-01
1.134024620056152344e+00
3.262637853622436523e-01
-5.169580504298210144e-02
5.897344350814819336e-01
1.597050070762634277e+00
1.429106116294860840e+00
1.636364221572875977e+00
-1.349254727363586426e+00
-4.595904350280761719e-01
-9.940556883811950684e-01
4.761657118797302246e-02
5.632752180099487305e-01
1.939573168754577637e+00
2.083473950624465942e-01
1.014655113220214844e+00
-1.143653631210327148e+00
-1.668562293052673340e+00
-3.291727006435394287e-01
-9.442963600158691406e-01
1.092508435249328613e+00
-1.470365762710571289e+00
6.387338787317276001e-02
2.447245597839355469e+00
-2.633265256881713867e-01
1.450040459632873535e+00
6.027088761329650879e-01
-2.354162693023681641e+00
1.139894351363182068e-01
-3.077300786972045898e-01
-1.194293946027755737e-01
1.528671503067016602e+00
-4.513419568538665771e-01
-7.847904562950134277e-01
5.100883543491363525e-02
-3.563728332519531250e-01
8.640149831771850586e-01
7.202088236808776855e-01
-2.465539216995239258e+00
-2.714806556701660156e+00
-9.783496260643005371e-01
7.074291706085205078e-01
-6.227770447731018066e-01
1.969086885452270508e+00
2.750354111194610596e-01
7.386743426322937012e-01
-7.456102222204208374e-02
-3.953894674777984619e-01
1.091160058975219727e+00
-1.092678457498550415e-01
-1.246020317077636719e+00
-5.640279054641723633e-01
1.065277099609375000e+00
-7.982329726219177246e-01
1.914401650428771973e+00
1.141982555389404297e+00
-3.111107349395751953e-01
8.937631249427795410e-01
1.694208145141601562e+00
5.494907498359680176e-01
-7.905641198158264160e-01
-2.282065153121948242e-01
-1.805007159709930420e-01
2.148585319519042969e+00
-4.839138388633728027e-01
-1.657554388046264648e+00
-8.316825628280639648e-01
1.809713482856750488e+00
5.208457112312316895e-01
4.415254890918731689e-01
7.833359241485595703e-01
8.668358623981475830e-02
-3.250952363014221191e-01
5.543379783630371094e-01
4.377173632383346558e-02
5.433068424463272095e-02
1.327194571495056152e-01
-3.267814159393310547e+00
9.050946831703186035e-01
-1.349180750548839569e-02
-1.570983171463012695e+00
2.638666331768035889e-01
-1.601780652999877930e+00
-7.665492594242095947e-02
-2.015775918960571289e+00
2.385224342346191406e+00
-1.501025319099426270e+00
