-1.112295389175415039e-01
4.958531856536865234e-01
-4.338897764682769775e-01
1.904987543821334839e-01
-1.894295066595077515e-01
3.785257041454315186e-01
1.803614050149917603e-01
-1.569169282913208008e+00
1.861281156539916992e+00
-8.421760201454162598e-01
-2.824640274047851562e-01
-1.070677757263183594e+00
6.507913768291473389e-02
1.517709791660308838e-01
-6.145617365837097168e-01
-5.100353956222534180e-01
-1.588480025529861450e-01
5.247353389859199524e-02
-9.149641394615173340e-01
-7.333300113677978516e-01
6.191235184669494629e-01
-2.008918523788452148e+00
-1.154773116111755371e+00
6.123678684234619141e-01
-1.038638591766357422e+00
-1.095697045326232910e+00
2.214186906814575195e+00
-9.594408869743347168e-01
4.457231462001800537e-01
5.142857432365417480e-01
1.906109690666198730e+00
-3.092614412307739258e+00
-2.098506927490234375e+00
6.248113512992858887e-01
-1.929558664560317993e-01
-7.191557884216308594e-01
-1.157531023025512695e+00
-1.494624614715576172e+00
9.626744389533996582e-01
-4.703683257102966309e-01
-6.180810928344726562e-01
2.091723531484603882e-01
1.217179894447326660e+00
6.549499034881591797e-01
8.420879244804382324e-01
1.393458366394042969e+00
8.076705336570739746e-01
-3.137243986129760742e-01
-7.078410685062408447e-02
6.172124743461608887e-01
3.832431733608245850e-01
-2.540302753448486328e+00
-4.455875456333160400e-01
8.581715822219848633e-01
-8.421633243560791016e-01
-1.109742164611816406e+00
1.479663133621215820e+00
1.190462350845336914e+00
2.068370580673217773e+00
1.415785789489746094e+00
8.112741261720657349e-02
9.814519882202148438e-01
8.274835944175720215e-01
1.503991007804870605e+00
2.877117633819580078e+00
-3.148564100265502930e-01
3.320184469223022461e+00
-1.412451982498168945e+00
5.810697674751281738e-01
-1.211533248424530029e-01
1.194593667984008789e+00
-8.972052931785583496e-01
1.664743661880493164e+00
-7.835155725479125977e-02
-1.640096783638000488e+00
-1.574938416481018066e+00
3.476292192935943604e-01
-1.295785307884216309e+00
7.404324412345886230e-01
-2.012167215347290039e+00
1.474148988723754883e+00
-4.155718386173248291e-01
-1.510891318321228027e+00
-7.195568084716796875e-01
1.895272731781005859e+00
-1.039707303047180176e+00
-1.491813898086547852e+00
3.498340547084808350e-01
2.671934897080063820e-03
1.063763499259948730e+00
1.244242191314697266e+00
-3.618106842041015625e+00
-2.470039427280426025e-01
2.702966213226318359e+00
3.998017609119415283e-01
-1.587947964668273926e+00
4.199694693088531494e-01
1.133842587471008301e+00
-1.907691359519958496e-01
2.280159711837768555e+00
5.136371254920959473e-01
2.372134923934936523e-01
1.040411591529846191e+00
-4.350126534700393677e-02
6.228170823305845261e-03
9.128537029027938843e-03
-1.001918762922286987e-01
1.667843580245971680e+00
-3.638360500335693359e-01
-6.062469482421875000e-01
1.738201856613159180e+00
1.221982359886169434e+00
-1.031761765480041504e+00
-2.218931198120117188e+00
9.428393244743347168e-01
-2.955659329891204834e-01
1.088604211807250977e+00
7.075547575950622559e-01
-2.606203079223632812e+00
-2.096031233668327332e-02
-1.055610299110412598e+00
-1.134932339191436768e-01
2.424946576356887817e-01
-1.345297098159790039e+00
-6.691971421241760254e-01
-1.606018543243408203e+00
-5.447355508804321289e-01
-8.768666386604309082e-01
