-1.806180953979492188e+00
1.104817986488342285e-01
2.272090464830398560e-01
8.962900638580322266e-01
-8.225713372230529785e-01
-7.377793192863464355e-01
-8.261738419532775879e-01
-3.142708679661154747e-03
7.109009027481079102e-01
-1.456417441368103027e+00
1.641012668609619141e+00
-5.264015197753906250e-01
2.226091921329498291e-01
-2.419398546218872070e+00
1.220889568328857422e+00
1.703737825155258179e-01
-4.223265945911407471e-01
1.307958513498306274e-01
5.218782424926757812e-01
2.846413254737854004e-01
-2.726320624351501465e-01
1.991126894950866699e+00
-8.551184087991714478e-02
-7.763160020112991333e-02
-1.505024075508117676e+00
-1.127423644065856934e+00
-1.724204421043395996e-02
1.115471720695495605e+00
1.699317395687103271e-01
8.764132261276245117e-01
-2.033832550048828125e+00
1.756062507629394531e+00
-1.051668524742126465e+00
7.909722924232482910e-01
7.351717948913574219e-01
5.299829840660095215e-01
4.586091637611389160e-01
-8.544037342071533203e-01
-2.986743450164794922e-01
-3.052535772323608398e+00
1.605229526758193970e-01
1.190300345420837402e+00
1.829228639602661133e+00
1.820130825042724609e+00
-6.843488216400146484e-01
1.408925652503967285e+00
-3.227347135543823242e-01
1.688633322715759277e+00
7.054446339607238770e-01
8.736805319786071777e-01
1.352626442909240723e+00
-1.736851483583450317e-01
9.376227855682373047e-01
-9.406487345695495605e-01
-7.825916409492492676e-01
-1.019872546195983887e+00
5.087860822677612305e-01
2.782731950283050537e-01
-2.303759336471557617e+00
3.875467777252197266e+00
8.058471083641052246e-01
2.139302253723144531e+00
-2.144820541143417358e-01
1.606592535972595215e+00
7.577501535415649414e-01
7.851136922836303711e-01
-4.577278494834899902e-01
5.440755486488342285e-01
-4.352212250232696533e-01
-8.850014805793762207e-01
-8.064915537834167480e-01
2.944802045822143555e-01
1.560775041580200195e+00
-6.567344069480895996e-02
1.148960515856742859e-01
-2.008639335632324219e+00
7.885820865631103516e-01
-1.348989129066467285e+00
-7.231000661849975586e-01
-1.004072666168212891e+00
3.789682090282440186e-01
8.701037615537643433e-02
6.154149770736694336e-01
-8.721523880958557129e-01
3.689834117889404297e+00
-1.483991861343383789e+00
-5.541157722473144531e-01
7.212065458297729492e-01
6.514716744422912598e-01
1.054664731025695801e+00
-9.620211273431777954e-02
-2.497181892395019531e+00
-1.839003562927246094e-01
-4.440809190273284912e-01
-1.115178465843200684e-01
3.407931029796600342e-01
1.711196660995483398e+00
9.523265361785888672e-01
-6.618373990058898926e-01
1.071286916732788086e+00
-5.948681831359863281e-01
-2.888881601393222809e-02
-3.658629059791564941e-01
8.509676456451416016e-01
-1.261588335037231445e+00
1.828882217407226562e+00
-8.038517236709594727e-01
-1.268866807222366333e-01
-4.002216160297393799e-01
4.672750234603881836e-01
-1.860737085342407227e+00
3.160646200180053711e+00
-1.468967556953430176e+00
-1.997645497322082520e+00
-3.821972310543060303e-01
2.600654959678649902e-01
-4.752431511878967285e-01
-4.298588931560516357e-01
-3.323816359043121338e-01
-2.267518788576126099e-01
-1.318341135978698730e+00
5.864073038101196289e-01
-1.329057693481445312e+00
-2.241003274917602539e+00
-7.707077860832214355e-01
-1.540140390396118164e+00
-1.462443947792053223e+00
-1.561963677406311035e+00
