-2.105422019958496094e-01
-7.425190806388854980e-01
-2.359396666288375854e-01
6.151177883148193359e-01
-2.276541709899902344e+00
3.596580624580383301e-01
-6.399447321891784668e-01
-3.441708326339721680e+00
-6.929038166999816895e-01
-1.768477916717529297e+00
2.219272404909133911e-01
-5.899499654769897461e-01
2.000297784805297852e+00
-7.721371054649353027e-01
5.253244042396545410e-01
1.033285856246948242e+00
-2.907788753509521484e-01
1.894189268350601196e-01
-1.097244977951049805e+00
-2.562541067600250244e-01
1.241843461990356445e+00
1.626097708940505981e-01
2.247386127710342407e-01
-4.363277852535247803e-01
-1.150221467018127441e+00
2.003810882568359375e+00
1.582941651344299316e+00
2.954280078411102295e-01
-4.709219932556152344e-01
-7.136915922164916992e-01
-4.975567460060119629e-01
9.518683552742004395e-01
-1.373925566673278809e+00
-5.457525253295898438e-01
-4.980678558349609375e-01
6.074188351631164551e-01
1.048904471099376678e-02
1.294149518013000488e+00
-1.691879630088806152e+00
-1.218516588211059570e+00
9.792029261589050293e-01
1.201726198196411133e-01
1.363237500190734863e+00
1.359178662300109863e+00
2.865202538669109344e-02
8.725945949554443359e-01
1.343537449836730957e+00
3.934179842472076416e-01
-1.103246688842773438e+00
8.496528267860412598e-01
-1.060265660285949707e+00
-2.390034437179565430e+00
1.038748502731323242e+00
1.149051547050476074e+00
-2.259616374969482422e+00
-3.808101415634155273e-01
-1.521187275648117065e-01
7.828320264816284180e-01
2.057540655136108398e+00
2.326519250869750977e+00
7.318874001502990723e-01
1.361434459686279297e+00
2.280272692441940308e-01
7.422707080841064453e-01
2.282015800476074219e+00
-9.526551961898803711e-01
-4.281884729862213135e-01
1.978562831878662109e+00
-4.698982089757919312e-02
1.380111694335937500e+00
1.249821066856384277e+00
-1.252620339393615723e+00
3.217592000961303711e+00
3.328394889831542969e-01
-6.068444848060607910e-01
-9.524880051612854004e-01
-2.329330682754516602e+00
1.087937355041503906e+00
-4.327771961688995361e-01
-1.033194303512573242e+00
1.018282100558280945e-01
1.423100680112838745e-01
-1.943370580673217773e+00
-1.180339694023132324e+00
3.978794217109680176e-01
-1.359737873077392578e+00
-2.422416448593139648e+00
-1.094606757164001465e+00
-1.501301079988479614e-01
-3.401007354259490967e-01
1.123245358467102051e+00
-1.876176834106445312e+00
1.249864578247070312e+00
1.513629317283630371e+00
3.189041852951049805e+00
1.607678055763244629e+00
2.586238272488117218e-02
-1.125395655632019043e+00
-1.267910003662109375e+00
3.769785631448030472e-03
-5.744254961609840393e-02
-7.037982940673828125e-01
-8.536651730537414551e-01
5.368884205818176270e-01
1.352020263671875000e+00
4.087491035461425781e-01
-2.864228487014770508e-01
-8.632015585899353027e-01
2.099753856658935547e+00
2.964922189712524414e-01
-1.987174004316329956e-01
6.939067840576171875e-01
1.340306401252746582e-01
-9.400033354759216309e-01
7.813279516994953156e-03
-9.179697930812835693e-02
-1.092683672904968262e+00
1.064603328704833984e-01
9.234891533851623535e-01
-1.901070356369018555e+00
-2.002596855163574219e+00
-1.210561037063598633e+00
1.085938811302185059e+00
-6.435229778289794922e-01
-7.583941817283630371e-01
-4.143106192350387573e-02
1.289509654045104980e+00
2.243961691856384277e-01
