5.987229347229003906e-01
2.259764261543750763e-02
1.337178587913513184e+00
6.254446506500244141e-01
-7.772511243820190430e-01
1.551387459039688110e-01
6.648085080087184906e-03
6.196070313453674316e-01
-2.571187257766723633e+00
-1.100700378417968750e+00
-1.632652163505554199e+00
-5.775631070137023926e-01
-2.969784140586853027e-01
-1.505056262016296387e+00
2.060707807540893555e+00
-1.253516435623168945e+00
2.509478032588958740e-01
1.584817886352539062e+00
-7.788144946098327637e-01
2.327044010162353516e-01
-7.024291157722473145e-01
-1.423325896263122559e+00
6.029263734817504883e-01
2.605121135711669922e+00
-3.237093210220336914e+00
1.642647147178649902e+00
1.449026346206665039e+00
-8.972145318984985352e-01
7.858390212059020996e-01
1.787721514701843262e+00
-1.072324514389038086e+00
-8.924477696418762207e-01
-1.126101613044738770e+00
1.701351046562194824e+00
-1.786619544029235840e+00
6.952880024909973145e-01
1.667456388473510742e+00
-1.114717245101928711e+00
-1.294034272432327271e-01
-1.043219089508056641e+00
-1.443628668785095215e+00
-2.725918292999267578e-01
1.505360960960388184e+00
1.230929017066955566e+00
-1.342644691467285156e-01
2.322477817535400391e+00
3.535085916519165039e-01
-6.930373311042785645e-01
-9.317923188209533691e-01
-1.600800514221191406e+00
3.171875840052962303e-03
-6.810448765754699707e-01
5.505603179335594177e-02
-3.700009584426879883e-01
-8.420082181692123413e-02
-2.742745280265808105e-01
-2.947249449789524078e-02
-1.571235954761505127e-01
2.126992940902709961e+00
-3.858914375305175781e-01
5.164572596549987793e-01
1.872731924057006836e+00
-5.797268152236938477e-01
1.599977612495422363e+00
-2.501002073287963867e+00
-1.358097910881042480e+00
1.192231699824333191e-01
7.041544914245605469e-01
-7.537333965301513672e-01
-6.558871865272521973e-01
-1.973494363483041525e-04
-2.599792718887329102e+00
4.052882790565490723e-01
9.534506201744079590e-01
1.653112411499023438e+00
-1.529722571372985840e+00
-1.518767833709716797e+00
3.778329789638519287e-01
1.426699459552764893e-01
-2.291515022516250610e-01
-1.314995169639587402e+00
2.601262331008911133e-01
1.438860058784484863e+00
1.327735334634780884e-01
-1.020412445068359375e+00
-8.412190526723861694e-02
-8.457283377647399902e-01
-1.757242679595947266e+00
7.351453304290771484e-01
9.992819428443908691e-01
-1.618473410606384277e+00
3.428857326507568359e-01
-2.937238216400146484e+00
5.437553524971008301e-01
-1.058933258056640625e+00
5.656747817993164062e-01
1.731201529502868652e+00
-9.621440619230270386e-02
7.334131598472595215e-01
3.584167957305908203e+00
-1.112877011299133301e+00
1.997312009334564209e-01
1.764297783374786377e-01
1.540536046028137207e+00
6.609899997711181641e-01
-1.367318153381347656e+00
5.157670378684997559e-01
-1.467731833457946777e+00
3.908033370971679688e-01
7.334229350090026855e-02
6.367668509483337402e-01
1.175366640090942383e+00
9.824547171592712402e-02
2.090978473424911499e-01
-2.893926203250885010e-02
-1.131046295166015625e+00
2.139464616775512695e+00
-1.119402766227722168e+00
-8.874080181121826172e-01
8.944529294967651367e-01
3.424843251705169678e-01
6.943013668060302734e-01
2.156987667083740234e+00
-7.401278018951416016e-01
-2.287807017564773560e-01
-3.509217977523803711e+00
-6.792354583740234375e-01
1.461586952209472656e+00
