-1.249412298202514648e+00
7.943866401910781860e-02
-7.509539723396301270e-01
1.691221743822097778e-01
1.731927320361137390e-02
-9.393413662910461426e-01
1.743365883827209473e+00
-1.154740691184997559e+00
1.940725207328796387e+00
-7.641385197639465332e-01
3.517632186412811279e-02
-1.943581551313400269e-01
-3.306427896022796631e-01
-1.177904129028320312e+00
-1.807601094245910645e+00
-2.512239515781402588e-01
2.960569560527801514e-01
1.086276769638061523e+00
-5.598053336143493652e-01
-5.133477449417114258e-01
1.867654681205749512e+00
-6.717746853828430176e-01
3.913875222206115723e-01
8.347339034080505371e-01
-1.651278495788574219e+00
6.970933079719543457e-02
1.338606119155883789e+00
-3.939322382211685181e-02
3.731353282928466797e-01
1.337868161499500275e-03
1.143783450126647949e+00
-3.206303834915161133e+00
-1.479263663291931152e+00
-3.383873403072357178e-01
1.816194295883178711e+00
-1.183352470397949219e+00
6.889215707778930664e-01
-2.451129674911499023e+00
-1.630959987640380859e+00
2.013496495783329010e-02
1.080324292182922363e+00
-3.681597113609313965e-01
8.630947470664978027e-01
-1.474081873893737793e+00
-9.439811110496520996e-01
1.411249399185180664e+00
1.287865877151489258e+00
8.986204862594604492e-01
3.903428092598915100e-02
2.426201820373535156e+00
-1.401167064905166626e-01
-2.837060391902923584e-01
1.432176232337951660e+00
1.134137749671936035e+00
1.048601865768432617e+00
2.541175842285156250e+00
3.383299827575683594e+00
-9.666983038187026978e-02
-8.402527123689651489e-02
-4.004220366477966309e-01
-1.420892477035522461e+00
3.008625209331512451e-01
-2.909238815307617188e+00
1.101896286010742188e+00
1.056359291076660156e+00
5.534441471099853516e-01
1.776682496070861816e+00
-2.962780296802520752e-01
1.655035138130187988e+00
7.856056690216064453e-01
6.095471382141113281e-01
-5.061966180801391602e-01
1.809206366539001465e+00
-1.165846437215805054e-01
-1.892192602157592773e+00
-1.011941909790039062e+00
-9.495661258697509766e-01
-1.559289574623107910e+00
4.040637314319610596e-01
-1.753021717071533203e+00
1.844416856765747070e+00
-1.043350338935852051e+00
1.804600954055786133e+00
8.987127989530563354e-02
1.153363466262817383e+00
6.841466426849365234e-01
-2.417910844087600708e-01
-2.765004895627498627e-02
-7.655027508735656738e-01
2.582852363586425781e+00
-1.210425615310668945e+00
-2.315018177032470703e+00
-8.790458440780639648e-01
1.395516693592071533e-01
-1.977724194526672363e+00
-1.498318195343017578e+00
-1.188534855842590332e+00
-2.523191571235656738e-01
4.059838652610778809e-01
2.280939102172851562e+00
-2.425481379032135010e-02
-5.455737113952636719e-01
1.603917628526687622e-01
-8.580772578716278076e-02
1.125330090522766113e+00
2.020614147186279297e-01
-5.894345045089721680e-01
-2.025586068630218506e-01
9.582443237304687500e-01
-1.831784367561340332e+00
5.497323274612426758e-01
8.506861925125122070e-01
1.477486491203308105e+00
-3.424320220947265625e-01
3.015596270561218262e-01
9.189228415489196777e-01
1.180997848510742188e+00
2.137295246124267578e+00
-2.585366725921630859e+00
-1.007478117942810059e+00
5.365710258483886719e-01
3.784489631652832031e-01
-1.168171405792236328e+00
-2.185236692428588867e+00
-5.175051689147949219e-01
-1.505638837814331055e+00
-1.189020037651062012e+00
-1.567443966865539551e+00
