-6.151198744773864746e-01
-1.946705341339111328e+00
-2.946611866354942322e-02
2.342457920312881470e-01
2.746793925762176514e-01
2.195127487182617188e+00
-3.841660618782043457e-01
-8.513897657394409180e-02
-6.958613991737365723e-01
1.124760627746582031e+00
8.669983744621276855e-01
-1.364633679389953613e+00
-5.225597023963928223e-01
-7.667665481567382812e-01
1.348832368850708008e+00
8.494046926498413086e-01
-4.934554994106292725e-01
2.301176786422729492e+00
-5.468467995524406433e-02
5.426107645034790039e-01
-1.830864191055297852e+00
-2.522740364074707031e-01
5.628824234008789062e-01
9.513608813285827637e-01
9.962873905897140503e-02
1.138363122940063477e+00
2.204315185546875000e+00
1.329985260963439941e-01
-1.573552846908569336e+00
3.186681568622589111e-01
-4.483498632907867432e-02
-9.889466166496276855e-01
1.187763214111328125e+00
5.283132195472717285e-01
-1.500589847564697266e-01
2.276627540588378906e+00
4.457150995731353760e-01
2.886439561843872070e-01
-1.175076603889465332e+00
1.389063477516174316e+00
7.070531249046325684e-01
6.347721070051193237e-02
1.573983669281005859e+00
9.370682835578918457e-01
3.113635480403900146e-01
-5.690469145774841309e-01
-8.421987295150756836e-01
9.332748055458068848e-01
6.016166210174560547e-01
3.408538401126861572e-01
1.434970498085021973e+00
-2.552560567855834961e+00
-2.829354815185070038e-02
7.833109498023986816e-01
1.080485582351684570e-01
-4.467452168464660645e-01
-4.653999507427215576e-01
3.740594983100891113e-01
-1.028406620025634766e+00
1.982451438903808594e+00
-6.504320502281188965e-01
1.811670660972595215e+00
1.287423491477966309e+00
6.560052633285522461e-01
-3.061503171920776367e-01
-4.592774510383605957e-01
1.825022250413894653e-01
1.423418402671813965e+00
-2.460363209247589111e-01
2.741689980030059814e-01
7.050906121730804443e-02
-9.796006083488464355e-01
-2.108830809593200684e-01
1.659071922302246094e+00
-3.742826581001281738e-01
-2.502154827117919922e+00
-1.591669023036956787e-01
-6.453335881233215332e-01
1.548038363456726074e+00
1.096672415733337402e+00
1.251297950744628906e+00
7.380298376083374023e-01
-1.404430985450744629e+00
-9.411897063255310059e-01
-1.533590197563171387e+00
-1.624966382980346680e+00
-1.282743573188781738e+00
-1.150939106941223145e+00
1.908278167247772217e-01
1.111589312553405762e+00
8.857818245887756348e-01
-1.596346974372863770e+00
-9.683523774147033691e-01
-9.702011346817016602e-01
-2.256730049848556519e-01
-1.621970653533935547e+00
-1.720817387104034424e-01
-1.503730297088623047e+00
-2.271126031875610352e+00
-2.910286664962768555e+00
3.263968229293823242e-01
7.475051879882812500e-01
2.842284142971038818e-01
1.154189705848693848e+00
2.904623150825500488e-01
1.543008685111999512e-01
-5.378784537315368652e-01
2.103308439254760742e-01
-5.167974531650543213e-02
7.357086539268493652e-01
3.988266885280609131e-01
2.437697887420654297e+00
2.158280611038208008e-01
-1.346622586250305176e+00
-8.856648802757263184e-01
-1.983175754547119141e+00
-3.757039010524749756e-01
-7.015156000852584839e-02
-7.495351880788803101e-02
-1.882537603378295898e-01
-7.487930059432983398e-01
-1.723374009132385254e+00
1.568261027336120605e+00
-4.404799640178680420e-01
-1.465075850486755371e+00
-7.032582908868789673e-02
-1.128086209297180176e+00
-3.103824555873870850e-01
