-1.503775477409362793e+00
-6.455793976783752441e-01
-2.633948802947998047e+00
1.457893550395965576e-01
8.289803862571716309e-01
7.391309738159179688e-02
4.913478493690490723e-01
-6.545471549034118652e-01
6.157822012901306152e-01
1.434167504310607910e+00
8.155977725982666016e-01
-4.656802713871002197e-01
-2.125281244516372681e-01
1.576714277267456055e+00
-1.117645263671875000e+00
3.179742097854614258e-01
-1.166566848754882812e+00
5.702150464057922363e-01
1.164866805076599121e+00
1.090265870094299316e+00
1.357075452804565430e+00
-4.762097597122192383e-01
-1.434648513793945312e+00
4.417112171649932861e-01
-1.385894536972045898e+00
2.079873800277709961e+00
2.021794170141220093e-01
-2.102677822113037109e+00
1.103947043418884277e+00
6.458699703216552734e-01
1.634432673454284668e+00
-9.981543421745300293e-01
-3.064714074134826660e-01
-2.406586334109306335e-02
4.748148620128631592e-01
8.795152902603149414e-01
5.125100612640380859e-01
3.615409880876541138e-02
-2.503061592578887939e-01
1.410468935966491699e+00
-2.554133176803588867e+00
-6.873992681503295898e-01
9.497069716453552246e-01
1.683251380920410156e+00
7.871436476707458496e-01
4.552414715290069580e-01
3.285534083843231201e-01
4.239101409912109375e-01
1.156054258346557617e+00
1.546617038547992706e-02
-5.505473911762237549e-02
-6.711975932121276855e-01
-1.695676803588867188e+00
-4.730694293975830078e-01
-1.450692057609558105e+00
1.055563807487487793e+00
2.246620893478393555e+00
-6.926823258399963379e-01
8.112500309944152832e-01
4.013290256261825562e-02
5.411565303802490234e-01
1.457269638776779175e-01
-9.165348410606384277e-01
1.651383519172668457e+00
6.807246804237365723e-01
1.105520844459533691e+00
-3.963197767734527588e-01
1.536239027976989746e+00
5.579019188880920410e-01
1.053026556968688965e+00
2.078564167022705078e-01
-2.563631772994995117e+00
8.390666842460632324e-01
1.133515954017639160e+00
-1.754267811775207520e+00
-6.412862986326217651e-02
4.717443883419036865e-01
6.928833574056625366e-02
9.512772560119628906e-01
6.215734481811523438e-01
3.993488550186157227e-01
-5.885730385780334473e-01
8.497233390808105469e-01
1.457202434539794922e+00
1.115875005722045898e+00
6.442906856536865234e-01
-1.401536703109741211e+00
-3.129255294799804688e+00
-9.549315571784973145e-01
-8.625647425651550293e-01
1.027812242507934570e+00
-1.047537803649902344e+00
-1.002211689949035645e+00
1.302984356880187988e+00
-1.206507682800292969e+00
8.697932362556457520e-01
1.604967564344406128e-01
5.085088610649108887e-01
1.158522248268127441e+00
-4.022461771965026855e-01
-1.352501034736633301e+00
-1.445264816284179688e+00
3.168357908725738525e-01
1.953800797462463379e+00
2.320317327976226807e-01
-8.633590340614318848e-01
-6.448630094528198242e-01
-2.311246395111083984e+00
2.500616550445556641e+00
-1.817278027534484863e+00
-6.844619512557983398e-01
7.444962859153747559e-01
1.822835206985473633e-02
1.191676333546638489e-01
-1.205925107002258301e+00
4.375929832458496094e-01
7.502391189336776733e-02
-7.782699465751647949e-01
9.121688604354858398e-01
-1.807664632797241211e+00
-2.690264940261840820e+00
-8.228363394737243652e-01
-1.235504522919654846e-01
-1.540104269981384277e+00
-5.618439316749572754e-01
-2.457874536514282227e+00
-1.220795750617980957e+00
1.183421254158020020e+00
