1.844519138336181641e+00
1.999651938676834106e-01
-1.505933046340942383e+00
-2.386226803064346313e-01
-3.566097915172576904e-01
7.067092061042785645e-01
4.476342499256134033e-01
1.751248955726623535e+00
-2.088951349258422852e+00
1.270800113677978516e+00
3.342216253280639648e+00
1.008248686790466309e+00
-3.047595024108886719e-01
-1.284065723419189453e+00
1.933278918266296387e+00
6.728733777999877930e-01
-1.033053755760192871e+00
-5.648933053016662598e-01
-2.050471007823944092e-01
-2.143524587154388428e-01
-3.252379968762397766e-02
6.186500191688537598e-02
6.018850803375244141e-01
-3.228173032402992249e-02
-1.094757080078125000e+00
-3.286442756652832031e-01
-4.285938441753387451e-01
8.336306214332580566e-01
3.606367409229278564e-01
-4.549742937088012695e-01
-1.101186394691467285e+00
-2.660104990005493164e+00
1.304910302162170410e+00
1.800859212875366211e+00
-1.522463709115982056e-01
1.580421447753906250e+00
1.100864171981811523e+00
2.986555695533752441e-01
-1.747462391853332520e+00
6.212269067764282227e-01
-1.499232947826385498e-01
5.511363148689270020e-01
1.182704567909240723e+00
1.735763549804687500e+00
-3.110349774360656738e-01
9.953395128250122070e-01
6.548105478286743164e-01
-3.354386091232299805e-01
-5.504057407379150391e-01
2.681659936904907227e+00
1.616580843925476074e+00
-1.786991357803344727e+00
2.243927717208862305e+00
1.184592172503471375e-01
-3.537473976612091064e-01
-3.466642498970031738e-01
1.134448647499084473e+00
3.492968678474426270e-01
-7.404551506042480469e-01
3.625558614730834961e-01
-3.893313705921173096e-01
1.478053212165832520e+00
-1.034230709075927734e+00
2.373229414224624634e-01
1.268791556358337402e+00
-2.595215082168579102e+00
-8.879569172859191895e-01
-1.677657604217529297e+00
-1.719004750251770020e+00
4.284054636955261230e-01
1.119747310876846313e-01
-6.811249256134033203e-01
1.252528727054595947e-01
1.496645361185073853e-01
2.772228002548217773e+00
-1.061985373497009277e+00
7.595165967941284180e-01
-1.398979663848876953e+00
2.087515033781528473e-02
-8.510462045669555664e-01
1.487934947013854980e+00
-1.758017301559448242e+00
9.495507478713989258e-01
-1.715755760669708252e-01
9.516424536705017090e-01
-3.806107938289642334e-01
-2.366398096084594727e+00
-2.177691459655761719e+00
1.564183712005615234e+00
-5.512037873268127441e-01
-1.521236300468444824e+00
-1.594092488288879395e+00
-1.836703300476074219e+00
1.328146457672119141e+00
-2.357032299041748047e+00
3.360345661640167236e-01
1.193308591842651367e+00
1.527765512466430664e+00
-1.620539069175720215e+00
-1.405209898948669434e+00
1.814065873622894287e-01
3.118578433990478516e+00
-9.192078113555908203e-01
8.883966803550720215e-01
1.405538082122802734e+00
-4.226349294185638428e-02
3.519505262374877930e-01
3.159660100936889648e-01
-3.966636061668395996e-01
-2.423867285251617432e-01
-1.256052970886230469e+00
5.503954291343688965e-01
-1.446040034294128418e+00
-1.573378443717956543e+00
-4.979683458805084229e-01
-7.032883912324905396e-02
1.780672788619995117e+00
-1.315374255180358887e+00
-3.266733169555664062e+00
4.875594079494476318e-01
-6.067743301391601562e-01
-6.868298649787902832e-01
3.369597196578979492e-01
-1.222194552421569824e+00
-1.473732441663742065e-01
-1.575428366661071777e+00
1.896675705909729004e+00
3.828344345092773438e-01
