1.161232948303222656e+00
-3.109381794929504395e-01
-7.442000508308410645e-01
-2.681256532669067383e+00
3.138025403022766113e-01
-6.310204267501831055e-01
-1.845448613166809082e-01
2.335318803787231445e+00
4.841815531253814697e-01
-4.522839188575744629e-01
1.319776177406311035e+00
3.264907300472259521e-01
2.027039289474487305e+00
1.196668744087219238e+00
6.761609315872192383e-01
2.235488891601562500e+00
-1.482093095779418945e+00
8.190014958381652832e-01
-1.633329510688781738e+00
1.056267023086547852e+00
5.528808236122131348e-01
-5.781856775283813477e-01
-1.855588555335998535e+00
7.094110250473022461e-01
-2.018039226531982422e+00
5.890778899192810059e-01
-6.738540530204772949e-01
2.469485402107238770e-01
1.141196489334106445e+00
1.676239013671875000e+00
-1.111588716506958008e+00
-3.282025575637817383e+00
-1.506828069686889648e+00
1.432254910469055176e-01
7.118479013442993164e-01
1.332848191261291504e+00
-3.727352619171142578e-02
-1.306620717048645020e+00
1.875802129507064819e-02
-1.742022275924682617e+00
-1.252370178699493408e-01
2.724836468696594238e-01
1.212679266929626465e+00
1.173188686370849609e+00
-4.448525309562683105e-01
8.755863904953002930e-01
6.895665526390075684e-01
2.296293735504150391e+00
8.882687091827392578e-01
-1.059978842735290527e+00
-6.421025991439819336e-01
-1.388414382934570312e+00
1.336532592773437500e+00
6.170184612274169922e-01
2.029118299484252930e+00
-8.327210545539855957e-01
6.035941243171691895e-01
-3.895151317119598389e-01
-1.895161628723144531e+00
1.175961256027221680e+00
-1.739374697208404541e-01
6.471905112266540527e-01
-2.100618034601211548e-01
1.538706123828887939e-01
2.905073165893554688e+00
-5.094762444496154785e-01
1.265353083610534668e+00
6.025637388229370117e-01
-1.651494145393371582e+00
1.526320427656173706e-01
-1.683014445006847382e-02
3.569594025611877441e-01
1.456183314323425293e+00
-3.763046860694885254e-01
6.424303650856018066e-01
-3.972592055797576904e-01
7.662628293037414551e-01
-5.076499581336975098e-01
9.114203453063964844e-01
-2.473582506179809570e+00
-1.788587570190429688e+00
-1.579041123390197754e+00
-1.181514024734497070e+00
-8.014951944351196289e-01
1.492424249649047852e+00
-1.024480700492858887e+00
7.206020951271057129e-01
-2.448199503123760223e-02
5.115944147109985352e-02
3.754952549934387207e-01
-1.051631197333335876e-02
-1.448698163032531738e+00
2.462120167911052704e-02
1.832347512245178223e+00
-2.665951550006866455e-01
1.666772365570068359e+00
8.763299584388732910e-01
3.986063599586486816e-01
6.609453260898590088e-02
1.505245566368103027e+00
1.359434485435485840e+00
1.019500270485877991e-01
-3.432229161262512207e-01
-1.000107645988464355e+00
1.405332922935485840e+00
3.847406059503555298e-02
-8.312770128250122070e-01
-1.340054441243410110e-02
1.226984977722167969e+00
1.064157843589782715e+00
-5.750606060028076172e-01
1.117393493652343750e+00
-1.250341057777404785e+00
-1.553211808204650879e+00
1.990692257881164551e+00
-8.780527710914611816e-01
6.243569254875183105e-01
-8.606793731451034546e-02
-3.775918006896972656e+00
-4.262666404247283936e-01
-1.153963685035705566e+00
-1.431074500083923340e+00
-6.046954989433288574e-01
-1.825252294540405273e+00
-7.229261398315429688e-01
-1.495763301849365234e+00
1.413374543190002441e+00
-8.295877575874328613e-01
