1.109771966934204102e+00
1.331647485494613647e-01
5.158431828022003174e-02
-5.202069878578186035e-01
-1.267683029174804688e+00
-3.020735681056976318e-01
-2.359023839235305786e-01
-8.316774368286132812e-01
-2.271011322736740112e-01
-1.709298640489578247e-01
-2.579029202461242676e-01
-6.491048932075500488e-01
5.712121725082397461e-01
-8.325673937797546387e-01
-1.161367446184158325e-01
-2.230820655822753906e+00
-1.619263529777526855e+00
1.580518782138824463e-01
1.394147396087646484e+00
8.598902821540832520e-01
-2.385665774345397949e-01
-7.228832691907882690e-02
1.461035728454589844e+00
2.389621257781982422e+00
-3.871541470289230347e-02
-4.520067572593688965e-01
-9.511286616325378418e-01
9.618877172470092773e-01
-8.524318933486938477e-01
9.908244013786315918e-03
-1.101865291595458984e+00
-3.014546394348144531e+00
-1.069782257080078125e+00
1.745385289192199707e+00
-2.379148602485656738e-01
1.188006758689880371e+00
-5.634870529174804688e-01
9.007400274276733398e-01
-3.439788222312927246e-01
2.220163106918334961e+00
1.070752382278442383e+00
-8.797714114189147949e-01
2.246335506439208984e+00
6.518871188163757324e-01
-7.633272409439086914e-01
-6.222870945930480957e-01
-1.043034791946411133e+00
3.049938917160034180e+00
-2.387949377298355103e-01
3.253266215324401855e-01
-1.130629062652587891e+00
-8.044608831405639648e-01
2.360812425613403320e+00
1.386909365653991699e+00
1.397860765457153320e+00
1.004968434572219849e-01
6.392098069190979004e-01
1.642049193382263184e+00
-1.806510329246520996e+00
2.128571510314941406e+00
6.229200363159179688e-01
-1.975744247436523438e+00
-5.728612467646598816e-02
-1.088423252105712891e+00
1.073769852519035339e-01
-3.119310438632965088e-01
2.199689149856567383e+00
1.654688358306884766e+00
9.773175716400146484e-01
-3.479717373847961426e-01
7.191591858863830566e-01
3.236351490020751953e+00
-2.032958567142486572e-01
1.892985701560974121e-01
7.428847253322601318e-02
-1.118548035621643066e+00
-6.589721143245697021e-02
8.638151735067367554e-02
-9.790146946907043457e-01
-2.069628953933715820e+00
-2.110224962234497070e+00
-1.759929299354553223e+00
1.822972297668457031e-01
-7.124974727630615234e-01
1.636200308799743652e+00
-2.321056723594665527e-01
-1.171183109283447266e+00
1.702215671539306641e+00
2.664674818515777588e-01
-7.535728812217712402e-01
1.735990405082702637e+00
-6.006450653076171875e-01
3.129911124706268311e-01
9.058568477630615234e-01
1.067567229270935059e+00
-1.474803924560546875e+00
1.626965403556823730e+00
-8.462548255920410156e-01
4.777700006961822510e-01
1.898590087890625000e+00
-7.393801808357238770e-01
1.750297188758850098e+00
-1.947636127471923828e+00
-3.639275133609771729e-01
8.115494251251220703e-01
8.271055221557617188e-01
-4.821190834045410156e-01
5.504570603370666504e-01
-5.875045061111450195e-02
-1.101699471473693848e+00
-6.067011505365371704e-02
-1.149883151054382324e+00
-1.145916223526000977e+00
-4.301678538322448730e-01
1.065677285194396973e+00
-1.126497030258178711e+00
3.964316248893737793e-01
-3.390883684158325195e+00
2.044779807329177856e-02
-4.804655611515045166e-01
1.229504942893981934e+00
3.262961804866790771e-01
-1.552441000938415527e+00
-1.340123176574707031e+00
-4.033131897449493408e-01
-1.212810948491096497e-01
-2.043870091438293457e-01
-2.986981630325317383e+00
