2.067478150129318237e-01
5.439018607139587402e-01
3.148097693920135498e-01
-3.358563899993896484e+00
1.037820950150489807e-01
1.542338728904724121e+00
-2.004880458116531372e-02
1.692137598991394043e+00
-3.370137810707092285e-01
-8.017826080322265625e-01
1.183977007865905762e+00
-1.331933140754699707e-01
9.695118069648742676e-01
2.965889871120452881e-01
-8.628070354461669922e-01
2.779808521270751953e+00
-7.182127982378005981e-02
-1.759474873542785645e-01
4.969583451747894287e-02
5.832073092460632324e-01
-2.304998189210891724e-01
-4.968746006488800049e-01
7.217680811882019043e-01
1.025192379951477051e+00
-1.444692909717559814e-01
-4.024002552032470703e-01
-6.186925768852233887e-01
-8.851144909858703613e-01
-8.970642685890197754e-01
2.072780132293701172e+00
-1.696624398231506348e+00
-4.057756423950195312e+00
-2.948467433452606201e-01
-7.896104454994201660e-01
-8.107533454895019531e-01
-1.091581583023071289e+00
-1.092740654945373535e+00
3.503328561782836914e-01
-8.202044367790222168e-01
-1.493113040924072266e-01
8.822630643844604492e-01
5.479037761688232422e-01
1.792501330375671387e+00
1.089154481887817383e+00
5.528827011585235596e-02
-5.495631098747253418e-01
-8.303567022085189819e-02
2.333638191223144531e+00
3.229269504547119141e+00
-9.450203180313110352e-01
2.890343964099884033e-01
-8.324880599975585938e-01
-9.463855624198913574e-02
-6.961517930030822754e-01
1.005574703216552734e+00
-4.819063097238540649e-02
5.881693959236145020e-01
1.295632839202880859e+00
1.542066335678100586e+00
4.276086110621690750e-03
3.666191697120666504e-01
5.189290642738342285e-01
1.290147423744201660e+00
1.289134979248046875e+00
-1.931835114955902100e-01
-2.517223358154296875e+00
1.267383396625518799e-01
-4.120713770389556885e-01
-2.687797546386718750e-01
1.047337889671325684e+00
1.028759479522705078e+00
-8.022042512893676758e-01
8.764361143112182617e-01
-7.250551581382751465e-01
-1.865454554557800293e+00
-1.066589713096618652e+00
-5.010144114494323730e-01
-6.553826332092285156e-01
7.381812930107116699e-01
-3.328127145767211914e+00
-8.027334213256835938e-01
-4.606636464595794678e-01
-1.588190674781799316e+00
-6.967878341674804688e-01
3.824904561042785645e-01
-6.267628818750381470e-02
-1.724135398864746094e+00
7.281472682952880859e-01
-8.780468106269836426e-01
2.002539873123168945e+00
1.430747389793395996e+00
-2.199450492858886719e+00
-8.042070865631103516e-01
-4.374966323375701904e-01
2.076083183288574219e+00
-2.189099639654159546e-01
1.867501497268676758e+00
7.333695888519287109e-02
-2.106640815734863281e+00
-1.105154991149902344e+00
2.075744152069091797e+00
1.035290241241455078e+00
4.649734199047088623e-01
3.282985091209411621e-01
3.003646731376647949e-01
6.558576226234436035e-02
1.326192915439605713e-01
2.394700050354003906e-01
1.404440402984619141e+00
-6.672781705856323242e-01
6.820083595812320709e-03
9.032030105590820312e-01
-1.403857946395874023e+00
-1.227452635765075684e+00
1.922667503356933594e+00
-6.964277625083923340e-01
-1.976576261222362518e-02
-1.766420304775238037e-01
-2.188426107168197632e-01
-4.076220095157623291e-01
1.878535985946655273e+00
-8.938696980476379395e-01
8.700306415557861328e-01
-2.611350081861019135e-02
-2.792617082595825195e-01
-1.081405997276306152e+00
2.493205666542053223e-01
-1.461665272712707520e+00
