1.493601918220520020e+00
1.741525381803512573e-01
-8.621199727058410645e-01
6.826648116111755371e-01
1.749538540840148926e+00
-7.171741724014282227e-01
-1.383651256561279297e+00
-2.128570318222045898e+00
-1.031929552555084229e-01
-5.910945534706115723e-01
1.639624834060668945e+00
-6.957504898309707642e-03
1.036756277084350586e+00
9.189119935035705566e-01
-9.856194257736206055e-01
-3.502537682652473450e-02
-2.372022122144699097e-01
1.554043143987655640e-01
-5.210121870040893555e-01
-1.739202141761779785e+00
9.679647684097290039e-01
-2.562630772590637207e-01
-7.455706596374511719e-01
1.639326930046081543e+00
-1.155322641134262085e-01
5.345524549484252930e-01
-2.116699218750000000e+00
5.071363449096679688e-01
-9.965508580207824707e-01
1.322452068328857422e+00
-3.145397663116455078e+00
1.325776219367980957e+00
7.026692628860473633e-01
1.021212339401245117e+00
-1.723509073257446289e+00
2.065225362777709961e+00
1.166439414024353027e+00
1.164875149726867676e+00
-3.655257821083068848e-01
1.080101355910301208e-01
-3.226311877369880676e-02
-2.003471136093139648e+00
1.784423828125000000e+00
3.269892215728759766e+00
5.780906677246093750e-01
-9.181076288223266602e-01
1.055142521858215332e+00
3.470692411065101624e-02
-1.051388263702392578e+00
7.590689659118652344e-01
1.032426953315734863e-01
-6.625226140022277832e-02
1.960042595863342285e+00
-1.713075637817382812e+00
1.430898308753967285e+00
-9.265368580818176270e-01
-8.198104798793792725e-02
6.227241158485412598e-01
1.520460486412048340e+00
1.035654306411743164e+00
-1.719217061996459961e+00
-2.784444808959960938e+00
-1.140324115753173828e+00
1.026285648345947266e+00
4.496684074401855469e-01
-2.106856822967529297e+00
2.077556848526000977e-01
3.144677281379699707e-01
1.012335300445556641e+00
1.628414392471313477e-01
-1.321069121360778809e+00
2.270290851593017578e+00
-2.623431980609893799e-01
8.429989218711853027e-01
-4.680747687816619873e-01
-4.014817774295806885e-01
-9.466455578804016113e-01
1.324515223503112793e+00
-7.535323500633239746e-01
-6.575806736946105957e-01
8.640077114105224609e-01
-8.103150725364685059e-01
-1.651565432548522949e-01
-2.414958924055099487e-01
3.547678232192993164e+00
5.842717289924621582e-01
-1.521913766860961914e+00
1.242312312126159668e+00
9.871752262115478516e-01
8.948718011379241943e-02
2.014221191406250000e+00
-1.140182852745056152e+00
-5.663921590894460678e-03
-6.541355252265930176e-01
1.005816817283630371e+00
5.236451700329780579e-02
2.386336028575897217e-01
1.732108592987060547e-01
-1.983545780181884766e+00
2.416031211614608765e-01
-1.343556165695190430e+00
6.070963740348815918e-01
-8.126863837242126465e-01
-2.716511487960815430e-01
-1.306294560432434082e+00
-4.604234993457794189e-01
5.990099906921386719e-01
-5.455957055091857910e-01
7.909889221191406250e-01
-2.418526411056518555e+00
-1.831770300865173340e+00
-5.040352344512939453e-01
2.303221672773361206e-01
-1.084640026092529297e+00
1.982658147811889648e+00
-1.787424087524414062e+00
2.789369598031044006e-02
-4.794665277004241943e-01
-2.465961724519729614e-01
1.007520794868469238e+00
-1.407222628593444824e+00
9.370838105678558350e-02
4.621451795101165771e-01
3.552002608776092529e-01
-6.107960343360900879e-01
-1.105119705200195312e+00
-8.218613266944885254e-01
-3.640031814575195312e-01
