-9.525142312049865723e-01
-1.736733317375183105e+00
4.064136445522308350e-01
4.135976731777191162e-01
1.248702049255371094e+00
-1.267204403877258301e+00
-7.594830989837646484e-01
9.388571381568908691e-01
5.176074504852294922e-01
9.565339088439941406e-01
-7.616415619850158691e-01
2.146219462156295776e-01
-5.200092196464538574e-01
-2.307797968387603760e-01
-1.961443185806274414e+00
-6.450378298759460449e-01
-7.331348061561584473e-01
1.115007162094116211e+00
1.078318238258361816e+00
6.750387549400329590e-01
-1.951070308685302734e+00
-1.856852531433105469e+00
1.358303070068359375e+00
1.688666224479675293e+00
-3.031570196151733398e+00
9.798204302787780762e-01
1.975517868995666504e+00
1.084356606006622314e-01
-4.854664504528045654e-01
2.173573151230812073e-02
-3.935539424419403076e-01
-2.211333811283111572e-01
-7.035813480615615845e-02
9.842115640640258789e-01
-7.500727176666259766e-01
1.266867280006408691e+00
1.157811403274536133e+00
-2.089105367660522461e+00
9.202024936676025391e-01
-3.159673810005187988e-01
-4.134808480739593506e-01
5.595643520355224609e-01
1.679128050804138184e+00
-4.836336076259613037e-01
4.047523736953735352e-01
-3.927916884422302246e-01
1.275075554847717285e+00
2.361811101436614990e-01
1.629124402999877930e+00
1.124143242835998535e+00
1.063215136528015137e+00
-2.435247898101806641e+00
1.171677589416503906e+00
-1.548655629158020020e+00
-1.289327502250671387e+00
-8.161826729774475098e-01
1.013409376144409180e+00
4.538379609584808350e-01
-3.029079735279083252e-01
9.188200235366821289e-01
-1.210089087486267090e+00
-9.169360995292663574e-01
-1.425297856330871582e+00
3.119361996650695801e-01
3.273136019706726074e-01
-1.075090691447257996e-01
-1.308664679527282715e-01
-8.409288525581359863e-01
-2.585528232157230377e-02
-3.891342878341674805e-01
2.827717959880828857e-01
-1.131348133087158203e+00
3.023731708526611328e+00
6.043554544448852539e-01
-1.770557761192321777e+00
-1.826233386993408203e+00
-1.350520014762878418e+00
2.991817891597747803e-01
5.082274079322814941e-01
-1.533423811197280884e-01
3.348899185657501221e-01
-2.189788341522216797e+00
2.690516471862792969e+00
3.825017511844635010e-01
-5.058740973472595215e-01
9.550546407699584961e-01
1.188097119331359863e+00
-6.359030604362487793e-01
1.407375335693359375e+00
1.047072172164916992e+00
-3.023648262023925781e+00
1.269315481185913086e-01
-1.437690496444702148e+00
8.362779617309570312e-01
-2.663609385490417480e-01
2.669194936752319336e-01
1.985817104578018188e-01
9.305319190025329590e-02
-7.784258723258972168e-01
4.982498288154602051e-01
-6.176896691322326660e-01
-1.678024172782897949e+00
7.758944630622863770e-01
-6.844818592071533203e-01
2.865713596343994141e+00
-1.402229368686676025e-01
-1.830376267433166504e+00
9.124829173088073730e-01
5.252432227134704590e-01
-1.787161231040954590e+00
2.680718600749969482e-01
5.146149992942810059e-01
2.338041305541992188e+00
1.842280149459838867e+00
1.079612374305725098e+00
-3.608674108982086182e-01
-2.262604832649230957e-01
-1.578840494155883789e+00
1.565925478935241699e+00
2.048322185873985291e-02
3.126356899738311768e-01
-5.706871747970581055e-01
1.353698521852493286e-01
-2.321631193161010742e+00
-4.837097525596618652e-01
-1.619855523109436035e+00
-9.929739832878112793e-01
4.318996369838714600e-01
