-5.442278385162353516e-01
-3.702103793621063232e-01
8.870892524719238281e-01
1.049884915351867676e+00
-7.816486954689025879e-01
4.161848127841949463e-01
-6.320898532867431641e-01
1.400244832038879395e+00
-2.447674989700317383e+00
-8.754115700721740723e-01
3.684528350830078125e+00
6.355299949645996094e-01
1.000416502356529236e-01
-2.569891691207885742e+00
9.234560132026672363e-01
-4.513893127441406250e-01
-5.634430646896362305e-01
1.706726312637329102e+00
-1.933947205543518066e+00
-2.023493766784667969e+00
-1.736830592155456543e+00
-1.889520406723022461e+00
6.899323463439941406e-01
1.100360393524169922e+00
-1.602111935615539551e+00
-1.012852907180786133e+00
1.312163710594177246e+00
1.309669613838195801e-01
1.184097051620483398e+00
1.281700849533081055e+00
-4.252574145793914795e-01
-7.005701959133148193e-02
-4.568329155445098877e-01
1.159429550170898438e+00
-2.789211273193359375e+00
9.596778154373168945e-01
8.861054778099060059e-01
-6.148666739463806152e-01
-3.140633106231689453e-01
-1.135597825050354004e+00
-7.785130143165588379e-01
-4.555393457412719727e-01
1.038739681243896484e+00
1.625645756721496582e+00
-1.603407382965087891e+00
2.334504842758178711e+00
-1.345734000205993652e+00
6.225675344467163086e-01
1.214281097054481506e-01
7.648197412490844727e-01
3.764218986034393311e-01
-1.247809171676635742e+00
-3.127639591693878174e-01
1.358542680740356445e+00
-1.194801926612854004e+00
5.419722199440002441e-01
-1.667008101940155029e-01
-4.900749400258064270e-02
8.327947854995727539e-01
-7.717863321304321289e-01
1.041522383689880371e+00
2.337297916412353516e+00
-1.000000119209289551e+00
-2.847849130630493164e-01
1.352517455816268921e-01
-1.963615715503692627e-01
-4.444508552551269531e-01
1.003650665283203125e+00
4.324666261672973633e-01
1.225610613822937012e+00
-1.577526628971099854e-01
-1.393155097961425781e+00
-2.638050317764282227e-01
-6.252697855234146118e-02
1.066074728965759277e+00
-3.372685432434082031e+00
-9.891036152839660645e-01
1.123595088720321655e-01
5.041669011116027832e-01
-1.413111209869384766e+00
-7.542695105075836182e-02
6.545954346656799316e-01
1.656054019927978516e+00
3.366261422634124756e-01
-1.570542752742767334e-01
1.375669479370117188e+00
-1.139857411384582520e+00
-6.530922651290893555e-01
2.439957857131958008e+00
1.289816498756408691e+00
1.034046173095703125e+00
1.091148734092712402e+00
-2.108260691165924072e-01
1.432133913040161133e-01
-1.870980381965637207e+00
3.480295091867446899e-02
5.646808147430419922e-01
3.007563352584838867e+00
-1.116684600710868835e-01
-4.091511666774749756e-01
1.386829733848571777e+00
-5.487081408500671387e-01
3.832782506942749023e-01
1.099339365959167480e+00
1.908568859100341797e+00
2.204786054790019989e-02
1.150370717048645020e+00
-1.969585537910461426e+00
1.010887742042541504e+00
8.222422748804092407e-02
-9.490869045257568359e-01
9.910256862640380859e-01
-1.402900815010070801e-01
-9.058943390846252441e-01
4.739876687526702881e-01
-6.936063766479492188e-01
2.807163596153259277e-01
-2.362125158309936523e+00
-1.270977020263671875e+00
-6.551202535629272461e-01
8.670715689659118652e-01
3.781818449497222900e-01
-1.089781045913696289e+00
-9.645848274230957031e-01
-8.925315141677856445e-01
-3.644228219985961914e+00
8.325333893299102783e-02
4.626733064651489258e-01
