-7.429600358009338379e-01
-1.125910758972167969e+00
5.542196333408355713e-02
1.105710193514823914e-01
6.329342722892761230e-01
2.026080131530761719e+00
3.749487996101379395e-01
-5.656045675277709961e-01
1.319704577326774597e-02
-6.179718375205993652e-01
-2.870651483535766602e-01
-1.435767054557800293e+00
-2.872149646282196045e-01
-3.030866682529449463e-01
-7.255852967500686646e-02
-8.220302462577819824e-01
-1.031805396080017090e+00
1.031066104769706726e-01
-1.690515518188476562e+00
1.364720463752746582e+00
1.036608457565307617e+00
6.847084499895572662e-03
-9.728367626667022705e-02
-1.691372871398925781e+00
-2.678278982639312744e-01
-1.222915053367614746e-01
2.002181053161621094e+00
5.430318117141723633e-01
1.083666086196899414e-01
1.601111412048339844e+00
-2.571622133255004883e-01
-1.014670208096504211e-01
-2.204573303461074829e-01
-6.698542833328247070e-01
-1.977378845214843750e+00
-6.282224506139755249e-02
3.874673247337341309e-01
6.892610788345336914e-01
-5.423483252525329590e-01
-3.410730957984924316e-01
-2.495712995529174805e+00
-7.797961831092834473e-01
1.396538853645324707e+00
1.459194183349609375e+00
1.961701512336730957e-01
4.105299711227416992e-01
2.119153022766113281e+00
6.901302933692932129e-01
6.482640504837036133e-01
-1.490175604820251465e+00
-1.051526308059692383e+00
2.460724264383316040e-01
1.399899244308471680e+00
1.458421349525451660e+00
-1.334560513496398926e+00
-2.383716255426406860e-01
1.351736187934875488e+00
2.116199284791946411e-01
1.631774187088012695e+00
2.398371219635009766e+00
-1.110086798667907715e+00
2.517728134989738464e-02
3.864782154560089111e-01
3.975310623645782471e-01
-1.032416820526123047e+00
-1.745682835578918457e+00
-1.707902848720550537e-01
-3.842495977878570557e-01
-1.462112665176391602e+00
-5.227848887443542480e-01
1.612320542335510254e+00
8.399010896682739258e-01
8.798488974571228027e-01
7.525155544281005859e-01
3.417937755584716797e-01
-1.273390889167785645e+00
7.596135139465332031e-01
9.765109419822692871e-01
-9.402398467063903809e-01
-1.459028124809265137e+00
1.419934034347534180e-01
6.209158897399902344e-01
-2.006189823150634766e+00
1.213940620422363281e+00
1.803196668624877930e+00
-6.299614310264587402e-01
-1.788644313812255859e+00
-3.231321275234222412e-01
1.887247562408447266e+00
8.229988217353820801e-01
3.355775773525238037e-01
-3.573141813278198242e+00
-1.610887408256530762e+00
1.905015587806701660e+00
1.767132043838500977e+00
1.001405596733093262e+00
1.115340828895568848e+00
-5.874751806259155273e-01
-1.942650675773620605e-01
-4.427767544984817505e-02
-9.551783204078674316e-01
7.979105710983276367e-01
-6.170529127120971680e-01
-2.499464713037014008e-02
2.326240688562393188e-01
-1.020317792892456055e+00
-3.418958187103271484e-01
-1.365281701087951660e+00
1.358877658843994141e+00
-6.710633039474487305e-01
1.328809708356857300e-01
-1.441549160517752171e-03
-6.243926286697387695e-01
1.998193264007568359e+00
-1.512662172317504883e+00
-6.513023376464843750e-01
7.804975509643554688e-01
1.356415033340454102e+00
5.531443953514099121e-01
-2.313708305358886719e+00
-3.396600246429443359e+00
-1.181073427200317383e+00
7.901985645294189453e-01
1.164821743965148926e+00
-1.413682341575622559e+00
5.006864666938781738e-01
1.276012420654296875e+00
9.585070013999938965e-01
