1.111997723579406738e+00
1.695917010307312012e+00
-3.237846493721008301e-01
5.888462066650390625e-01
1.827502489089965820e+00
4.843670427799224854e-01
-1.159951448440551758e+00
6.161420941352844238e-01
-1.591872811317443848e+00
-7.655687332153320312e-01
-8.860617130994796753e-02
2.326342105865478516e+00
-3.506762385368347168e-01
-2.537485361099243164e+00
1.412119388580322266e+00
2.090938836336135864e-01
-1.718481630086898804e-01
4.549959599971771240e-01
1.024715781211853027e+00
-2.142952382564544678e-01
-5.330511927604675293e-01
8.531234264373779297e-01
-5.203408598899841309e-01
2.117450475692749023e+00
-7.207682728767395020e-01
1.044040679931640625e+00
-8.228853940963745117e-01
2.512963414192199707e-01
2.155583798885345459e-01
3.256624937057495117e-01
-8.275362849235534668e-01
-8.558645248413085938e-01
-1.533897280693054199e+00
-8.298857808113098145e-01
-5.233637094497680664e-01
-6.868395209312438965e-01
1.154203414916992188e+00
-1.340635061264038086e+00
-1.138607144355773926e+00
-2.810045957565307617e+00
1.512215137481689453e+00
4.174203574657440186e-01
2.078824520111083984e+00
1.192873954772949219e+00
-1.322655439376831055e+00
-1.750951766967773438e+00
-3.705878853797912598e-01
2.939756631851196289e+00
2.043115794658660889e-01
1.778341174125671387e+00
4.092843234539031982e-01
1.827923059463500977e-01
-2.029850244522094727e+00
-1.419488310813903809e+00
-4.494691193103790283e-01
3.680644929409027100e-02
4.885977208614349365e-01
1.449856758117675781e+00
-6.075281500816345215e-01
1.836377739906311035e+00
9.680817723274230957e-01
1.122136592864990234e+00
2.040092706680297852e+00
4.641311466693878174e-01
9.690991044044494629e-01
-1.025565266609191895e+00
-6.256533265113830566e-01
1.024457693099975586e+00
1.081347584724426270e+00
1.987211108207702637e+00
1.397980332374572754e+00
1.942338109016418457e+00
-8.683716058731079102e-01
3.661659359931945801e-01
-1.746608465909957886e-01
-2.699150085449218750e+00
1.904211997985839844e+00
-7.229556441307067871e-01
1.296043872833251953e+00
-2.395616292953491211e+00
9.265484213829040527e-01
-1.029324531555175781e+00
1.738597601652145386e-01
-1.118582248687744141e+00
3.461444973945617676e-01
-9.330640435218811035e-01
-1.942705959081649780e-01
7.183147072792053223e-01
2.098194323480129242e-02
1.025922894477844238e+00
2.324196338653564453e+00
-2.271763801574707031e+00
2.022585630416870117e+00
-8.421185612678527832e-01
-4.900899529457092285e-01
-2.178702592849731445e+00
1.358072876930236816e+00
-3.960012495517730713e-01
-2.576420068740844727e+00
-8.263114094734191895e-01
-9.597466588020324707e-01
2.877146601676940918e-01
-3.569716215133666992e-01
-1.742389947175979614e-01
8.766168951988220215e-01
-3.072789609432220459e-01
-1.240714311599731445e+00
9.418600797653198242e-02
-1.510361861437559128e-02
-5.455175042152404785e-01
-4.720253944396972656e-01
-7.408334016799926758e-01
-2.184736490249633789e+00
-2.521200656890869141e+00
8.927062153816223145e-01
1.298862844705581665e-01
2.559901773929595947e-01
1.277788519859313965e+00
-1.844069361686706543e+00
-1.119278073310852051e+00
-6.309681534767150879e-01
-5.523817539215087891e-01
1.140847921371459961e+00
-1.487973809242248535e+00
6.659396290779113770e-01
5.154532194137573242e-01
-2.151853084564208984e+00
4.832130670547485352e-02
