1.170626759529113770e+00
-6.598711609840393066e-01
-7.861583232879638672e-01
-2.648328304290771484e+00
3.264223337173461914e-01
-3.653999865055084229e-01
-1.110347062349319458e-01
2.182793617248535156e+00
9.339402914047241211e-01
-6.270791888236999512e-01
8.676303625106811523e-01
-6.222957968711853027e-01
2.035406589508056641e+00
9.532884955406188965e-01
7.476868629455566406e-01
2.005006313323974609e+00
-1.351916670799255371e+00
5.275017023086547852e-01
-1.903101205825805664e+00
1.729027628898620605e+00
7.154903411865234375e-01
-7.935901880264282227e-01
-1.852142333984375000e+00
3.599958717823028564e-01
-1.842425704002380371e+00
6.783697009086608887e-01
5.585857480764389038e-02
-5.826778709888458252e-02
6.686671376228332520e-01
1.473804950714111328e+00
-6.010903716087341309e-01
-3.309614419937133789e+00
-1.460909366607666016e+00
-6.373685002326965332e-01
1.115442872047424316e+00
1.389709234237670898e+00
1.486379355192184448e-01
-1.176883935928344727e+00
-3.255061209201812744e-01
-1.795442104339599609e+00
-1.880767792463302612e-01
2.853296995162963867e-01
1.223108530044555664e+00
9.962760210037231445e-01
7.383810728788375854e-02
6.243878006935119629e-01
1.111339688301086426e+00
2.129137277603149414e+00
9.931963086128234863e-01
-1.095392704010009766e+00
-5.219112038612365723e-01
-1.733775615692138672e+00
6.738393902778625488e-01
7.499662637710571289e-01
2.043109178543090820e+00
-1.160304307937622070e+00
3.688533902168273926e-01
-1.383942514657974243e-01
-1.460275530815124512e+00
1.368835091590881348e+00
-1.083353813737630844e-02
-1.214454323053359985e-01
3.042027950286865234e-01
5.377261638641357422e-01
3.068923234939575195e+00
-3.435347080230712891e-01
1.693348884582519531e+00
4.532748758792877197e-01
-1.992409110069274902e+00
1.436180770397186279e-01
1.878160610795021057e-02
2.982256114482879639e-01
1.743500947952270508e+00
-3.634965717792510986e-01
3.020180165767669678e-01
-6.761857271194458008e-01
3.364610299468040466e-02
-6.899163722991943359e-01
8.636085391044616699e-01
-2.522685766220092773e+00
-2.167993307113647461e+00
-1.077330946922302246e+00
-1.676624774932861328e+00
-7.575152516365051270e-01
1.814241290092468262e+00
-1.254755020141601562e+00
4.038499295711517334e-01
2.503165900707244873e-01
-2.070437669754028320e-01
5.845882296562194824e-01
4.886790215969085693e-01
-2.306941509246826172e+00
1.722945719957351685e-01
1.149353384971618652e+00
4.632882773876190186e-01
1.591441869735717773e+00
1.017089128494262695e+00
5.718945264816284180e-01
-2.793451845645904541e-01
1.843083620071411133e+00
8.757159709930419922e-01
-1.220392510294914246e-01
-1.194243729114532471e-01
-1.114301085472106934e+00
2.016716480255126953e+00
4.035947322845458984e-01
-8.743742108345031738e-01
-1.895418018102645874e-02
1.473330855369567871e+00
1.164954543113708496e+00
2.765990793704986572e-01
9.859189987182617188e-01
-1.394629001617431641e+00
-1.190375685691833496e+00
1.516331076622009277e+00
-1.441034078598022461e-01
4.031019508838653564e-01
4.182836413383483887e-01
-3.005817890167236328e+00
-5.001026391983032227e-01
-1.029065489768981934e+00
-1.924334049224853516e+00
-4.867870211601257324e-01
-2.289802551269531250e+00
-6.024169921875000000e-01
-1.596200346946716309e+00
1.769912004470825195e+00
-5.922485589981079102e-01
