1.332945585250854492e+00
-4.900082051753997803e-01
-5.086137652397155762e-01
1.040759235620498657e-01
6.555978655815124512e-01
4.610063135623931885e-01
-1.158702850341796875e+00
1.633030176162719727e-01
-5.691151618957519531e-01
1.393744945526123047e-01
-9.687441587448120117e-01
-7.388998866081237793e-01
6.319782733917236328e-01
-2.193847179412841797e+00
1.003476977348327637e+00
-8.202387094497680664e-01
1.471366763114929199e+00
-8.802865445613861084e-02
1.271062970161437988e+00
-3.051199913024902344e-01
1.610983610153198242e+00
-2.177702426910400391e+00
1.579658985137939453e+00
-1.107628345489501953e+00
-1.847551345825195312e+00
-1.066646337509155273e+00
2.420306921005249023e+00
-6.400717496871948242e-01
-3.447269499301910400e-01
1.858231723308563232e-01
-2.350192368030548096e-01
-2.408139944076538086e+00
-7.711288928985595703e-01
-1.077675223350524902e+00
7.785422205924987793e-01
1.029869794845581055e+00
-2.257492303848266602e+00
1.852405428886413574e+00
5.175244808197021484e-01
-8.714841008186340332e-01
5.619739890098571777e-01
1.328489661216735840e+00
1.969087004661560059e+00
1.707989126443862915e-01
-9.505175352096557617e-01
2.747374773025512695e+00
-1.235892057418823242e+00
-7.216470837593078613e-01
1.868631243705749512e+00
-3.975396156311035156e-01
8.685301542282104492e-01
7.560350298881530762e-01
-1.592037558555603027e+00
-1.082896292209625244e-01
1.177287101745605469e+00
3.298785209655761719e+00
-9.295391440391540527e-01
-4.873549044132232666e-01
-2.811666429042816162e-01
6.358183622360229492e-01
-1.254411458969116211e+00
-1.544695734977722168e+00
8.742172122001647949e-01
1.485873818397521973e+00
6.879304051399230957e-01
-6.837158799171447754e-01
3.778004944324493408e-01
-8.948009014129638672e-01
-2.715718507766723633e+00
-4.329901039600372314e-01
1.810780167579650879e+00
2.702079296112060547e+00
2.262300252914428711e-01
6.282038092613220215e-01
-1.790880203247070312e+00
9.774009138345718384e-02
-1.443923950195312500e+00
-7.706041932106018066e-01
9.224832057952880859e-01
-4.135454595088958740e-01
-4.654343724250793457e-01
2.374854087829589844e+00
-5.609427690505981445e-01
-1.772051215171813965e+00
3.029182195663452148e+00
-5.215485095977783203e-01
-1.833266973495483398e+00
-7.975447177886962891e-02
-8.560469150543212891e-01
-7.447867393493652344e-01
-6.451252698898315430e-01
-1.163669824600219727e+00
-6.875410676002502441e-01
-2.350095510482788086e+00
1.858104109764099121e+00
-8.858746886253356934e-01
-3.503592610359191895e-01
1.008104324340820312e+00
4.263271987438201904e-01
1.149743914604187012e+00
7.434075474739074707e-01
-2.103888541460037231e-01
-2.857606410980224609e-01
-5.137147903442382812e-01
1.632232546806335449e+00
5.622807741165161133e-01
5.635897442698478699e-02
1.090027928352355957e+00
2.310752123594284058e-01
-4.091759920120239258e-01
-5.228233337402343750e-01
-9.320889413356781006e-02
-4.687033593654632568e-01
-4.471984207630157471e-01
1.615422129631042480e+00
-1.967475771903991699e+00
-2.071445703506469727e+00
1.434968262910842896e-01
-1.230725407600402832e+00
4.560872912406921387e-01
-3.628154397010803223e-01
-7.286846041679382324e-01
1.170568227767944336e+00
-1.545863509178161621e+00
-2.884108722209930420e-01
6.140116602182388306e-03
7.240097522735595703e-01
1.678650617599487305e+00
