1.649077177047729492e+00
1.657643198966979980e+00
-4.854217469692230225e-01
-5.658380985260009766e-01
7.795035839080810547e-01
-1.817363977432250977e+00
-7.779809832572937012e-01
1.668372988700866699e+00
-1.465913891792297363e+00
-7.811420559883117676e-01
1.608036875724792480e+00
5.818605422973632812e-03
-4.577547609806060791e-01
-6.414304375648498535e-01
1.351381897926330566e+00
-1.393147706985473633e+00
7.928237318992614746e-01
2.486871242523193359e+00
9.729509949684143066e-01
3.450747206807136536e-02
-1.689160346984863281e+00
-1.903262734413146973e+00
-1.683437108993530273e+00
1.637435555458068848e+00
-3.023536205291748047e+00
1.630541086196899414e-01
-5.917782783508300781e-01
-4.581605494022369385e-01
2.936337709426879883e+00
-1.143817901611328125e-01
-1.097708463668823242e+00
1.430097579956054688e+00
-4.426250755786895752e-01
2.295151948928833008e+00
-1.606172919273376465e+00
5.022680163383483887e-01
-5.639997720718383789e-01
-1.731004714965820312e+00
2.665699720382690430e-01
-6.776602864265441895e-01
5.383949279785156250e-01
2.523223876953125000e+00
6.238176226615905762e-01
-3.295781016349792480e-01
-2.291984558105468750e+00
6.329720020294189453e-01
1.910954952239990234e+00
5.547617077827453613e-01
4.818771779537200928e-01
-9.429723024368286133e-01
-8.166368007659912109e-01
1.338793337345123291e-01
-7.526214718818664551e-01
3.220314681529998779e-01
3.983510732650756836e-01
1.585173606872558594e-01
1.512190937995910645e+00
1.304983735084533691e+00
1.615143895149230957e+00
-2.725796401500701904e-01
-1.200319886207580566e+00
2.648175954818725586e+00
-1.315611958503723145e+00
1.640024423599243164e+00
1.277331352233886719e+00
-2.322767496109008789e+00
1.789911389350891113e+00
-3.082481324672698975e-01
3.287600353360176086e-02
7.605577707290649414e-01
4.516582787036895752e-01
-1.735066175460815430e+00
1.610199213027954102e+00
9.352571964263916016e-01
-2.517738379538059235e-02
2.999859750270843506e-01
9.157399646937847137e-03
2.788687348365783691e-01
-9.930835366249084473e-01
-2.460914850234985352e+00
1.060125470161437988e+00
-2.481627225875854492e+00
-5.803289413452148438e-01
-2.332516461610794067e-01
4.572907090187072754e-01
-5.153875350952148438e-01
-2.869728565216064453e+00
-1.034004315733909607e-01
2.203176498413085938e+00
-9.106378555297851562e-01
1.423488974571228027e+00
-3.751510381698608398e-01
6.968138813972473145e-01
-3.029968738555908203e-01
-6.994752883911132812e-01
1.300111860036849976e-01
1.122974514961242676e+00
-4.834430217742919922e-01
8.659151196479797363e-02
2.374030500650405884e-01
-2.940147817134857178e-01
-1.667355060577392578e+00
-4.081392884254455566e-01
2.195362746715545654e-01
2.021978795528411865e-01
-1.695341825485229492e+00
1.632103919982910156e+00
-8.700950145721435547e-01
-4.061619341373443604e-01
8.837848305702209473e-01
-1.897552162408828735e-01
7.913751006126403809e-01
-9.225925207138061523e-01
4.952714741230010986e-01
-2.586591005325317383e+00
-9.125924110412597656e-01
2.696816205978393555e+00
9.036199450492858887e-01
-2.789905309677124023e+00
-8.468637466430664062e-01
-1.096161603927612305e+00
-1.050998121500015259e-01
8.387634158134460449e-01
-7.521776109933853149e-02
3.409679532051086426e-01
-1.388672947883605957e+00
-7.300060391426086426e-01
1.003529667854309082e+00
