6.721442937850952148e-01
7.889080643653869629e-01
-6.463588476181030273e-01
-3.340618610382080078e-01
-2.409610271453857422e+00
8.546578884124755859e-01
6.970888376235961914e-01
-4.898158907890319824e-01
-1.558537364006042480e+00
1.494352072477340698e-01
-9.149344563484191895e-01
5.850112438201904297e-01
-4.875019788742065430e-01
-1.678427457809448242e+00
-1.630111455917358398e+00
-5.787510871887207031e-01
-7.628146409988403320e-01
-5.296816229820251465e-01
-1.217454895377159119e-01
1.118831396102905273e+00
-1.251506090164184570e+00
9.090723991394042969e-01
-7.724021673202514648e-01
1.262367963790893555e+00
-6.429517269134521484e-01
1.325996756553649902e+00
-2.101854801177978516e+00
8.353875875473022461e-01
1.182662129402160645e+00
2.715922892093658447e-01
-9.649757742881774902e-01
-1.064475178718566895e+00
3.352980911731719971e-01
8.642893433570861816e-01
-1.122534513473510742e+00
-7.227549552917480469e-01
-9.351665377616882324e-01
1.721577644348144531e-01
2.449024170637130737e-01
-1.093688249588012695e+00
4.832858592271804810e-02
-9.152420163154602051e-01
7.927155494689941406e-01
1.894317626953125000e+00
-2.886325120925903320e-01
-1.153111815452575684e+00
9.393972158432006836e-01
8.434199094772338867e-01
-1.212861776351928711e+00
5.599250793457031250e-01
-1.770041823387145996e+00
4.316241443157196045e-01
9.590729475021362305e-01
-3.650178611278533936e-01
-5.378670692443847656e-01
7.936440706253051758e-01
1.500859618186950684e+00
3.079880475997924805e-01
7.797409296035766602e-01
1.287416696548461914e+00
-1.615771770477294922e+00
-1.093159079551696777e+00
-4.024972438812255859e+00
3.270396292209625244e-01
3.987379372119903564e-01
-2.377455472946166992e+00
-5.249944329261779785e-01
1.218665122985839844e+00
3.177679061889648438e+00
-1.010212182998657227e+00
6.035084128379821777e-01
1.048774361610412598e+00
8.365608453750610352e-01
2.165753364562988281e+00
-2.818683981895446777e-01
-2.115196228027343750e+00
7.154241800308227539e-01
1.529253602027893066e+00
4.677758514881134033e-01
-1.344836711883544922e+00
2.059580236673355103e-01
4.915742278099060059e-01
3.137467384338378906e+00
3.768500089645385742e-01
9.045189023017883301e-01
5.092931389808654785e-01
1.589873552322387695e+00
-7.611771821975708008e-01
-1.861379742622375488e-01
1.106820344924926758e+00
-1.443796515464782715e+00
-1.308440566062927246e+00
-2.887552499771118164e+00
-2.421711087226867676e-01
2.574772238731384277e-01
6.980155110359191895e-01
1.438739299774169922e+00
-6.435264348983764648e-01
1.996009945869445801e+00
2.349289655685424805e+00
1.441223502159118652e+00
-7.381882071495056152e-01
-6.703889369964599609e-02
2.817015409469604492e+00
6.666545271873474121e-01
1.645340442657470703e+00
-1.079587936401367188e+00
9.030769467353820801e-01
-7.315542101860046387e-01
-2.399814367294311523e+00
8.405939340591430664e-01
1.696935415267944336e+00
6.613194942474365234e-01
-1.188840746879577637e+00
-1.241526603698730469e+00
2.367304116487503052e-01
8.036561012268066406e-01
-1.207180380821228027e+00
2.585740566253662109e+00
-8.444800227880477905e-02
-1.272830814123153687e-01
-1.049250245094299316e+00
-2.732167243957519531e+00
-2.048584938049316406e+00
2.309992760419845581e-01
3.483905792236328125e-01
-1.707905292510986328e+00
-1.814151048660278320e+00
