-5.210183262825012207e-01
-8.816502094268798828e-01
1.117929100990295410e+00
-5.796484351158142090e-01
-1.289371252059936523e+00
-1.793253183364868164e+00
2.353255510330200195e+00
6.458042860031127930e-01
-9.984685182571411133e-01
-1.499963402748107910e+00
-1.354440808296203613e+00
1.345172524452209473e+00
1.137173295021057129e+00
-9.708972573280334473e-01
2.930301129817962646e-01
1.199834704399108887e+00
-2.646068632602691650e-01
2.125231504440307617e+00
-6.308734416961669922e-01
7.883061766624450684e-01
-4.088884592056274414e-01
9.515791535377502441e-01
1.282187700271606445e-01
-1.131667256355285645e+00
-2.777241170406341553e-01
1.827209293842315674e-01
7.765930294990539551e-01
-1.024809956550598145e+00
6.185837388038635254e-01
1.407251477241516113e+00
-1.382692933082580566e+00
-9.673861861228942871e-01
-2.635377168655395508e+00
-1.418901443481445312e+00
1.350859880447387695e+00
8.178654909133911133e-01
-1.839921355247497559e+00
2.532063007354736328e+00
1.354593276977539062e+00
1.799242347478866577e-01
-1.758809536695480347e-01
6.961176395416259766e-01
1.071751594543457031e+00
1.143027096986770630e-01
-1.880906820297241211e+00
1.785243153572082520e+00
-1.929134726524353027e-01
1.054676294326782227e+00
2.691801488399505615e-01
5.317049622535705566e-01
6.150243878364562988e-01
-2.933119833469390869e-01
1.163999438285827637e+00
-1.235168457031250000e+00
-1.467433720827102661e-01
3.028718948364257812e+00
-7.952132225036621094e-01
1.195049405097961426e+00
-2.188601970672607422e+00
1.205250322818756104e-01
2.441993713378906250e+00
1.606859803199768066e+00
-7.788081169128417969e-01
1.140745356678962708e-01
3.614634275436401367e-01
6.998687386512756348e-01
1.589405655860900879e+00
-1.726329207420349121e+00
1.099021434783935547e+00
-3.130676150321960449e-01
-3.532440364360809326e-01
8.621125817298889160e-01
1.528916835784912109e+00
1.196201443672180176e+00
6.057941317558288574e-01
-2.104755401611328125e+00
-6.322097182273864746e-01
-1.057118058204650879e+00
-4.002985954284667969e-01
-2.371106863021850586e+00
3.761878311634063721e-01
2.505331516265869141e+00
-1.590335518121719360e-01
-2.486761286854743958e-02
8.218466639518737793e-01
-4.576634466648101807e-01
-5.674450993537902832e-01
-4.572400823235511780e-03
-1.085502743721008301e+00
9.466369748115539551e-01
-6.146504282951354980e-01
-3.752341270446777344e-01
-1.267233967781066895e+00
6.671679019927978516e-01
-3.660227656364440918e-01
3.377414643764495850e-01
-2.671027481555938721e-01
5.370402932167053223e-01
3.157861709594726562e+00
1.938072741031646729e-01
2.554792881011962891e+00
1.201924867928028107e-02
-1.103586792945861816e+00
-9.973016977310180664e-01
-2.340013742446899414e+00
-1.170771047472953796e-01
-3.111638069152832031e+00
-7.394617795944213867e-01
-7.039661407470703125e-01
-1.850417017936706543e+00
-1.877841949462890625e+00
4.124366641044616699e-01
-1.074393749237060547e+00
-5.110448002815246582e-01
-8.820888400077819824e-02
-3.807944953441619873e-01
1.598304152488708496e+00
-6.656698584556579590e-01
5.212368965148925781e-01
-7.063388824462890625e-02
3.164325356483459473e-01
7.583615779876708984e-01
-1.762278795242309570e+00
-4.656997025012969971e-01
-1.044509649276733398e+00
-1.031196117401123047e+00
1.040699481964111328e+00
-6.861533522605895996e-01
