1.116571545600891113e+00
-1.090302228927612305e+00
-2.188469655811786652e-02
4.591691493988037109e-01
9.062116742134094238e-01
-7.116096019744873047e-01
1.617455333471298218e-01
-2.704621292650699615e-02
-1.841306328773498535e+00
-3.884643018245697021e-01
-9.506632089614868164e-01
1.731014490127563477e+00
6.458310484886169434e-01
-2.206146240234375000e+00
-1.820267140865325928e-01
7.995460629463195801e-01
-3.185912966728210449e-01
1.818870186805725098e+00
-3.122692406177520752e-01
-9.975853562355041504e-02
-2.872829139232635498e-01
-3.056832551956176758e-01
1.318417906761169434e+00
2.084587335586547852e+00
-1.507668972015380859e+00
5.007458329200744629e-01
-1.900055110454559326e-01
-2.084302425384521484e+00
9.780863523483276367e-01
2.827320098876953125e-01
-1.724596858024597168e+00
7.953351736068725586e-01
2.037969380617141724e-01
8.623428344726562500e-01
1.295535564422607422e+00
8.733597993850708008e-01
4.789658486843109131e-01
-9.780836105346679688e-01
2.580020725727081299e-01
5.577272176742553711e-01
1.256010055541992188e+00
-1.085818782448768616e-01
1.100030064582824707e+00
-1.719276666641235352e+00
-2.184473752975463867e+00
-5.930739045143127441e-01
-5.096794962882995605e-01
1.430350661277770996e+00
-1.825630217790603638e-01
6.664687991142272949e-01
6.723247766494750977e-01
9.958819746971130371e-01
1.429869890213012695e+00
-1.570723652839660645e-01
-1.374503970146179199e+00
9.319037199020385742e-01
-1.081427812576293945e+00
2.276429891586303711e+00
-1.490349054336547852e+00
7.197217345237731934e-01
-1.391667604446411133e+00
-1.090889680199325085e-03
1.266649365425109863e+00
-2.019318342208862305e-01
-7.022601366043090820e-01
-8.618112802505493164e-01
-8.530803918838500977e-01
-9.132314920425415039e-01
2.406011968851089478e-01
1.203376352787017822e-01
8.259289860725402832e-01
-2.138227701187133789e+00
-1.090278029441833496e+00
8.898151516914367676e-01
-1.496403694152832031e+00
-2.600614130496978760e-01
2.072711706161499023e+00
6.196622848510742188e-01
5.727378129959106445e-01
-1.072562575340270996e+00
1.388874411582946777e+00
-7.014701962471008301e-01
-1.795026822946965694e-03
1.406683027744293213e-01
4.423597157001495361e-01
2.008523464202880859e+00
7.241347432136535645e-01
-1.127841830253601074e+00
3.723018467426300049e-01
-1.016915917396545410e+00
-8.991964459419250488e-01
-5.321422219276428223e-01
9.250589013099670410e-01
1.893806457519531250e+00
-1.753552317619323730e+00
4.885740578174591064e-01
-5.982916355133056641e-01
-1.922155380249023438e+00
1.973942995071411133e+00
2.836461782455444336e+00
1.470241993665695190e-01
1.411232829093933105e+00
-6.398847103118896484e-01
-9.451546072959899902e-01
-1.280774474143981934e+00
9.403731822967529297e-01
-4.272951185703277588e-02
-9.443588852882385254e-01
6.288067996501922607e-02
-2.228261709213256836e+00
-1.341539621353149414e-01
-3.452690839767456055e-01
5.790610909461975098e-01
1.633098721504211426e+00
-6.080843806266784668e-01
-1.906970858573913574e+00
8.068431019783020020e-01
-2.593813419342041016e+00
-1.202651023864746094e+00
8.045274615287780762e-01
-2.676482684910297394e-02
-5.132136866450309753e-02
1.241198062896728516e+00
1.511363029479980469e+00
-1.400592684745788574e+00
-1.425058841705322266e+00
-1.338507056236267090e+00
6.986459493637084961e-01
