1.059102058410644531e+00
1.211672663688659668e+00
-8.245818614959716797e-01
5.663281083106994629e-01
1.434562206268310547e+00
5.403167605400085449e-01
1.579872369766235352e+00
8.954366445541381836e-01
-1.224578738212585449e+00
-6.816704571247100830e-02
1.556194722652435303e-01
3.792299926280975342e-01
8.009061813354492188e-01
-1.453005075454711914e+00
8.407436609268188477e-01
2.139700390398502350e-02
2.419365644454956055e+00
3.624067306518554688e-01
-1.143579959869384766e+00
-1.822675347328186035e+00
1.077296018600463867e+00
-1.635545969009399414e+00
1.319163084030151367e+00
8.938573598861694336e-01
-1.188562750816345215e+00
5.103355050086975098e-01
2.344723194837570190e-01
-7.456519603729248047e-01
-2.165773153305053711e+00
7.456374764442443848e-01
-5.588220953941345215e-01
1.234231114387512207e+00
-1.951570391654968262e+00
-1.435951471328735352e+00
-2.936679422855377197e-01
1.223557472229003906e+00
-2.891317009925842285e-01
8.539423346519470215e-01
1.141658186912536621e+00
1.057370185852050781e+00
1.516984581947326660e+00
2.965613365173339844e+00
7.915744781494140625e-01
-5.345289111137390137e-01
-8.236601352691650391e-01
1.633857935667037964e-01
1.116700053215026855e+00
9.076685905456542969e-01
-8.299493789672851562e-01
-1.515283226966857910e+00
-1.235691308975219727e+00
6.446506977081298828e-01
3.926266133785247803e-01
-1.586234211921691895e+00
-6.386016011238098145e-01
2.082994282245635986e-01
-7.204049229621887207e-01
-3.110956847667694092e-01
-9.358396530151367188e-01
2.318151950836181641e+00
-1.104920148849487305e+00
-5.520678758621215820e-01
1.376142024993896484e+00
3.982742428779602051e-01
-5.102993249893188477e-01
-4.006109714508056641e+00
1.086869478225708008e+00
-3.769762814044952393e-01
6.771731376647949219e-01
4.980129301548004150e-01
8.590877056121826172e-01
1.203249812126159668e+00
6.994059085845947266e-01
6.874011158943176270e-01
-1.205114841461181641e+00
6.947554349899291992e-01
-1.070943355560302734e+00
3.878356516361236572e-01
-4.592343866825103760e-01
-1.862373113632202148e+00
-1.314398288726806641e+00
1.071245312690734863e+00
-5.049451589584350586e-01
-1.185276389122009277e+00
2.632255315780639648e+00
-5.074701309204101562e-01
-1.431148648262023926e+00
-3.319051265716552734e-01
1.562535166740417480e+00
-3.917964100837707520e-01
-1.943257212638854980e+00
-1.527569770812988281e+00
-1.258572459220886230e+00
-1.521023869514465332e+00
5.885501503944396973e-01
1.293586641550064087e-01
5.536495149135589600e-02
1.894183158874511719e-01
1.947640478610992432e-01
-1.850121855735778809e+00
1.038128361105918884e-01
2.653057873249053955e-01
2.381550550460815430e+00
6.217961311340332031e-01
2.066884785890579224e-01
6.078075170516967773e-01
-3.780526220798492432e-01
4.597279131412506104e-01
1.241861820220947266e+00
-1.762854218482971191e+00
-1.664906978607177734e+00
1.409501433372497559e+00
-1.904468536376953125e-01
5.726823210716247559e-01
-9.819958209991455078e-01
-8.097756505012512207e-01
-7.333893179893493652e-01
6.413304209709167480e-01
-1.155610084533691406e+00
-5.805518627166748047e-01
1.125307202339172363e+00
-8.873411417007446289e-01
1.373943924903869629e+00
-6.663032174110412598e-01
-1.274825453758239746e+00
-1.660910129547119141e+00
1.946713805198669434e+00
1.012817621231079102e+00
