-1.041460394859313965e+00
-1.756365448236465454e-01
7.474801540374755859e-01
4.624370634555816650e-01
-1.245195746421813965e+00
-8.821216225624084473e-01
9.003913998603820801e-01
1.784335613250732422e+00
-3.040518164634704590e-01
1.175310850143432617e+00
1.855196356773376465e+00
1.530162543058395386e-01
-1.129747748374938965e+00
-4.667932391166687012e-01
6.535885334014892578e-01
1.799124479293823242e+00
-1.164409518241882324e+00
1.932146549224853516e+00
-8.307807445526123047e-01
-1.652110695838928223e+00
9.834832511842250824e-03
1.416803598403930664e-01
-1.688323378562927246e+00
1.515547782182693481e-01
-8.427411317825317383e-01
2.558572590351104736e-01
4.138019979000091553e-01
1.128569722175598145e+00
4.266206324100494385e-01
2.578212022781372070e-01
-1.748211264610290527e+00
-7.192785143852233887e-01
-2.140164613723754883e+00
-1.106622099876403809e+00
-1.199235796928405762e+00
5.720685124397277832e-01
-1.151493430137634277e+00
-4.344249367713928223e-01
4.198660552501678467e-01
-2.208399474620819092e-01
4.273924231529235840e-01
-1.246120691299438477e+00
6.617273688316345215e-01
2.107201814651489258e+00
-1.603549122810363770e+00
5.455155298113822937e-02
1.998293399810791016e+00
2.348568916320800781e+00
-1.326771140098571777e+00
5.613921880722045898e-01
1.374982744455337524e-01
-8.474198728799819946e-02
5.636237859725952148e-01
1.739588260650634766e+00
5.804118514060974121e-01
1.231171846389770508e+00
6.561521887779235840e-01
-1.285643577575683594e+00
-1.039940193295478821e-01
8.076297640800476074e-01
-1.791612654924392700e-01
2.656911849975585938e+00
1.437189221382141113e+00
-4.790976047515869141e-01
3.068865835666656494e-01
-9.044956564903259277e-01
-4.603561460971832275e-01
9.200078248977661133e-01
1.125865131616592407e-01
1.025596037507057190e-01
4.143668115139007568e-01
8.702637553215026855e-01
9.073628187179565430e-01
5.697783827781677246e-01
1.843875646591186523e+00
-4.880021095275878906e+00
1.270651102066040039e+00
-1.296298503875732422e+00
1.343311518430709839e-01
-6.667523980140686035e-01
3.210818052291870117e+00
-1.848832845687866211e+00
1.045397043228149414e+00
6.625397205352783203e-01
1.241979226469993591e-01
3.454754129052162170e-02
-1.731355786323547363e+00
-2.024670362472534180e+00
1.338865607976913452e-01
5.980004668235778809e-01
-1.163763165473937988e+00
-6.719770431518554688e-01
-6.229466199874877930e-01
1.047526955604553223e+00
5.950478315353393555e-01
5.705395936965942383e-01
1.529438972473144531e+00
-8.149756789207458496e-01
-2.574204683303833008e+00
-1.855142265558242798e-01
-3.623168766498565674e-01
-4.015613496303558350e-01
4.197238087654113770e-01
1.107180953025817871e+00
3.163415670394897461e+00
-2.717428207397460938e-01
4.601289629936218262e-01
-1.693589426577091217e-02
-1.962136507034301758e+00
-1.670336484909057617e+00
-1.394917249679565430e+00
2.933769226074218750e+00
-1.463402867317199707e+00
-8.365855216979980469e-01
-1.184710502624511719e+00
-2.263818979263305664e+00
1.186336278915405273e+00
3.113663196563720703e-01
-3.117618799209594727e+00
8.326755762100219727e-01
-6.126929521560668945e-01
-3.562569320201873779e-01
-1.481991887092590332e+00
7.101524472236633301e-01
-2.865644693374633789e-01
-4.891847670078277588e-01
-6.718186736106872559e-01
4.409643411636352539e-01
