9.155138134956359863e-01
-2.808497428894042969e+00
-9.862560033798217773e-01
-1.199120730161666870e-01
6.216735839843750000e-01
1.176845908164978027e+00
1.108054995536804199e+00
-1.828932762145996094e-01
5.962473154067993164e-01
-2.895907402038574219e+00
-6.757204532623291016e-01
2.643545567989349365e-01
-4.979637563228607178e-01
5.872232317924499512e-01
-8.281816244125366211e-01
-8.424018621444702148e-01
-3.669861555099487305e-01
-7.333480119705200195e-01
-3.612632453441619873e-01
5.611031055450439453e-01
-5.929726362228393555e-01
-8.844165205955505371e-01
5.195305347442626953e-01
1.619998455047607422e+00
-6.087988018989562988e-01
-3.989147245883941650e-01
2.575672268867492676e-01
-1.681487798690795898e+00
5.983448624610900879e-01
1.823098778724670410e+00
-9.093248844146728516e-01
-1.570819467306137085e-01
-1.222472786903381348e+00
-4.509632289409637451e-01
2.157252073287963867e+00
-7.353287935256958008e-01
-6.451363861560821533e-02
-8.741596341133117676e-01
3.783236443996429443e-01
1.179183363914489746e+00
2.097503542900085449e-01
1.348359584808349609e+00
1.352836489677429199e+00
6.530249714851379395e-01
6.198718547821044922e-01
-1.178963065147399902e+00
3.803965151309967041e-01
-5.089269280433654785e-01
-5.901321768760681152e-01
-8.771227300167083740e-02
-2.949935913085937500e+00
-6.199668645858764648e-01
1.558228015899658203e+00
1.678453803062438965e+00
1.854191571474075317e-01
2.969938814640045166e-01
-6.368052363395690918e-01
7.812482714653015137e-01
1.461522817611694336e+00
8.104342818260192871e-01
9.730630554258823395e-04
-2.604528903961181641e+00
1.113441586494445801e+00
-2.836462855339050293e-01
-5.665425062179565430e-01
2.060973644256591797e+00
5.744257569313049316e-01
2.327990293502807617e+00
5.236911773681640625e-01
-1.343874633312225342e-01
-5.997985601425170898e-01
-1.285897642374038696e-01
-3.422806262969970703e-01
1.220364928245544434e+00
1.534227579832077026e-01
-1.069144368171691895e+00
2.098132222890853882e-01
8.448650240898132324e-01
5.491769313812255859e-01
-1.012173414230346680e+00
2.624047398567199707e-01
-2.369032353162765503e-01
-1.212397933006286621e+00
-3.055183887481689453e-01
6.103603839874267578e-01
1.845475077629089355e+00
1.750827670097351074e+00
8.544591665267944336e-01
-7.890848517417907715e-01
-9.052524566650390625e-01
4.285061359405517578e-01
3.536683320999145508e-01
9.882049560546875000e-01
2.265594959259033203e+00
1.661008477210998535e+00
4.964760541915893555e-01
-2.169630974531173706e-01
3.826685249805450439e-01
7.549596577882766724e-02
-5.355513840913772583e-02
8.541627526283264160e-01
2.697698831558227539e+00
1.168779954314231873e-01
1.572993755340576172e+00
-4.843039214611053467e-01
4.310876429080963135e-01
-1.618599414825439453e+00
-4.960966408252716064e-01
1.061734557151794434e+00
-2.749213457107543945e+00
-1.646102190017700195e+00
-1.070467352867126465e+00
6.470457911491394043e-01
-1.183104515075683594e+00
5.239481851458549500e-02
-2.140207529067993164e+00
-1.314667820930480957e+00
1.685515642166137695e+00
-1.388203501701354980e+00
-2.414873689413070679e-01
-3.714905381202697754e-01
-2.637485563755035400e-01
-2.072039604187011719e+00
-2.018007516860961914e+00
-9.737662076950073242e-01
6.283994317054748535e-01
-5.237221121788024902e-01
-6.480846405029296875e-01
