3.784884810447692871e-01
8.074983954429626465e-02
-1.361098051071166992e+00
-2.287751913070678711e+00
6.556806564331054688e-01
4.298293888568878174e-01
2.126528739929199219e+00
7.098634839057922363e-01
-9.077224731445312500e-01
-9.295305609703063965e-01
4.111826717853546143e-01
2.578751325607299805e+00
1.087222695350646973e+00
-1.225493073463439941e+00
-5.597822070121765137e-01
6.063572168350219727e-01
4.267894327640533447e-01
1.562480926513671875e-01
-1.616828322410583496e+00
-1.512965917587280273e+00
-8.447197079658508301e-01
-1.201268434524536133e+00
8.787678480148315430e-01
1.898499250411987305e+00
-7.239692211151123047e-01
5.893960595130920410e-01
-4.940534532070159912e-01
-1.484850645065307617e+00
8.891523480415344238e-01
1.607674756087362766e-03
1.687418699264526367e+00
-2.682975292205810547e+00
-4.856881797313690186e-01
1.724518537521362305e+00
1.608952999114990234e+00
2.819439470767974854e-01
-3.810167312622070312e-01
1.841474920511245728e-01
-4.418397247791290283e-01
-1.075128674507141113e+00
2.512135028839111328e+00
8.170279264450073242e-01
1.232364058494567871e+00
1.377617835998535156e+00
2.319884300231933594e-01
-2.290779829025268555e+00
3.405657410621643066e-02
2.441225051879882812e+00
1.003838062286376953e+00
3.579657673835754395e-01
-6.818383932113647461e-01
8.711025714874267578e-01
-1.365487694740295410e+00
2.513274252414703369e-01
-3.423120975494384766e-01
7.556986808776855469e-01
3.229300379753112793e-01
4.447786509990692139e-01
-6.229342222213745117e-01
-4.238056838512420654e-01
-1.270427942276000977e+00
5.960416197776794434e-01
5.368711948394775391e-01
-4.807435572147369385e-01
-1.850668191909790039e+00
-2.917158365249633789e+00
2.652023732662200928e-01
1.585310101509094238e+00
-1.170088529586791992e+00
8.002611994743347168e-01
5.425825715065002441e-01
-1.615375518798828125e+00
4.021573960781097412e-01
-2.135087400674819946e-01
-7.886018157005310059e-01
-8.914771080017089844e-01
1.007463574409484863e+00
3.373818397521972656e-01
-1.266319394111633301e+00
-2.670933961868286133e+00
-2.282033443450927734e+00
9.519328922033309937e-02
-1.151882205158472061e-02
-1.207560747861862183e-01
3.107307195663452148e+00
2.483250141143798828e+00
-1.251738905906677246e+00
1.164549067616462708e-01
-9.575673341751098633e-01
-6.546992808580398560e-02
1.794462203979492188e+00
-7.230792045593261719e-01
-1.449122309684753418e+00
1.236083149909973145e+00
8.400161266326904297e-01
2.051582098007202148e+00
1.686871290206909180e+00
1.057812795042991638e-01
-7.540457248687744141e-01
-1.102203488349914551e+00
2.191601753234863281e+00
-1.927064657211303711e-01
-2.186823487281799316e-01
-3.614766001701354980e-01
-1.962728500366210938e+00
2.104562520980834961e-01
-2.463796615600585938e+00
-7.199987769126892090e-01
2.006369113922119141e+00
4.966763556003570557e-01
9.418926239013671875e-01
1.082541346549987793e+00
8.920477628707885742e-01
-5.044306516647338867e-01
-1.284198760986328125e-01
5.002034306526184082e-01
-9.554311633110046387e-01
-1.630758881568908691e+00
-8.206891417503356934e-01
1.325500011444091797e+00
1.964280366897583008e+00
-1.496000409126281738e+00
3.150012344121932983e-02
6.314094066619873047e-01
-1.770605519413948059e-02
-1.861885547637939453e+00
-3.861714601516723633e-01
-1.072774052619934082e+00
