1.365148544311523438e+00
-6.019226461648941040e-02
1.047864794731140137e+00
-1.242900490760803223e+00
-1.955939680337905884e-01
7.166466116905212402e-01
-1.258802711963653564e-01
-7.799266576766967773e-01
1.255318671464920044e-01
-1.605755388736724854e-01
1.704374432563781738e+00
1.562753438949584961e+00
2.998430967330932617e+00
5.619702339172363281e-01
-7.970392107963562012e-01
-1.051460504531860352e+00
-8.769493103027343750e-01
1.399717211723327637e+00
7.918660044670104980e-01
7.197988629341125488e-01
1.228766515851020813e-01
-4.810333847999572754e-01
4.216641783714294434e-01
1.600642204284667969e+00
2.540479898452758789e-01
-6.551408171653747559e-01
-8.113362193107604980e-01
-1.779118627309799194e-01
-1.129755526781082153e-01
1.016943097114562988e+00
-2.372512578964233398e+00
-4.194605827331542969e+00
-9.449426531791687012e-01
1.115076661109924316e+00
-9.468548893928527832e-01
1.330119848251342773e+00
-4.366782307624816895e-01
-3.294468224048614502e-01
-6.589521765708923340e-01
1.805850565433502197e-01
8.806322216987609863e-01
1.635997772216796875e+00
1.760774850845336914e+00
1.361840367317199707e+00
-2.297753691673278809e-01
6.929221749305725098e-01
-7.353364229202270508e-01
1.734188199043273926e+00
-7.753798961639404297e-01
-5.957136154174804688e-01
9.841846227645874023e-01
-1.289038300514221191e+00
-5.792818069458007812e-01
1.407371878623962402e+00
-1.295682668685913086e+00
-3.824467957019805908e-01
2.292718648910522461e+00
1.166932463645935059e+00
2.305250883102416992e+00
5.128730535507202148e-01
4.353498574346303940e-03
1.366619318723678589e-01
1.690055012702941895e+00
-6.587725877761840820e-01
-7.331761121749877930e-01
-2.513388633728027344e+00
1.252862572669982910e+00
1.401756405830383301e+00
-9.740218520164489746e-01
4.210405945777893066e-01
-6.788089871406555176e-02
2.782803058624267578e+00
-7.166416049003601074e-01
-5.411109328269958496e-01
-2.234883457422256470e-01
-1.579458117485046387e+00
-6.716840863227844238e-01
-8.684699535369873047e-01
-3.117712140083312988e-01
-2.992140293121337891e+00
-1.667295396327972412e-01
-8.157353997230529785e-01
2.482794374227523804e-01
-1.714357137680053711e+00
2.226910591125488281e+00
-6.044030785560607910e-01
-1.470208048820495605e+00
1.439942568540573120e-01
-1.712035894393920898e+00
-4.237813949584960938e-01
1.524366140365600586e+00
-1.722333431243896484e+00
1.609366178512573242e+00
-1.230533570051193237e-01
5.413345694541931152e-01
4.545387625694274902e-01
1.936890006065368652e+00
-1.269745349884033203e+00
-5.338345766067504883e-01
-1.130349874496459961e+00
-8.141008019447326660e-01
1.942780762910842896e-01
-1.501392602920532227e+00
-1.929041594266891479e-01
-7.054992318153381348e-01
4.156922399997711182e-01
4.540801942348480225e-01
6.812179088592529297e-01
-2.219291031360626221e-01
1.499977409839630127e-01
-1.545636057853698730e+00
1.178186058998107910e+00
-6.876310110092163086e-01
1.187257647514343262e+00
1.574332833290100098e+00
-1.346499323844909668e+00
-1.555719524621963501e-01
-7.324819564819335938e-01
-2.072504997253417969e+00
-6.607456207275390625e-01
2.062114000320434570e+00
-1.453612923622131348e+00
1.202801942825317383e+00
-2.388517260551452637e-01
-6.077641248703002930e-01
-2.396320365369319916e-02
-1.025918349623680115e-01
9.418731182813644409e-02
