2.038916826248168945e+00
-4.700216650962829590e-01
1.447590827941894531e+00
5.580483675003051758e-01
-4.638087451457977295e-01
-1.551076650619506836e+00
-1.072540730237960815e-01
-3.904117047786712646e-01
-4.060211658477783203e+00
4.605275094509124756e-01
-2.721919536590576172e+00
-1.973253011703491211e+00
4.100970625877380371e-01
-1.595879554748535156e+00
2.836416244506835938e+00
-7.546504139900207520e-01
5.023254752159118652e-01
8.399136662483215332e-01
-2.571474552154541016e+00
5.431370139122009277e-01
1.337079405784606934e+00
-6.321451067924499512e-01
7.411882281303405762e-01
1.930780529975891113e+00
-2.424404382705688477e+00
2.794566154479980469e-01
1.609169363975524902e+00
-3.900827467441558838e-02
4.650142490863800049e-01
1.433663606643676758e+00
-1.700038075447082520e+00
-3.292862176895141602e-01
-1.082955002784729004e+00
2.229107379913330078e+00
-4.902877509593963623e-01
4.043186008930206299e-01
-1.050777062773704529e-01
5.059426426887512207e-01
1.170356988906860352e+00
3.140112459659576416e-01
-2.717680037021636963e-01
3.017392754554748535e-01
1.333036065101623535e+00
1.103541970252990723e+00
3.289889693260192871e-01
1.305538654327392578e+00
1.339065283536911011e-01
-7.719023823738098145e-01
-9.951107501983642578e-01
-4.512412250041961670e-01
1.719948649406433105e-02
-1.387892127037048340e+00
5.405470728874206543e-01
-2.205918729305267334e-01
4.251339659094810486e-02
3.006688952445983887e-01
-1.495415806770324707e+00
7.086343765258789062e-01
1.429994463920593262e+00
1.635364890098571777e+00
1.252943277359008789e+00
-5.262817740440368652e-01
9.605935811996459961e-01
1.117345094680786133e+00
-1.572404026985168457e+00
-1.799844056367874146e-01
6.107423901557922363e-01
3.164286017417907715e-01
-7.052828073501586914e-01
-1.552637338638305664e+00
3.557058284059166908e-03
-1.983090162277221680e+00
7.487433552742004395e-01
1.194841742515563965e+00
2.034048318862915039e+00
-1.037213444709777832e+00
-1.059359312057495117e+00
-4.737348556518554688e-01
-1.107894256711006165e-01
-5.669708251953125000e-01
-1.268068194389343262e+00
1.606660962104797363e+00
-1.406966745853424072e-01
6.603046506643295288e-02
-2.458054721355438232e-01
-8.337614536285400391e-01
-5.100902318954467773e-01
-1.022889971733093262e+00
2.396667599678039551e-01
-7.239244580268859863e-01
-1.832495450973510742e+00
2.336263954639434814e-01
-2.383085250854492188e+00
1.055498957633972168e+00
-2.269838005304336548e-01
-5.164617896080017090e-01
1.492863297462463379e+00
1.314426541328430176e+00
1.007238626480102539e+00
3.657642364501953125e+00
4.149552434682846069e-02
8.940803408622741699e-01
9.899030923843383789e-01
-7.092131376266479492e-01
-1.136170506477355957e+00
4.343130439519882202e-02
6.375870108604431152e-01
-1.000168800354003906e+00
-3.880257010459899902e-01
-7.310378551483154297e-01
4.126211702823638916e-01
-1.412810087203979492e-01
-1.318825721740722656e+00
9.010072946548461914e-01
7.066463828086853027e-01
-1.459407567977905273e+00
1.938496112823486328e+00
-7.216266989707946777e-01
-1.273839712142944336e+00
2.000192403793334961e-01
-3.724063038825988770e-01
2.213216274976730347e-01
-4.938035272061824799e-03
-1.692794322967529297e+00
-4.712673425674438477e-01
-2.419792890548706055e+00
-1.663995862007141113e+00
2.505162000656127930e+00
