-8.598584532737731934e-01
-1.085272789001464844e+00
6.577340364456176758e-01
5.963316559791564941e-01
6.682166457176208496e-01
-1.942149519920349121e+00
-1.205254316329956055e+00
3.872809708118438721e-01
7.244726270437240601e-02
1.015323638916015625e+00
-6.836269497871398926e-01
2.589039325714111328e+00
-6.424366235733032227e-01
-8.648752570152282715e-01
8.110526800155639648e-01
1.849247574806213379e+00
3.743596673011779785e-01
3.907126188278198242e-01
-2.136514902114868164e+00
-5.484753251075744629e-01
1.107430219650268555e+00
6.828979253768920898e-01
-8.327960968017578125e-01
1.354265928268432617e+00
3.167617321014404297e-01
2.321698963642120361e-01
-1.086220979690551758e+00
8.127045631408691406e-01
1.486854314804077148e+00
-4.129114747047424316e-01
-1.273394465446472168e+00
-7.933157086372375488e-01
-2.033069372177124023e+00
1.403641819953918457e+00
-1.494652867317199707e+00
6.566606163978576660e-01
-1.468789458274841309e+00
1.651547312736511230e+00
2.810384750366210938e+00
1.269734650850296021e-01
2.649999856948852539e+00
-8.301182389259338379e-01
1.091761350631713867e+00
1.644483327865600586e+00
-4.003404974937438965e-01
2.246865272521972656e+00
1.905700922012329102e+00
4.763161540031433105e-01
-7.627573609352111816e-01
6.575949192047119141e-01
1.632313579320907593e-01
-2.036068677902221680e+00
7.711794972419738770e-01
-3.338595032691955566e-01
3.330873847007751465e-01
7.750433683395385742e-01
-3.536604046821594238e-01
4.785123765468597412e-01
3.992816507816314697e-01
-4.905513953417539597e-03
-6.803159117698669434e-01
-7.638112306594848633e-01
-2.351052045822143555e+00
-4.477459490299224854e-01
2.253278017044067383e+00
-2.492973767220973969e-02
8.495573997497558594e-01
1.376505374908447266e+00
5.923894047737121582e-01
2.892599701881408691e-01
-2.958359420299530029e-01
2.322871237993240356e-03
5.128073096275329590e-01
3.416202962398529053e-01
8.489623069763183594e-01
-1.346548914909362793e+00
-2.299190759658813477e+00
-1.540741324424743652e-01
-5.336260199546813965e-01
-2.526624441146850586e+00
-7.837449312210083008e-01
-4.657467901706695557e-01
1.941037893295288086e+00
-1.488894820213317871e+00
3.874379396438598633e-01
1.132375836372375488e+00
-9.078466892242431641e-01
1.022947311401367188e+00
-7.244679927825927734e-01
2.903682589530944824e-01
-2.828374505043029785e-02
1.931536674499511719e+00
-3.906626403331756592e-01
8.932617306709289551e-01
-2.471862316131591797e+00
-1.399864792823791504e+00
-1.048880815505981445e+00
7.549793124198913574e-01
3.418103158473968506e-01
5.556593537330627441e-01
8.249208927154541016e-01
2.467086315155029297e+00
-1.078692317008972168e+00
-1.054511904716491699e+00
-1.333645582199096680e+00
-2.649250030517578125e-01
-3.366861104965209961e+00
-1.189633250236511230e+00
5.731976628303527832e-01
-3.272941350936889648e+00
-6.545379757881164551e-01
2.494488060474395752e-01
3.537867963314056396e-01
4.371574819087982178e-01
8.436868786811828613e-01
-3.499735891819000244e-01
-7.233872413635253906e-01
-1.635155558586120605e+00
1.816603541374206543e-01
1.958546042442321777e+00
-6.850966215133666992e-01
9.933625459671020508e-01
-1.439062595367431641e+00
-6.160704493522644043e-01
-6.724321842193603516e-01
-1.015817046165466309e+00
-1.373805254697799683e-01
1.863345503807067871e+00
