1.193554520606994629e+00
-1.150863170623779297e+00
-6.926436424255371094e-01
-2.734129667282104492e+00
1.383308887481689453e+00
-1.892884075641632080e-01
-4.008317887783050537e-01
1.929953098297119141e+00
8.278339356184005737e-02
-8.473435640335083008e-01
-1.073987603187561035e+00
-3.714703768491744995e-02
1.367425322532653809e+00
5.769572779536247253e-02
-1.931277662515640259e-01
1.553212404251098633e+00
-7.449225187301635742e-01
4.181729555130004883e-01
-1.679353713989257812e+00
1.431350111961364746e+00
6.936727166175842285e-01
-6.341190338134765625e-01
-2.204524278640747070e+00
8.579836487770080566e-01
-1.494279861450195312e+00
1.812638401985168457e+00
3.589425981044769287e-02
-1.346837401390075684e+00
8.251129388809204102e-01
5.814252495765686035e-01
8.016584515571594238e-01
-2.954562902450561523e+00
-1.136176824569702148e+00
-6.990427374839782715e-01
2.055860757827758789e+00
2.068569660186767578e+00
1.439960479736328125e+00
-4.721606969833374023e-01
-6.987345218658447266e-01
-1.666833162307739258e+00
1.525505661964416504e+00
-2.411330938339233398e-01
1.402549982070922852e+00
-9.864313155412673950e-02
-2.858734726905822754e-01
-1.858054280281066895e+00
1.691068649291992188e+00
1.531287312507629395e+00
1.649437785148620605e+00
-1.605513334274291992e+00
-2.605895400047302246e-01
-1.523594975471496582e+00
-2.080782353878021240e-01
1.397176623344421387e+00
2.474521636962890625e+00
3.036816716194152832e-01
-2.155488580465316772e-01
-4.748505949974060059e-01
-7.295745611190795898e-01
3.623080253601074219e-01
8.218484371900558472e-02
-1.115001082420349121e+00
8.162673711776733398e-01
-3.062265217304229736e-01
1.502880930900573730e+00
-3.951925337314605713e-01
1.621558666229248047e+00
1.382100343704223633e+00
-2.336977243423461914e+00
-2.466697543859481812e-01
2.603763937950134277e-01
8.239436745643615723e-01
1.421303600072860718e-01
-4.650913774967193604e-01
-1.001553058624267578e+00
6.543640512973070145e-03
-5.570605397224426270e-01
8.124254345893859863e-01
7.773729413747787476e-02
-2.621764421463012695e+00
-2.565944194793701172e+00
-1.346357166767120361e-01
-2.690524160861968994e-01
-5.504999160766601562e-01
3.434950590133666992e+00
6.435297429561614990e-02
5.006793141365051270e-01
8.135561347007751465e-01
-1.065229177474975586e+00
1.520981341600418091e-01
1.001058578491210938e+00
-1.607873916625976562e+00
-1.289128363132476807e-01
3.074414432048797607e-01
1.097413375973701477e-01
1.251315474510192871e+00
1.175802826881408691e+00
-5.316387414932250977e-01
3.110605180263519287e-01
8.818190693855285645e-01
8.470610976219177246e-01
1.240018308162689209e-01
-1.357631683349609375e+00
-5.803663134574890137e-01
7.483893036842346191e-01
-1.277057826519012451e-01
-1.961473107337951660e+00
-1.003076910972595215e+00
2.295806407928466797e+00
-6.994295865297317505e-02
1.774822592735290527e+00
-3.065188825130462646e-01
-2.179413288831710815e-01
1.060799881815910339e-01
7.416129112243652344e-01
4.517029225826263428e-01
-4.076283872127532959e-01
-3.208067119121551514e-01
-2.492682933807373047e+00
1.160159707069396973e+00
7.446584701538085938e-01
-2.089651823043823242e+00
3.225783109664916992e-01
-1.304543137550354004e+00
-4.588032364845275879e-01
-1.043833255767822266e+00
2.096101999282836914e+00
-1.625863194465637207e+00
