7.523904442787170410e-01
-7.507071495056152344e-01
8.655645251274108887e-01
5.492787957191467285e-01
-1.201378583908081055e+00
-8.790060877799987793e-01
1.326827645301818848e+00
5.344870686531066895e-01
-2.197092056274414062e+00
-1.794046282768249512e+00
7.037404179573059082e-01
-1.516560435295104980e+00
-1.502883881330490112e-01
-2.620104789733886719e+00
6.961136460304260254e-01
-1.530577838420867920e-01
6.242346391081809998e-02
1.298676729202270508e+00
-1.316594600677490234e+00
1.889854550361633301e+00
1.758345007896423340e+00
4.386982619762420654e-01
1.131402134895324707e+00
-3.897911682724952698e-02
-5.217945948243141174e-02
9.569557309150695801e-01
2.300850868225097656e+00
-4.336310327053070068e-01
4.816827178001403809e-02
2.226682424545288086e+00
-7.641812562942504883e-01
9.185603857040405273e-01
-4.385550320148468018e-01
3.817865550518035889e-01
6.522047519683837891e-01
6.844758987426757812e-01
4.653841555118560791e-01
1.210165143013000488e+00
1.208237409591674805e+00
1.371176242828369141e-01
6.771485805511474609e-01
-5.389705896377563477e-01
1.407322049140930176e+00
-1.913771182298660278e-01
2.389813959598541260e-02
-2.053501009941101074e-01
2.134532183408737183e-01
-7.054145336151123047e-01
8.097408413887023926e-01
7.444257736206054688e-01
1.053417563438415527e+00
-1.237153172492980957e+00
-4.461891949176788330e-01
-2.125549018383026123e-01
-1.261451989412307739e-01
6.753028631210327148e-01
-1.691811561584472656e+00
7.418929934501647949e-01
-6.325956583023071289e-01
2.238271713256835938e+00
4.765208065509796143e-01
-2.591613233089447021e-01
9.160780347883701324e-03
-1.486176490783691406e+00
1.076244950294494629e+00
-1.420627832412719727e-01
2.986524820327758789e+00
-1.538265347480773926e+00
-2.038242816925048828e+00
-8.635718226432800293e-01
-6.589671969413757324e-02
8.701914548873901367e-01
-2.006762266159057617e+00
2.875367999076843262e-01
-7.137748003005981445e-01
-6.266053915023803711e-01
-1.701065897941589355e+00
-7.148265242576599121e-01
1.027823567390441895e+00
-1.181592106819152832e+00
2.805374860763549805e-01
6.348521709442138672e-01
-1.110038161277770996e+00
1.159545704722404480e-01
-7.571699470281600952e-02
-7.103520631790161133e-02
1.117509484291076660e+00
-6.671382784843444824e-01
8.357916474342346191e-01
-2.055328845977783203e+00
-1.027371883392333984e+00
-4.419135570526123047e+00
1.387932896614074707e-01
1.489619016647338867e+00
-1.337922662496566772e-01
-8.008641004562377930e-01
-1.279903411865234375e+00
3.119563102722167969e+00
3.910471498966217041e-01
6.644807010889053345e-02
1.586763620376586914e+00
2.190370708703994751e-01
-4.959186017513275146e-01
-2.245440483093261719e-01
-3.578901886940002441e-01
1.459904313087463379e+00
-9.895921945571899414e-01
-1.535772681236267090e+00
2.572831809520721436e-01
1.939438730478286743e-01
-8.428795337677001953e-01
1.348428964614868164e+00
-1.264772415161132812e+00
1.423303365707397461e+00
-1.028833866119384766e+00
-9.243103265762329102e-01
7.011082172393798828e-01
-1.024199724197387695e+00
7.286233901977539062e-01
9.387236833572387695e-01
5.713789463043212891e-01
-1.960493326187133789e+00
-1.450866460800170898e+00
-9.423488974571228027e-01
-1.020094037055969238e+00
-1.266462206840515137e+00
6.395559906959533691e-01
1.503752112388610840e+00
