-4.764726758003234863e-02
2.023080736398696899e-01
-1.270755648612976074e+00
2.584920227527618408e-01
-7.194947600364685059e-01
4.981763660907745361e-01
-3.427898287773132324e-01
-1.112914919853210449e+00
2.773279137909412384e-02
1.168330073356628418e+00
1.985397338867187500e+00
-2.272708714008331299e-01
2.225528806447982788e-01
6.356344819068908691e-01
4.640749990940093994e-01
1.543184757232666016e+00
-1.900530576705932617e+00
8.565378785133361816e-01
4.800850450992584229e-01
3.445920228958129883e+00
7.690285444259643555e-01
4.124638736248016357e-01
1.040518283843994141e+00
5.498940944671630859e-01
-8.673084378242492676e-01
-8.524503707885742188e-01
-1.454755961894989014e-01
4.673913717269897461e-01
1.104449480772018433e-01
-1.029332280158996582e+00
-5.141358375549316406e-01
7.704645395278930664e-02
8.815092444419860840e-01
1.613036036491394043e+00
1.202614083886146545e-01
1.336818337440490723e+00
-6.008741855621337891e-01
-9.423483014106750488e-01
-3.381850421428680420e-01
1.176262736320495605e+00
-1.059534788131713867e+00
-1.914209961891174316e+00
1.967356443405151367e+00
2.443746805191040039e+00
5.560759902000427246e-01
9.968397617340087891e-01
-1.553291440010070801e+00
-3.327846527099609375e-01
1.367956042289733887e+00
-1.548155844211578369e-01
-7.885484695434570312e-01
-3.541042506694793701e-01
6.375208497047424316e-01
-9.093227386474609375e-01
3.100610971450805664e-01
6.153311133384704590e-01
-7.171611785888671875e-01
1.398053526878356934e+00
-8.351385593414306641e-02
1.823969125747680664e+00
-1.364838719367980957e+00
1.568392872810363770e+00
-1.276543885469436646e-01
1.242324471473693848e+00
1.184009313583374023e+00
-2.987549901008605957e-01
-5.988340377807617188e-01
-1.522956728935241699e+00
3.573208749294281006e-01
1.171072125434875488e+00
6.830974817276000977e-01
-6.617690324783325195e-01
-1.906155198812484741e-01
8.144460320472717285e-01
3.553402125835418701e-01
-1.780580759048461914e+00
7.228077948093414307e-02
-1.013402819633483887e+00
6.033867597579956055e-01
1.886248439550399780e-01
3.476919233798980713e-01
-1.337438941001892090e+00
-2.049185931682586670e-01
1.509948849678039551e+00
3.966405987739562988e-01
-3.885634541511535645e-01
9.577934145927429199e-01
-1.714279055595397949e+00
-1.079216897487640381e-01
6.833615899085998535e-01
7.764245271682739258e-01
-8.562702536582946777e-01
6.480269432067871094e-01
-7.484357953071594238e-01
-4.868429303169250488e-01
8.469004034996032715e-01
-4.543277323246002197e-01
1.684676408767700195e+00
-4.304564595222473145e-01
-1.132539033889770508e+00
2.108281612396240234e+00
-1.062695741653442383e+00
-1.979250460863113403e-01
-1.040220782160758972e-01
1.594941377639770508e+00
-3.521331772208213806e-02
-5.398409068584442139e-02
-1.682048916816711426e+00
-1.580797910690307617e+00
-1.058843016624450684e+00
1.088373064994812012e+00
5.500037074089050293e-01
-1.617703557014465332e+00
-3.413382768630981445e+00
-1.582651585340499878e-01
-1.367596149444580078e+00
3.535730838775634766e-01
-4.083869457244873047e-01
-7.511307001113891602e-01
-6.417469978332519531e-01
-2.450246810913085938e-01
-4.582816064357757568e-01
2.430517524480819702e-01
-1.779382228851318359e+00
-1.441503047943115234e+00
-3.108626365661621094e+00
-1.300828933715820312e+00
3.039468526840209961e-01
