-1.907269835472106934e+00
8.085402250289916992e-01
-9.832012653350830078e-01
2.089330106973648071e-01
-1.042719602584838867e+00
-1.947274446487426758e+00
-1.047347664833068848e+00
-4.238674342632293701e-01
1.069358229637145996e+00
-1.512507319450378418e+00
-8.926356434822082520e-01
8.921124339103698730e-01
-1.055925369262695312e+00
-6.036109924316406250e-01
1.327481269836425781e+00
7.051351666450500488e-01
-9.768646359443664551e-01
9.304401874542236328e-01
1.874100089073181152e+00
1.737155914306640625e+00
-1.740392923355102539e+00
1.713259696960449219e+00
7.257869839668273926e-01
-2.849957048892974854e-01
-2.105736732482910156e+00
3.252085447311401367e+00
1.786677837371826172e-01
-6.476454138755798340e-01
6.785844564437866211e-01
-1.502977497875690460e-02
-9.385157227516174316e-01
2.181632071733474731e-01
-3.013163805007934570e-01
1.493627130985260010e-01
5.211255550384521484e-01
3.216246664524078369e-01
-3.989129960536956787e-01
-2.293743371963500977e+00
9.861673116683959961e-01
-3.783985137939453125e+00
8.055991530418395996e-01
1.931243985891342163e-01
1.136438012123107910e+00
1.944145083427429199e+00
1.050362944602966309e+00
-9.652370810508728027e-01
9.878137707710266113e-01
1.910692900419235229e-01
7.259714603424072266e-01
2.963804960250854492e+00
1.377450585365295410e+00
-7.727820277214050293e-01
5.301924943923950195e-01
3.319158554077148438e-01
-1.095207810401916504e+00
7.987729907035827637e-01
1.214405655860900879e+00
1.046569943428039551e+00
-3.385660052299499512e-01
1.523950695991516113e+00
9.462403059005737305e-01
1.811751008033752441e+00
-1.431126952171325684e+00
1.395043611526489258e+00
1.641867399215698242e+00
-4.097887575626373291e-01
-1.325069069862365723e+00
1.076478600502014160e+00
1.011676937341690063e-01
7.340819574892520905e-03
-3.390804529190063477e-01
-2.079211473464965820e-01
6.042509675025939941e-01
-3.170263767242431641e-01
2.634124457836151123e-01
-8.911609649658203125e-01
-3.653684556484222412e-01
4.833548069000244141e-01
8.460737466812133789e-01
-2.829138040542602539e+00
-6.005882620811462402e-01
1.029264181852340698e-01
1.332444071769714355e+00
-5.835288166999816895e-01
2.997734069824218750e+00
-1.586414575576782227e+00
-7.676513791084289551e-01
-2.989058755338191986e-02
-6.835423409938812256e-02
2.461119651794433594e+00
-2.023024082183837891e+00
-1.057564139366149902e+00
-4.936947226524353027e-01
1.368112444877624512e+00
-2.602956771850585938e+00
-7.078101634979248047e-01
1.221007108688354492e+00
-4.827181100845336914e-01
-6.798926591873168945e-01
1.941697478294372559e+00
-2.693338394165039062e+00
-6.946991682052612305e-01
1.297328233718872070e+00
3.343217670917510986e-01
5.804712772369384766e-01
-1.584899723529815674e-01
-2.178349256515502930e+00
-3.344048261642456055e-01
-1.315230727195739746e+00
-2.265507698059082031e+00
5.509067177772521973e-01
6.990602612495422363e-01
-6.922710686922073364e-02
-1.212635159492492676e+00
-2.179601430892944336e+00
2.683577299118041992e+00
-8.201279044151306152e-01
1.939633786678314209e-01
-8.207265734672546387e-01
1.082288146018981934e+00
7.722572088241577148e-01
1.080554842948913574e+00
-1.264207959175109863e+00
-2.964595317840576172e+00
6.167422533035278320e-01
-1.935944199562072754e+00
6.142541766166687012e-01
-4.780175685882568359e-01
