1.076899647712707520e+00
-5.900638699531555176e-01
4.990882277488708496e-01
-2.715238332748413086e-01
1.690049529075622559e+00
8.312677145004272461e-01
5.402134060859680176e-01
-1.472641587257385254e+00
-3.852889239788055420e-01
6.287794113159179688e-01
-8.113211393356323242e-01
-1.178359627723693848e+00
-3.292475938796997070e-01
-1.664254665374755859e+00
4.771651327610015869e-01
-2.461108192801475525e-02
6.928870081901550293e-01
2.088798582553863525e-01
7.473490834236145020e-01
6.519551873207092285e-01
-1.092578411102294922e+00
1.200989633798599243e-01
9.558389782905578613e-01
1.087594985961914062e+00
-2.342315673828125000e+00
1.109186291694641113e+00
4.130118191242218018e-01
-4.638223946094512939e-01
2.942440211772918701e-01
9.691852331161499023e-01
8.371388912200927734e-01
-6.632044315338134766e-01
-1.354226827621459961e+00
-1.064456224441528320e+00
1.260044276714324951e-01
2.295786142349243164e+00
1.865545749664306641e+00
2.987047433853149414e-01
-2.280859231948852539e+00
4.183263182640075684e-01
2.707347393035888672e+00
-9.351947903633117676e-01
1.837378978729248047e+00
1.357184290885925293e+00
5.817854404449462891e-01
3.358004093170166016e-01
-4.680723547935485840e-01
3.616398572921752930e-01
-7.516649961471557617e-01
-1.895811438560485840e+00
-2.053833305835723877e-01
3.048949539661407471e-01
-1.115774273872375488e+00
1.537787795066833496e+00
-2.707393467426300049e-01
-2.499867379665374756e-01
-1.147485256195068359e+00
8.058288693428039551e-01
2.154104232788085938e+00
-4.016215354204177856e-02
1.886020153760910034e-01
7.884131073951721191e-01
6.291283965110778809e-01
-4.044563472270965576e-01
-6.744084954261779785e-01
2.549925148487091064e-01
1.440955251455307007e-01
2.094375900924205780e-02
-9.776112437248229980e-01
6.820762157440185547e-01
-4.736172854900360107e-01
1.004226565361022949e+00
-1.904381364583969116e-01
6.392327547073364258e-01
-2.859705209732055664e+00
-4.515030682086944580e-01
-1.358396887779235840e+00
1.641434669494628906e+00
-1.209664583206176758e+00
-1.176154255867004395e+00
1.531298279762268066e+00
-3.883928358554840088e-01
-1.067746162414550781e+00
1.104354619979858398e+00
4.836853742599487305e-01
7.204718887805938721e-02
-2.157150506973266602e-01
-8.848745822906494141e-01
-3.088538050651550293e-01
3.454200029373168945e-01
5.149273872375488281e-01
-1.201601982116699219e+00
-2.454097718000411987e-01
-7.551330327987670898e-01
-1.794744968414306641e+00
1.987953782081604004e-01
-1.441656589508056641e+00
-8.971582651138305664e-01
9.076044559478759766e-01
-5.092542767524719238e-01
2.175923585891723633e+00
-2.143542915582656860e-01
-4.047925174236297607e-01
-2.390993386507034302e-01
-1.193678140640258789e+00
4.020831584930419922e-01
-9.478675127029418945e-01
-1.221766471862792969e+00
3.575605154037475586e+00
-8.496521115303039551e-01
1.103789925575256348e+00
4.201256483793258667e-02
1.101711392402648926e-01
7.120520472526550293e-01
-1.766419053077697754e+00
-7.068018913269042969e-01
-8.750879764556884766e-01
-2.806766629219055176e-01
-2.285124510526657104e-01
1.209181904792785645e+00
1.143803119659423828e+00
-6.052696108818054199e-01
-8.433613181114196777e-01
1.325593143701553345e-01
-1.841935992240905762e+00
-1.830100655555725098e+00
1.351863980293273926e+00
9.712404608726501465e-01
