1.856731653213500977e+00
4.737341701984405518e-01
3.597581386566162109e-01
-1.684110909700393677e-01
6.030068397521972656e-01
-1.692264080047607422e-01
9.705203771591186523e-02
-5.444064736366271973e-01
-2.495085716247558594e+00
-2.615492105484008789e+00
6.962620019912719727e-01
-2.057918071746826172e+00
1.238489985466003418e+00
-1.422140300273895264e-01
1.180888772010803223e+00
-6.766583919525146484e-01
-1.926230788230895996e+00
1.872085809707641602e+00
-1.562658786773681641e+00
2.286485910415649414e+00
-1.254347562789916992e+00
4.316829741001129150e-01
-1.042114138603210449e+00
1.272181749343872070e+00
-3.975915908813476562e-01
-6.024436354637145996e-01
1.878952860832214355e+00
-3.348152935504913330e-01
-1.351861715316772461e+00
-1.262945771217346191e+00
1.146307140588760376e-01
-8.058633804321289062e-01
-8.780717849731445312e-01
-4.418861865997314453e-01
6.111425757408142090e-01
7.965538501739501953e-01
1.483274340629577637e+00
1.277165770530700684e+00
7.676153630018234253e-02
-7.501018047332763672e-02
-3.164143264293670654e-01
-5.188501253724098206e-02
1.099452614784240723e+00
1.525528907775878906e+00
-2.429673820734024048e-01
1.334485769271850586e+00
8.171367645263671875e-01
1.964163541793823242e+00
1.630751729011535645e+00
6.731893420219421387e-01
-6.484012603759765625e-01
-5.207256078720092773e-01
-1.697194337844848633e+00
1.478314518928527832e+00
-7.701267600059509277e-01
-6.894615292549133301e-01
-4.621242582798004150e-01
1.367024421691894531e+00
1.538966178894042969e+00
9.390880465507507324e-01
-9.262886047363281250e-01
1.870881080627441406e+00
-1.616007447242736816e+00
1.581970214843750000e+00
4.166401922702789307e-01
-9.556803703308105469e-01
3.787956237792968750e-01
2.003659486770629883e+00
1.272836089134216309e+00
2.398856729269027710e-01
1.096670508384704590e+00
-8.236139416694641113e-01
1.723209738731384277e+00
7.100810408592224121e-01
-7.598501443862915039e-01
-1.310561060905456543e+00
-1.260638475418090820e+00
-9.393005371093750000e-01
4.145784080028533936e-01
-8.725410103797912598e-01
-2.013931125402450562e-01
6.235599517822265625e-01
-3.009122014045715332e-01
-2.388437092304229736e-01
8.386833071708679199e-01
-1.098328828811645508e+00
-2.972939968109130859e+00
-1.467467904090881348e+00
5.531857609748840332e-01
3.108802437782287598e-01
-7.311564087867736816e-01
-2.345958232879638672e+00
-2.810320377349853516e+00
-9.488871097564697266e-01
-1.754667609930038452e-01
-4.814539253711700439e-01
1.745928645133972168e+00
-6.765645742416381836e-01
-2.724212408065795898e+00
2.216963320970535278e-01
-4.409656822681427002e-01
1.117161154747009277e+00
1.422548770904541016e+00
-3.900328651070594788e-02
1.230941653251647949e+00
-6.316010951995849609e-01
-2.157882452011108398e-01
-6.355409622192382812e-01
2.129762619733810425e-01
2.015865802764892578e+00
-1.337995231151580811e-01
7.622848749160766602e-01
3.778035044670104980e-01
4.620253741741180420e-01
1.129734039306640625e+00
3.665818870067596436e-01
4.933383464813232422e-01
1.079545095562934875e-01
1.929976344108581543e+00
-1.813705444335937500e+00
-1.413667947053909302e-01
-1.955219626426696777e+00
-1.058874800801277161e-01
-1.680606484413146973e+00
-1.283827543258666992e+00
-7.752105593681335449e-01
-5.915337800979614258e-01
1.100638866424560547e+00
