1.150947690010070801e+00
-5.488779544830322266e-01
7.503936886787414551e-01
3.281750679016113281e-01
1.671058297157287598e+00
-1.951170086860656738e+00
4.497694373130798340e-01
6.691290140151977539e-01
-1.778307914733886719e+00
-9.598526954650878906e-01
1.314781188964843750e+00
6.097310185432434082e-01
1.124953329563140869e-01
-2.416670560836791992e+00
-8.819263577461242676e-01
8.750235438346862793e-01
-5.561852455139160156e-01
4.800526499748229980e-01
-8.971034884452819824e-01
-2.220508813858032227e+00
-6.845820546150207520e-01
1.781066060066223145e-01
-1.619691610336303711e+00
8.015643358230590820e-01
-4.155837893486022949e-01
1.170157432556152344e+00
2.481294423341751099e-01
-1.514406204223632812e+00
1.036814212799072266e+00
-7.313194274902343750e-01
-5.834496617317199707e-01
1.722826719284057617e+00
-2.948957443237304688e+00
1.916087746620178223e+00
-8.056756258010864258e-01
1.307325363159179688e+00
1.907425671815872192e-01
-8.669168949127197266e-01
1.568553090095520020e+00
3.569868505001068115e-01
2.464665174484252930e+00
5.685340762138366699e-01
1.785101652145385742e+00
-5.097932815551757812e-01
-2.705004453659057617e+00
3.263069987297058105e-01
-1.493817567825317383e-01
2.130714893341064453e+00
-2.702107839286327362e-02
-4.128026068210601807e-01
2.420916259288787842e-01
1.741863638162612915e-01
1.547183841466903687e-01
9.528391957283020020e-01
-1.118882372975349426e-01
2.366066694259643555e+00
5.034392327070236206e-02
9.974963665008544922e-01
-2.097200870513916016e+00
7.111110091209411621e-01
-4.540792107582092285e-02
-1.112264871597290039e+00
-3.514924347400665283e-01
-4.923878610134124756e-01
-1.842791199684143066e+00
-4.597279131412506104e-01
3.675874173641204834e-01
1.333877325057983398e+00
5.712513327598571777e-01
7.127595543861389160e-01
-3.274533152580261230e-01
2.795156240463256836e-01
1.315391302108764648e+00
2.309799641370773315e-01
-8.341930508613586426e-01
-1.396139740943908691e+00
8.507668375968933105e-01
1.720827966928482056e-01
-7.941400408744812012e-01
-1.091534137725830078e+00
1.936278700828552246e+00
1.616379141807556152e+00
1.250551700592041016e+00
1.574611306190490723e+00
1.795105934143066406e+00
-8.938699364662170410e-01
-6.885672807693481445e-01
1.248430907726287842e-01
-1.336780190467834473e-01
1.220004081726074219e+00
6.534593105316162109e-01
-1.313601493835449219e+00
-4.108328223228454590e-01
-2.854847311973571777e-01
1.073835372924804688e+00
7.398560047149658203e-01
-1.861170679330825806e-01
-1.473087072372436523e+00
1.511932015419006348e+00
-4.893653094768524170e-01
9.022685289382934570e-01
-3.935483098030090332e-01
-1.808720111846923828e+00
1.909166097640991211e+00
-7.184469699859619141e-01
-2.476084709167480469e+00
-2.785678580403327942e-02
-2.589678525924682617e+00
1.550773143768310547e+00
-3.317845344543457031e+00
8.662277460098266602e-02
2.306274324655532837e-01
-9.469013214111328125e-01
-9.055261015892028809e-01
-1.342151165008544922e+00
-2.508762121200561523e+00
9.689553380012512207e-01
-5.584703683853149414e-01
-5.019225478172302246e-01
1.051588892936706543e+00
2.511123716831207275e-01
-1.297831773757934570e+00
-2.951642870903015137e-01
1.857465147972106934e+00
-6.175113320350646973e-01
-1.318371176719665527e+00
-1.210576072335243225e-01
5.817298889160156250e-01
