2.896776437759399414e+00
1.110444784164428711e+00
1.667706221342086792e-01
3.298883736133575439e-01
-8.980602771043777466e-02
1.024132966995239258e+00
3.110834956169128418e-01
4.834303259849548340e-01
-2.546955585479736328e+00
-1.898899912834167480e+00
5.941303968429565430e-01
-2.647342681884765625e+00
1.586488246917724609e+00
-1.715726852416992188e+00
-9.751088917255401611e-03
7.523904442787170410e-01
-1.064781188964843750e+00
9.061869233846664429e-02
-4.686333835124969482e-01
-5.710621923208236694e-02
-1.239974737167358398e+00
1.319148778915405273e+00
1.545625925064086914e-01
1.886048436164855957e+00
-2.396742813289165497e-02
2.097522497177124023e+00
1.988404512405395508e+00
-3.772394061088562012e-01
-7.866780459880828857e-02
-4.036689698696136475e-01
-5.053410530090332031e-01
-1.009171366691589355e+00
1.603372395038604736e-01
-1.028702378273010254e+00
-1.220886468887329102e+00
8.396463841199874878e-02
-1.597640275955200195e+00
1.802080392837524414e+00
2.553616166114807129e-01
-4.053631722927093506e-01
-1.057218611240386963e-01
-2.150518655776977539e+00
7.151153683662414551e-01
1.006935477256774902e+00
-4.451840519905090332e-01
-4.772048890590667725e-01
8.358945846557617188e-01
2.941895246505737305e+00
-3.292132019996643066e-01
-8.636543750762939453e-01
-5.582768321037292480e-01
-1.323910713195800781e+00
-2.608081400394439697e-01
7.937109470367431641e-01
1.705386281013488770e+00
-1.007989645004272461e+00
1.470567464828491211e+00
-1.378280222415924072e-01
1.233181208372116089e-01
8.266414999961853027e-01
-2.059798091650009155e-01
1.200910091400146484e+00
9.571278691291809082e-01
1.113176226615905762e+00
-2.773339450359344482e-01
-4.695552825927734375e+00
1.087293744087219238e+00
1.630352854728698730e+00
1.643074005842208862e-01
4.320715367794036865e-02
3.698846697807312012e-01
1.548552036285400391e+00
1.516933798789978027e+00
8.152631521224975586e-01
3.643957972526550293e-01
-1.904842495918273926e+00
-4.737071692943572998e-01
1.979247033596038818e-01
8.754591643810272217e-02
-8.126366138458251953e-01
5.802707076072692871e-01
7.031237483024597168e-01
6.778717637062072754e-01
4.482840001583099365e-01
9.885764122009277344e-01
-9.044741392135620117e-01
-2.548234939575195312e+00
-1.547089934349060059e+00
-1.742542684078216553e-01
-7.508726716041564941e-01
1.167008042335510254e+00
-3.288518905639648438e+00
-1.936356186866760254e+00
7.763993740081787109e-01
8.067076802253723145e-01
1.593233346939086914e+00
9.307202100753784180e-01
-4.751083850860595703e-01
-4.691534042358398438e-01
-5.835631489753723145e-01
-1.881090402603149414e+00
9.557756781578063965e-01
-1.006857872009277344e+00
2.284652709960937500e+00
1.697747260332107544e-01
-4.643437266349792480e-01
-6.719535589218139648e-01
3.291011154651641846e-01
5.615636110305786133e-01
1.558964848518371582e+00
6.601119041442871094e-01
-2.360517829656600952e-01
-1.305255174636840820e+00
-1.043887376785278320e+00
-9.265494942665100098e-01
-1.044525742530822754e+00
-1.123923510313034058e-01
2.424344569444656372e-01
-5.727709531784057617e-01
-3.168371319770812988e-01
-2.630299568176269531e+00
8.597636818885803223e-01
1.885419487953186035e+00
-6.337699294090270996e-01
-1.040377020835876465e+00
-1.302490234375000000e-01
1.943981796503067017e-01
6.105734109878540039e-01
