7.844986915588378906e-01
-7.042967081069946289e-01
7.924015522003173828e-01
-6.206388473510742188e-01
7.605279684066772461e-01
-1.786330580711364746e+00
-8.398272991180419922e-01
-1.035045027732849121e+00
-1.221352219581604004e-01
-1.370683908462524414e-01
-2.526385784149169922e-01
-6.437984108924865723e-01
-4.966907799243927002e-01
2.150296121835708618e-01
-8.618074655532836914e-01
-1.506751179695129395e+00
-1.262828350067138672e+00
9.853832721710205078e-01
4.461308717727661133e-01
1.700372695922851562e-01
-6.754838675260543823e-02
6.211035251617431641e-01
-4.602149426937103271e-01
1.170691728591918945e+00
2.585858404636383057e-01
3.958604037761688232e-01
5.764586329460144043e-01
1.327920109033584595e-01
-4.579246044158935547e-01
9.433075189590454102e-01
1.645448952913284302e-01
-1.335964083671569824e+00
-9.363329410552978516e-01
-7.269644737243652344e-01
-1.279923021793365479e-01
-1.744904279708862305e+00
1.562067031860351562e+00
6.484529376029968262e-01
-1.236294627189636230e+00
-5.213109850883483887e-01
-3.500067591667175293e-01
-1.552720308303833008e+00
2.322879076004028320e+00
3.365103006362915039e+00
-8.455613851547241211e-01
-1.756457328796386719e+00
7.328746914863586426e-01
-2.377578616142272949e-02
-3.908723890781402588e-01
1.076989889144897461e+00
1.413191854953765869e-01
-1.875150680541992188e+00
1.817765355110168457e+00
9.073569774627685547e-01
1.520253539085388184e+00
-6.348141431808471680e-01
-8.070635795593261719e-01
9.471817612648010254e-01
1.451853513717651367e+00
1.642282962799072266e+00
-1.293977022171020508e+00
4.392592012882232666e-01
2.635059356689453125e-01
-7.943540215492248535e-01
3.121469914913177490e-01
-8.971800804138183594e-01
7.170193195343017578e-01
1.023132443428039551e+00
-2.165372669696807861e-02
-3.930650055408477783e-01
1.214754104614257812e+00
1.493204593658447266e+00
-3.771151304244995117e-01
8.471629619598388672e-01
6.852121949195861816e-01
6.744314432144165039e-01
-7.571412920951843262e-01
1.412751525640487671e-01
-8.845418691635131836e-01
-1.129628777503967285e+00
6.809562444686889648e-01
-6.144728064537048340e-01
4.890362024307250977e-01
1.000346660614013672e+00
1.531252503395080566e+00
-1.801610469818115234e+00
-1.342329740524291992e+00
8.662112355232238770e-01
-5.950165987014770508e-01
-1.778203487396240234e+00
-5.953319743275642395e-02
-9.986923933029174805e-01
-1.700338244438171387e+00
2.271425008773803711e+00
2.455765157938003540e-01
-4.580989480018615723e-01
-3.609113395214080811e-01
-3.779118657112121582e-01
2.765378914773464203e-02
-1.997050046920776367e+00
7.056233286857604980e-01
2.256277322769165039e+00
-1.753517985343933105e+00
2.361196875572204590e-01
4.950582683086395264e-01
-3.301325738430023193e-01
-4.622488617897033691e-01
5.199104547500610352e-01
-1.328105926513671875e+00
-1.245471715927124023e+00
-2.180319070816040039e+00
-2.540507316589355469e-01
-2.936259806156158447e-01
3.022120594978332520e-01
2.260383367538452148e+00
-1.061673402786254883e+00
-3.924068510532379150e-01
1.369705200195312500e+00
7.948988080024719238e-01
-4.076801836490631104e-01
4.298450797796249390e-02
2.750412225723266602e+00
-1.351585149765014648e+00
2.880777716636657715e-01
-1.503306508064270020e+00
1.406501889228820801e+00
-1.150013208389282227e+00
1.296605229377746582e+00
