1.299621701240539551e+00
-6.051945090293884277e-01
-5.385565757751464844e-01
1.359327733516693115e-01
2.303814172744750977e+00
-1.406366825103759766e+00
-1.111387610435485840e+00
-1.105274081230163574e+00
-1.494030594825744629e+00
-1.659209012985229492e+00
-6.115678548812866211e-01
-1.685504436492919922e+00
1.173687577247619629e-01
-1.660849690437316895e+00
1.148523569107055664e+00
-1.198605179786682129e+00
-5.220799446105957031e-01
-5.142357349395751953e-01
-2.297541141510009766e+00
3.217866897583007812e+00
3.545401394367218018e-01
-1.816149353981018066e+00
-3.557213246822357178e-01
1.473814725875854492e+00
-1.094346866011619568e-02
9.344412684440612793e-01
1.208891272544860840e+00
2.701728940010070801e-01
3.391408622264862061e-01
-1.881859898567199707e-01
1.235700011253356934e+00
9.835644364356994629e-01
-4.769915342330932617e-02
-8.951238989830017090e-01
5.058307647705078125e-01
-6.828911900520324707e-01
1.656948208808898926e+00
1.091739058494567871e+00
-1.625031828880310059e+00
-9.137677550315856934e-01
-3.884210884571075439e-01
-1.166626691818237305e+00
1.164587736129760742e+00
2.253757715225219727e+00
-1.835970282554626465e+00
-1.111435741186141968e-01
7.565862536430358887e-01
-4.394609332084655762e-01
1.044364571571350098e+00
4.240300059318542480e-01
4.895211160182952881e-01
-2.559413433074951172e+00
4.752778112888336182e-01
1.762172341346740723e+00
1.413356065750122070e+00
-2.233356386423110962e-01
1.651692509651184082e+00
1.372124910354614258e+00
1.527166724205017090e+00
8.274664878845214844e-01
1.397590756416320801e+00
-4.099791646003723145e-01
-8.736719489097595215e-01
1.466050028800964355e+00
5.957899689674377441e-01
3.872018456459045410e-01
7.357436418533325195e-01
6.194466948509216309e-01
-9.897320270538330078e-01
-1.584849119186401367e+00
3.985681831836700439e-01
-3.241614997386932373e-01
-1.683562755584716797e+00
2.221611589193344116e-01
-7.717471718788146973e-01
1.165615171194076538e-01
-2.410854101181030273e+00
2.857169210910797119e-01
-2.814220488071441650e-01
-1.107268333435058594e+00
-8.633396029472351074e-01
8.377989530563354492e-01
1.782572865486145020e+00
-2.851086258888244629e-01
3.084632396697998047e+00
-1.262586116790771484e+00
-8.999050855636596680e-01
-1.039140105247497559e+00
-2.618949711322784424e-01
-2.114499330520629883e+00
-7.012282013893127441e-01
-1.373279809951782227e+00
-1.629751801490783691e+00
2.232136011123657227e+00
4.741180241107940674e-01
-8.213827013969421387e-01
7.046988010406494141e-01
1.671877980232238770e+00
5.222868919372558594e-01
-3.640886247158050537e-01
-1.042287468910217285e+00
6.207956671714782715e-01
-1.357433795928955078e+00
1.653044968843460083e-01
1.888184100389480591e-01
-4.904808700084686279e-01
-8.478845655918121338e-02
-2.932946681976318359e-01
-1.328423619270324707e-02
-8.417894244194030762e-01
1.064069271087646484e+00
-2.249299526214599609e+00
6.467078924179077148e-01
3.085289895534515381e-01
1.570778727531433105e+00
-3.575232028961181641e-01
6.794236898422241211e-01
-1.065972805023193359e+00
2.393326520919799805e+00
1.302403509616851807e-01
2.913338840007781982e-01
9.455600380897521973e-01
-1.273695349693298340e+00
-1.807677149772644043e+00
-1.136658787727355957e+00
-6.613988280296325684e-01
1.152019023895263672e+00
1.178168177604675293e+00
