1.280101537704467773e+00
-3.818446397781372070e-01
-1.051848053932189941e+00
3.813039362430572510e-01
1.767261624336242676e+00
6.296446174383163452e-02
-9.662699699401855469e-02
1.232024669647216797e+00
-1.716703534126281738e+00
-1.501967191696166992e+00
3.906725049018859863e-01
2.188091278076171875e+00
8.050001859664916992e-01
-2.542179584503173828e+00
4.798348844051361084e-01
-1.687371015548706055e+00
1.378625631332397461e-01
-1.006885170936584473e+00
-1.619757413864135742e+00
-2.053851842880249023e+00
1.857320517301559448e-01
-4.757018983364105225e-01
4.349082410335540771e-01
1.773997426033020020e+00
2.860009297728538513e-02
2.335541963577270508e+00
-9.940355420112609863e-01
-2.644929409027099609e+00
-1.270101547241210938e+00
-3.246370851993560791e-01
-4.102867841720581055e-01
2.503237962722778320e+00
4.367688596248626709e-01
5.153889060020446777e-01
1.108269095420837402e+00
2.535566091537475586e-01
2.359199762344360352e+00
2.131387233734130859e+00
-2.013773202896118164e+00
1.606993556022644043e+00
4.159250855445861816e-01
-7.700657844543457031e-01
1.028151154518127441e+00
5.778276920318603516e-02
2.478153705596923828e-01
-1.164553642272949219e+00
-8.118075132369995117e-01
-1.287856936454772949e+00
1.919677615165710449e+00
-1.438003778457641602e+00
-6.776688098907470703e-01
-9.621246457099914551e-01
4.459897875785827637e-01
-8.269320726394653320e-01
1.455022394657135010e-01
7.988961935043334961e-01
9.262633323669433594e-01
1.162259206175804138e-01
1.525173425674438477e+00
-7.211093306541442871e-01
-7.934040427207946777e-01
7.580653429031372070e-01
9.908688664436340332e-01
1.581442475318908691e+00
-1.775609493255615234e+00
-1.048183798789978027e+00
-4.623413085937500000e-01
1.779012680053710938e-01
-1.088846325874328613e+00
-9.232503771781921387e-01
2.113303244113922119e-01
-4.826397299766540527e-01
7.339158058166503906e-01
1.132425665855407715e+00
-3.395495712757110596e-01
-1.533471584320068359e+00
-1.052769064903259277e+00
-1.801872625946998596e-02
-9.656014442443847656e-01
-1.393961548805236816e+00
-2.933030843734741211e+00
6.380645632743835449e-01
6.081860065460205078e-01
8.893637061119079590e-01
1.762127757072448730e+00
4.513922929763793945e-01
-1.631686210632324219e+00
-1.341557502746582031e+00
9.130963683128356934e-01
-4.484678432345390320e-02
1.038324952125549316e+00
3.560888767242431641e-01
-1.009795427322387695e+00
9.203363060951232910e-01
-2.155912294983863831e-02
1.058712124824523926e+00
3.063203394412994385e-01
-1.938745021820068359e+00
1.088191866874694824e+00
5.060257911682128906e-01
-1.910157650709152222e-01
-2.970033586025238037e-01
4.370295405387878418e-01
2.567784786224365234e+00
-6.413422226905822754e-01
-8.850348591804504395e-01
-1.373980641365051270e+00
-1.211423873901367188e+00
8.084235191345214844e-01
-3.427782297134399414e+00
3.905810713768005371e-01
9.745866656303405762e-01
-2.384145855903625488e-01
7.257838249206542969e-01
5.617189407348632812e-01
-5.137590765953063965e-01
4.270301461219787598e-01
-4.926796257495880127e-01
-2.801263809204101562e+00
1.183973789215087891e+00
1.269605755805969238e+00
6.323758959770202637e-01
1.192541122436523438e+00
4.552748501300811768e-01
-1.032315194606781006e-01
-3.506578207015991211e-01
-6.176190376281738281e-01
2.138508081436157227e+00
