-1.197186633944511414e-01
8.712619543075561523e-01
-9.896116256713867188e-01
-3.596894443035125732e-01
2.495682477951049805e+00
-1.381028294563293457e+00
9.462974667549133301e-01
-1.916698217391967773e-01
-3.933353424072265625e-01
-1.220903992652893066e+00
-7.329493761062622070e-01
1.310864686965942383e-01
-8.723127841949462891e-02
-3.595341444015502930e-01
4.899060428142547607e-01
-1.705564022064208984e+00
-1.036466598510742188e+00
1.510924696922302246e+00
6.562475115060806274e-02
1.751146674156188965e+00
5.768405795097351074e-01
-1.672350764274597168e+00
1.837289780378341675e-01
3.713946640491485596e-01
-1.256854087114334106e-01
-1.137731909751892090e+00
-1.677524209022521973e+00
-3.315851986408233643e-01
-1.322245836257934570e+00
1.861543893814086914e+00
4.385873675346374512e-01
1.141983747482299805e+00
-4.125753641128540039e-01
-5.262671709060668945e-01
1.168965458869934082e+00
-6.441402435302734375e-01
3.578995168209075928e-01
-1.664714813232421875e+00
1.489742398262023926e-01
-5.096502900123596191e-01
7.211537361145019531e-01
8.166102766990661621e-01
1.239021539688110352e+00
-2.131078392267227173e-02
-1.492644429206848145e+00
-1.893492102622985840e+00
2.459820210933685303e-01
8.439398407936096191e-01
2.429492950439453125e+00
3.029820680618286133e+00
-2.041363954544067383e+00
-6.912052035331726074e-01
1.111352801322937012e+00
1.686050295829772949e+00
-8.224058151245117188e-02
1.360902786254882812e+00
1.573270559310913086e+00
8.467218875885009766e-01
7.556039690971374512e-01
2.155909538269042969e+00
-8.327715396881103516e-01
2.814840078353881836e-01
-2.316136360168457031e-01
-3.895134031772613525e-01
-1.491515040397644043e+00
1.569175422191619873e-01
1.457892507314682007e-01
2.248238801956176758e+00
2.455477267503738403e-01
-1.165957525372505188e-01
5.709695219993591309e-01
-1.058325171470642090e+00
-5.863109230995178223e-01
1.614076256752014160e+00
8.353371024131774902e-01
1.898202896118164062e+00
1.354348897933959961e+00
-1.953910589218139648e+00
-2.131469249725341797e+00
-2.334491014480590820e-01
1.659452438354492188e+00
3.134866356849670410e-01
4.482645690441131592e-01
-1.404788851737976074e+00
4.017587900161743164e-01
-4.817923903465270996e-01
-1.157501697540283203e+00
2.259611785411834717e-01
2.868947088718414307e-01
-2.288805484771728516e+00
-6.398467667168006301e-05
-8.816006183624267578e-01
-7.571700811386108398e-01
3.809837996959686279e-01
3.800618350505828857e-01
4.009761214256286621e-01
5.703225731849670410e-01
-2.609687149524688721e-01
-1.572869420051574707e-01
-3.939604163169860840e-01
3.670402467250823975e-01
3.820326179265975952e-02
-6.838178634643554688e-02
-1.182890772819519043e+00
-9.707213044166564941e-01
7.480483055114746094e-01
1.398833036422729492e+00
-8.437626361846923828e-01
4.679536223411560059e-01
-3.162300288677215576e-01
-1.346199512481689453e+00
-7.177647948265075684e-01
5.372587442398071289e-01
6.530351042747497559e-01
-4.796586632728576660e-01
7.487047314643859863e-01
2.779845237731933594e+00
-1.239409089088439941e+00
-1.132070541381835938e+00
-3.823500156402587891e+00
7.007696032524108887e-01
-5.352946519851684570e-01
-7.485032081604003906e-01
-6.795647740364074707e-01
-1.380321383476257324e+00
5.017401576042175293e-01
-2.615032717585563660e-02
-5.247560143470764160e-01
