-2.915185177698731422e-03
1.809658855199813843e-01
-4.384729266166687012e-01
4.696296453475952148e-01
1.199431061744689941e+00
-2.967289686203002930e-01
-1.487798333168029785e+00
5.407245829701423645e-02
-7.971757650375366211e-01
-9.302766919136047363e-01
-2.179934024810791016e+00
9.344269335269927979e-02
-1.377869963645935059e+00
-1.871360063552856445e+00
1.250960946083068848e+00
3.246696293354034424e-01
3.400937616825103760e-01
-1.043277531862258911e-01
7.761355638504028320e-01
1.414200067520141602e+00
2.732650935649871826e-01
1.514413356781005859e+00
-6.158653497695922852e-01
1.945223212242126465e+00
-6.548869609832763672e-01
1.487664341926574707e+00
-4.366217255592346191e-01
-2.823556065559387207e-01
8.920877575874328613e-01
-6.904152035713195801e-01
-8.141095936298370361e-02
-7.155656218528747559e-01
-1.534270882606506348e+00
-1.595840334892272949e+00
1.134587526321411133e+00
-6.690101623535156250e-01
1.182350754737854004e+00
-1.507427573204040527e+00
-1.001114845275878906e+00
-3.108042716979980469e+00
1.566436648368835449e+00
3.398131728172302246e-01
2.218312263488769531e+00
1.916550099849700928e-01
-5.540678501129150391e-01
-2.625891685485839844e+00
6.745043396949768066e-01
2.615849494934082031e+00
5.516669154167175293e-01
3.210619688034057617e+00
7.094424366950988770e-01
-5.940089821815490723e-01
-1.782180070877075195e+00
-7.021438479423522949e-01
1.024092063307762146e-01
4.127032458782196045e-01
3.617739081382751465e-01
6.431402564048767090e-01
-8.034949302673339844e-01
2.438179254531860352e+00
9.160290956497192383e-01
-4.119065105915069580e-01
1.726372957229614258e+00
7.075951695442199707e-01
1.198897600173950195e+00
1.072591543197631836e+00
3.296953141689300537e-01
3.124738037586212158e-01
3.421638607978820801e-01
1.586906194686889648e+00
1.482421398162841797e+00
1.641868233680725098e+00
-9.231402873992919922e-01
2.851826250553131104e-01
-1.295449614524841309e+00
-2.568984031677246094e+00
1.038592696189880371e+00
-4.713730216026306152e-01
8.663101196289062500e-01
-2.694080591201782227e+00
4.459544718265533447e-01
-9.749284386634826660e-01
8.845793604850769043e-01
-1.027781367301940918e+00
1.481572866439819336e+00
-1.479481905698776245e-01
7.007292509078979492e-01
1.322279691696166992e+00
-4.720347821712493896e-01
9.202064573764801025e-02
1.766946315765380859e+00
-1.315170764923095703e+00
1.268564820289611816e+00
-9.262808561325073242e-01
-1.985769569873809814e-01
-2.850406885147094727e+00
1.587394356727600098e+00
9.241140633821487427e-02
-1.482999682426452637e+00
8.516757488250732422e-01
-5.352711677551269531e-01
8.000387549400329590e-01
-2.692466378211975098e-01
-3.175024688243865967e-01
9.721291065216064453e-01
1.451387554407119751e-01
-2.472519159317016602e+00
-4.333169758319854736e-01
-8.438154458999633789e-01
-2.137050867080688477e+00
1.822982907295227051e+00
-2.203187465667724609e+00
-1.215983033180236816e+00
-8.935896754264831543e-01
-1.345257908105850220e-01
1.243654131889343262e+00
-5.264385342597961426e-01
1.481576681137084961e+00
-7.977620363235473633e-01
-9.576718807220458984e-01
-1.180724948644638062e-01
-4.387338757514953613e-01
9.115422517061233521e-02
-3.063710212707519531e+00
6.284795403480529785e-01
3.241662681102752686e-01
-1.718418598175048828e+00
1.798299849033355713e-01
