-8.104620575904846191e-01
5.013648271560668945e-01
4.404263496398925781e-01
-1.335548609495162964e-01
-3.705350160598754883e-01
-4.085184037685394287e-01
2.904067635536193848e-01
1.442799806594848633e+00
7.104272842407226562e-01
3.643663823604583740e-01
2.312685966491699219e+00
-9.175747036933898926e-01
-1.674777030944824219e+00
-9.229498505592346191e-01
1.878838896751403809e+00
-3.199820220470428467e-01
-1.226780772209167480e+00
1.259819507598876953e+00
1.263604164123535156e+00
-9.214192628860473633e-01
1.014812707901000977e+00
-7.642959356307983398e-01
-1.417015910148620605e+00
4.229165241122245789e-02
-1.746760725975036621e+00
-2.229535341262817383e+00
1.248949527740478516e+00
7.407310605049133301e-01
6.769228577613830566e-01
6.730291247367858887e-02
-1.146209001541137695e+00
1.111622452735900879e+00
-2.411841630935668945e+00
1.132795691490173340e+00
1.541444301605224609e+00
-2.158143371343612671e-01
-8.975219130516052246e-01
-2.203663349151611328e+00
9.643800854682922363e-01
-1.194073081016540527e+00
-1.519658684730529785e+00
8.058210611343383789e-01
1.965732932090759277e+00
8.998789787292480469e-01
1.146852612495422363e+00
1.930184364318847656e+00
-1.239657759666442871e+00
2.964318275451660156e+00
-1.558521628379821777e+00
1.478682279586791992e+00
1.899345040321350098e+00
-3.220363855361938477e-01
1.113747477531433105e+00
-1.399296879768371582e+00
3.570002913475036621e-01
-1.077936649322509766e+00
1.801497697830200195e+00
8.638025820255279541e-02
2.057160139083862305e+00
1.113361120223999023e+00
-1.177152633666992188e+00
2.621514797210693359e+00
2.773162722587585449e-01
2.145263850688934326e-01
1.125971317291259766e+00
-5.566260814666748047e-01
6.348665058612823486e-02
3.037822842597961426e-01
-1.112969517707824707e+00
2.124876230955123901e-01
2.645484805107116699e-01
8.984017372131347656e-02
8.528442978858947754e-01
-6.996989846229553223e-01
-2.265675961971282959e-01
-1.728163838386535645e+00
-4.492499530315399170e-01
-5.689173936843872070e-01
-9.534183144569396973e-01
-2.372086048126220703e+00
-4.122389853000640869e-01
-5.014131069183349609e-01
-6.632257103919982910e-01
-8.996610641479492188e-01
1.879518508911132812e+00
-1.387771487236022949e+00
2.250674217939376831e-01
7.848897576332092285e-01
1.003566622734069824e+00
-1.090050101280212402e+00
-7.093570195138454437e-03
-2.316916704177856445e+00
8.172985911369323730e-01
6.287581324577331543e-01
-1.517759859561920166e-01
3.092140555381774902e-01
1.465601205825805664e+00
6.079773902893066406e-01
5.308172106742858887e-01
6.676239967346191406e-01
5.700294375419616699e-01
3.079885005950927734e+00
9.006415493786334991e-03
5.020291209220886230e-01
1.313618779182434082e+00
7.933236956596374512e-01
-2.114550590515136719e+00
1.312409877777099609e+00
1.293984532356262207e+00
3.628513216972351074e-01
-4.959800243377685547e-01
-5.155491232872009277e-01
-1.769508957862854004e+00
-3.717619895935058594e+00
-7.914834469556808472e-02
-2.350849628448486328e+00
-2.811667881906032562e-02
1.158351898193359375e+00
-1.243950724601745605e+00
-3.766252398490905762e-01
-1.958500504493713379e+00
-1.358305454254150391e+00
-4.514206945896148682e-01
-1.348681569099426270e+00
-3.893558084964752197e-01
-4.141066968441009521e-01
-4.433453083038330078e-01
-5.069094300270080566e-01
