-1.238242030143737793e+00
4.321807622909545898e-01
-7.641199231147766113e-01
-2.315863221883773804e-01
-2.120689868927001953e+00
-5.885518193244934082e-01
1.236519455909729004e+00
-1.671994328498840332e+00
1.304184198379516602e-01
-1.701835393905639648e+00
5.701118111610412598e-01
1.065090894699096680e+00
-1.161625862121582031e+00
1.373716950416564941e+00
-1.674289345741271973e+00
1.392363548278808594e+00
-1.983186304569244385e-01
-2.331674396991729736e-01
4.277200400829315186e-01
1.583994030952453613e+00
1.193295478820800781e+00
-1.496571540832519531e+00
-7.071053385734558105e-01
8.361575603485107422e-01
-1.705359220504760742e+00
1.190255522727966309e+00
3.557581305503845215e-01
-1.469022154808044434e+00
9.147114157676696777e-01
4.084227383136749268e-01
-1.025118350982666016e+00
8.040708303451538086e-01
-4.656405746936798096e-01
5.045501887798309326e-02
3.113923370838165283e-01
-1.093561410903930664e+00
1.598212480545043945e+00
4.375323951244354248e-01
-7.623919844627380371e-01
-6.210485100746154785e-01
-1.639873385429382324e-01
1.027077198028564453e+00
6.857961416244506836e-01
-1.519956231117248535e+00
-1.405715346336364746e+00
1.414996266365051270e+00
1.447593450546264648e+00
-6.355524063110351562e-01
-1.157825350761413574e+00
-6.492853164672851562e-02
-2.827969789505004883e-01
-2.772796392440795898e+00
2.134700775146484375e+00
-4.673228561878204346e-01
-2.197994709014892578e+00
5.840114951133728027e-01
2.206538766622543335e-01
-2.985468506813049316e-01
2.033943414688110352e+00
7.341362237930297852e-01
3.271907567977905273e-01
9.932005405426025391e-01
-1.360241055488586426e+00
8.573933243751525879e-01
-5.627831816673278809e-02
-4.823745191097259521e-01
-6.754732728004455566e-01
-2.780461609363555908e-01
1.483927965164184570e+00
2.083150863647460938e+00
9.221127629280090332e-01
9.140272736549377441e-01
3.123143911361694336e+00
9.318931698799133301e-01
-6.703060865402221680e-01
2.347277641296386719e+00
-2.048032283782958984e+00
2.725498378276824951e-01
-5.877900719642639160e-01
-1.889164924621582031e+00
-1.077158451080322266e+00
-1.376445174217224121e+00
1.896072983741760254e+00
9.883060306310653687e-02
-2.345130890607833862e-01
6.965585350990295410e-01
-1.041777849197387695e+00
1.651664614677429199e+00
1.769884228706359863e+00
-9.627750515937805176e-01
-1.348510622978210449e+00
-9.962103366851806641e-01
-9.983479380607604980e-01
2.171367257833480835e-01
-8.659657835960388184e-01
-1.017834067344665527e+00
-7.341414690017700195e-01
-5.362689122557640076e-02
2.644620656967163086e+00
2.432658910751342773e+00
1.104458272457122803e-01
4.322719573974609375e-01
-1.415348529815673828e+00
-1.121278330683708191e-01
2.020746707916259766e+00
-8.053018450736999512e-01
-1.319236874580383301e+00
-1.664270758628845215e+00
1.100904226303100586e+00
-2.005572795867919922e+00
3.127948045730590820e+00
-8.237628638744354248e-02
1.421570301055908203e+00
1.940875053405761719e-01
-1.246433705091476440e-01
-2.563250541687011719e+00
1.371128439903259277e+00
4.307949542999267578e-01
2.439456880092620850e-01
-8.633091449737548828e-01
-4.344752058386802673e-02
8.642487972974777222e-02
-1.533098816871643066e+00
-1.723351836204528809e+00
-3.910842239856719971e-01
-2.300655364990234375e+00
1.967386007308959961e+00
3.106591105461120605e-01
