-5.363019108772277832e-01
-1.280566692352294922e+00
-3.027882277965545654e-01
3.882542951032519341e-03
9.423667192459106445e-01
1.506018280982971191e+00
-1.860861897468566895e+00
1.248033761978149414e+00
-2.318424940109252930e+00
-1.231719613075256348e+00
1.246453404426574707e+00
2.643688201904296875e+00
1.542200326919555664e+00
-2.050003051757812500e+00
5.703932046890258789e-01
5.874596238136291504e-01
4.658203125000000000e-01
9.505933150649070740e-03
8.877621889114379883e-01
-2.180041313171386719e+00
6.770143508911132812e-01
1.073692202568054199e+00
2.539537847042083740e-01
1.103962302207946777e+00
-1.211377501487731934e+00
4.118927568197250366e-02
-7.658551931381225586e-01
7.975492477416992188e-01
1.161531805992126465e+00
4.756364226341247559e-01
-6.955363750457763672e-01
-1.795116901397705078e+00
7.339380681514739990e-02
1.390187859535217285e+00
1.173862814903259277e+00
1.468234896659851074e+00
-5.118429288268089294e-02
-2.820080220699310303e-01
-9.359439462423324585e-02
1.195281505584716797e+00
1.514134705066680908e-01
1.027939200401306152e+00
2.437068462371826172e+00
3.744390010833740234e-01
-6.853610873222351074e-01
-1.265202522277832031e+00
5.376700162887573242e-01
-2.343161582946777344e+00
-1.652503560762852430e-04
3.328703939914703369e-01
-1.114377140998840332e+00
1.091064929962158203e+00
-1.259316086769104004e+00
-3.824499547481536865e-01
5.546727180480957031e-01
1.034450411796569824e+00
-5.725472569465637207e-01
2.547757625579833984e+00
1.480095028877258301e+00
-1.359763383865356445e+00
2.651682496070861816e-01
-5.347194671630859375e-01
-1.467510104179382324e+00
-1.548611640930175781e+00
-3.565158843994140625e-01
-8.235257863998413086e-01
-1.371826887130737305e+00
-5.444094538688659668e-01
3.077713847160339355e-01
-4.257392585277557373e-01
-1.048446893692016602e+00
1.425701379776000977e+00
1.510180354118347168e+00
4.558320939540863037e-01
4.020256996154785156e-01
9.676210582256317139e-02
-1.935996532440185547e+00
2.217154026031494141e+00
-6.080769300460815430e-01
-1.288558244705200195e+00
8.710453510284423828e-01
-5.033743381500244141e-01
-1.591981798410415649e-01
8.230873942375183105e-01
1.714180469512939453e+00
1.541606664657592773e+00
-2.681257724761962891e-01
-2.702996134757995605e-01
-3.322428762912750244e-01
-3.012740015983581543e-01
1.906346201896667480e+00
1.411596179008483887e+00
-7.439907789230346680e-01
6.697435379028320312e-01
-1.306442469358444214e-01
-1.900789022445678711e+00
-2.625151276588439941e-01
9.312682598829269409e-02
-6.853590011596679688e-01
-2.524048328399658203e+00
-8.653974533081054688e-02
2.498468637466430664e+00
-1.908857703208923340e+00
1.879633903503417969e+00
6.540763378143310547e-01
-7.340550422668457031e-01
-6.932148933410644531e-01
4.462357461452484131e-01
8.723968267440795898e-01
-3.290485143661499023e+00
-1.219686388969421387e+00
-1.818776488304138184e+00
-6.000232696533203125e-02
2.893722802400588989e-02
-2.944260239601135254e-01
-1.273519515991210938e+00
-6.752252578735351562e-01
5.845891237258911133e-01
-8.495190739631652832e-01
8.829479217529296875e-01
-3.122234344482421875e-01
-2.263473123311996460e-01
5.673992633819580078e-01
1.401314288377761841e-01
-6.712492704391479492e-01
7.160464674234390259e-02
-5.695888400077819824e-01
-1.212598323822021484e+00
