-1.104757070541381836e+00
1.959575414657592773e-01
-1.495926022529602051e+00
6.820131540298461914e-01
1.719985961914062500e+00
1.576138019561767578e+00
3.075109124183654785e-01
4.309128224849700928e-01
-1.327417850494384766e+00
-1.276213377714157104e-01
2.096617937088012695e+00
9.434328079223632812e-01
1.181299924850463867e+00
-3.217414021492004395e-02
-5.686666369438171387e-01
-2.695852816104888916e-01
-8.168743252754211426e-01
4.623655974864959717e-01
-2.096196264028549194e-02
-3.287736892700195312e+00
2.287182658910751343e-01
1.529493778944015503e-01
9.496694207191467285e-01
-2.859641015529632568e-01
-1.648809790611267090e+00
2.152237176895141602e+00
5.535793900489807129e-01
1.885210633277893066e+00
-3.721315860748291016e-01
-5.672828555107116699e-01
-7.388203144073486328e-01
3.967734873294830322e-01
-1.584613025188446045e-01
1.021464705467224121e+00
-3.527521491050720215e-01
1.552641153335571289e+00
8.697848916053771973e-01
-1.318662643432617188e+00
-8.703046441078186035e-01
9.764319658279418945e-01
3.653562664985656738e-01
1.051827669143676758e+00
1.145860552787780762e+00
1.613690376281738281e+00
8.868582844734191895e-01
2.106261014938354492e+00
-5.693165063858032227e-01
-3.398544490337371826e-01
-1.107326507568359375e+00
-4.788872003555297852e-01
3.708349168300628662e-02
-1.468179106712341309e+00
2.362905502319335938e+00
-7.791905403137207031e-01
-1.307494878768920898e+00
5.444392561912536621e-01
2.277584791183471680e+00
-7.564852237701416016e-01
-4.056231677532196045e-01
2.994720041751861572e-01
1.052528142929077148e+00
2.778679370880126953e+00
-1.531365394592285156e+00
2.582501888275146484e+00
-2.312812209129333496e-01
-1.995908498764038086e+00
1.104033946990966797e+00
-1.930333018302917480e+00
4.115383028984069824e-01
1.604040712118148804e-01
3.714410662651062012e-01
-2.207469224929809570e+00
8.309927582740783691e-01
8.153191208839416504e-01
1.113819241523742676e+00
-3.922468662261962891e+00
8.856234550476074219e-01
1.495589613914489746e+00
3.281013667583465576e-01
-5.259973406791687012e-01
7.494698762893676758e-01
-2.581984102725982666e-01
1.164984345436096191e+00
-1.717143207788467407e-01
-1.136869192123413086e+00
9.364213943481445312e-01
-1.571352362632751465e+00
-1.750411629676818848e+00
8.591222763061523438e-01
-2.029500454664230347e-01
8.546557426452636719e-01
-9.653205275535583496e-01
-1.296108484268188477e+00
-2.473624795675277710e-01
-1.011496424674987793e+00
-1.272533386945724487e-01
1.424571037292480469e+00
-8.952732682228088379e-01
-1.987017035484313965e+00
-9.036952257156372070e-01
7.521703839302062988e-01
1.211371660232543945e+00
1.689956307411193848e+00
-3.665801584720611572e-01
-4.464267790317535400e-01
-1.964096426963806152e+00
-1.745268821716308594e+00
3.728269338607788086e-01
7.512957453727722168e-01
-1.081059694290161133e+00
-1.688922166824340820e+00
5.620480775833129883e-01
-1.336434036493301392e-01
6.069348007440567017e-02
1.170037508010864258e+00
-1.920902490615844727e+00
1.579545140266418457e-01
-1.476317167282104492e+00
-7.136572003364562988e-01
-9.986252784729003906e-01
1.044513359665870667e-01
-8.971247673034667969e-01
-1.507510314695537090e-03
7.642735838890075684e-01
-3.992414772510528564e-01
-3.697373151779174805e+00
5.170118212699890137e-01
-5.641118064522743225e-02
