3.875852227210998535e-01
-1.529171824455261230e+00
1.459597945213317871e+00
-1.000423878431320190e-01
-8.186243772506713867e-01
-6.432353258132934570e-01
-1.173115611076354980e+00
1.111189350485801697e-01
1.363891243934631348e+00
-1.341695189476013184e+00
7.012018561363220215e-01
-4.050588905811309814e-01
1.662968873977661133e+00
7.062882781028747559e-01
-7.102242708206176758e-01
1.164189696311950684e+00
1.685114949941635132e-01
-6.511141657829284668e-01
-1.520108461380004883e+00
1.898719310760498047e+00
1.441743493080139160e+00
-2.089772969484329224e-01
1.395413041114807129e+00
1.404725313186645508e+00
-7.891575992107391357e-02
6.129556894302368164e-01
-1.752329826354980469e+00
-3.627540171146392822e-02
-1.443722367286682129e+00
-9.194813966751098633e-01
1.072019338607788086e+00
-1.442171812057495117e+00
-1.363772749900817871e+00
1.190661907196044922e+00
8.483322858810424805e-01
8.122011423110961914e-01
-1.483125329017639160e+00
9.036228656768798828e-01
-6.169319748878479004e-01
1.510659419000148773e-02
1.452542185783386230e+00
1.070829868316650391e+00
8.802568316459655762e-01
8.856834769248962402e-01
9.361134469509124756e-02
-1.161366820335388184e+00
6.300240159034729004e-01
-1.471541881561279297e+00
1.022953271865844727e+00
2.993071973323822021e-01
-1.891387812793254852e-02
-1.609015613794326782e-01
1.692983388900756836e+00
5.837895274162292480e-01
9.520438909530639648e-01
-1.926429271697998047e-01
3.080349862575531006e-01
6.974389553070068359e-01
1.419621229171752930e+00
1.927683711051940918e+00
1.134146302938461304e-01
-2.107383489608764648e+00
-2.011206388473510742e+00
-1.801005899906158447e-01
7.120049595832824707e-01
5.666507482528686523e-01
6.095787882804870605e-01
3.823507130146026611e-01
-1.815940737724304199e-01
3.317219316959381104e-01
-2.022763729095458984e+00
1.133281707763671875e+00
-2.791649103164672852e-01
5.879666209220886230e-01
-9.573712348937988281e-01
-1.145209789276123047e+00
-3.690349161624908447e-01
5.160029605031013489e-02
-2.137445449829101562e+00
-1.509649872779846191e+00
1.511027336120605469e+00
-1.225765228271484375e+00
5.873641967773437500e-01
-1.018049240112304688e+00
4.689927577972412109e+00
5.534210205078125000e-01
1.634217977523803711e+00
-4.027065932750701904e-01
-2.817368805408477783e-01
-1.024812221527099609e+00
1.817153930664062500e+00
-6.473253965377807617e-01
5.339857935905456543e-01
-5.503840446472167969e-01
-3.896149098873138428e-01
-2.822411060333251953e+00
9.426979422569274902e-01
2.760778963565826416e-01
-1.206283450126647949e+00
1.568449497222900391e+00
-2.420347213745117188e+00
3.984343290328979492e+00
-1.040327072143554688e+00
-4.907034933567047119e-01
1.195423126220703125e+00
1.887179851531982422e+00
-8.464167714118957520e-01
-1.294874548912048340e+00
9.688476920127868652e-01
-2.596812725067138672e+00
-1.118094086647033691e+00
-5.050753951072692871e-01
4.828430116176605225e-01
-2.472251892089843750e+00
-4.562707543373107910e-01
-2.668169438838958740e-01
-1.465366840362548828e+00
-2.005305290222167969e+00
-1.363459110260009766e+00
5.235767960548400879e-01
-2.025360584259033203e+00
2.192460149526596069e-01
-9.636786580085754395e-01
-4.502625167369842529e-01
-1.270752772688865662e-02
-3.311688452959060669e-02
2.199234366416931152e-01
2.148934125900268555e+00
