-8.015664815902709961e-01
-3.736279726028442383e+00
8.017417788505554199e-01
7.942607402801513672e-01
2.026688814163208008e+00
4.044916108250617981e-02
7.950057387351989746e-01
-1.255252361297607422e+00
-7.878811955451965332e-01
-1.514972448348999023e+00
-9.454866051673889160e-01
-4.651309549808502197e-01
7.001734972000122070e-01
-1.283538460731506348e+00
1.251079738140106201e-01
-2.518546581268310547e-01
7.900319695472717285e-01
-4.296790361404418945e-01
-9.431494474411010742e-01
1.560470223426818848e+00
6.297743916511535645e-01
-5.812562257051467896e-02
-7.676168680191040039e-01
2.183072566986083984e+00
1.468852013349533081e-01
-5.341240763664245605e-01
6.237205862998962402e-01
-1.427793502807617188e+00
6.580338478088378906e-01
-1.309699773788452148e+00
-6.581327319145202637e-01
2.241888046264648438e+00
-7.488495111465454102e-01
-2.668195664882659912e-01
1.776764512062072754e+00
9.285382926464080811e-02
5.292332172393798828e-01
2.852717339992523193e-01
-2.948418259620666504e-01
6.473096013069152832e-01
8.363115787506103516e-01
5.774278640747070312e-01
1.187013268470764160e+00
1.712777853012084961e+00
2.543731689453125000e+00
-1.519186887890100479e-02
2.534242272377014160e-01
1.568600773811340332e+00
-4.190750420093536377e-02
-1.558911442756652832e+00
5.549039840698242188e-01
-6.222231388092041016e-01
-6.668706536293029785e-01
-1.814103007316589355e+00
6.014792323112487793e-01
6.566423922777175903e-02
6.622492522001266479e-02
1.028425693511962891e+00
2.390048027038574219e+00
-8.558031320571899414e-01
-1.102022409439086914e+00
-1.799846768379211426e+00
-1.694779098033905029e-01
2.619198858737945557e-01
-1.223295688629150391e+00
2.433380037546157837e-01
1.317415118217468262e+00
1.109386086463928223e+00
-4.802852571010589600e-01
6.143079996109008789e-01
1.090665221214294434e+00
-5.301209092140197754e-01
-8.201093077659606934e-01
1.231440424919128418e+00
1.618922799825668335e-01
-2.444339752197265625e+00
-4.346167743206024170e-01
7.380909323692321777e-01
-4.902687072753906250e-01
-1.700506359338760376e-01
-1.398827791213989258e+00
2.503336966037750244e-01
1.295175313949584961e+00
1.825912594795227051e+00
2.846935987472534180e+00
9.941382408142089844e-01
9.345396757125854492e-01
-3.699754476547241211e-01
-8.580693006515502930e-01
5.344029664993286133e-01
2.089027166366577148e+00
-8.778154850006103516e-01
-2.122706651687622070e+00
-3.009657859802246094e-01
-1.170285344123840332e+00
-1.813318580389022827e-01
-1.225855946540832520e+00
-1.247365236282348633e+00
-1.553046703338623047e+00
3.180232763290405273e+00
-1.486651778221130371e+00
-2.326346635818481445e-01
-3.804492354393005371e-01
7.349441051483154297e-01
-1.916187763214111328e+00
5.276354551315307617e-01
-8.514026403427124023e-01
-2.273007869720458984e+00
1.794374465942382812e+00
-1.986708045005798340e+00
6.120145320892333984e-01
5.443848371505737305e-01
-1.576524972915649414e+00
1.152869343757629395e+00
-5.710895061492919922e-01
-9.734411835670471191e-01
-1.736562699079513550e-02
-2.273578405380249023e+00
2.788021266460418701e-01
4.009002447128295898e-01
-1.059566661715507507e-01
-3.178665041923522949e-01
4.606974124908447266e-01
-6.924506425857543945e-01
-6.249631643295288086e-01
-6.419567465782165527e-01
9.589951038360595703e-01
-8.685657382011413574e-01
