3.691452741622924805e-02
6.969682574272155762e-01
-6.813707351684570312e-01
2.058241963386535645e-01
-4.805121570825576782e-02
8.957351446151733398e-01
5.613558292388916016e-01
-3.290426135063171387e-01
-1.854171901941299438e-01
-3.288724660873413086e+00
2.247048765420913696e-01
1.420359373092651367e+00
-7.365233898162841797e-01
-9.242811799049377441e-01
1.142169117927551270e+00
3.279755115509033203e-01
-1.530780911445617676e+00
1.605902791023254395e+00
-1.404920578002929688e+00
9.128430485725402832e-01
8.838522434234619141e-01
7.806541919708251953e-01
8.723895549774169922e-01
2.777680158615112305e+00
-1.595928966999053955e-01
-4.199506938457489014e-01
1.320450007915496826e-01
-1.138527631759643555e+00
-1.605152368545532227e+00
-1.748757958412170410e-01
-3.530186414718627930e-01
-1.240280985832214355e+00
1.155438780784606934e+00
-5.147825479507446289e-01
-7.156986743211746216e-02
-7.593823671340942383e-01
8.147883415222167969e-02
-8.248482346534729004e-01
-2.452515602111816406e+00
1.218157172203063965e+00
-1.316965699195861816e+00
4.594566822052001953e-01
1.343898296356201172e+00
5.219632387161254883e-01
1.499020934104919434e+00
4.729772359132766724e-02
4.008200764656066895e-01
1.525743722915649414e+00
9.523423910140991211e-01
-1.216949701309204102e+00
-9.823340773582458496e-01
-1.061224460601806641e+00
5.972811579704284668e-01
-1.252202153205871582e+00
-5.651067495346069336e-01
-7.772873044013977051e-01
-8.617868423461914062e-01
1.971845388412475586e+00
4.341799020767211914e-01
4.014678001403808594e-01
-1.215301632881164551e+00
3.377276659011840820e-01
8.176906704902648926e-01
4.725736975669860840e-01
-1.388177871704101562e+00
-2.315756082534790039e+00
8.085187077522277832e-01
1.176565527915954590e+00
1.584848999977111816e+00
1.775625348091125488e+00
5.083041191101074219e-01
-4.973964691162109375e-01
8.779729008674621582e-01
6.967479586601257324e-01
1.248875260353088379e+00
1.222627758979797363e+00
-1.543922662734985352e+00
-3.577656447887420654e-01
-1.411899209022521973e+00
-1.011607408523559570e+00
-1.245396852493286133e+00
-3.309232890605926514e-01
-9.898871779441833496e-01
1.208188105374574661e-02
2.291219979524612427e-01
-3.346080780029296875e+00
1.466272115707397461e+00
-4.093604907393455505e-02
1.353819489479064941e+00
-2.459356307983398438e+00
1.489203333854675293e+00
-2.548810720443725586e+00
-9.266075678169727325e-03
-5.880603790283203125e-01
6.469017267227172852e-01
-7.734642922878265381e-02
-1.166860461235046387e+00
-5.813992023468017578e-01
8.637340664863586426e-01
-4.113231599330902100e-01
-1.005812287330627441e+00
2.088862180709838867e+00
9.340743422508239746e-01
1.090220093727111816e+00
8.768382668495178223e-01
-2.783578932285308838e-01
8.118656277656555176e-01
-2.044060975313186646e-01
2.730806112289428711e+00
7.798501849174499512e-01
6.539196521043777466e-02
-4.472584128379821777e-01
1.158879041671752930e+00
-9.526847004890441895e-01
6.743272393941879272e-02
-2.658875286579132080e-01
1.179141402244567871e+00
1.124279856681823730e+00
-1.392274856567382812e+00
-2.544295191764831543e-01
-5.797471404075622559e-01
-1.128168582916259766e+00
3.071272373199462891e+00
3.401733338832855225e-01
-1.120012283325195312e+00
-1.128977537155151367e+00
-2.850788831710815430e-01
-8.697440028190612793e-01
