-5.788116455078125000e-01
2.491879910230636597e-01
-1.337337136268615723e+00
-1.364340662956237793e+00
-1.059106588363647461e+00
-4.908455610275268555e-01
8.750216364860534668e-01
1.147370457649230957e+00
-7.537249922752380371e-01
-3.608589768409729004e-01
1.444863438606262207e+00
1.105705857276916504e+00
4.302004277706146240e-01
1.479804158210754395e+00
1.205744385719299316e+00
-1.191886663436889648e+00
1.359258174896240234e+00
-2.064404487609863281e-01
3.368694186210632324e-01
4.430016279220581055e-01
1.190010532736778259e-01
-2.031906366348266602e+00
-1.837943345308303833e-01
2.961018562316894531e+00
-1.556531310081481934e+00
-1.415856778621673584e-01
1.094838976860046387e+00
-5.100321173667907715e-01
-3.302873298525810242e-02
4.926635921001434326e-01
4.573944509029388428e-01
-5.449055433273315430e-01
-3.018489805981516838e-03
-1.062852978706359863e+00
-2.043720483779907227e+00
-1.389732599258422852e+00
8.447533249855041504e-01
-1.172537446022033691e+00
-1.587943911552429199e+00
2.529827654361724854e-01
-2.059125006198883057e-01
2.518417358398437500e+00
1.996123671531677246e+00
-3.159126937389373779e-01
7.041746377944946289e-02
2.302188158035278320e+00
-3.214399889111518860e-02
1.315448880195617676e+00
1.871986269950866699e+00
-1.405779004096984863e+00
2.604552805423736572e-01
-1.953507304191589355e+00
-4.997559189796447754e-01
-3.448097407817840576e-01
-1.834683179855346680e+00
-4.662004411220550537e-01
8.711636662483215332e-01
1.214325308799743652e+00
-4.402218759059906006e-01
-1.240724444389343262e+00
-1.245668649673461914e+00
1.576181054115295410e+00
-1.606501102447509766e+00
5.317503586411476135e-03
4.126048088073730469e-01
-3.081670701503753662e-01
4.350024741142988205e-03
-9.241619706153869629e-01
5.068715810775756836e-01
1.364560365676879883e+00
-8.425851166248321533e-02
-1.323031902313232422e+00
1.142965164035558701e-02
-5.438867211341857910e-01
-8.141809105873107910e-01
-2.234309911727905273e+00
-5.553348660469055176e-01
4.949668347835540771e-01
-1.784359663724899292e-01
-1.607457995414733887e+00
2.345562934875488281e+00
5.531391501426696777e-01
1.419368743896484375e+00
-5.368769168853759766e-01
1.781189292669296265e-01
-1.294664859771728516e+00
1.500002503395080566e+00
2.277077287435531616e-01
-1.401956081390380859e+00
8.580168485641479492e-01
2.311531305313110352e-01
-3.244464397430419922e-01
-2.503487840294837952e-02
-1.929202437400817871e+00
-1.311899065971374512e+00
-1.671022027730941772e-01
4.672507762908935547e+00
5.655993819236755371e-01
1.767112016677856445e+00
1.348615139722824097e-01
-1.830677509307861328e+00
9.254322052001953125e-01
-8.512206375598907471e-02
1.848847746849060059e+00
1.994003176689147949e+00
-1.720114231109619141e+00
-2.513597726821899414e+00
-2.684600949287414551e-01
2.202277660369873047e+00
-1.363665819168090820e+00
-8.174911141395568848e-01
7.316607236862182617e-01
-9.779867529869079590e-01
-1.627354860305786133e+00
1.012902781367301941e-01
2.495350837707519531e-01
1.163790464401245117e+00
7.069506645202636719e-01
-6.336150765419006348e-01
4.212965667247772217e-01
-1.588154673576354980e+00
-1.857386380434036255e-01
-6.965913772583007812e-01
1.049784898757934570e+00
1.218260973691940308e-01
5.943648219108581543e-01
-6.940504312515258789e-01
-8.244929313659667969e-01
