7.936768233776092529e-02
1.626295447349548340e-01
2.897771596908569336e-01
-3.422024250030517578e+00
-4.533408880233764648e-01
1.228673696517944336e+00
1.442385911941528320e-01
1.472700238227844238e+00
1.183787286281585693e-01
-6.672185659408569336e-01
8.769906759262084961e-01
-1.139759302139282227e+00
7.774732708930969238e-01
5.888523459434509277e-01
-4.885721206665039062e-01
2.911268711090087891e+00
4.406170174479484558e-02
-3.466126024723052979e-01
-2.129015922546386719e-01
1.195838451385498047e+00
7.200713455677032471e-02
-3.096114993095397949e-01
5.966840982437133789e-01
7.295116782188415527e-01
-4.512537419795989990e-01
-5.376985073089599609e-01
-1.193574592471122742e-01
-1.028933167457580566e+00
-5.755925178527832031e-01
1.929195880889892578e+00
-1.644425988197326660e+00
-4.213918685913085938e+00
-3.263596594333648682e-01
-1.294265151023864746e+00
-3.698130846023559570e-01
-1.078801631927490234e+00
-1.465229392051696777e+00
-6.406309548765420914e-03
-6.699993014335632324e-01
-1.822527199983596802e-01
4.701994955539703369e-01
6.570894122123718262e-01
1.758316993713378906e+00
8.459453582763671875e-01
4.588955938816070557e-01
-6.619762629270553589e-02
3.589025735855102539e-01
2.230816125869750977e+00
3.373355627059936523e+00
-4.148726463317871094e-01
2.141878157854080200e-01
-1.340667963027954102e+00
-7.997271418571472168e-02
-7.217853665351867676e-01
9.376620650291442871e-01
-3.285304307937622070e-01
6.044350862503051758e-01
1.095700144767761230e+00
1.518493533134460449e+00
4.967236518859863281e-01
3.540971577167510986e-01
2.305182218551635742e-01
7.397863268852233887e-01
1.587654948234558105e+00
2.031086236238479614e-01
-1.776603817939758301e+00
4.851001799106597900e-01
-7.511541247367858887e-01
-6.357814073562622070e-01
1.028266429901123047e+00
8.392524123191833496e-01
-1.190750360488891602e+00
1.306867957115173340e+00
-6.309630274772644043e-01
-1.842448115348815918e+00
-1.254233956336975098e+00
-8.990659117698669434e-01
-9.142119884490966797e-01
5.846516489982604980e-01
-3.323607444763183594e+00
-9.135884046554565430e-01
-6.092736124992370605e-01
-1.646356105804443359e+00
-7.599825859069824219e-01
5.120753049850463867e-01
4.727851971983909607e-02
-1.514847755432128906e+00
6.280372738838195801e-01
-1.094483971595764160e+00
1.942700505256652832e+00
1.416451692581176758e+00
-2.264695167541503906e+00
-9.612329006195068359e-01
-3.159310817718505859e-01
2.366524934768676758e+00
-1.992425918579101562e-01
2.137559175491333008e+00
6.176921129226684570e-01
-1.737685084342956543e+00
-1.553933918476104736e-01
2.089948415756225586e+00
8.790974617004394531e-01
1.025051712989807129e+00
7.308219373226165771e-02
7.675157189369201660e-01
3.282046020030975342e-01
-5.165677517652511597e-02
1.970497369766235352e-01
1.065130233764648438e+00
-1.026100158691406250e+00
5.537936687469482422e-01
7.000944018363952637e-01
-1.621225833892822266e+00
-8.822374343872070312e-01
1.969934225082397461e+00
-3.543215394020080566e-01
-4.319096729159355164e-02
2.580153644084930420e-01
-1.196181401610374451e-01
-7.105075120925903320e-01
1.665018081665039062e+00
-1.168184041976928711e+00
5.204989910125732422e-01
-7.759130597114562988e-01
-2.211038172245025635e-01
-1.216219782829284668e+00
4.359375238418579102e-01
-1.017117023468017578e+00
