6.772280931472778320e-01
-2.138880968093872070e+00
6.691004037857055664e-01
2.326924353837966919e-01
1.082912921905517578e+00
-2.660464048385620117e-01
6.310716867446899414e-01
-2.496531963348388672e+00
9.862453341484069824e-01
4.329541325569152832e-01
4.109579920768737793e-01
-2.280116379261016846e-01
-7.920631766319274902e-01
-6.153930425643920898e-01
1.759890079498291016e+00
4.057586491107940674e-01
1.340717792510986328e+00
2.722976446151733398e+00
1.093007102608680725e-01
1.065457463264465332e+00
-3.830709755420684814e-01
4.062412679195404053e-02
4.647285044193267822e-01
1.594079732894897461e+00
-5.972655415534973145e-01
-1.852588176727294922e+00
7.901232838630676270e-01
-1.757259964942932129e+00
-5.059339404106140137e-01
1.040958523750305176e+00
1.426217555999755859e-01
4.903152883052825928e-01
3.003242313861846924e-01
-5.468778610229492188e-01
-9.119350910186767578e-01
-4.967154562473297119e-01
-6.301127672195434570e-01
-1.118914127349853516e+00
-1.617672204971313477e+00
-1.367489814758300781e+00
-1.348021268844604492e+00
-1.147546052932739258e+00
1.884208202362060547e+00
6.254334449768066406e-01
1.807126879692077637e+00
8.140031099319458008e-01
3.039069473743438721e-01
4.298510253429412842e-01
-8.523678183555603027e-01
7.691945433616638184e-01
-1.301690459251403809e+00
-1.037861108779907227e+00
2.066316604614257812e+00
2.862087786197662354e-01
-1.327754974365234375e+00
-1.748849749565124512e-01
2.908845245838165283e-01
1.696109533309936523e+00
2.282016277313232422e+00
2.242503881454467773e+00
-4.892824292182922363e-01
-1.608212113380432129e+00
-2.291896343231201172e-01
-1.680291146039962769e-01
5.601105093955993652e-01
-1.962699294090270996e-01
-6.032543778419494629e-01
-2.039989680051803589e-01
1.296189785003662109e+00
-5.720093250274658203e-01
1.471261739730834961e+00
-9.768325686454772949e-01
2.763136625289916992e+00
7.915963530540466309e-01
1.059343338012695312e+00
-6.783924698829650879e-01
-1.781526356935501099e-01
-1.618283271789550781e+00
-1.266641020774841309e-01
-1.085871681571006775e-01
-1.318275213241577148e+00
-9.132890105247497559e-01
-9.970808029174804688e-01
-2.894696593284606934e-02
1.377683043479919434e+00
-1.932739168405532837e-01
8.277989178895950317e-02
-2.010684162378311157e-01
3.007637262344360352e-01
1.236156344413757324e+00
-1.825747825205326080e-02
-1.380908936262130737e-01
4.180245101451873779e-01
5.702305436134338379e-01
4.504962265491485596e-01
4.042022228240966797e-01
-6.450350880622863770e-01
3.569941520690917969e-01
-6.314681172370910645e-01
1.789918065071105957e+00
-2.799744606018066406e-01
-2.845575809478759766e-01
1.952766418457031250e+00
5.474391579627990723e-01
7.225726842880249023e-01
-4.623836874961853027e-01
3.814449906349182129e-02
-2.094199806451797485e-01
6.428345441818237305e-01
-9.787412881851196289e-01
-1.086635142564773560e-01
2.014642715454101562e+00
-2.447078704833984375e+00
-4.653016477823257446e-02
-1.284291386604309082e+00
-2.592048406600952148e+00
6.653677225112915039e-01
-1.577481985092163086e+00
-1.279175639152526855e+00
-1.781254649162292480e+00
-2.600199580192565918e-01
-1.301862239837646484e+00
4.043351411819458008e-01
-1.664838314056396484e+00
-9.995864629745483398e-01
-3.091260671615600586e+00
3.346816897392272949e-01
1.699360847473144531e+00
