1.014804720878601074e+00
-7.512471675872802734e-01
9.985738396644592285e-01
-1.007192492485046387e+00
-6.538999080657958984e-01
-1.858943223953247070e+00
-1.285385370254516602e+00
-1.182672023773193359e+00
-7.776637375354766846e-02
-2.262200832366943359e+00
2.249192148447036743e-01
6.712899208068847656e-01
5.348285436630249023e-01
-1.822193026542663574e+00
6.318326592445373535e-01
4.125255346298217773e-01
-7.664655447006225586e-01
1.204296588897705078e+00
1.372270703315734863e+00
1.603591561317443848e+00
-1.533813476562500000e+00
5.102880001068115234e-01
-5.525559186935424805e-01
1.287213563919067383e+00
-9.183139204978942871e-01
-5.705882906913757324e-01
-1.476524829864501953e+00
4.940141737461090088e-01
-1.070936918258666992e+00
1.121838331222534180e+00
-1.519837141036987305e+00
-5.487096905708312988e-01
-2.144858837127685547e+00
1.425879001617431641e-01
4.675151705741882324e-01
1.777495622634887695e+00
-1.726642370223999023e+00
2.995680272579193115e-01
-6.702328324317932129e-01
2.714106738567352295e-01
1.457962512969970703e+00
7.015898227691650391e-01
1.819618582725524902e+00
1.502612829208374023e+00
-4.703558087348937988e-01
-1.425254225730895996e+00
-9.874660968780517578e-01
1.224067568778991699e+00
4.840317666530609131e-01
-9.261552691459655762e-01
2.662223875522613525e-01
-6.422639489173889160e-01
9.870211482048034668e-01
1.329028248786926270e+00
8.537292480468750000e-01
8.362682461738586426e-01
4.383213520050048828e-01
6.427100896835327148e-01
-1.516969203948974609e+00
2.223196744918823242e+00
1.265563607215881348e+00
-6.002509966492652893e-02
3.577725589275360107e-01
1.415378570556640625e+00
4.601264372467994690e-02
-1.419478416442871094e+00
-7.052537053823471069e-02
1.934764623641967773e+00
-6.653789281845092773e-01
-7.603971362113952637e-01
2.890025675296783447e-01
1.910739302635192871e+00
1.863064289093017578e+00
7.409703135490417480e-01
-3.022512495517730713e-01
-7.337181568145751953e-01
1.995198726654052734e+00
-3.205125331878662109e-01
5.356917977333068848e-01
-3.053873777389526367e+00
2.116757780313491821e-01
5.716137886047363281e-01
1.040605425834655762e+00
8.086342215538024902e-01
2.527726411819458008e+00
7.921031713485717773e-01
-2.278790950775146484e+00
2.794203042984008789e+00
-1.685561686754226685e-01
1.370820045471191406e+00
-2.095663100481033325e-01
-2.496310949325561523e+00
1.170144677162170410e+00
8.159714937210083008e-01
-2.755573689937591553e-01
7.403635978698730469e-01
1.105050802230834961e+00
-1.531452417373657227e+00
-4.026347696781158447e-01
-1.037260651588439941e+00
5.273000001907348633e-01
3.223588168621063232e-01
-2.567296266555786133e+00
-2.272850275039672852e-01
-3.785824477672576904e-01
-4.541287124156951904e-01
-3.078378140926361084e-01
1.045260876417160034e-01
1.933182626962661743e-01
7.136314511299133301e-01
-3.047541379928588867e+00
6.590238809585571289e-01
-2.009140014648437500e+00
-6.251654028892517090e-01
1.004290103912353516e+00
5.009422078728675842e-02
-6.471534967422485352e-01
-1.403236508369445801e+00
5.759392380714416504e-01
-2.615727782249450684e-01
-6.671960949897766113e-01
1.370675563812255859e+00
-3.148729205131530762e-01
-1.132590770721435547e+00
-4.232456386089324951e-01
5.239532589912414551e-01
-1.128654599189758301e+00
-2.256561517715454102e+00
