1.677856922149658203e+00
-9.409028291702270508e-02
3.872822821140289307e-01
6.288103461265563965e-01
1.097702860832214355e+00
1.321671485900878906e+00
8.203385472297668457e-01
-3.686322867870330811e-01
-1.742221355438232422e+00
-8.692808747291564941e-01
1.267461895942687988e+00
7.349456548690795898e-01
-6.114794611930847168e-01
1.908698976039886475e-01
-1.767604202032089233e-01
-1.509068369865417480e+00
-9.448477625846862793e-01
1.109410166740417480e+00
-1.103042602539062500e+00
-1.660733938217163086e+00
3.072457760572433472e-02
1.093912243843078613e+00
3.667419850826263428e-01
-1.094895482063293457e+00
-1.665362358093261719e+00
-1.451956033706665039e+00
-1.735391139984130859e+00
2.942139804363250732e-01
8.694527149200439453e-01
2.314102649688720703e+00
-1.025718003511428833e-01
1.691330909729003906e+00
1.004902720451354980e+00
5.805531144142150879e-01
-2.263888865709304810e-01
1.591638445854187012e+00
-9.966680407524108887e-02
3.348817825317382812e-01
-3.879613280296325684e-01
1.195813536643981934e+00
-1.978988885879516602e+00
3.107081651687622070e-01
1.671583294868469238e+00
5.962291955947875977e-01
1.865888014435768127e-02
-1.857487797737121582e+00
-1.692320227622985840e+00
-2.647596895694732666e-01
1.450749874114990234e+00
-1.002410292625427246e+00
-7.737346291542053223e-01
-2.156345844268798828e-01
-1.869519472122192383e+00
-9.839341640472412109e-01
9.829944372177124023e-01
3.060430586338043213e-01
7.625536918640136719e-01
2.828179895877838135e-01
1.346341490745544434e+00
1.728006720542907715e+00
-4.082674160599708557e-02
-7.512931227684020996e-01
-3.440359830856323242e-01
7.149547934532165527e-01
-8.662437796592712402e-01
-3.261317729949951172e+00
1.408559799194335938e+00
1.304736733436584473e+00
1.513854861259460449e+00
-1.854909658432006836e+00
6.128180623054504395e-01
-5.403668284416198730e-01
-2.463023550808429718e-02
1.360325932502746582e+00
6.072441935539245605e-01
-4.657680168747901917e-02
-8.216626197099685669e-02
-4.032732546329498291e-01
5.200460553169250488e-01
-1.271247744560241699e+00
2.486287832260131836e+00
-2.215736865997314453e+00
7.682124972343444824e-01
1.056055903434753418e+00
2.003533393144607544e-01
2.204568386077880859e+00
2.810406982898712158e-01
-1.012821674346923828e+00
1.045672893524169922e+00
-9.979018568992614746e-01
1.595944523811340332e+00
-2.389287054538726807e-01
2.277548313140869141e-01
-8.450744152069091797e-01
1.278605870902538300e-02
-1.741679668426513672e+00
4.239172041416168213e-01
-2.190631628036499023e+00
-2.088540554046630859e+00
-7.832969427108764648e-01
-1.883891224861145020e+00
4.166458547115325928e-01
-4.715919196605682373e-01
3.864417970180511475e-01
-9.560082554817199707e-01
1.193662524223327637e+00
-5.851225852966308594e-01
-1.567149758338928223e-01
3.350118100643157959e-01
2.043718099594116211e-01
-7.490811944007873535e-01
2.704860448837280273e+00
-2.220314502716064453e+00
-4.620479643344879150e-01
-1.292948246002197266e+00
7.262333035469055176e-01
8.516043424606323242e-01
9.882434010505676270e-01
1.143739938735961914e+00
-1.711747765541076660e+00
-5.078629851341247559e-01
-1.103020548820495605e+00
4.899553656578063965e-01
-1.740445852279663086e+00
-6.197165250778198242e-01
-1.983619779348373413e-01
6.139860153198242188e-01
1.833829432725906372e-01
