5.992278456687927246e-01
-5.441314578056335449e-01
7.089371681213378906e-01
3.620613813400268555e-01
2.147899717092514038e-01
-1.803867816925048828e-01
-5.928828716278076172e-01
-4.051913022994995117e-01
-2.282816320657730103e-01
-1.753516793251037598e+00
-1.069006800651550293e+00
3.081397712230682373e-01
9.478294849395751953e-01
-1.325562357902526855e+00
-2.224843263626098633e+00
8.587973117828369141e-01
2.153834514319896698e-02
8.002142608165740967e-02
-1.574195146560668945e+00
-9.523684382438659668e-01
4.899348914623260498e-01
-1.130539059638977051e+00
6.848435401916503906e-01
1.166866779327392578e+00
-5.565445423126220703e-01
1.658268094062805176e+00
8.946722149848937988e-01
-2.116075754165649414e+00
-9.894343465566635132e-02
-2.436325997114181519e-01
-1.042993664741516113e+00
2.884380519390106201e-01
-8.548551201820373535e-01
-5.847629308700561523e-01
-9.378449320793151855e-01
2.276779174804687500e+00
3.407412171363830566e-01
2.902979254722595215e-01
-6.206626892089843750e-01
-2.098016291856765747e-01
-2.372622966766357422e+00
1.300302147865295410e-01
1.810612678527832031e+00
3.487000763416290283e-01
-4.356624782085418701e-01
8.729995489120483398e-01
8.527849316596984863e-01
1.317008018493652344e+00
3.083351552486419678e-01
-7.530193924903869629e-01
-4.119971096515655518e-01
-1.075557231903076172e+00
5.013719201087951660e-01
-1.416160106658935547e+00
-1.837837219238281250e+00
-1.380977749824523926e+00
-3.046268820762634277e-01
2.141173839569091797e+00
8.315731287002563477e-01
2.385854005813598633e+00
-3.013743273913860321e-02
-8.373948335647583008e-01
1.534183979034423828e+00
1.793475747108459473e+00
-7.346043586730957031e-01
-3.343770503997802734e-01
-1.010660529136657715e+00
-1.929218769073486328e-01
1.110592722892761230e+00
7.573873400688171387e-01
1.088723778724670410e+00
-1.572839766740798950e-01
1.690321683883666992e+00
4.845941066741943359e-01
4.574581980705261230e-01
-8.488603234291076660e-01
-1.161493301391601562e+00
-3.709726929664611816e-01
-7.580668926239013672e-01
-1.144273161888122559e+00
1.363143473863601685e-01
-1.493453502655029297e+00
-5.644654631614685059e-01
1.048568725585937500e+00
-1.291087746620178223e+00
-1.762835979461669922e+00
-2.917214930057525635e-01
9.488328099250793457e-01
7.044904828071594238e-01
2.415775537490844727e+00
1.637689471244812012e+00
-1.567055583000183105e+00
2.400608509778976440e-01
3.285525143146514893e-01
8.964400887489318848e-01
1.219695925712585449e+00
1.059181809425354004e+00
1.052518486976623535e+00
-4.628250896930694580e-01
1.378156304359436035e+00
-4.203559160232543945e-01
-2.211735695600509644e-01
5.081896185874938965e-01
-5.290712118148803711e-01
1.389203429222106934e+00
6.838872432708740234e-01
-1.649404168128967285e+00
1.279654979705810547e+00
3.281875371932983398e+00
-2.118700504302978516e+00
9.263560771942138672e-01
1.371049642562866211e+00
-1.823264002799987793e+00
3.718414604663848877e-01
1.230328902602195740e-01
-7.845041155815124512e-01
6.855004429817199707e-01
4.815877079963684082e-01
3.290558159351348877e-01
-2.098828077316284180e+00
-6.996554732322692871e-01
-1.834528803825378418e+00
8.207862973213195801e-01
-1.788606405258178711e+00
-1.265317320823669434e+00
-2.578786611557006836e+00
3.787094950675964355e-01
1.328872084617614746e+00
