1.249208211898803711e+00
9.979414343833923340e-01
7.985145449638366699e-01
-9.854569286108016968e-02
3.260155022144317627e-01
5.935654640197753906e-01
-9.963033199310302734e-01
8.888447284698486328e-01
-5.083950161933898926e-01
5.823521018028259277e-01
1.088101029396057129e+00
1.885552644729614258e+00
-2.705316543579101562e-01
-1.153769850730895996e+00
5.490192770957946777e-01
-9.852790236473083496e-01
-7.782440185546875000e-01
1.178105950355529785e+00
-9.016606807708740234e-01
-2.061829328536987305e+00
4.162416458129882812e-01
-1.990544795989990234e+00
9.883577823638916016e-01
-6.953001022338867188e-01
-5.047500133514404297e-01
-5.559873953461647034e-02
6.535161137580871582e-01
-1.193773508071899414e+00
-6.111642718315124512e-01
4.759464859962463379e-01
3.352264463901519775e-01
3.680269718170166016e+00
-1.808567285537719727e+00
3.413407504558563232e-01
-4.758446216583251953e-01
-2.329043000936508179e-01
-1.162764310836791992e+00
-1.498651862144470215e+00
-7.513472437858581543e-01
-1.555444717407226562e+00
-2.072398215532302856e-01
7.291309237480163574e-01
1.427866220474243164e+00
9.855700135231018066e-01
-1.696266531944274902e+00
1.587045788764953613e-01
8.607258796691894531e-01
1.597113370895385742e+00
-1.444418787956237793e+00
-5.961967706680297852e-01
3.297003805637359619e-01
-1.909181475639343262e+00
1.459814608097076416e-01
-4.894489943981170654e-01
5.737559497356414795e-02
3.186203241348266602e-01
1.754952192306518555e+00
7.213359475135803223e-01
1.856025934219360352e+00
3.923645988106727600e-02
-8.182112872600555420e-02
2.973194360733032227e+00
2.182452678680419922e+00
1.231812477111816406e+00
-1.022768735885620117e+00
-2.589402161538600922e-02
-2.030919551849365234e+00
8.410294651985168457e-01
-7.335811853408813477e-01
-1.784538149833679199e+00
2.860966920852661133e+00
7.283390760421752930e-01
1.869501322507858276e-01
1.441785842180252075e-01
1.503123164176940918e+00
-1.339934587478637695e+00
7.775198817253112793e-01
-6.761445999145507812e-01
-4.538715779781341553e-01
-2.151633977890014648e+00
-2.073017656803131104e-01
-9.811706542968750000e-01
-1.855244874954223633e+00
3.040332719683647156e-02
3.096796035766601562e+00
-1.648106127977371216e-01
-1.392149806022644043e+00
1.288075208663940430e+00
-1.218088388442993164e+00
-3.027713894844055176e-01
3.773639917373657227e+00
-2.179944753646850586e+00
6.003109216690063477e-01
1.084498167037963867e+00
-7.417897135019302368e-02
3.822547942399978638e-02
1.931030988693237305e+00
1.388052403926849365e-01
-3.121379911899566650e-01
-1.076046347618103027e+00
-4.495830535888671875e-01
3.768226504325866699e-02
-1.399929404258728027e+00
-2.242742925882339478e-01
8.861034512519836426e-01
1.238986492156982422e+00
-6.206156015396118164e-01
1.070010185241699219e+00
1.999555706977844238e+00
-7.277384400367736816e-01
1.487389206886291504e-01
-8.697955012321472168e-01
-1.927943229675292969e+00
-3.826381444931030273e+00
3.995568454265594482e-01
-1.013710260391235352e+00
3.602531924843788147e-02
-5.595723986625671387e-01
-1.653988122940063477e+00
8.996000885963439941e-01
3.032801449298858643e-01
9.269790351390838623e-02
-2.864021062850952148e-01
-9.687125682830810547e-01
1.485974490642547607e-01
-6.467532515525817871e-01
-4.975711107254028320e-01
-1.220704555511474609e+00
