-5.417862534523010254e-01
-2.951496362686157227e+00
1.104454040527343750e+00
2.773974537849426270e-01
-1.068240046501159668e+00
-1.757170557975769043e+00
-4.159298241138458252e-01
-1.713132143020629883e+00
1.041520595550537109e+00
-2.908661603927612305e+00
-9.051201343536376953e-01
-5.116565227508544922e-01
-3.560293316841125488e-01
7.300077080726623535e-01
4.485804140567779541e-01
7.142808437347412109e-01
4.968287050724029541e-01
-9.313287734985351562e-01
-1.798601448535919189e-02
-2.161792069673538208e-01
1.062946200370788574e+00
8.294109106063842773e-01
1.214016795158386230e+00
2.265386581420898438e+00
5.166649222373962402e-01
1.246438980102539062e+00
-1.945445686578750610e-01
-1.523848652839660645e+00
-1.894833087921142578e+00
2.100728303194046021e-01
-4.983750283718109131e-01
5.634372234344482422e-01
2.944388091564178467e-01
1.284201741218566895e+00
1.171095073223114014e-01
1.310476183891296387e+00
6.801612675189971924e-02
-4.840017557144165039e-01
-5.276468396186828613e-01
1.680199205875396729e-01
-1.562084913253784180e+00
-6.227014660835266113e-01
1.543736219406127930e+00
-3.039270341396331787e-01
2.869884967803955078e-01
-1.671902060508728027e+00
-6.061605215072631836e-01
-1.237540602684020996e+00
4.230270981788635254e-01
4.094991981983184814e-01
-1.262230873107910156e+00
-1.693114280700683594e+00
-2.722379922866821289e+00
7.038332521915435791e-02
7.084749639034271240e-02
1.437826037406921387e+00
1.059682294726371765e-01
7.594613730907440186e-02
2.492881298065185547e+00
1.581971883773803711e+00
-2.245074033737182617e+00
-1.434576749801635742e+00
-1.030179977416992188e+00
-1.119777798652648926e+00
1.129935145378112793e+00
1.261358976364135742e+00
2.046579271554946899e-01
2.385085821151733398e+00
9.458151459693908691e-02
-1.271559596061706543e+00
4.008680582046508789e-01
-9.224686771631240845e-02
6.103904843330383301e-01
1.439195871353149414e+00
5.138396620750427246e-01
-1.335212111473083496e+00
3.554283380508422852e-01
2.432370334863662720e-01
-5.124369859695434570e-01
-7.213999629020690918e-01
5.020536184310913086e-01
-7.137286067008972168e-01
-9.157929420471191406e-01
1.203554153442382812e+00
3.048886060714721680e+00
2.687299549579620361e-01
1.103330254554748535e+00
1.468132853507995605e+00
-2.904832363128662109e-01
-1.068244457244873047e+00
4.397598803043365479e-01
-1.629395723342895508e+00
1.428303003311157227e+00
6.312029957771301270e-01
1.718328714370727539e+00
-7.666787505149841309e-01
-4.881069809198379517e-02
-1.200444936752319336e+00
4.467469155788421631e-01
1.524055123329162598e+00
-1.585280299186706543e+00
2.235500961542129517e-01
7.525474578142166138e-02
-2.457256019115447998e-01
3.464503586292266846e-01
-9.586078673601150513e-02
-2.952455043792724609e+00
1.286458820104598999e-01
2.321854591369628906e+00
-3.669197082519531250e+00
1.117305397987365723e+00
1.929686665534973145e-01
5.682820454239845276e-02
2.057588286697864532e-02
-2.188436090946197510e-01
1.617320775985717773e+00
-7.479313611984252930e-01
-1.011205911636352539e+00
-7.949900031089782715e-01
-1.605322003364562988e+00
-4.009722471237182617e-01
-2.039891295135021210e-02
-1.595248699188232422e+00
5.022017359733581543e-01
1.284337416291236877e-02
6.606560945510864258e-01
1.237194538116455078e+00
2.080773591995239258e+00
