-3.704876825213432312e-02
5.530556440353393555e-01
4.263004958629608154e-01
-1.331751495599746704e-01
-6.859926581382751465e-01
1.617509007453918457e+00
-2.789902091026306152e-01
8.251002989709377289e-03
-8.977080583572387695e-01
-1.595422625541687012e+00
2.197641372680664062e+00
2.460155725479125977e+00
-4.704289734363555908e-01
3.085228204727172852e-01
3.363287746906280518e-01
9.930916875600814819e-02
-1.388744831085205078e+00
4.207352697849273682e-01
-3.489441275596618652e-01
-2.678210973739624023e+00
-1.429732561111450195e+00
1.006993770599365234e+00
5.189511775970458984e-01
1.472783565521240234e+00
-7.624166607856750488e-01
-1.453899145126342773e+00
2.236133515834808350e-01
-4.363021850585937500e-01
-5.621628165245056152e-01
1.613343596458435059e+00
-1.171409726142883301e+00
-1.574008613824844360e-01
-1.491329312324523926e+00
8.740077614784240723e-01
-1.304719805717468262e+00
3.985779881477355957e-01
-1.991948008537292480e+00
-1.101795136928558350e-01
1.941880136728286743e-01
1.431402802467346191e+00
-2.884692907333374023e+00
-2.878717184066772461e-01
1.803715229034423828e+00
-2.241540402173995972e-01
-9.278534650802612305e-01
1.800994396209716797e+00
-7.587578892707824707e-01
1.398134112358093262e+00
4.191818833351135254e-01
1.819001793861389160e+00
4.482844471931457520e-01
-3.683078885078430176e-01
8.529528975486755371e-01
2.264087945222854614e-01
9.494579397141933441e-03
6.534938812255859375e-01
-1.096159338951110840e+00
1.424343228340148926e+00
-1.677218794822692871e+00
-1.426830649375915527e+00
-5.945432782173156738e-01
1.435845375061035156e+00
-4.696337878704071045e-01
6.117949485778808594e-01
2.261673659086227417e-01
-7.721706628799438477e-01
-3.063407540321350098e-01
-1.088637471199035645e+00
-1.019856214523315430e+00
-3.433134853839874268e-01
-2.415840625762939453e-01
-1.187525033950805664e+00
1.004622340202331543e+00
8.600740432739257812e-01
2.308129221200942993e-01
1.062418818473815918e+00
1.408551573753356934e+00
-5.407376289367675781e-01
-1.013575270771980286e-01
1.542731225490570068e-01
-7.278375327587127686e-02
-2.625303506851196289e+00
9.010360240936279297e-01
-1.120547056198120117e+00
1.360889315605163574e+00
-9.720602035522460938e-01
-1.211393833160400391e+00
-1.755058169364929199e-01
-5.378317087888717651e-02
-8.508075475692749023e-01
1.479460000991821289e+00
-2.215833663940429688e-01
7.907862067222595215e-01
1.150427699089050293e+00
1.005476951599121094e+00
-3.367232680320739746e-01
8.487288355827331543e-01
-4.346354007720947266e-01
8.604319095611572266e-01
-1.266728878021240234e+00
-2.276640415191650391e+00
4.601514339447021484e-01
7.776612043380737305e-01
2.496563911437988281e+00
8.426843881607055664e-01
5.953285098075866699e-02
-5.092945694923400879e-01
8.556574583053588867e-01
1.652046084403991699e+00
-2.052122116088867188e+00
-3.480977714061737061e-01
3.519587591290473938e-02
1.763115763664245605e+00
1.268222481012344360e-01
2.420281410217285156e+00
-1.289406538009643555e+00
3.125536143779754639e-01
2.399372577667236328e+00
-5.824124217033386230e-01
-2.769951820373535156e+00
-2.214051008224487305e+00
7.896668314933776855e-01
-7.362718582153320312e-01
-1.014233708381652832e+00
-1.130149245262145996e+00
-2.759439647197723389e-01
-6.611968278884887695e-01
4.719919264316558838e-01
