4.938599765300750732e-01
-6.811373233795166016e-01
1.985748559236526489e-01
-6.109546124935150146e-02
1.511396050453186035e+00
5.279219746589660645e-01
-7.750811576843261719e-01
2.234001010656356812e-01
-8.911348581314086914e-01
-6.781848669052124023e-01
-1.113595604896545410e+00
1.094355225563049316e+00
6.590200066566467285e-01
2.428286820650100708e-01
4.565149843692779541e-01
9.164469242095947266e-01
9.182355999946594238e-01
1.302303194999694824e+00
-1.241579890251159668e+00
2.004510164260864258e+00
6.990566104650497437e-02
9.044994115829467773e-01
1.253506183624267578e+00
2.168435335159301758e+00
-5.542472004890441895e-01
-2.046462535858154297e+00
-9.761300086975097656e-01
-1.113938689231872559e+00
2.727513611316680908e-01
-2.149415165185928345e-01
-3.910194337368011475e-01
5.589016675949096680e-01
-1.121654748916625977e+00
-5.490593612194061279e-02
4.505704045295715332e-01
-1.578503698110580444e-01
5.950449705123901367e-01
-2.321583032608032227e+00
-8.160080313682556152e-01
7.008480429649353027e-01
9.277281165122985840e-01
9.653592109680175781e-01
1.543019890785217285e+00
1.025615692138671875e+00
-4.922637343406677246e-01
-1.582414031028747559e+00
5.154199004173278809e-01
3.357418477535247803e-01
-9.310394525527954102e-01
1.703489661216735840e+00
-2.248836755752563477e+00
-5.612950921058654785e-01
3.655683755874633789e+00
1.438378214836120605e+00
-3.742982149124145508e-01
4.992892742156982422e-01
4.201963245868682861e-01
-1.818349659442901611e-01
1.504874587059020996e+00
2.291655063629150391e+00
-9.528910368680953979e-02
-6.537050008773803711e-01
1.992190241813659668e+00
-1.723211526870727539e+00
3.479912281036376953e-01
4.961138963699340820e-01
-2.037769317626953125e+00
1.095060348510742188e+00
1.563174486160278320e+00
-1.874476373195648193e-01
1.167004227638244629e+00
-7.217675447463989258e-02
-1.375892758369445801e+00
1.193246245384216309e+00
3.145116567611694336e-01
-1.276279807090759277e+00
7.564272880554199219e-01
-1.404641941189765930e-02
2.404949516057968140e-01
5.368891358375549316e-01
1.767063021659851074e+00
-1.520996809005737305e+00
-6.586885452270507812e-01
-6.949325799942016602e-01
9.366726279258728027e-01
-8.725606203079223633e-01
-2.259833663702011108e-01
-1.287973284721374512e+00
1.141074538230895996e+00
5.075786113739013672e-01
-7.950531691312789917e-02
1.006965160369873047e+00
-8.249906823039054871e-03
-1.268520593643188477e+00
1.632417201995849609e+00
-2.062723487615585327e-01
2.233009338378906250e-01
-2.789123356342315674e-01
6.757880449295043945e-01
-5.972557067871093750e-01
1.236055418848991394e-01
2.025135457515716553e-01
7.089452445507049561e-02
-8.759605139493942261e-02
2.764022164046764374e-02
1.360732316970825195e+00
2.972873747348785400e-01
-4.216662645339965820e-01
-3.510779738426208496e-01
-1.828351020812988281e+00
-7.862281203269958496e-01
-6.518993377685546875e-01
-5.513324737548828125e-01
-3.460697233676910400e-01
2.267823815345764160e-01
-2.161959886550903320e+00
-1.425123810768127441e+00
-1.957947850227355957e+00
-2.178885459899902344e+00
-1.342126727104187012e+00
1.332405328750610352e+00
-5.655314326286315918e-01
8.019074797630310059e-01
-1.763601899147033691e+00
-8.764057755470275879e-01
-9.109892845153808594e-01
-2.356874704360961914e+00
-1.175108551979064941e+00
