6.568803787231445312e-01
-7.797567248344421387e-01
1.108793258666992188e+00
4.315915405750274658e-01
2.473565340042114258e-01
1.576901316642761230e+00
-8.313689231872558594e-01
2.113363593816757202e-01
-6.015537977218627930e-01
-1.491135835647583008e+00
-1.982462644577026367e+00
2.008694037795066833e-02
3.077778220176696777e-01
-9.008560776710510254e-01
-1.314439475536346436e-01
6.696069240570068359e-01
9.892091155052185059e-02
3.948021531105041504e-01
-4.431948959827423096e-01
1.503516793251037598e+00
1.379960060119628906e+00
-2.788702845573425293e-01
4.854833483695983887e-01
2.305594921112060547e+00
-1.020520687103271484e+00
-2.513299584388732910e-01
1.049403429031372070e+00
-3.873577117919921875e-01
4.587516486644744873e-01
-9.129396080970764160e-01
2.114274263381958008e+00
-2.776964902877807617e+00
-6.331186294555664062e-01
-1.340426653623580933e-01
1.195578336715698242e+00
9.690809249877929688e-01
-3.067285120487213135e-01
-4.843789041042327881e-01
-1.239050388336181641e+00
2.827912569046020508e-01
1.604669332504272461e+00
1.722305655479431152e+00
1.512799501419067383e+00
1.161051154136657715e+00
-3.366358876228332520e-01
-8.957425355911254883e-01
1.075577616691589355e+00
-2.382206439971923828e+00
9.669336080551147461e-01
9.378785490989685059e-01
-9.615297913551330566e-01
-1.457592397928237915e-01
4.568522330373525620e-03
-3.720544278621673584e-01
-1.045963406562805176e+00
-1.473904967308044434e+00
-2.258005857467651367e+00
1.294506192207336426e+00
2.083985090255737305e+00
-2.223894745111465454e-01
6.718581318855285645e-01
1.984729617834091187e-01
-4.088924825191497803e-01
-1.213940858840942383e+00
4.590342342853546143e-01
2.321983277797698975e-01
-4.799758791923522949e-01
1.661553382873535156e+00
1.603447645902633667e-01
9.027490019798278809e-02
-6.882337331771850586e-01
3.424906432628631592e-01
4.107823967933654785e-01
-4.754991233348846436e-01
-7.220734357833862305e-01
-1.150313138961791992e+00
-1.855171322822570801e+00
1.176202058792114258e+00
-1.656558036804199219e+00
-1.935375094413757324e+00
-5.173623561859130859e-01
-6.014761924743652344e-01
2.221386432647705078e+00
-1.372822880744934082e+00
4.068822383880615234e+00
9.715327620506286621e-01
-6.255144476890563965e-01
2.191055774688720703e+00
-1.610873103141784668e+00
-3.141860663890838623e-01
1.133632287383079529e-01
-1.410257339477539062e+00
-2.281124889850616455e-01
-1.084190011024475098e-01
1.163491845130920410e+00
-4.726803004741668701e-01
-5.900143384933471680e-01
2.097786962985992432e-01
-1.039312243461608887e+00
5.473778247833251953e-01
-2.442269325256347656e+00
1.440721750259399414e-01
-2.297732353210449219e+00
1.074849486351013184e+00
3.172335624694824219e-01
5.848932638764381409e-02
-2.908896446228027344e+00
1.969783902168273926e+00
3.329142630100250244e-01
-2.031428575515747070e+00
5.883342027664184570e-01
-8.209615945816040039e-01
2.052619606256484985e-01
-3.977019190788269043e-01
4.844914674758911133e-01
5.244348645210266113e-01
-2.032242298126220703e+00
4.844070374965667725e-01
1.605754494667053223e+00
9.697602391242980957e-01
1.124201655387878418e+00
-1.205939576029777527e-01
-8.333265185356140137e-01
4.021903276443481445e-01
-6.307217478752136230e-01
-1.273803472518920898e+00
1.256424784660339355e+00
1.238510012626647949e+00
