4.633624553680419922e-01
1.001926660537719727e+00
7.856022566556930542e-02
-2.498967386782169342e-02
-9.326213598251342773e-01
1.291995644569396973e-01
-8.148553371429443359e-01
-4.726421236991882324e-01
-9.692237377166748047e-01
-2.028457880020141602e+00
1.985978603363037109e+00
1.340880870819091797e+00
-1.732788681983947754e-01
-1.189460635185241699e+00
5.618130564689636230e-01
-2.950484156608581543e-01
9.868406057357788086e-01
2.406059026718139648e+00
5.423275232315063477e-01
-8.268162608146667480e-02
-2.037866115570068359e+00
1.899681836366653442e-01
1.443281173706054688e-01
-5.042857527732849121e-01
-9.472387433052062988e-01
-6.837204098701477051e-02
2.795934081077575684e-01
-5.690100137144327164e-03
1.136375546455383301e+00
1.040904402732849121e+00
2.882065949961543083e-03
-1.576769828796386719e+00
5.545643568038940430e-01
-7.279988527297973633e-01
-2.988124847412109375e+00
8.480231165885925293e-01
-1.134286999702453613e+00
5.091555118560791016e-01
-1.274685740470886230e+00
-1.904522441327571869e-02
-1.534411430358886719e+00
1.256322622299194336e+00
1.948627948760986328e+00
1.763719081878662109e+00
-4.784849882125854492e-01
1.997179388999938965e+00
1.039268216118216515e-03
-1.338210582733154297e+00
4.509293138980865479e-01
-9.732221812009811401e-02
-4.017615616321563721e-01
-1.205610394477844238e+00
5.108492970466613770e-01
8.228153586387634277e-01
-6.231862306594848633e-01
6.113016009330749512e-01
-3.316792249679565430e-01
-4.203853756189346313e-02
-1.248559951782226562e+00
1.372442007064819336e+00
-2.411696761846542358e-01
1.806829214096069336e+00
-3.011700868606567383e+00
-3.083284497261047363e-01
1.349844574928283691e+00
-2.283657789230346680e+00
-1.076661705970764160e+00
-8.830950260162353516e-01
-1.075743556022644043e+00
2.902694344520568848e-01
2.243678867816925049e-01
-3.431178629398345947e-01
1.237958788871765137e+00
1.001242637634277344e+00
-5.456911325454711914e-01
-8.177731037139892578e-01
1.237012743949890137e+00
1.302381396293640137e+00
-1.732111454010009766e+00
-5.951063632965087891e-01
1.476450920104980469e+00
1.428330302238464355e+00
-1.198319196701049805e+00
7.299917340278625488e-01
1.393656253814697266e+00
-2.525610446929931641e+00
8.422424793243408203e-01
-2.289669990539550781e+00
3.170849323272705078e+00
1.916617035865783691e+00
2.996121905744075775e-02
2.158420681953430176e-01
-1.298793554306030273e+00
1.397545456886291504e+00
-7.735810875892639160e-01
1.297883868217468262e+00
1.073120594024658203e+00
-5.056597590446472168e-01
3.332291245460510254e-01
-1.290223479270935059e+00
-1.186354756355285645e+00
4.071042537689208984e-01
-1.277411937713623047e+00
9.521254897117614746e-01
1.920444130897521973e+00
-2.922677993774414062e+00
-1.150150179862976074e+00
-8.529462218284606934e-01
1.849197864532470703e+00
-1.044550299644470215e+00
-8.034955263137817383e-01
-3.285436034202575684e-01
3.697160864248871803e-04
1.589964888989925385e-02
1.198839306831359863e+00
-1.141882538795471191e+00
2.323740959167480469e+00
-6.886021792888641357e-02
-8.971592783927917480e-01
1.325321197509765625e+00
-2.027493000030517578e+00
1.005288720130920410e+00
7.359144687652587891e-01
-3.746189177036285400e-01
-7.307743430137634277e-01
8.812183141708374023e-01
-9.770101308822631836e-02
-9.404911398887634277e-01
