1.510380864143371582e+00
-1.207419157028198242e+00
9.709308296442031860e-02
-1.958266347646713257e-01
-5.914893150329589844e-01
-1.704241991043090820e+00
-7.521623969078063965e-01
-7.650156021118164062e-01
-6.319051980972290039e-01
-1.841458678245544434e+00
-7.151286602020263672e-01
-8.935370296239852905e-02
-1.276406168937683105e+00
3.565959930419921875e-01
-6.462205648422241211e-01
-1.712375283241271973e-01
-2.407173514366149902e-01
3.525581657886505127e-01
2.877160906791687012e-02
1.153476715087890625e+00
-2.828688323497772217e-01
5.865873694419860840e-01
-1.041575334966182709e-02
9.056994915008544922e-01
-1.168118119239807129e+00
2.472731918096542358e-01
-1.053995609283447266e+00
-1.079503536224365234e+00
-1.057328224182128906e+00
-7.191607356071472168e-01
3.367157578468322754e-01
2.975326776504516602e-01
4.246644377708435059e-01
-9.130997061729431152e-01
8.476091623306274414e-01
1.164412379264831543e+00
1.331610560417175293e+00
-7.776151299476623535e-01
-5.604964494705200195e-01
-5.285779237747192383e-01
1.145066261291503906e+00
9.590079784393310547e-01
2.006694078445434570e+00
2.069960594177246094e+00
5.002933144569396973e-01
-6.373080015182495117e-01
1.716652393341064453e+00
2.157008171081542969e+00
2.525430023670196533e-01
8.548451066017150879e-01
-1.414132356643676758e+00
-1.153274297714233398e+00
1.994168400764465332e+00
6.926302909851074219e-01
-1.772575259208679199e+00
-5.770602226257324219e-01
-2.574564456939697266e+00
2.051164396107196808e-02
3.660815060138702393e-01
2.039845466613769531e+00
4.585817158222198486e-01
5.155711621046066284e-02
1.564767599105834961e+00
1.702181547880172729e-01
5.571838021278381348e-01
6.210681200027465820e-01
-8.411955237388610840e-01
-1.474746108055114746e+00
1.172515511512756348e+00
9.941500611603260040e-04
4.361639618873596191e-01
-1.406916975975036621e-01
-1.261202931404113770e+00
8.672517538070678711e-01
-4.539828598499298096e-01
-6.351884007453918457e-01
1.431422352790832520e+00
7.264636158943176270e-01
-1.336703896522521973e+00
-8.576529622077941895e-01
2.286056995391845703e+00
7.015811800956726074e-01
-6.254016160964965820e-01
-4.172305464744567871e-01
7.016056180000305176e-01
-2.788273811340332031e+00
6.807640194892883301e-02
5.181957036256790161e-02
6.292314529418945312e-01
-3.136582851409912109e+00
4.720000326633453369e-01
-1.100622773170471191e+00
-8.188263326883316040e-02
1.933986902236938477e+00
1.389961242675781250e+00
-1.181978940963745117e+00
8.685748577117919922e-01
-8.122230768203735352e-01
1.003191947937011719e+00
-1.289866268634796143e-01
-1.387560814619064331e-01
1.133828163146972656e+00
1.599719375371932983e-02
3.438285589218139648e-01
1.781031608581542969e+00
1.656198352575302124e-01
-6.558243632316589355e-01
-3.185099065303802490e-01
7.102940678596496582e-01
-2.050935029983520508e+00
1.084967732429504395e+00
-7.453997731208801270e-01
1.735978722572326660e+00
1.762646555900573730e+00
2.229254484176635742e+00
-8.523838222026824951e-02
-8.365195393562316895e-01
-1.051597118377685547e+00
-1.195469617843627930e+00
-9.583353996276855469e-01
1.517632126808166504e+00
5.386157035827636719e-01
-3.815059065818786621e-01
-2.671316146850585938e+00
-1.309764266014099121e+00
-6.730250120162963867e-01
-8.220555186271667480e-01
-1.061097741127014160e+00
