1.027603223919868469e-01
-3.886260986328125000e-01
-5.345631837844848633e-01
1.404519826173782349e-01
-3.714867830276489258e-01
1.551571726799011230e+00
-1.538995187729597092e-02
2.150232195854187012e-01
-1.050309181213378906e+00
-2.005653619766235352e+00
-2.818579785525798798e-02
-4.666531980037689209e-01
7.168648838996887207e-01
2.770437717437744141e+00
1.197844743728637695e+00
1.212855935096740723e+00
6.955910921096801758e-01
5.591792464256286621e-01
3.888459503650665283e-01
-6.775152683258056641e-01
-1.486414909362792969e+00
7.347618341445922852e-01
6.128230094909667969e-01
9.525892138481140137e-01
-1.122685432434082031e+00
8.539854288101196289e-01
1.276698350906372070e+00
-2.413597822189331055e+00
-2.517813444137573242e-01
2.038553953170776367e+00
-9.009868502616882324e-01
-1.552273631095886230e+00
-4.244504868984222412e-01
1.647581756114959717e-01
5.443185567855834961e-01
-4.797573387622833252e-01
-1.295677065849304199e+00
6.351126432418823242e-01
5.988836884498596191e-01
-9.350617974996566772e-02
-1.232207894325256348e+00
4.045959711074829102e-01
1.271052598953247070e+00
-1.772401183843612671e-01
-7.726179361343383789e-01
7.724473476409912109e-01
-9.963769912719726562e-01
3.867410421371459961e-01
-4.668032228946685791e-01
1.198151350021362305e+00
-1.146311044692993164e+00
1.224519371986389160e+00
4.494381546974182129e-01
2.783551812171936035e-01
-8.787168562412261963e-02
-3.039526343345642090e-01
-1.107379317283630371e+00
2.771695144474506378e-02
2.826421260833740234e-01
1.469226241111755371e+00
-7.551480829715728760e-02
4.333280324935913086e-01
-1.563922166824340820e-01
-7.113552093505859375e-01
-5.348575860261917114e-02
-6.751763224601745605e-01
4.673640727996826172e-01
8.494552373886108398e-01
-9.596299529075622559e-01
1.571071743965148926e-01
1.585696451365947723e-02
-1.721585154533386230e+00
6.183794736862182617e-01
1.658673763275146484e+00
-4.859234392642974854e-01
-6.281499862670898438e-01
1.298844099044799805e+00
-2.301154613494873047e+00
1.193652153015136719e-01
3.945089280605316162e-01
1.940141677856445312e+00
-2.318584918975830078e+00
-5.888989195227622986e-03
-1.249020934104919434e+00
-1.301763057708740234e+00
1.876458972692489624e-01
1.300358295440673828e+00
-1.640080451965332031e+00
-8.767169713973999023e-01
-4.875727891921997070e-01
-1.093593835830688477e+00
-5.544530153274536133e-01
1.852569937705993652e+00
2.668563127517700195e+00
2.364935159683227539e+00
1.860112547874450684e-01
-2.670050561428070068e-01
-2.472780495882034302e-01
-2.421757698059082031e+00
2.048189043998718262e-01
-4.933148622512817383e-01
1.014047861099243164e+00
3.992843329906463623e-01
-5.054352283477783203e-01
-2.140502482652664185e-01
1.097332000732421875e+00
-1.125236153602600098e+00
-8.980953097343444824e-01
4.081763744354248047e+00
-2.528983354568481445e+00
-1.393692493438720703e+00
2.239779949188232422e+00
2.330360114574432373e-01
-4.621391892433166504e-01
5.822313427925109863e-01
-1.279889822006225586e+00
1.844384074211120605e+00
1.591023445129394531e+00
-7.880182564258575439e-02
2.055537104606628418e-01
-1.445714831352233887e+00
-1.395261287689208984e-01
-2.562379360198974609e+00
-2.465243339538574219e+00
-7.458314299583435059e-01
-4.442748427391052246e-02
-3.433991968631744385e-02
-1.284663192927837372e-02
