-1.481800317764282227e+00
5.566842555999755859e-01
-2.540029585361480713e-01
-1.011106610298156738e+00
-1.526215672492980957e-01
2.600068330764770508e+00
-1.541126370429992676e-01
7.329580187797546387e-01
-1.389682531356811523e+00
-9.438379406929016113e-01
-8.734737038612365723e-01
-2.500592172145843506e-02
-1.519510865211486816e+00
-1.593085765838623047e+00
1.005854964256286621e+00
-1.893365859985351562e+00
-2.336003817617893219e-02
7.019163966178894043e-01
2.025356888771057129e-01
1.961670070886611938e-01
-7.884860038757324219e-01
-2.888652980327606201e-01
-3.419269248843193054e-02
1.851086497306823730e+00
-1.542826414108276367e+00
7.413762211799621582e-01
-7.533933520317077637e-01
-1.798895448446273804e-01
1.236845850944519043e+00
1.208121180534362793e+00
-2.769991941750049591e-02
2.645860433578491211e+00
4.639966487884521484e-01
5.378653407096862793e-01
-2.157947421073913574e-01
6.057880520820617676e-01
1.219513535499572754e+00
5.386955142021179199e-01
8.323551416397094727e-01
-2.105364762246608734e-02
2.507352828979492188e+00
1.799175292253494263e-01
2.532500505447387695e+00
6.900724172592163086e-01
-9.187384247779846191e-01
-1.572689175605773926e+00
-7.265866398811340332e-01
-6.693049073219299316e-01
2.883663177490234375e-01
-2.469597101211547852e+00
-3.424869179725646973e-01
-3.774960935115814209e-01
-1.233201622962951660e+00
6.768103241920471191e-01
-8.543968200683593750e-01
2.843360900878906250e+00
2.139423489570617676e-01
1.033415913581848145e+00
-6.667516231536865234e-01
4.944295622408390045e-03
-6.152808666229248047e-01
-6.507796049118041992e-02
-7.518617808818817139e-02
3.429134786128997803e-01
-9.860785603523254395e-01
-3.424969434738159180e+00
8.040919899940490723e-01
-3.288875520229339600e-01
1.164219141006469727e+00
-2.722745537757873535e-01
2.266713082790374756e-01
9.313089251518249512e-01
8.452825546264648438e-01
5.509581565856933594e-01
-2.153917104005813599e-01
-1.814387083053588867e+00
-4.044576585292816162e-01
-1.709128499031066895e+00
-2.086692094802856445e+00
-7.121511101722717285e-01
-1.744643002748489380e-01
-1.465498089790344238e+00
1.437912106513977051e+00
-3.275057971477508545e-01
1.459891915321350098e+00
-8.375403881072998047e-01
-1.067333698272705078e+00
-5.679520368576049805e-01
-1.161307334899902344e+00
7.327364087104797363e-01
5.257168412208557129e-01
-7.604473829269409180e-01
-1.416414737701416016e+00
-5.668740272521972656e-01
8.221692442893981934e-01
-1.745637804269790649e-01
-2.020715624094009399e-01
3.518581986427307129e-01
8.878251910209655762e-01
5.475119948387145996e-01
-2.415617227554321289e+00
1.462422311305999756e-01
-5.012882351875305176e-01
1.330410957336425781e+00
-2.568682670593261719e+00
1.165076196193695068e-01
-6.351403892040252686e-02
-1.034819602966308594e+00
1.407282590866088867e+00
-7.247591018676757812e-01
3.068281412124633789e-01
1.436695754528045654e-01
6.554688811302185059e-01
9.764842391014099121e-01
2.989833116531372070e+00
7.541174292564392090e-01
-4.382561445236206055e-01
-8.640092015266418457e-01
-4.125249087810516357e-01
3.856831789016723633e+00
1.081661701202392578e+00
-1.640056252479553223e+00
-3.462167084217071533e-01
-7.695963233709335327e-02
-5.710278749465942383e-01
9.883849024772644043e-01
-7.808579206466674805e-01
-7.362083196640014648e-01
