4.632042050361633301e-01
-2.101865708827972412e-01
-9.223862290382385254e-01
-6.100857257843017578e-01
2.749247476458549500e-02
8.618190884590148926e-01
6.959987282752990723e-01
5.985313653945922852e-01
-6.812025308609008789e-01
1.310514360666275024e-01
-2.201025485992431641e+00
-3.545884490013122559e-01
-1.426323771476745605e+00
2.212773561477661133e+00
-3.823911547660827637e-01
-4.848128855228424072e-01
4.424837231636047363e-01
-9.453000426292419434e-01
4.932346940040588379e-01
3.414401054382324219e+00
-1.197582721710205078e+00
-2.474485784769058228e-01
-1.117458269000053406e-01
-6.745261549949645996e-01
-1.828775525093078613e+00
2.719521224498748779e-01
-1.751093745231628418e+00
-1.285379886627197266e+00
4.162813723087310791e-01
2.729572772979736328e+00
1.460335612297058105e+00
1.219851598143577576e-01
-1.765331864356994629e+00
-8.858660608530044556e-02
-4.283915162086486816e-01
-9.295264482498168945e-01
1.467301845550537109e+00
1.286036849021911621e+00
3.243268430233001709e-01
2.446169108152389526e-01
-1.363902211189270020e+00
-4.979724586009979248e-01
1.714271187782287598e+00
3.248350858688354492e+00
3.265098035335540771e-01
8.803308606147766113e-01
-1.969392746686935425e-01
1.170053124427795410e+00
-4.536603093147277832e-01
8.565210103988647461e-01
-2.382843047380447388e-01
7.088517546653747559e-01
1.193228483200073242e+00
5.026392936706542969e-01
-1.520296335220336914e+00
4.940541684627532959e-01
8.503066897392272949e-01
8.065171837806701660e-01
6.103776693344116211e-01
4.518328309059143066e-01
-2.574273347854614258e+00
1.532630920410156250e+00
-2.878307402133941650e-01
-7.787289023399353027e-01
1.772530078887939453e+00
8.498265147209167480e-01
-7.778460979461669922e-01
-8.769353628158569336e-01
-1.968193203210830688e-01
4.171377122402191162e-01
1.140298366546630859e+00
8.870607018470764160e-01
-4.656114056706428528e-02
8.591948747634887695e-01
9.833947569131851196e-02
4.923398196697235107e-01
1.320395827293395996e+00
1.445309281349182129e+00
5.253635048866271973e-01
-1.102881550788879395e+00
1.019271373748779297e+00
-1.651560902595520020e+00
1.160699725151062012e+00
2.886807024478912354e-01
1.104479193687438965e+00
-1.888784527778625488e+00
7.554309964179992676e-01
-2.696615695953369141e+00
1.020396590232849121e+00
-1.030543208122253418e+00
-7.138907909393310547e-01
3.816132843494415283e-01
-6.574889421463012695e-01
9.372533559799194336e-01
-6.565049290657043457e-01
2.134548872709274292e-01
-3.298722803592681885e-01
-2.545177698135375977e+00
-2.174861915409564972e-02
-8.029628992080688477e-01
1.007467031478881836e+00
-2.077391386032104492e+00
-8.495476841926574707e-01
4.192114621400833130e-02
1.846796870231628418e+00
-5.434608459472656250e-01
1.219402477145195007e-01
-2.853224515914916992e+00
2.559028267860412598e-01
-2.110032320022583008e+00
-1.310431480407714844e+00
-1.116276144981384277e+00
1.463790178298950195e+00
1.990687370300292969e+00
-6.286945939064025879e-01
2.801161110401153564e-01
-1.077329516410827637e-01
-1.381894350051879883e+00
-7.161446213722229004e-01
-3.152520954608917236e-01
5.935851857066154480e-02
9.701266884803771973e-01
-1.104700922966003418e+00
-1.108289241790771484e+00
-1.031837463378906250e+00
9.102714061737060547e-01
-9.260522574186325073e-02
-5.717751979827880859e-01
