-9.815288186073303223e-01
6.092006564140319824e-01
-3.876963257789611816e-01
-5.771179795265197754e-01
-2.117124557495117188e+00
9.776999354362487793e-01
1.635330200195312500e+00
4.726011753082275391e-01
6.267055869102478027e-01
-2.642374932765960693e-01
7.732939124107360840e-01
3.017288744449615479e-01
-2.552078664302825928e-01
-7.224152684211730957e-01
3.446959257125854492e-01
-2.304388761520385742e+00
-4.985241591930389404e-01
5.705668330192565918e-01
1.847789883613586426e+00
7.942166328430175781e-01
-1.716737627983093262e+00
3.463449478149414062e-01
1.007900953292846680e+00
1.515063524246215820e+00
-1.867220759391784668e+00
1.004246115684509277e+00
4.271965026855468750e-01
3.061656281352043152e-02
7.448729276657104492e-01
1.483335047960281372e-01
-1.218686103820800781e+00
-4.349620342254638672e+00
-8.575059175491333008e-01
8.626689314842224121e-01
-1.396149992942810059e+00
1.032160162925720215e+00
6.309910118579864502e-02
-1.531935036182403564e-01
-1.161923527717590332e+00
1.051525235176086426e+00
-4.634730815887451172e-01
-1.293101310729980469e-01
2.227960586547851562e+00
4.968166351318359375e-01
-7.289776206016540527e-01
2.659610271453857422e+00
-1.119946479797363281e+00
2.835881710052490234e+00
1.262149959802627563e-01
-1.204134583473205566e+00
-1.135573863983154297e+00
1.781409531831741333e-01
2.314369231462478638e-01
-2.067261934280395508e-01
-2.612439543008804321e-02
9.482007622718811035e-01
8.947300910949707031e-01
5.490918159484863281e-01
-2.358492851257324219e+00
-6.384797096252441406e-01
-2.595266699790954590e-02
1.403515815734863281e+00
-2.483974218368530273e+00
-5.597285032272338867e-01
2.294331640005111694e-01
-1.362536907196044922e+00
2.262017726898193359e+00
3.193361461162567139e-01
4.478431046009063721e-01
-1.648658365011215210e-01
4.629860073328018188e-02
1.641668438911437988e+00
1.939684033393859863e+00
-1.702924519777297974e-01
-4.066808223724365234e-01
-2.004371404647827148e+00
-1.328507661819458008e+00
5.817743539810180664e-01
-2.501554228365421295e-02
-2.155432224273681641e+00
-3.662859201431274414e+00
-1.466980695724487305e+00
1.120196700096130371e+00
-1.121962785720825195e+00
5.410370230674743652e-01
2.999463975429534912e-01
-1.756617307662963867e+00
-1.817702800035476685e-01
8.075258731842041016e-01
1.253188729286193848e+00
1.942769765853881836e+00
-8.005418181419372559e-01
-1.345499902963638306e-01
5.549176335334777832e-01
-2.490771412849426270e-01
2.571172118186950684e-01
1.808695554733276367e+00
-2.340023815631866455e-01
1.066172480583190918e+00
2.286047697067260742e+00
-1.779244899749755859e+00
-2.273588925600051880e-01
-5.763618350028991699e-01
1.392167210578918457e+00
2.833274126052856445e+00
-2.841778695583343506e-01
-1.045141339302062988e+00
6.447309255599975586e-01
1.639822244644165039e+00
-2.086134403944015503e-01
-3.940710127353668213e-01
3.668112158775329590e-01
-2.034515701234340668e-02
-8.830714225769042969e-02
-8.064473867416381836e-01
-5.441249012947082520e-01
9.142782092094421387e-01
-2.162090063095092773e+00
2.052886188030242920e-01
8.711726069450378418e-01
1.251332640647888184e+00
-2.674261629581451416e-01
2.521027326583862305e-01
-4.487776458263397217e-01
-2.937585413455963135e-01
-1.046275973320007324e+00
7.857223153114318848e-01
-2.146306276321411133e+00
