-1.542171716690063477e+00
2.858352959156036377e-01
-4.876345396041870117e-01
-4.497463107109069824e-01
-2.638942480087280273e+00
6.562268137931823730e-01
1.576823234558105469e+00
3.118826746940612793e-01
1.059171676635742188e+00
-4.285697937011718750e-01
3.667867276817560196e-03
-8.528441190719604492e-01
-9.187346696853637695e-01
-2.092941850423812866e-01
7.665283232927322388e-02
-2.680928230285644531e+00
-2.464911192655563354e-01
1.700576096773147583e-01
1.861019372940063477e+00
1.563000321388244629e+00
-1.548346281051635742e+00
2.378473728895187378e-01
1.132454514503479004e+00
1.428465962409973145e+00
-1.803672432899475098e+00
1.520884633064270020e+00
7.108915448188781738e-01
-9.817547351121902466e-02
1.005617260932922363e+00
-8.363203704357147217e-02
-7.852827310562133789e-01
-4.494611740112304688e+00
-9.087948799133300781e-01
2.601379752159118652e-01
-7.382137775421142578e-01
8.610543608665466309e-01
1.458150744438171387e-01
-1.264836341142654419e-01
-1.330555796623229980e+00
9.002355933189392090e-01
-3.218227922916412354e-01
7.333712279796600342e-02
1.978328585624694824e+00
3.083425164222717285e-01
1.295554172247648239e-02
2.223336696624755859e+00
-4.523673653602600098e-01
2.549788475036621094e+00
5.357002615928649902e-01
-4.701071679592132568e-01
-1.125382304191589355e+00
-1.877378076314926147e-01
4.118366241455078125e-01
1.281056553125381470e-01
2.079465389251708984e-01
1.098938822746276855e+00
1.221906185150146484e+00
6.808578372001647949e-01
-2.131753206253051758e+00
-2.579712271690368652e-01
-3.562504947185516357e-01
3.689571917057037354e-01
-2.624832868576049805e+00
-4.271878600120544434e-01
5.230927467346191406e-01
-4.110709428787231445e-01
2.536425113677978516e+00
1.788190901279449463e-01
1.649189181625843048e-02
-2.837781608104705811e-01
-1.224201079457998276e-02
1.461114168167114258e+00
1.861701250076293945e+00
3.413952887058258057e-02
-1.083865404129028320e+00
-1.876950383186340332e+00
-1.653268575668334961e+00
7.852284312248229980e-01
-2.286926060914993286e-01
-2.051613330841064453e+00
-3.803172588348388672e+00
-1.406714200973510742e+00
1.530732750892639160e+00
-1.032932043075561523e+00
1.002689957618713379e+00
7.731997370719909668e-01
-1.244987964630126953e+00
1.861736923456192017e-01
5.413672924041748047e-01
9.878776669502258301e-01
1.422638416290283203e+00
-6.850038766860961914e-01
-3.810179829597473145e-01
2.926080524921417236e-01
1.208256036043167114e-01
-2.036174386739730835e-02
2.013373613357543945e+00
-1.389480084180831909e-01
1.433580279350280762e+00
2.973822593688964844e+00
-1.876022338867187500e+00
-2.585899829864501953e-01
-3.658226430416107178e-01
1.044698715209960938e+00
3.166641473770141602e+00
-2.465107943862676620e-03
-1.314161658287048340e+00
4.033177196979522705e-01
1.215772628784179688e+00
-8.020974397659301758e-01
2.456997931003570557e-01
-2.519190907478332520e-01
5.853013321757316589e-02
6.145399808883666992e-01
-1.300772666931152344e+00
-1.267407089471817017e-01
6.004826426506042480e-01
-2.012923955917358398e+00
5.279475450515747070e-01
4.919821023941040039e-01
1.574098944664001465e+00
-2.206708490848541260e-01
-5.940914750099182129e-01
-1.363750457763671875e+00
-1.761823333799839020e-02
-1.280784964561462402e+00
1.264864206314086914e+00
-2.419636249542236328e+00
