2.427916765213012695e+00
-6.082782149314880371e-01
-6.884878873825073242e-02
-2.364160865545272827e-01
8.947538584470748901e-02
-5.920385718345642090e-01
1.333693742752075195e+00
7.164411544799804688e-01
-2.484130710363388062e-01
6.753064990043640137e-01
-1.389056295156478882e-01
6.629930138587951660e-01
7.747322916984558105e-01
4.086681902408599854e-01
1.293356895446777344e+00
4.328211545944213867e-01
-8.595195412635803223e-01
6.824403405189514160e-01
-4.684289395809173584e-01
-1.351175427436828613e+00
-1.343735456466674805e+00
-8.370266109704971313e-02
1.308348178863525391e-01
1.079580426216125488e+00
-7.202335000038146973e-01
6.490480899810791016e-02
-1.783046603202819824e+00
-2.085758686065673828e+00
8.998256921768188477e-01
1.817426085472106934e+00
4.134492278099060059e-01
1.271567106246948242e+00
-6.497313976287841797e-01
3.518799319863319397e-02
-3.017286658287048340e-01
-6.986388936638832092e-03
1.768684089183807373e-01
-1.156991958618164062e+00
-7.711629867553710938e-01
8.518111705780029297e-01
8.998358845710754395e-01
-1.354058504104614258e+00
1.789432644844055176e+00
1.563889384269714355e-01
1.905250251293182373e-01
-1.761792540550231934e+00
2.387207150459289551e-01
2.055445499718189240e-02
4.188821017742156982e-01
9.931311011314392090e-01
-1.693875044584274292e-01
-2.137089490890502930e+00
1.216860651969909668e+00
-3.751658201217651367e-01
1.218254804611206055e+00
3.585962355136871338e-01
6.890599131584167480e-01
3.847010433673858643e-03
6.221828460693359375e-01
1.503528118133544922e+00
-5.071201324462890625e-01
-5.491358637809753418e-01
1.166957616806030273e+00
-1.823871433734893799e-01
2.020393908023834229e-01
-6.123218536376953125e-01
-6.529164314270019531e-01
2.084715366363525391e+00
2.640208303928375244e-01
-1.120678186416625977e+00
1.017642736434936523e+00
-5.776499584317207336e-02
-1.008171558380126953e+00
1.287627220153808594e+00
7.571105360984802246e-01
-1.398259401321411133e+00
1.126951694488525391e+00
5.889925360679626465e-01
5.143674612045288086e-01
1.080443859100341797e+00
1.685648679733276367e+00
-5.753620266914367676e-01
1.361368179321289062e+00
5.518869161605834961e-01
4.828061163425445557e-01
-1.764790296554565430e+00
-1.141105532646179199e+00
-8.220169544219970703e-01
-6.471989154815673828e-01
3.101820871233940125e-02
2.178101301193237305e+00
3.815719783306121826e-01
9.112869501113891602e-01
-7.153568863868713379e-01
2.903867959976196289e-01
1.432169675827026367e+00
-4.630956947803497314e-01
-1.430396318435668945e+00
-9.056543111801147461e-01
-2.557546794414520264e-01
-1.332945376634597778e-01
3.609044253826141357e-01
-1.050858497619628906e+00
8.048698902130126953e-01
-7.139004468917846680e-01
-1.327394127845764160e+00
3.028069496154785156e+00
8.520157635211944580e-02
-6.685479283332824707e-01
-1.796895027160644531e+00
-2.122483015060424805e+00
1.853629946708679199e-01
-1.435974001884460449e+00
-3.809749484062194824e-01
1.007704138755798340e+00
-2.305394411087036133e+00
6.644679903984069824e-01
-8.857496976852416992e-01
-1.173253417015075684e+00
2.781924009323120117e-01
-9.182028770446777344e-01
-1.559907317161560059e+00
-1.933717727661132812e-01
-2.762280941009521484e+00
-1.605701923370361328e+00
-5.763331651687622070e-01
-1.010603904724121094e-01
3.098665475845336914e-01
