3.432854652404785156e+00
8.187998533248901367e-01
-6.193472146987915039e-01
2.650594115257263184e-01
1.453010201454162598e+00
1.832913756370544434e+00
1.308189630508422852e+00
-8.168792128562927246e-01
-2.296743869781494141e+00
-6.997900605201721191e-01
6.037135124206542969e-01
1.481067061424255371e+00
5.671017169952392578e-01
-1.631260156631469727e+00
-1.391532570123672485e-01
-3.924721181392669678e-01
-1.452133297920227051e+00
3.621835708618164062e-01
-1.300827503204345703e+00
-2.148394346237182617e+00
-6.783475279808044434e-01
-1.332519054412841797e+00
-5.356791019439697266e-01
-4.305738210678100586e-02
1.685448437929153442e-01
1.093441247940063477e+00
6.957284808158874512e-01
7.448356747627258301e-01
-9.000530242919921875e-01
6.378720402717590332e-01
-8.049181103706359863e-01
-1.108552694320678711e+00
9.291159510612487793e-01
1.172577738761901855e+00
9.901461005210876465e-01
-1.624220758676528931e-01
1.336994886398315430e+00
1.625707507133483887e+00
-1.934707641601562500e+00
7.310913205146789551e-01
1.023000955581665039e+00
-8.224837183952331543e-01
1.088681578636169434e+00
2.709047555923461914e+00
4.271359741687774658e-01
-9.855105876922607422e-01
-1.384579241275787354e-01
-1.183786749839782715e+00
8.675108551979064941e-01
2.070028066635131836e+00
-1.066039875149726868e-02
-1.305942177772521973e+00
9.406539797782897949e-01
-3.341594338417053223e-01
1.348313093185424805e+00
-3.800503313541412354e-01
1.897113919258117676e+00
4.999784231185913086e-01
3.180214166641235352e-01
1.331224799156188965e+00
2.064675569534301758e+00
-2.939631044864654541e-01
5.871900320053100586e-01
1.314465165138244629e+00
-1.101062536239624023e+00
-2.823434591293334961e+00
-1.044754147529602051e+00
-2.937029600143432617e-01
-1.168701767921447754e+00
6.681116223335266113e-01
-4.600072503089904785e-01
9.800167679786682129e-01
-5.757923722267150879e-01
6.148205995559692383e-01
5.961861610412597656e-01
3.009116351604461670e-01
-8.008368015289306641e-01
-1.434195637702941895e+00
-6.108247637748718262e-01
-4.259228706359863281e-01
2.242981493473052979e-01
-7.504853606224060059e-01
4.619664847850799561e-01
-2.072086572647094727e+00
1.162180185317993164e+00
-6.228548288345336914e-01
-1.724030137062072754e+00
-1.174093604087829590e+00
9.914213418960571289e-01
-3.892961740493774414e-01
1.495744585990905762e+00
-2.407623767852783203e+00
4.239155352115631104e-02
1.032779574394226074e+00
-8.832448124885559082e-01
-9.731115102767944336e-01
1.546361804008483887e+00
7.787955403327941895e-01
-2.241821765899658203e+00
-1.201557636260986328e+00
-1.613207936286926270e+00
2.003195762634277344e+00
-1.472375273704528809e+00
6.132543683052062988e-01
2.141056060791015625e+00
1.306959837675094604e-01
2.391915172338485718e-01
-1.341372847557067871e+00
3.512265384197235107e-01
1.462533116340637207e+00
-3.407953307032585144e-02
1.637385010719299316e+00
-1.861268520355224609e+00
-1.169926881790161133e+00
1.382444858551025391e+00
-1.198755025863647461e+00
1.224364042282104492e+00
-1.356162071228027344e+00
-2.010126352310180664e+00
9.434676170349121094e-01
-1.069235444068908691e+00
-1.493898034095764160e+00
-6.087711453437805176e-01
1.042012214660644531e+00
-1.207422971725463867e+00
-6.892743706703186035e-01
1.641143918037414551e+00
7.211698293685913086e-01
