6.268599629402160645e-01
-6.866849660873413086e-01
-2.275854721665382385e-02
2.771772146224975586e-01
1.343651175498962402e+00
4.359357953071594238e-01
2.697018980979919434e-01
5.038627237081527710e-02
-3.366619944572448730e-01
-1.104657649993896484e-01
-3.351885676383972168e-01
2.516001939773559570e+00
1.626306027173995972e-01
2.759669125080108643e-01
2.143323123455047607e-01
-1.542834520339965820e+00
-1.133856654167175293e+00
2.181657314300537109e+00
-3.212464153766632080e-01
-1.101496338844299316e+00
-1.689146637916564941e+00
-7.315300107002258301e-01
7.351856231689453125e-01
-2.790090627968311310e-02
-1.058284401893615723e+00
-9.603163599967956543e-01
-8.485990762710571289e-01
-7.713624238967895508e-01
3.459503948688507080e-01
1.277719855308532715e+00
-1.157974839210510254e+00
-3.774991333484649658e-01
4.607896804809570312e-01
9.120201319456100464e-02
-2.777666449546813965e-01
-1.120474860072135925e-01
1.295994997024536133e+00
1.682230591773986816e+00
-1.002583265304565430e+00
1.077483892440795898e+00
-3.253949403762817383e+00
-5.923036336898803711e-01
1.521602869033813477e+00
1.061733007431030273e+00
-4.883967638015747070e-01
5.384555459022521973e-01
-1.008803009986877441e+00
1.077461957931518555e+00
6.270790696144104004e-01
2.047458410263061523e+00
6.291400641202926636e-02
-4.892859458923339844e-01
-5.408876538276672363e-01
-4.022030830383300781e-01
-1.834480166435241699e+00
1.282216072082519531e+00
9.242875128984451294e-02
-6.846126914024353027e-01
7.082976698875427246e-01
-5.947787761688232422e-01
-1.974994540214538574e+00
1.280639767646789551e+00
-8.386347293853759766e-01
-8.478482961654663086e-01
-6.980329006910324097e-02
1.223781824111938477e+00
-5.165273547172546387e-01
7.262687087059020996e-01
-3.681802749633789062e-01
2.100298404693603516e+00
9.450323134660720825e-02
-2.464766979217529297e+00
2.508942127227783203e+00
1.193238139152526855e+00
1.250836253166198730e+00
1.329931765794754028e-01
1.227779872715473175e-02
-1.025754809379577637e+00
9.457510113716125488e-01
-2.553646862506866455e-01
1.462559461593627930e+00
-9.435696005821228027e-01
-2.901388108730316162e-01
-3.726887106895446777e-01
-5.471159815788269043e-01
1.486821919679641724e-01
-2.206086397171020508e+00
-2.870856761932373047e+00
1.907632589340209961e+00
1.320029973983764648e+00
-5.336373448371887207e-01
-1.675375550985336304e-01
-8.678439259529113770e-01
-1.149179637432098389e-01
5.397054553031921387e-01
2.498553276062011719e+00
1.246321082115173340e+00
-9.018920660018920898e-01
-5.306592583656311035e-02
2.906409800052642822e-01
-1.580575406551361084e-01
-7.762967348098754883e-01
-7.420527935028076172e-01
-1.888268887996673584e-01
5.231582522392272949e-01
1.328762531280517578e+00
1.141877532005310059e+00
-1.003793597221374512e+00
5.431487560272216797e-01
-2.655359745025634766e+00
-1.379202365875244141e+00
7.463910579681396484e-01
-9.768927097320556641e-02
-9.427511692047119141e-01
1.116873741149902344e+00
-1.310658454895019531e+00
3.156324625015258789e-01
-1.167031526565551758e+00
-9.298887848854064941e-01
1.962267518043518066e+00
-5.144202709197998047e-01
-7.148465514183044434e-01
2.272730588912963867e+00
7.354538142681121826e-02
-1.202610731124877930e+00
-1.401386857032775879e+00
-8.570287823677062988e-01
1.555324792861938477e+00
