7.595238089561462402e-01
1.345286726951599121e+00
2.111340910196304321e-01
2.598673105239868164e-01
3.135983943939208984e-01
4.823758602142333984e-01
-1.611051708459854126e-01
7.048050761222839355e-01
7.809560894966125488e-01
-9.789316058158874512e-01
4.750683903694152832e-01
-1.676637679338455200e-01
9.933051466941833496e-01
6.382972002029418945e-01
1.098825559020042419e-01
-1.286061644554138184e+00
-8.875528573989868164e-01
4.792497307062149048e-02
9.273093193769454956e-02
-1.291097044944763184e+00
1.398786902427673340e+00
-2.011342048645019531e+00
-1.248156189918518066e+00
6.091963052749633789e-01
-4.884109795093536377e-01
1.339662522077560425e-01
1.635887145996093750e+00
-2.272294282913208008e+00
-6.422744393348693848e-01
6.448076367378234863e-01
2.199894189834594727e+00
-2.853870630264282227e+00
-1.840911865234375000e+00
1.706324934959411621e+00
-2.306820392608642578e+00
1.250541687011718750e+00
-4.360700845718383789e-01
-4.513725936412811279e-01
1.818928360939025879e+00
-1.049291014671325684e+00
2.670650780200958252e-01
1.238260626792907715e+00
1.231163501739501953e+00
1.282544016838073730e+00
7.174738645553588867e-01
-8.641427159309387207e-01
4.697941541671752930e-01
1.443296670913696289e-01
3.751819133758544922e-01
-6.558570265769958496e-01
2.311668157577514648e+00
5.439780652523040771e-02
-8.568353652954101562e-01
7.947902083396911621e-01
-1.517342567443847656e+00
-4.915175437927246094e-01
-6.748254299163818359e-01
2.000099569559097290e-01
3.333010435104370117e+00
-1.605909019708633423e-01
1.587424874305725098e+00
5.608584284782409668e-01
1.534930348396301270e+00
2.409499883651733398e+00
1.728099465370178223e+00
-1.945750713348388672e+00
-5.716743469238281250e-01
4.697823226451873779e-01
1.263210773468017578e+00
7.610101699829101562e-01
7.584940195083618164e-01
-7.191929221153259277e-01
9.140255451202392578e-01
-1.864430308341979980e-01
-1.935091376304626465e+00
-1.080129504203796387e+00
-9.967522621154785156e-01
-2.023150920867919922e+00
1.761380434036254883e-01
-1.529732465744018555e+00
5.717532038688659668e-01
7.702995091676712036e-02
-1.985126018524169922e+00
-3.344385325908660889e-01
1.491149425506591797e+00
-6.033605337142944336e-01
-2.718865394592285156e+00
3.448074758052825928e-01
5.388330817222595215e-01
-1.453041881322860718e-01
2.292329072952270508e+00
-3.137782812118530273e+00
1.877095317468047142e-03
1.632041096687316895e+00
7.131282091140747070e-01
-9.236807227134704590e-01
1.165072679519653320e+00
-1.420791298151016235e-01
-6.733509302139282227e-01
1.414252370595932007e-01
-1.031568646430969238e+00
3.955495357513427734e-01
4.478207826614379883e-01
1.384746670722961426e+00
-1.134547516703605652e-01
-2.168303281068801880e-01
-9.073504209518432617e-01
-3.720071911811828613e-01
1.945307850837707520e+00
-4.634752273559570312e-01
-1.111780524253845215e+00
1.130917191505432129e+00
-1.050554990768432617e+00
-2.155565977096557617e+00
-1.731914132833480835e-01
6.139145493507385254e-01
1.079809188842773438e+00
-4.495634883642196655e-02
-9.051430225372314453e-01
-3.111791610717773438e-01
-8.210794925689697266e-01
-1.945222020149230957e-01
1.137541770935058594e+00
-8.063374757766723633e-01
-9.628955721855163574e-01
5.160011351108551025e-02
-1.548795580863952637e+00
-1.264874100685119629e+00
