-9.762013554573059082e-01
1.827028095722198486e-01
-3.106701076030731201e-01
6.792291998863220215e-01
-1.093406438827514648e+00
-7.141408324241638184e-02
-6.184135079383850098e-01
-1.848211586475372314e-01
-2.736624240875244141e+00
-1.017232537269592285e+00
3.182534873485565186e-01
2.580417394638061523e-01
-1.303642749786376953e+00
6.829512119293212891e-01
-1.510731130838394165e-01
1.199779629707336426e+00
9.702231287956237793e-01
-7.461034059524536133e-01
-1.221285462379455566e+00
1.501178741455078125e+00
-5.746951699256896973e-01
-1.951931953430175781e+00
3.304233312606811523e+00
1.137588739395141602e+00
-2.126918077468872070e+00
1.761341094970703125e+00
2.443011522293090820e+00
7.548010349273681641e-01
6.179028153419494629e-01
1.010002613067626953e+00
-5.621353387832641602e-01
2.962916195392608643e-01
-1.113543033599853516e+00
4.600860476493835449e-01
-1.498622894287109375e+00
-1.576418429613113403e-02
3.676156401634216309e-01
-9.501037746667861938e-02
-1.259366393089294434e+00
-1.331732988357543945e+00
1.781535983085632324e+00
-1.180576324462890625e+00
1.067370295524597168e+00
2.073744535446166992e+00
1.503176808357238770e+00
1.958207368850708008e+00
-4.834302663803100586e-01
7.319431900978088379e-01
1.898029148578643799e-01
2.788751125335693359e+00
8.590772747993469238e-01
-2.923850417137145996e-01
1.117643713951110840e+00
6.270241737365722656e-02
-4.127451181411743164e-01
9.498907923698425293e-01
3.385629177093505859e+00
-1.920693635940551758e+00
3.273632824420928955e-01
1.225082755088806152e+00
-2.535281658172607422e+00
1.605494379997253418e+00
-2.371585130691528320e+00
3.387916088104248047e-01
-7.574213147163391113e-01
-1.012580037117004395e+00
-1.529524326324462891e+00
1.964880704879760742e+00
-1.119089365005493164e+00
-6.138305068016052246e-01
2.150173664093017578e+00
-1.461470842361450195e+00
6.993569731712341309e-01
6.180821061134338379e-01
4.403417706489562988e-01
1.028325319290161133e+00
1.087896704673767090e+00
7.716580629348754883e-01
-2.490858733654022217e-01
-1.660504221916198730e+00
8.730172514915466309e-01
-3.898597359657287598e-01
1.327188014984130859e+00
-1.559800744056701660e+00
2.204364091157913208e-01
-1.373239159584045410e+00
7.915779948234558105e-01
-2.429124116897583008e+00
3.186767101287841797e-01
-7.591908574104309082e-01
-2.232237577438354492e+00
-3.502619266510009766e-01
-1.296158790588378906e+00
9.064580202102661133e-01
4.100417792797088623e-01
-1.916935920715332031e+00
-7.676701247692108154e-02
-7.079957425594329834e-02
1.792344748973846436e-01
1.127689838409423828e+00
1.849926948547363281e+00
8.568868041038513184e-02
-3.138969659805297852e+00
2.217314243316650391e+00
1.212623119354248047e+00
1.249329566955566406e+00
-3.252855241298675537e-01
-1.929713129997253418e+00
-1.047720074653625488e+00
-8.481740951538085938e-01
5.209829807281494141e-01
1.180759787559509277e+00
6.875247359275817871e-01
-2.504234202206134796e-03
-6.654662489891052246e-01
-8.927249908447265625e-01
-1.350466609001159668e-01
-2.593523740768432617e+00
2.981390357017517090e-01
-1.793607473373413086e+00
1.458061933517456055e+00
-5.074352622032165527e-01
-1.218673825263977051e+00
-2.060022354125976562e+00
6.274987757205963135e-02
6.311464309692382812e-01
-4.517938494682312012e-01
-1.116659760475158691e+00
