1.635373830795288086e+00
1.079060286283493042e-01
5.954589843750000000e-01
-1.292341500520706177e-01
1.065970540046691895e+00
3.107679486274719238e-01
-1.467867791652679443e-01
-1.363206267356872559e+00
-6.140552461147308350e-03
-1.825550347566604614e-01
-2.012680292129516602e+00
-7.155956625938415527e-01
7.357744574546813965e-01
6.210315823554992676e-01
-2.857901751995086670e-01
-2.093017578125000000e+00
-1.419409513473510742e+00
1.387752175331115723e+00
-2.017123222351074219e+00
2.961868762969970703e+00
7.008252143859863281e-01
-7.456327080726623535e-01
5.160006284713745117e-01
-1.523607492446899414e+00
-2.153948843479156494e-01
9.175673872232437134e-02
1.572792232036590576e-01
-9.320335984230041504e-01
-1.145808219909667969e+00
1.927889704704284668e+00
9.922494292259216309e-01
8.826373517513275146e-02
1.112461015582084656e-01
-2.289780855178833008e+00
5.195617079734802246e-01
1.388211488723754883e+00
5.437995195388793945e-01
8.329378962516784668e-01
-1.367237925529479980e+00
5.801695585250854492e-01
-1.823154568672180176e+00
-4.920257627964019775e-01
7.152595520019531250e-01
1.431784033775329590e+00
6.199682950973510742e-01
-2.165631204843521118e-01
-1.673953771591186523e+00
1.003438591957092285e+00
7.422149181365966797e-01
1.351361036300659180e+00
-1.779819965362548828e+00
-2.095307588577270508e+00
-1.542385458946228027e+00
1.382202863693237305e+00
-2.597832202911376953e+00
-3.790849149227142334e-01
1.149613857269287109e+00
1.354651093482971191e+00
1.039333820343017578e+00
2.056334733963012695e+00
-1.255166053771972656e+00
1.202405452728271484e+00
-4.058133065700531006e-01
9.882923960685729980e-01
1.389702439308166504e+00
-1.159778237342834473e+00
1.787109822034835815e-01
4.289686381816864014e-01
-2.207915335893630981e-01
6.048161983489990234e-01
-2.203631550073623657e-01
-2.006583660840988159e-01
2.594931423664093018e-01
9.885850548744201660e-01
1.538596153259277344e+00
-1.115678325295448303e-01
-1.489962220191955566e+00
4.206031188368797302e-02
1.293484568595886230e+00
-9.786522984504699707e-01
-2.234593778848648071e-01
-2.102197855710983276e-01
-1.173071861267089844e+00
-8.764514923095703125e-01
-4.874953031539916992e-01
-2.010644912719726562e+00
-3.176036849617958069e-02
-1.864522337913513184e+00
-2.372651845216751099e-01
-3.827048540115356445e-01
1.052188873291015625e+00
-1.435856223106384277e+00
-8.145053386688232422e-01
1.077797055244445801e+00
8.423656225204467773e-01
2.165861129760742188e+00
5.871966481208801270e-01
7.156100273132324219e-01
-1.731083273887634277e+00
-1.691185355186462402e+00
-1.011367514729499817e-01
-7.798898816108703613e-01
-7.432454824447631836e-01
-8.256530165672302246e-01
2.741991996765136719e+00
1.157719135284423828e+00
3.229565918445587158e-01
-5.555607080459594727e-01
2.332669734954833984e+00
-9.784854650497436523e-01
6.072952747344970703e-01
1.773954749107360840e+00
2.089716494083404541e-01
-9.767016768455505371e-01
1.782691292464733124e-02
-1.054211974143981934e+00
1.764837622642517090e+00
3.218379914760589600e-01
5.342026948928833008e-01
1.067361235618591309e-01
-2.566276192665100098e-01
1.980119347572326660e-01
6.685984134674072266e-01
-2.148221731185913086e-01
-1.384960293769836426e+00
-1.750469803810119629e+00
-1.555751115083694458e-01
2.072397232055664062e+00
