6.794980168342590332e-01
-6.672934293746948242e-01
-5.676911473274230957e-01
2.063814401626586914e-01
1.061422899365425110e-01
4.703208804130554199e-01
-1.816063046455383301e+00
7.657203823328018188e-02
1.265018463134765625e+00
-1.002500057220458984e+00
2.545201778411865234e-01
-1.240130305290222168e+00
1.104642152786254883e+00
-1.011619210243225098e+00
1.156547307968139648e+00
-7.172604203224182129e-01
5.019710063934326172e-01
3.869007527828216553e-01
1.985713005065917969e+00
1.695175170898437500e-01
9.923716783523559570e-01
-2.582121849060058594e+00
1.531416654586791992e+00
-3.853254318237304688e-01
-2.144680738449096680e+00
-1.830120563507080078e+00
1.856742262840270996e+00
-1.813880205154418945e-01
-1.913335174322128296e-01
6.413816809654235840e-01
-4.371853470802307129e-01
-2.641666650772094727e+00
-1.160288214683532715e+00
-1.517736077308654785e+00
6.470028162002563477e-01
7.520029544830322266e-01
-2.507418155670166016e+00
1.837256252765655518e-01
5.305930972099304199e-01
-1.318212151527404785e+00
-1.045769453048706055e+00
3.598179817199707031e-01
1.859833240509033203e+00
1.187495589256286621e+00
-8.808566331863403320e-01
4.016674041748046875e+00
-1.027822732925415039e+00
2.214429974555969238e-01
1.627433061599731445e+00
2.480154335498809814e-01
8.407247662544250488e-01
7.777566462755203247e-02
-3.426865637302398682e-01
5.836805105209350586e-01
1.193146228790283203e+00
1.167293906211853027e+00
1.504738926887512207e-01
-3.883039355278015137e-01
-6.368041634559631348e-01
1.175587177276611328e+00
-1.155096888542175293e+00
-7.965201139450073242e-01
-1.362165212631225586e-01
2.422276020050048828e+00
1.073921203613281250e+00
-4.241158813238143921e-02
6.106008887290954590e-01
-1.169248938560485840e+00
-2.461877822875976562e+00
2.072452008724212646e-01
1.621537685394287109e+00
2.185549259185791016e+00
4.789452850818634033e-01
5.738945603370666504e-01
-1.117596387863159180e+00
-1.120530724525451660e+00
-1.121237635612487793e+00
-1.763656377792358398e+00
6.960237622261047363e-01
-3.561691045761108398e-01
4.207234680652618408e-01
5.026750266551971436e-02
-8.220896124839782715e-01
-1.902343273162841797e+00
2.266653537750244141e+00
-8.902844190597534180e-01
-2.183230876922607422e+00
-2.293461859226226807e-01
1.885228008031845093e-01
-4.889041483402252197e-01
-7.429934144020080566e-01
-1.063518524169921875e+00
-1.007274389266967773e+00
-1.893621683120727539e+00
2.016957521438598633e+00
-2.813859283924102783e-01
-7.923813164234161377e-02
1.321605563163757324e+00
-6.178575102239847183e-03
2.492554187774658203e+00
7.708955407142639160e-01
3.878205716609954834e-01
-5.819687247276306152e-01
-4.642891511321067810e-02
3.256237983703613281e+00
6.587601304054260254e-01
8.643624931573867798e-02
1.308782696723937988e+00
-4.699402153491973877e-01
-1.767339408397674561e-01
-1.282221674919128418e-01
7.156392335891723633e-01
-7.964539527893066406e-01
-1.660025119781494141e+00
2.406935691833496094e+00
-1.978157281875610352e+00
-1.387007594108581543e+00
5.878118053078651428e-02
-1.232324481010437012e+00
-8.847912549972534180e-01
-1.313855648040771484e+00
-5.912168882787227631e-03
5.179781913757324219e-01
-2.114591836929321289e+00
-1.638741642236709595e-01
-3.614002764225006104e-01
9.301152825355529785e-01
1.655615448951721191e+00
