-7.847353219985961914e-01
-4.048987329006195068e-01
-8.460116982460021973e-01
2.435494065284729004e-01
-1.567703485488891602e-01
7.111979722976684570e-01
-1.617122292518615723e+00
4.726361334323883057e-01
1.206666827201843262e+00
-1.193512439727783203e+00
-1.584020555019378662e-01
-3.462721705436706543e-01
-2.138215005397796631e-01
-7.630107998847961426e-01
5.245168209075927734e-01
-1.279141545295715332e+00
1.156087756156921387e+00
4.886765778064727783e-01
2.999398946762084961e+00
-3.160983026027679443e-01
1.562206447124481201e-01
-2.577035188674926758e+00
1.455801844596862793e+00
-2.880828976631164551e-01
-2.995715856552124023e+00
-3.384242653846740723e-01
1.856064677238464355e+00
-9.703102707862854004e-01
9.966316223144531250e-01
3.972729146480560303e-01
1.402221769094467163e-01
-3.101963520050048828e+00
-9.915336966514587402e-01
-1.570980668067932129e+00
4.789197742938995361e-01
9.326118230819702148e-01
-1.600560903549194336e+00
-2.603171579539775848e-02
9.271266311407089233e-02
-1.900396943092346191e+00
-8.228543996810913086e-01
6.579613089561462402e-01
1.794986963272094727e+00
5.627858638763427734e-01
-1.041533112525939941e+00
4.132541656494140625e+00
-6.737675070762634277e-01
-5.305249691009521484e-01
2.251025199890136719e+00
7.668087631464004517e-02
9.639170169830322266e-01
8.625207543373107910e-01
-9.791992306709289551e-01
3.986628055572509766e-01
1.047724246978759766e+00
2.560517787933349609e+00
7.447950839996337891e-01
-1.342273116111755371e+00
-7.875868678092956543e-01
-4.331150054931640625e-01
-2.081068515777587891e+00
3.105689585208892822e-01
-1.822794079780578613e+00
2.060199260711669922e+00
3.833471238613128662e-01
4.767210036516189575e-02
3.242382407188415527e-01
-1.104231476783752441e+00
-2.810163021087646484e+00
1.820981055498123169e-01
1.386147856712341309e+00
1.877592444419860840e+00
2.101832330226898193e-01
5.335773825645446777e-01
-2.201349496841430664e+00
-4.549185335636138916e-01
-1.538909077644348145e+00
-3.506891131401062012e-01
5.468556880950927734e-01
-1.962811648845672607e-01
3.495947271585464478e-02
2.008258104324340820e-01
1.459699749946594238e+00
-1.825786352157592773e+00
2.421298027038574219e+00
5.656935572624206543e-01
-1.987120032310485840e+00
-5.561181306838989258e-01
3.038163483142852783e-02
-6.460171192884445190e-02
-1.361488342285156250e+00
-6.918120197951793671e-04
-1.751096725463867188e+00
-2.112890005111694336e+00
9.001433253288269043e-01
-7.187940925359725952e-02
-1.657347753643989563e-02
5.241410136222839355e-01
1.108245253562927246e+00
2.372268438339233398e+00
4.550382792949676514e-01
-2.150795906782150269e-01
-7.045020461082458496e-01
8.831630349159240723e-01
3.422714710235595703e+00
-1.647002100944519043e-01
-5.991284847259521484e-01
6.071289777755737305e-01
-2.505179047584533691e-01
-8.448715209960937500e-01
8.758095093071460724e-03
5.082940459251403809e-01
6.248359084129333496e-01
-8.640187978744506836e-01
1.535569310188293457e+00
-1.881896853446960449e+00
-1.794383645057678223e+00
-2.287432402372360229e-01
-1.381818890571594238e+00
4.176174998283386230e-01
-3.680174052715301514e-01
4.212274551391601562e-01
1.267431378364562988e+00
-1.447535753250122070e+00
3.607833981513977051e-01
-6.898732185363769531e-01
1.460641503334045410e+00
9.050761461257934570e-01
