1.515200853347778320e+00
-3.118794679641723633e+00
-1.069325685501098633e+00
-1.452465504407882690e-01
1.684218883514404297e+00
1.154999256134033203e+00
2.453863620758056641e+00
6.543866358697414398e-03
7.600748538970947266e-01
-1.144346117973327637e+00
1.515134871006011963e-01
1.354377031326293945e+00
7.344762682914733887e-01
4.749714434146881104e-01
5.009576678276062012e-01
-1.381130218505859375e+00
6.721698045730590820e-01
1.757479429244995117e+00
1.589538574218750000e+00
3.082171201705932617e+00
-1.202169209718704224e-01
-1.734250187873840332e+00
-3.042132556438446045e-01
1.583784818649291992e+00
-2.440469264984130859e+00
3.077233076095581055e+00
1.199975967407226562e+00
-3.569248318672180176e-02
9.585106372833251953e-01
-5.194196105003356934e-02
-6.033001542091369629e-01
6.060839295387268066e-01
-2.550569534301757812e+00
3.803214728832244873e-01
-4.191921055316925049e-01
1.272165417671203613e+00
8.612705469131469727e-01
-1.540820240974426270e+00
-2.477066963911056519e-01
-5.085821747779846191e-01
-3.064841032028198242e-03
6.327483057975769043e-02
1.386914372444152832e+00
-1.177633166313171387e+00
-1.403431415557861328e+00
3.624814033508300781e+00
-1.772237420082092285e-01
-1.247271224856376648e-01
-7.110818624496459961e-01
-1.227328896522521973e+00
3.715123534202575684e-01
-1.447336077690124512e+00
1.230081796646118164e+00
-1.088283777236938477e+00
-1.869688741862773895e-02
8.319026827812194824e-01
3.259208798408508301e-01
-1.608580589294433594e+00
4.114391282200813293e-02
-4.971275329589843750e-01
-1.838284611701965332e+00
3.775856018066406250e+00
-1.720134496688842773e+00
2.082141488790512085e-01
-2.851957678794860840e-01
-1.527579903602600098e+00
7.922531664371490479e-02
-9.620891809463500977e-01
1.177185893058776855e+00
6.578750014305114746e-01
5.133728031069040298e-03
-1.804824948310852051e+00
7.643026113510131836e-01
1.275944113731384277e+00
8.617829084396362305e-01
-2.228007651865482330e-02
1.066388726234436035e+00
-2.158580422401428223e-01
3.931724131107330322e-01
-3.576477766036987305e-01
1.265811324119567871e+00
-5.341879725456237793e-01
-1.828528046607971191e+00
-1.430376172065734863e+00
-4.590241312980651855e-01
5.416327714920043945e-01
-8.896117210388183594e-01
4.409622550010681152e-01
2.750746905803680420e-02
-2.242689579725265503e-01
-7.327459454536437988e-01
-5.918174982070922852e-01
1.499751806259155273e-01
-1.716721653938293457e-01
-9.505662918090820312e-01
1.255708813667297363e+00
-9.909762144088745117e-01
-1.400976181030273438e+00
3.161630406975746155e-02
-1.416107535362243652e+00
1.783966779708862305e+00
-1.387865781784057617e+00
1.008052468299865723e+00
2.038440406322479248e-01
8.469089269638061523e-01
1.072483897209167480e+00
2.526905238628387451e-01
-9.197159409523010254e-01
-2.104811370372772217e-01
-1.462211847305297852e+00
-6.432709097862243652e-01
1.577545285224914551e+00
-1.020879983901977539e+00
7.183877825736999512e-01
-5.729536414146423340e-01
-2.559790909290313721e-01
-1.145738661289215088e-01
-4.977239370346069336e-01
1.313088536262512207e+00
-6.279569864273071289e-01
-1.340408325195312500e+00
-1.650775671005249023e+00
5.534341931343078613e-01
-6.366935968399047852e-01
-5.393638014793395996e-01
-1.154496908187866211e+00
5.355432033538818359e-01
-1.567822933197021484e+00
