-4.978346824645996094e-01
-2.036743760108947754e-01
-5.587642788887023926e-01
7.258140444755554199e-01
-3.209453821182250977e-01
1.776146650314331055e+00
1.010649353265762329e-01
6.660933494567871094e-01
7.221355438232421875e-01
2.486012220382690430e+00
-4.229570031166076660e-01
-9.370380043983459473e-01
8.275823295116424561e-02
7.137318849563598633e-01
8.921393156051635742e-01
2.793670594692230225e-01
1.529023528099060059e+00
5.709528326988220215e-01
1.153761982917785645e+00
2.351776838302612305e+00
-2.607420682907104492e-01
2.211753427982330322e-01
3.694240152835845947e-01
-7.104277014732360840e-01
-1.445128917694091797e+00
1.605760574340820312e+00
7.085016965866088867e-01
-8.610675930976867676e-01
1.822147488594055176e+00
-5.343185663223266602e-01
-7.355497479438781738e-01
-5.724182724952697754e-01
-9.178785681724548340e-01
1.730813980102539062e+00
1.657556653022766113e+00
1.485599637031555176e+00
1.744551777839660645e+00
4.964830577373504639e-01
-2.238778173923492432e-01
-6.885134428739547729e-02
-9.883345961570739746e-01
-6.675049662590026855e-02
2.907672822475433350e-01
7.345262169837951660e-01
-5.492684841156005859e-01
-9.026062488555908203e-01
4.969066381454467773e-01
-7.919331789016723633e-01
2.004331111907958984e+00
8.724189996719360352e-01
6.241888403892517090e-01
-1.504911422729492188e+00
1.824920058250427246e+00
-8.804935812950134277e-01
1.373790621757507324e+00
-2.932562530040740967e-01
9.367029070854187012e-01
-5.584890842437744141e-01
3.310765027999877930e-01
1.154201388359069824e+00
-1.737276911735534668e+00
2.824518680572509766e+00
-3.423122882843017578e+00
2.056590080261230469e+00
1.496331691741943359e+00
-1.494964838027954102e+00
8.457349538803100586e-01
-1.574207901954650879e+00
-9.992235153913497925e-02
8.848924040794372559e-01
-3.060665428638458252e-01
3.867379724979400635e-01
1.957218647003173828e+00
8.204551935195922852e-01
-2.743895530700683594e+00
3.134204745292663574e-01
-8.728280067443847656e-01
-1.104331016540527344e+00
-5.048872232437133789e-01
-1.177803516387939453e+00
1.727512955665588379e+00
-2.235464155673980713e-01
2.275460958480834961e+00
-3.299346446990966797e+00
-2.161707162857055664e+00
-9.037944674491882324e-01
6.785660386085510254e-01
-1.457773208618164062e+00
-8.327803760766983032e-02
-1.285362958908081055e+00
-7.425870895385742188e-01
-2.941258549690246582e-01
-1.514444589614868164e+00
-1.048058152198791504e+00
5.054432153701782227e-01
-2.442451953887939453e+00
-1.044566035270690918e+00
-2.239060401916503906e-01
5.585013628005981445e-01
-1.832983195781707764e-01
5.002748370170593262e-01
1.259217023849487305e+00
-9.431144595146179199e-01
1.036024808883666992e+00
4.502883434295654297e+00
3.466575145721435547e-01
-2.654490232467651367e+00
-1.500239014625549316e+00
-1.991275906562805176e+00
-1.402911543846130371e-01
1.231366276741027832e+00
1.941400408744812012e+00
1.022926688194274902e+00
-5.234112143516540527e-01
-1.412824153900146484e+00
-6.099358797073364258e-01
-1.171037793159484863e+00
-7.946262955665588379e-01
-9.834676384925842285e-01
-1.303935885429382324e+00
1.195910692214965820e+00
-1.728724360466003418e+00
-8.009244799613952637e-01
-1.145485639572143555e+00
1.304619908332824707e-01
-1.240790963172912598e+00
-8.676047325134277344e-01
-1.170835494995117188e+00
