1.470014750957489014e-01
3.389275074005126953e-01
-6.175166368484497070e-01
1.098611578345298767e-01
4.228514134883880615e-01
7.350660562515258789e-01
-1.816150188446044922e+00
4.781232774257659912e-01
5.190819501876831055e-01
-8.227196335792541504e-01
1.075767278671264648e+00
1.278653979301452637e+00
8.353018164634704590e-01
-1.292363286018371582e+00
8.407016992568969727e-01
-8.690592646598815918e-01
5.054181218147277832e-01
1.012341856956481934e+00
2.967988014221191406e+00
-1.723870396614074707e+00
3.932419698685407639e-03
-2.743661880493164062e+00
1.331597447395324707e+00
-1.509912125766277313e-02
-2.880127906799316406e+00
-1.238814949989318848e+00
9.906412959098815918e-01
-3.010687828063964844e-01
7.401441335678100586e-01
7.840106487274169922e-01
-9.132524132728576660e-01
-2.843125820159912109e+00
-1.097317934036254883e+00
-4.358275830745697021e-01
-3.495294153690338135e-01
1.075309991836547852e+00
-1.952664136886596680e+00
1.645787209272384644e-01
5.886067152023315430e-01
-1.303537487983703613e+00
-7.943066954612731934e-01
3.342746496200561523e-01
1.820326447486877441e+00
1.243531584739685059e+00
-2.096537113189697266e+00
4.420007228851318359e+00
-1.739930033683776855e+00
9.563018567860126495e-03
1.760144710540771484e+00
-6.212008595466613770e-01
8.885583281517028809e-01
1.215832352638244629e+00
-7.337249517440795898e-01
1.820683926343917847e-01
7.458262443542480469e-01
2.412397623062133789e+00
5.190346837043762207e-01
-1.021571755409240723e+00
-1.387537956237792969e+00
-3.686738014221191406e-01
-1.810606002807617188e+00
1.311241388320922852e+00
-1.359724402427673340e+00
1.628439664840698242e+00
1.706472784280776978e-01
-9.680728316307067871e-01
-1.878920048475265503e-01
-8.159452676773071289e-01
-2.118487596511840820e+00
1.152904555201530457e-01
1.401474118232727051e+00
1.944999337196350098e+00
-9.374493733048439026e-03
6.098271608352661133e-01
-1.134567022323608398e+00
-4.932055473327636719e-01
-6.688256859779357910e-01
-6.963232159614562988e-01
7.780825495719909668e-01
-2.961405515670776367e-01
6.535888910293579102e-01
-1.660977452993392944e-01
8.915740251541137695e-01
-2.016224622726440430e+00
1.771756410598754883e+00
5.530017614364624023e-02
-2.611272811889648438e+00
-7.477788329124450684e-01
6.549356579780578613e-01
-7.840479165315628052e-02
-6.385326981544494629e-01
4.342181235551834106e-02
-1.112868905067443848e+00
-1.604382991790771484e+00
5.396882295608520508e-01
2.521017193794250488e-02
-3.401039540767669678e-01
4.063358306884765625e-01
5.523197650909423828e-01
1.337850332260131836e+00
9.487435817718505859e-01
1.978335678577423096e-01
-8.833012580871582031e-01
9.473966360092163086e-01
2.517391443252563477e+00
-3.744460642337799072e-01
2.055669762194156647e-02
1.083188414573669434e+00
-2.351421564817428589e-01
-2.891603671014308929e-02
-1.188328862190246582e+00
1.318702459335327148e+00
-6.431461870670318604e-02
-1.908230781555175781e+00
2.679989099502563477e+00
-2.826003551483154297e+00
-1.102039933204650879e+00
-6.715595722198486328e-01
-2.344069004058837891e+00
5.633503794670104980e-01
-9.630545377731323242e-01
5.574400424957275391e-01
1.643977403640747070e+00
-1.496359109878540039e-01
1.440469473600387573e-01
-8.167191594839096069e-02
4.881344139575958252e-01
1.033271908760070801e+00
