-6.811532378196716309e-01
7.122661471366882324e-01
6.137492135167121887e-02
-1.021961569786071777e+00
-4.892050623893737793e-01
2.158208608627319336e+00
-7.427067756652832031e-01
5.099650025367736816e-01
-9.050738215446472168e-01
-1.161184430122375488e+00
-8.061179518699645996e-02
-5.074979066848754883e-01
-8.848274350166320801e-01
-9.695934653282165527e-01
7.551808953285217285e-01
-1.739558577537536621e+00
-9.614657759666442871e-01
7.170992493629455566e-01
4.182037413120269775e-01
4.438019096851348877e-01
-5.763536095619201660e-01
-6.465443372726440430e-01
2.351817041635513306e-01
2.200752258300781250e+00
-8.387738466262817383e-01
-1.723321527242660522e-01
-1.395938038825988770e+00
8.279520273208618164e-01
3.847026228904724121e-01
1.833488702774047852e+00
-2.746085524559020996e-01
2.858172655105590820e+00
2.841919064521789551e-01
9.299858808517456055e-01
-7.871772646903991699e-01
3.453209996223449707e-01
4.310422539710998535e-01
6.382272243499755859e-01
1.135761141777038574e+00
9.592650085687637329e-02
1.837927699089050293e+00
1.998092383146286011e-01
2.532800912857055664e+00
1.267489790916442871e+00
-5.802576541900634766e-01
-1.679067492485046387e+00
-8.219157457351684570e-01
3.922523558139801025e-02
-3.931402266025543213e-01
-1.592589497566223145e+00
-5.811490416526794434e-01
-7.746878862380981445e-01
4.981243014335632324e-01
1.055184602737426758e+00
-2.588205039501190186e-01
1.448723077774047852e+00
8.927626609802246094e-01
1.492721080780029297e+00
-5.198374986648559570e-01
1.270119667053222656e+00
-4.350580871105194092e-01
-8.768934607505798340e-01
4.239397943019866943e-01
5.119601488113403320e-01
-3.238850831985473633e-01
-3.113198041915893555e+00
6.466506123542785645e-01
-1.285694073885679245e-02
1.588918805122375488e+00
1.723333448171615601e-01
6.176891326904296875e-01
1.749974370002746582e+00
3.379487395286560059e-01
5.774593353271484375e-01
6.003304123878479004e-01
-1.668896794319152832e+00
6.748210191726684570e-01
-2.519308567047119141e+00
-2.118830919265747070e+00
-5.300085544586181641e-01
7.957735061645507812e-01
-2.442526817321777344e+00
4.476324319839477539e-01
-2.491795867681503296e-01
9.561936855316162109e-01
-1.658459305763244629e+00
-6.245904564857482910e-01
8.067982643842697144e-02
-8.902812600135803223e-01
2.037769556045532227e-01
7.527850568294525146e-02
-1.060231566429138184e+00
-1.123637914657592773e+00
-5.869976058602333069e-02
1.497944593429565430e+00
-5.123104453086853027e-01
-4.198182225227355957e-01
1.455324739217758179e-01
3.239102959632873535e-01
8.768430948257446289e-01
-2.563350439071655273e+00
7.750470042228698730e-01
-8.194713592529296875e-01
7.253022789955139160e-01
-2.448753595352172852e+00
6.162512302398681641e-01
1.093546390533447266e+00
-5.945518612861633301e-01
1.292237192392349243e-01
-1.277770251035690308e-01
-6.875298023223876953e-01
2.275058776140213013e-01
-1.822699010372161865e-01
-1.998040229082107544e-01
4.374509811401367188e+00
-2.855243533849716187e-02
-1.040256172418594360e-01
-1.190341830253601074e+00
-7.813860774040222168e-01
2.135156869888305664e+00
2.316290289163589478e-01
-1.134178519248962402e+00
-1.393868327140808105e+00
-9.195477962493896484e-01
-7.075654864311218262e-01
8.205245733261108398e-01
-1.143342614173889160e+00
-1.251589417457580566e+00
