9.914945960044860840e-01
-1.261361360549926758e+00
6.700758934020996094e-01
8.321845531463623047e-01
-1.657307595014572144e-01
5.946789979934692383e-01
1.832137227058410645e+00
5.255401730537414551e-01
-1.406452775001525879e+00
-1.015838742256164551e+00
4.623186588287353516e-01
-2.422767639160156250e+00
-1.171797394752502441e+00
-2.188129663467407227e+00
1.034809470176696777e+00
1.956311345100402832e+00
-1.065551877021789551e+00
5.507585406303405762e-01
-7.473870646208524704e-03
4.242810979485511780e-02
-2.425032705068588257e-01
2.932993322610855103e-02
-1.370353817939758301e+00
3.005543231964111328e+00
-8.611012101173400879e-01
7.703654766082763672e-01
2.818639039993286133e+00
-1.856561660766601562e+00
-1.675001680850982666e-01
8.905706405639648438e-01
7.209916114807128906e-01
-1.783667087554931641e+00
-1.169105172157287598e+00
-8.717169761657714844e-01
-1.799076080322265625e+00
1.961141973733901978e-01
-9.140180945396423340e-01
-7.809865474700927734e-01
6.217101812362670898e-01
-3.800849318504333496e-01
8.554920554161071777e-01
-6.524586677551269531e-01
6.569550037384033203e-01
4.674521088600158691e-01
7.523005008697509766e-01
1.068890810012817383e+00
7.107939720153808594e-01
2.597438812255859375e+00
7.969063520431518555e-02
-5.629402399063110352e-01
6.181105971336364746e-01
-2.742461860179901123e-01
7.346830368041992188e-01
4.300375580787658691e-01
1.090878605842590332e+00
5.165464878082275391e-01
1.649878919124603271e-01
-9.676335453987121582e-01
9.383288025856018066e-01
-1.206833496689796448e-01
9.084765613079071045e-02
2.044964730739593506e-01
1.457795381546020508e+00
2.910585165023803711e+00
-1.846584320068359375e+00
-2.051936388015747070e+00
1.466116786003112793e+00
5.346909165382385254e-01
-1.182478308677673340e+00
7.792503237724304199e-01
3.809422850608825684e-01
-7.384430766105651855e-01
-2.414630204439163208e-01
9.607791304588317871e-01
1.477254867553710938e+00
-2.384838819503784180e+00
-7.503362298011779785e-01
2.709564864635467529e-01
-5.153021216392517090e-01
5.535652637481689453e-01
-5.757974386215209961e-01
-5.285623297095298767e-02
-1.601548552513122559e+00
-5.398540496826171875e-01
1.213084578514099121e+00
-2.956230938434600830e-01
-1.474689006805419922e+00
1.447587013244628906e-01
7.040948271751403809e-01
9.929873049259185791e-02
4.150097370147705078e-01
-2.224538803100585938e+00
-1.059945702552795410e+00
2.750432193279266357e-01
1.624086141586303711e+00
-2.116805016994476318e-01
1.849767923355102539e+00
-2.631478905677795410e-01
-9.322714209556579590e-01
-1.225829720497131348e+00
-7.168042063713073730e-01
2.308489531278610229e-01
-6.150959730148315430e-01
3.193762779235839844e+00
7.390937209129333496e-01
1.763721823692321777e+00
-3.578066825866699219e-01
-7.371380925178527832e-01
-1.827028036117553711e+00
1.816897511482238770e+00
8.374152779579162598e-01
-2.778658568859100342e-01
-3.165633916854858398e+00
-6.773882508277893066e-01
-2.093907117843627930e+00
-1.796723723411560059e+00
3.900643289089202881e-01
1.586055994033813477e+00
1.781442314386367798e-01
-8.410586714744567871e-01
-1.450880765914916992e+00
5.865937564522027969e-03
5.557194352149963379e-01
-2.528230428695678711e+00
-3.385319709777832031e-01
-8.353179097175598145e-01
-1.370583772659301758e+00
1.984800696372985840e+00
