-6.648994088172912598e-01
-9.329046607017517090e-01
-5.555024836212396622e-03
4.843724370002746582e-01
1.444529175758361816e+00
-1.915463209152221680e-01
1.449808597564697266e+00
-1.118055805563926697e-01
-1.603279471397399902e+00
1.626814246177673340e+00
1.031017899513244629e+00
1.054024577140808105e+00
-1.209779977798461914e-01
-8.830751478672027588e-02
-1.395679116249084473e-01
2.838718891143798828e-01
-1.425282359123229980e-01
8.702696561813354492e-01
-6.128102168440818787e-02
3.134732842445373535e-01
-1.718229413032531738e+00
-9.817464351654052734e-01
2.678542435169219971e-01
-1.047087460756301880e-01
-1.421973228454589844e+00
3.155358433723449707e-01
4.480124115943908691e-01
-6.255807876586914062e-01
1.786743164062500000e+00
1.666235566139221191e+00
1.254862189292907715e+00
-9.163569808006286621e-01
-5.117794871330261230e-01
5.674258619546890259e-02
-1.092475652694702148e+00
-1.910748928785324097e-01
-1.173394918441772461e+00
-1.985788464546203613e+00
-1.232587695121765137e+00
5.277528166770935059e-01
-8.916299343109130859e-01
-1.710311174392700195e+00
1.134319782257080078e+00
2.266122817993164062e+00
2.542879581451416016e-01
-1.576857864856719971e-01
-1.885649561882019043e+00
6.275209784507751465e-01
-5.936395749449729919e-02
1.555374860763549805e+00
-1.027308821678161621e+00
-2.298323869705200195e+00
-3.313515424728393555e+00
1.180805087089538574e+00
-1.647622287273406982e-01
5.281266570091247559e-01
1.391564011573791504e+00
-6.125743985176086426e-01
4.406916201114654541e-01
1.094189047813415527e+00
-8.690015673637390137e-01
2.768698453903198242e+00
-2.726521253585815430e+00
1.595178127288818359e+00
-1.376551032066345215e+00
5.305210947990417480e-01
-3.184239566326141357e-01
6.588232517242431641e-01
-9.720939993858337402e-01
1.489156007766723633e+00
7.354860901832580566e-01
-2.049105882644653320e+00
8.327694535255432129e-01
1.146027088165283203e+00
-3.569651842117309570e-01
1.452660799026489258e+00
-2.452145218849182129e-01
1.134979948401451111e-01
1.616530537605285645e+00
-4.427179396152496338e-01
-1.765846490859985352e+00
-7.692204117774963379e-01
1.891172766685485840e+00
-9.690060615539550781e-01
1.589101552963256836e-01
-1.264801859855651855e+00
-7.037083804607391357e-02
-1.928647160530090332e+00
1.206062659621238708e-01
7.927032113075256348e-01
9.887075424194335938e-01
-2.264901697635650635e-01
-1.100182414054870605e+00
5.143135413527488708e-02
-7.617495656013488770e-01
5.489258766174316406e-01
9.789742827415466309e-01
-4.570319056510925293e-01
-1.471527218818664551e+00
1.340578675270080566e+00
-2.773291468620300293e-01
-1.833309650421142578e+00
-3.578336909413337708e-02
2.658800840377807617e+00
1.404192686080932617e+00
1.236640810966491699e+00
-1.692136406898498535e+00
-1.405800580978393555e+00
-1.173970341682434082e+00
1.845168322324752808e-01
-4.286103546619415283e-01
1.229969978332519531e+00
-4.454160034656524658e-01
-5.729859471321105957e-01
3.932385444641113281e-01
-1.617330312728881836e+00
1.650006175041198730e-01
-6.907545924186706543e-01
1.444530934095382690e-01
2.502042055130004883e-01
-9.093864560127258301e-01
-1.631891727447509766e+00
3.061724662780761719e+00
7.291238903999328613e-01
-9.393250346183776855e-01
-7.137144804000854492e-01
1.365103244781494141e+00
2.864262819290161133e+00
