1.136504054069519043e+00
-8.863065242767333984e-01
2.779676616191864014e-01
5.704570412635803223e-01
2.219598054885864258e+00
2.838598787784576416e-01
1.211503148078918457e+00
-3.062466979026794434e-01
-1.945118904113769531e+00
1.216914772987365723e+00
7.313137650489807129e-01
5.187655687332153320e-01
8.818380832672119141e-01
-8.269428014755249023e-01
-2.799782156944274902e-01
2.239982634782791138e-01
-5.003161430358886719e-01
6.626888513565063477e-01
-5.706828236579895020e-01
4.979180991649627686e-01
-1.029384136199951172e+00
-1.373708128929138184e+00
5.873011350631713867e-01
5.864005535840988159e-02
-7.622214406728744507e-02
-1.905638575553894043e-01
5.039046406745910645e-01
-3.127519488334655762e-01
1.907704323530197144e-01
1.785166382789611816e+00
1.397071599960327148e+00
-3.893088698387145996e-01
-5.821418762207031250e-01
-1.943577378988265991e-01
-9.739376902580261230e-01
-3.197018802165985107e-01
-1.383841753005981445e+00
-1.027312040328979492e+00
-1.468952894210815430e+00
9.016710519790649414e-01
-2.482647746801376343e-01
-2.011282920837402344e+00
1.039047956466674805e+00
2.732589721679687500e+00
4.292396008968353271e-01
-1.608973383903503418e+00
-2.062153577804565430e+00
1.000301957130432129e+00
-1.954918503761291504e-01
1.051594376564025879e+00
-9.038995504379272461e-01
-2.739943742752075195e+00
-3.112377405166625977e+00
1.456098079681396484e+00
2.316732853651046753e-01
-1.901423782110214233e-01
7.450454235076904297e-01
8.706958293914794922e-01
1.427915692329406738e+00
2.148465394973754883e+00
-2.957853674888610840e-01
8.068774342536926270e-01
-1.064789742231369019e-01
1.588352560997009277e+00
-1.448785543441772461e+00
-2.139507681131362915e-01
-3.414831161499023438e-01
1.346165060997009277e+00
-7.834134101867675781e-01
1.339095473289489746e+00
1.277525424957275391e+00
-1.049483060836791992e+00
1.464317440986633301e-01
1.324044704437255859e+00
-7.491384446620941162e-02
1.100515842437744141e+00
1.484984997659921646e-02
-6.193181276321411133e-01
1.770113945007324219e+00
-3.132347762584686279e-01
-1.436290264129638672e+00
-1.408441215753555298e-01
1.353698875755071640e-02
-8.981708288192749023e-01
6.410015821456909180e-01
-2.298315525054931641e+00
-4.097179770469665527e-01
-1.107062101364135742e+00
-6.376826763153076172e-02
5.224266648292541504e-01
1.842436075210571289e+00
-1.481010079383850098e+00
-2.604472637176513672e-01
-5.989524126052856445e-01
6.262351274490356445e-01
1.360630542039871216e-01
8.170804977416992188e-01
-6.623106598854064941e-01
-2.899991989135742188e+00
3.373595178127288818e-01
-3.712063729763031006e-01
-1.272602319717407227e+00
-7.101423740386962891e-01
1.848562359809875488e+00
1.008389234542846680e+00
1.775525212287902832e+00
-1.008605837821960449e+00
-9.175170660018920898e-01
-5.638866424560546875e-01
9.371898770332336426e-01
-6.178488731384277344e-01
1.132254004478454590e+00
-1.456353783607482910e+00
-1.124107003211975098e+00
7.428327202796936035e-01
-1.533741712570190430e+00
6.922856904566287994e-03
-7.368226051330566406e-01
4.044942557811737061e-01
-6.512280702590942383e-01
-9.839571118354797363e-01
-2.099212646484375000e+00
2.778454303741455078e+00
5.330396294593811035e-01
-1.221192479133605957e+00
-3.666464090347290039e-01
1.245093226432800293e+00
2.730337381362915039e+00
