-1.706065535545349121e-01
-1.053494215011596680e+00
1.164601922035217285e+00
-5.968539714813232422e-01
-1.355081915855407715e+00
-1.971191287040710449e+00
2.461548328399658203e+00
3.016321361064910889e-01
-1.274434566497802734e+00
-1.610943555831909180e+00
-1.526302337646484375e+00
6.172844171524047852e-01
1.375102758407592773e+00
-1.149001240730285645e+00
3.729809522628784180e-01
1.325666666030883789e+00
-4.353881180286407471e-01
1.815523624420166016e+00
-9.182021021842956543e-01
1.220870375633239746e+00
6.296767294406890869e-02
1.075446963310241699e+00
3.259749710559844971e-01
-1.554047226905822754e+00
1.072947904467582703e-01
-2.720620632171630859e-01
1.070255398750305176e+00
-9.120871424674987793e-01
1.721843034029006958e-01
1.560663700103759766e+00
-9.695938825607299805e-01
-7.542234659194946289e-01
-2.904190063476562500e+00
-1.854309082031250000e+00
1.439701318740844727e+00
8.628823757171630859e-01
-2.386428356170654297e+00
2.948221921920776367e+00
1.277779817581176758e+00
3.352323472499847412e-01
-1.436199992895126343e-01
9.954773783683776855e-01
1.043536067008972168e+00
-6.484937388449907303e-03
-1.105834245681762695e+00
1.256936788558959961e+00
1.711130328476428986e-02
8.768733739852905273e-01
-4.755963385105133057e-02
5.357881188392639160e-01
6.803966760635375977e-01
-3.922544419765472412e-01
1.208384037017822266e+00
-1.073092460632324219e+00
-6.892015784978866577e-02
2.317469120025634766e+00
-1.067943215370178223e+00
1.451445579528808594e+00
-1.836826682090759277e+00
7.526852488517761230e-01
2.811602115631103516e+00
5.356129407882690430e-01
-1.920606493949890137e-01
2.043992877006530762e-01
5.327668190002441406e-01
1.066397786140441895e+00
1.785750746726989746e+00
-1.564107775688171387e+00
9.212263226509094238e-01
-4.212337434291839600e-01
-3.185044825077056885e-01
1.164131760597229004e+00
1.765611171722412109e+00
1.089318394660949707e+00
8.559994697570800781e-01
-1.980140209197998047e+00
-6.041060090065002441e-01
-1.712578773498535156e+00
-1.738790124654769897e-01
-2.275857210159301758e+00
3.371899425983428955e-01
3.093410491943359375e+00
-6.214224100112915039e-01
2.125502973794937134e-01
7.604247927665710449e-01
-7.434298992156982422e-01
-8.241552114486694336e-01
7.273277640342712402e-01
-1.306060552597045898e+00
9.054579734802246094e-01
-3.339681923389434814e-01
-1.008771061897277832e+00
-1.022049665451049805e+00
4.440983533859252930e-01
2.023870795965194702e-01
1.579875349998474121e-01
-3.315620720386505127e-01
8.036612272262573242e-01
2.880873203277587891e+00
-1.039368379861116409e-02
1.991885423660278320e+00
1.143554821610450745e-01
-6.868390440940856934e-01
-1.830741643905639648e+00
-2.253177881240844727e+00
5.043417811393737793e-01
-2.587393760681152344e+00
-3.203738033771514893e-01
-5.773623585700988770e-01
-1.393567442893981934e+00
-2.046470403671264648e+00
7.671452313661575317e-02
-1.619980812072753906e+00
-4.724952578544616699e-01
3.444592952728271484e-01
-4.529240429401397705e-01
1.613598942756652832e+00
-3.952349424362182617e-01
5.280955433845520020e-01
-7.858527898788452148e-01
-8.026321232318878174e-02
2.965471148490905762e-01
-2.336522817611694336e+00
-8.353586792945861816e-01
-7.163923978805541992e-01
-1.103992462158203125e+00
8.494165539741516113e-01
-1.997670531272888184e-01
