-2.216768503189086914e+00
-1.327957957983016968e-01
5.191342160105705261e-02
7.378297448158264160e-01
1.792112290859222412e-01
1.840731054544448853e-01
-5.406898260116577148e-01
-2.294904291629791260e-01
-7.997581958770751953e-01
-1.531022548675537109e+00
2.665247619152069092e-01
-2.105335474014282227e+00
-6.568394601345062256e-02
-1.119946241378784180e+00
6.007957458496093750e-01
-3.815738260746002197e-01
-2.527592480182647705e-01
1.793444275856018066e+00
-1.269413590431213379e+00
-1.748547315597534180e+00
1.856301665306091309e+00
-4.264858737587928772e-02
-1.287507861852645874e-01
1.825912356376647949e+00
1.226413488388061523e+00
-7.724930644035339355e-01
9.053076505661010742e-01
2.541564106941223145e-01
-1.028825759887695312e+00
1.017582535743713379e+00
7.421352863311767578e-01
-2.452402263879776001e-01
-3.560545444488525391e-01
-1.838118910789489746e+00
-3.140608668327331543e-01
1.863001704216003418e+00
-1.072641253471374512e+00
-6.647586822509765625e-01
-1.502515196800231934e+00
4.276551008224487305e-01
3.967911005020141602e-01
-1.007067039608955383e-02
2.003338575363159180e+00
-8.728081732988357544e-02
-1.738655567169189453e-02
-1.827719569206237793e+00
5.978031754493713379e-01
-1.669781446456909180e+00
7.767596840858459473e-01
1.072932958602905273e+00
-6.879988908767700195e-01
-2.142398595809936523e+00
-7.756320834159851074e-01
-1.825225800275802612e-01
9.119039773941040039e-01
9.864259362220764160e-01
-6.180449724197387695e-01
2.679347991943359375e-01
2.045657157897949219e+00
2.581227779388427734e+00
9.252542257308959961e-01
-2.465670347213745117e+00
-1.010976076126098633e+00
9.411543607711791992e-01
-7.233693599700927734e-01
1.072812438011169434e+00
1.653194189071655273e+00
2.593294620513916016e+00
1.223502680659294128e-01
1.984856575727462769e-01
8.733398914337158203e-01
-8.019353151321411133e-01
-7.072559595108032227e-01
6.358064413070678711e-01
-1.042316079139709473e+00
-1.401561141014099121e+00
8.588014841079711914e-01
-5.579664111137390137e-01
-1.017910167574882507e-01
6.938820332288742065e-02
3.421775996685028076e-01
-1.317594647407531738e+00
1.550024032592773438e+00
-4.417276978492736816e-01
2.433722972869873047e+00
3.016602396965026855e-01
3.178082108497619629e-01
-1.225182056427001953e+00
1.812095046043395996e-01
-1.256426453590393066e+00
-1.774849772453308105e+00
-8.061107397079467773e-01
-6.462292075157165527e-01
-1.597756385803222656e+00
1.399296522140502930e-01
3.263698816299438477e-01
1.188408374786376953e+00
2.146986722946166992e-01
4.107154905796051025e-01
7.369751930236816406e-01
1.889363527297973633e-01
5.476067066192626953e-01
9.320306181907653809e-01
-6.526393890380859375e-01
6.938506662845611572e-02
7.159574031829833984e-01
-1.214015364646911621e+00
3.646406531333923340e-01
-5.662030577659606934e-01
-2.037758827209472656e+00
4.961824417114257812e-01
-7.131744027137756348e-01
-5.108814835548400879e-01
2.332630872726440430e+00
-7.599087357521057129e-01
4.485762417316436768e-01
1.388932317495346069e-01
-1.010575532913208008e+00
6.296446323394775391e-01
5.925106406211853027e-01
-5.077570676803588867e-01
1.205343380570411682e-01
1.470690846443176270e+00
-1.418817043304443359e+00
-1.618880033493041992e+00
-6.965519189834594727e-01
1.436524391174316406e+00
2.882318794727325439e-01
