4.139619469642639160e-01
-4.746772944927215576e-01
8.060947060585021973e-01
9.608572721481323242e-02
-5.272048115730285645e-01
7.671366333961486816e-01
-3.152847588062286377e-01
7.808570563793182373e-02
-1.509694695472717285e+00
-4.355033636093139648e-01
-1.252576410770416260e-01
1.601697087287902832e+00
2.986246645450592041e-01
-2.032575607299804688e+00
-1.018357127904891968e-01
-6.355799436569213867e-01
6.744040250778198242e-01
1.879556775093078613e+00
5.282502174377441406e-01
-1.910558044910430908e-01
1.989241003990173340e+00
4.885087013244628906e-01
1.224602237343788147e-01
-3.506473302841186523e-01
8.121042251586914062e-01
8.996356278657913208e-02
-2.436324357986450195e+00
-9.086535125970840454e-02
1.163295865058898926e+00
1.683130025863647461e+00
-4.547877609729766846e-01
7.316380739212036133e-01
2.250609695911407471e-01
-4.810675978660583496e-01
2.226585149765014648e-01
2.582062005996704102e+00
1.263662338256835938e+00
2.692907154560089111e-01
-7.146539688110351562e-01
5.016355514526367188e-01
2.326137065887451172e+00
-4.611544013023376465e-01
2.043686866760253906e+00
-1.911773443222045898e+00
-9.029591083526611328e-01
-9.036222100257873535e-01
-5.573878288269042969e-01
9.795671701431274414e-02
1.473514914512634277e+00
-1.254403710365295410e+00
-4.812672138214111328e-01
-9.260092973709106445e-01
-2.304395437240600586e+00
1.093036532402038574e-01
-6.297487020492553711e-01
2.673520706593990326e-02
-1.293928742408752441e+00
2.050323486328125000e-01
-1.259795665740966797e+00
-2.133907556533813477e+00
-7.513093948364257812e-01
8.726800680160522461e-01
5.112637877464294434e-01
7.488784193992614746e-01
2.050275951623916626e-01
-1.122065305709838867e+00
4.089617729187011719e-01
6.723096966743469238e-01
-3.955292999744415283e-01
-3.846708238124847412e-01
1.110145568847656250e+00
-1.264469265937805176e+00
-5.443462133407592773e-01
8.453214764595031738e-01
-1.697753429412841797e+00
-1.640399813652038574e+00
1.709244132041931152e+00
-2.874912023544311523e-01
-1.301813840866088867e+00
-7.149800062179565430e-01
1.214762926101684570e+00
-9.141829013824462891e-01
-1.168252944946289062e+00
1.693050980567932129e+00
9.105032682418823242e-01
1.589034438133239746e+00
5.011188983917236328e-01
-1.136814117431640625e+00
-7.633070945739746094e-01
-2.438307553529739380e-01
2.499458566308021545e-02
-2.192027568817138672e+00
-1.090573072433471680e+00
1.448977589607238770e-01
-6.230522394180297852e-01
1.215798258781433105e+00
9.986172914505004883e-01
-2.342279672622680664e+00
-4.212742149829864502e-01
-1.519937813282012939e-01
6.446540951728820801e-01
2.297249436378479004e-01
-1.768068224191665649e-01
-3.538139164447784424e-01
1.494680285453796387e+00
-1.186410561203956604e-01
-5.009360313415527344e-01
-1.039880633354187012e+00
2.039925575256347656e+00
-4.758342206478118896e-01
-5.223884582519531250e-01
-9.621214121580123901e-02
-4.942634403705596924e-01
1.830504655838012695e+00
-8.294419646263122559e-01
-1.478693932294845581e-01
8.202162384986877441e-02
-1.256767272949218750e+00
5.278016924858093262e-01
3.683021068572998047e+00
4.614908993244171143e-01
-1.356676936149597168e+00
1.545525550842285156e+00
1.027572870254516602e+00
-1.415428638458251953e+00
-6.942563652992248535e-01
-1.008910059928894043e+00
-9.503228962421417236e-02
