6.473357230424880981e-02
1.275587797164916992e+00
-5.263878107070922852e-01
5.222801566123962402e-01
2.014555692672729492e+00
-3.479079604148864746e-01
-1.337080955505371094e+00
3.537269234657287598e-01
-2.460605144500732422e+00
-6.111659854650497437e-02
-1.042273879051208496e+00
3.202367305755615234e+00
-1.145829558372497559e+00
-2.496188640594482422e+00
1.402244687080383301e+00
2.446837723255157471e-01
3.603894114494323730e-01
3.879050612449645996e-01
1.035036563873291016e+00
-1.043266296386718750e+00
-4.525903761386871338e-01
1.518374323844909668e+00
-9.487056732177734375e-01
2.084106206893920898e+00
-1.276275873184204102e+00
1.633226871490478516e+00
-1.329834103584289551e+00
-2.136200293898582458e-02
1.550993442535400391e+00
-5.200829505920410156e-01
-1.068443775177001953e+00
-7.805646061897277832e-01
-1.469525098800659180e+00
-8.251466602087020874e-02
1.346782147884368896e-01
-4.142840206623077393e-01
1.333992719650268555e+00
-1.443748593330383301e+00
-4.531627595424652100e-01
-2.452631473541259766e+00
2.482846975326538086e+00
3.991470634937286377e-01
2.086569786071777344e+00
3.258133828639984131e-01
-1.964257240295410156e+00
-2.161869049072265625e+00
-5.255167484283447266e-01
2.172800540924072266e+00
4.581024944782257080e-01
1.834069728851318359e+00
6.005792617797851562e-01
7.808926105499267578e-01
-2.560314178466796875e+00
-1.469479680061340332e+00
-6.735421419143676758e-01
1.977007269859313965e+00
-8.904932439327239990e-02
6.761878728866577148e-01
-1.796382427215576172e+00
8.156183362007141113e-01
4.253017306327819824e-01
1.700743675231933594e+00
1.059022307395935059e+00
-2.184394747018814087e-01
1.574036478996276855e-01
-4.384826719760894775e-01
-5.020735859870910645e-01
8.592232465744018555e-01
7.312124371528625488e-01
1.417828083038330078e+00
9.173465371131896973e-01
1.501905322074890137e+00
-9.822624325752258301e-01
2.930637896060943604e-01
-9.966808557510375977e-01
-2.077409267425537109e+00
1.707155704498291016e+00
2.294380068778991699e-01
9.958351850509643555e-01
-2.635565996170043945e+00
5.730633139610290527e-01
-2.673064470291137695e-01
1.664072632789611816e+00
-1.060345649719238281e+00
1.031871080398559570e+00
4.540611803531646729e-01
-4.138876497745513916e-02
6.856834292411804199e-01
-1.386576145887374878e-02
5.505595207214355469e-01
2.041385650634765625e+00
-5.410137176513671875e-01
1.601654410362243652e+00
-6.002899408340454102e-01
-1.479906916618347168e+00
-2.449113130569458008e+00
1.346066236495971680e+00
-1.149916946887969971e-01
-1.111692190170288086e+00
-1.050417423248291016e+00
-3.272940637543797493e-03
5.468747615814208984e-01
-4.680390283465385437e-02
2.870934084057807922e-02
-3.968346416950225830e-01
-6.502183675765991211e-01
-2.497899293899536133e+00
-4.521184563636779785e-01
-1.553222388029098511e-01
-1.938590407371520996e+00
3.818932771682739258e-01
-1.627582073211669922e+00
-1.189888954162597656e+00
-1.343929290771484375e+00
2.759096622467041016e-01
1.642419844865798950e-01
4.542871378362178802e-03
9.017515182495117188e-01
-2.227625608444213867e+00
8.335127830505371094e-01
9.015120565891265869e-02
-2.094023823738098145e-01
1.470045328140258789e+00
-4.206223189830780029e-01
9.015707373619079590e-01
1.202459096908569336e+00
-2.478030920028686523e+00
1.486525535583496094e-01
