1.596102491021156311e-02
-9.949120692908763885e-03
-5.253858119249343872e-02
2.485427260398864746e-01
-1.632839918136596680e+00
1.637673079967498779e-01
-6.498636007308959961e-01
-1.217630028724670410e+00
-2.033584594726562500e+00
-3.386773765087127686e-01
4.264723956584930420e-01
-6.486407518386840820e-01
7.471740990877151489e-02
-2.309812545776367188e+00
2.591818571090698242e-01
1.513774842023849487e-01
1.343413949012756348e+00
-3.610951602458953857e-01
-2.245006561279296875e+00
-7.105888724327087402e-01
2.391372680664062500e+00
-1.865152120590209961e-01
-5.777944251894950867e-02
-9.226416945457458496e-01
-1.813205480575561523e+00
-1.502746483311057091e-03
1.433385610580444336e+00
7.496436834335327148e-01
-1.089278221130371094e+00
9.554181098937988281e-01
-1.035914182662963867e+00
1.435368418693542480e+00
5.582321286201477051e-01
1.855179816484451294e-01
-5.154109001159667969e-01
7.787737846374511719e-01
-2.382543236017227173e-01
8.988230228424072266e-01
-8.404357433319091797e-01
9.772577881813049316e-01
-1.562735252082347870e-02
-1.191527128219604492e+00
9.974204301834106445e-01
1.796707153320312500e+00
1.864561080932617188e+00
-1.033120751380920410e-01
9.605359435081481934e-01
4.315460473299026489e-02
-1.830269455909729004e+00
3.622820973396301270e-01
1.260126233100891113e-01
-7.917812466621398926e-01
1.405974149703979492e+00
-1.495570898056030273e+00
2.532667815685272217e-01
1.451154351234436035e+00
-1.532526135444641113e+00
-8.182161301374435425e-02
1.545903921127319336e+00
2.823911607265472412e-01
-1.453847169876098633e+00
-2.118764877319335938e+00
2.240607701241970062e-02
1.109225898981094360e-01
7.941213846206665039e-01
-1.523645162582397461e+00
-1.919211745262145996e+00
1.289887309074401855e+00
-1.472326874732971191e+00
-1.468716382980346680e+00
1.078567504882812500e+00
2.120977878570556641e+00
1.741948843002319336e+00
5.987896323204040527e-01
-3.054872751235961914e-01
5.594402551651000977e-01
-1.924842715263366699e+00
1.638974547386169434e-01
-1.516258120536804199e-01
-2.335541725158691406e+00
-1.656959414482116699e+00
1.202029585838317871e+00
-2.873716354370117188e-01
5.408641695976257324e-01
4.170041084289550781e+00
5.967517849057912827e-03
-1.622117757797241211e+00
1.172237753868103027e+00
1.434292793273925781e+00
1.141918659210205078e+00
-6.683350801467895508e-01
-1.849938988685607910e+00
-1.025067210197448730e+00
-8.585710823535919189e-02
1.504653096199035645e+00
5.974160432815551758e-01
1.095513701438903809e+00
1.490311503410339355e+00
-8.966244459152221680e-01
2.814167737960815430e-01
-4.322034418582916260e-01
-8.127390146255493164e-01
1.169605255126953125e+00
1.010624408721923828e+00
-1.918840169906616211e+00
7.975355535745620728e-02
-3.822363913059234619e-02
3.242232203483581543e-01
2.755041360855102539e+00
-2.156017780303955078e+00
-1.332773119211196899e-01
-1.992227882146835327e-01
-6.079861521720886230e-01
1.420527100563049316e+00
-1.301216602325439453e+00
-1.068763375282287598e+00
4.108406603336334229e-01
2.719165086746215820e+00
-4.268303811550140381e-01
9.506059885025024414e-01
4.394054412841796875e-01
-2.079482555389404297e+00
-8.527181744575500488e-01
2.840586900711059570e-01
-1.022580623626708984e+00
-7.007531523704528809e-01
1.449549436569213867e+00
1.874593496322631836e-01
