8.226422667503356934e-01
-9.959957003593444824e-01
1.792179584503173828e+00
-5.497272610664367676e-01
1.424312472343444824e+00
9.780701398849487305e-01
-2.626546025276184082e-01
-3.080395050346851349e-02
1.665223687887191772e-01
-1.008778929710388184e+00
-1.333891749382019043e+00
-9.424834251403808594e-01
8.512390851974487305e-01
-4.409987628459930420e-01
2.150758504867553711e+00
-1.159111022949218750e+00
-1.294142007827758789e+00
1.392627120018005371e+00
-1.367250561714172363e+00
1.977926850318908691e+00
-1.043116450309753418e+00
-1.554651618003845215e+00
1.088567972183227539e+00
4.880510270595550537e-01
-3.341054916381835938e-01
3.190855085849761963e-01
6.307551860809326172e-01
-1.251723170280456543e+00
5.048388242721557617e-01
1.052864432334899902e+00
2.570687234401702881e-01
-5.797944068908691406e-01
-1.448510885238647461e+00
-5.460317134857177734e-01
-1.135887980461120605e+00
6.832584738731384277e-01
6.626249104738235474e-02
-2.512455463409423828e+00
-1.311805248260498047e+00
5.816093459725379944e-02
-6.133379936218261719e-01
7.607619166374206543e-01
1.527826905250549316e+00
-6.935709118843078613e-01
-4.024990797042846680e-01
-1.125033617019653320e+00
-7.744576781988143921e-02
8.500510454177856445e-01
1.363928079605102539e+00
6.416069269180297852e-01
-7.773515582084655762e-01
-1.911504030227661133e+00
5.174985527992248535e-02
1.127154827117919922e+00
-4.063729047775268555e-01
4.443901404738426208e-02
-2.696727216243743896e-01
1.145890712738037109e+00
1.579948186874389648e+00
5.390031337738037109e-01
-4.332715570926666260e-01
4.584412276744842529e-01
3.744168877601623535e-01
1.045322418212890625e+00
-1.064039111137390137e+00
-1.160636782646179199e+00
-4.311690926551818848e-01
1.646904230117797852e+00
2.612286806106567383e-01
-3.779317438602447510e-02
1.970655918121337891e-01
1.927373111248016357e-01
2.988166213035583496e-01
1.202991724014282227e+00
1.509601473808288574e+00
-4.926565885543823242e-01
-1.146090507507324219e+00
-6.020070314407348633e-01
1.196305394172668457e+00
2.481491828802973032e-04
5.724579095840454102e-01
-8.601754158735275269e-02
9.491172432899475098e-02
7.863479256629943848e-01
-1.436536908149719238e+00
-9.885603189468383789e-01
-1.806978821754455566e+00
-2.103927373886108398e+00
-3.847537189722061157e-02
-2.868431508541107178e-01
1.366446375846862793e+00
-1.267948031425476074e+00
-1.445129871368408203e+00
-1.479445219039916992e+00
6.512047052383422852e-01
1.876361608505249023e+00
1.036498546600341797e+00
1.158834338188171387e+00
-1.224093556404113770e+00
9.974746704101562500e-01
-7.999219298362731934e-01
-4.138130545616149902e-01
2.579648256301879883e+00
-1.036841988563537598e+00
1.174022912979125977e+00
1.739006280899047852e+00
6.344876885414123535e-01
-6.149541139602661133e-01
1.500241637229919434e+00
-3.396887779235839844e-01
-7.189611792564392090e-01
2.475510984659194946e-01
-1.267906785011291504e+00
3.728874027729034424e-01
-5.724373459815979004e-01
-7.007365226745605469e-01
1.702548623085021973e+00
8.202525973320007324e-01
1.475811153650283813e-01
-1.102400794625282288e-01
-8.390941619873046875e-01
-2.264064364135265350e-02
2.683837115764617920e-01
-1.694442033767700195e+00
-1.778005599975585938e+00
-1.877230644226074219e+00
1.448202729225158691e-01
1.701792240142822266e+00
