6.663417220115661621e-01
6.429774761199951172e-01
-1.398671269416809082e+00
8.876797743141651154e-03
8.724833130836486816e-01
1.677060961723327637e+00
6.198154687881469727e-01
7.741613388061523438e-01
-1.830389738082885742e+00
1.123248815536499023e+00
3.006886005401611328e+00
1.259929060935974121e+00
8.548468947410583496e-01
-2.755121886730194092e-01
1.320734620094299316e-01
-7.512493133544921875e-01
8.311114311218261719e-01
1.000375032424926758e+00
-2.743379175662994385e-01
-2.379933297634124756e-01
-3.324337899684906006e-01
-1.401441812515258789e+00
-1.317043781280517578e+00
2.385650277137756348e-01
-2.162594318389892578e+00
-4.356369376182556152e-01
-4.130028486251831055e-01
9.434375762939453125e-01
1.567674636840820312e+00
-4.119920730590820312e-01
-1.139387488365173340e+00
-1.960344195365905762e+00
9.761514663696289062e-01
1.735196948051452637e+00
3.004099428653717041e-01
1.638101577758789062e+00
-3.341435790061950684e-01
9.415977597236633301e-01
-1.142418265342712402e+00
6.653256416320800781e-01
-3.439410924911499023e-01
-3.973004817962646484e-01
1.208958864212036133e+00
2.215217113494873047e+00
-9.854222536087036133e-01
-6.940448284149169922e-01
-4.399430751800537109e-02
5.915719270706176758e-01
8.253058195114135742e-01
1.556644201278686523e+00
3.333523869514465332e-01
-1.792065262794494629e+00
2.865352034568786621e-01
-6.832075715065002441e-01
-2.382046133279800415e-01
-3.908507227897644043e-01
2.361722230911254883e+00
-9.388460516929626465e-01
-1.188326001167297363e+00
3.748236298561096191e-01
7.595239281654357910e-01
1.365349292755126953e+00
-9.164106845855712891e-01
-3.764978945255279541e-01
2.671029567718505859e+00
-1.608228564262390137e+00
-2.652635812759399414e+00
-1.141204357147216797e+00
-1.146917104721069336e+00
8.207521438598632812e-01
-3.081610500812530518e-01
-1.157398104667663574e+00
-2.638061344623565674e-01
8.284433186054229736e-02
-5.146310105919837952e-02
-2.957672178745269775e-01
8.977931141853332520e-01
-6.100801825523376465e-01
4.430323541164398193e-01
-1.121797323226928711e+00
-3.569519519805908203e-01
-9.697315096855163574e-01
1.832902312278747559e+00
-1.224616646766662598e+00
9.970975667238235474e-02
7.223029434680938721e-02
-2.150399923324584961e+00
-2.219218254089355469e+00
1.941005229949951172e+00
-3.489734828472137451e-01
-1.245738983154296875e+00
-9.619995355606079102e-01
-1.764320254325866699e+00
5.676566958427429199e-01
-1.794923424720764160e+00
1.002866402268409729e-01
1.692671179771423340e+00
9.919926524162292480e-01
-1.355100750923156738e+00
-7.107058167457580566e-01
-1.440546989440917969e+00
9.189551472663879395e-01
-1.148460030555725098e+00
1.129081606864929199e+00
3.980159282684326172e+00
-1.102078437805175781e+00
3.871077299118041992e-01
3.587146997451782227e-01
1.786117553710937500e+00
-2.920334339141845703e-01
4.652463197708129883e-01
1.230623841285705566e+00
-6.098220348358154297e-01
-8.754392862319946289e-01
9.684353470802307129e-01
-1.228634953498840332e+00
1.304425716400146484e+00
-3.243432939052581787e-01
-2.667535543441772461e+00
3.130523920059204102e+00
-2.813293695449829102e+00
-5.713064074516296387e-01
1.161734223365783691e+00
2.369642853736877441e-01
-4.993558824062347412e-01
-1.844355225563049316e+00
2.098949432373046875e+00
-6.091983243823051453e-02
