1.360818028450012207e+00
1.521982550621032715e-01
7.761180996894836426e-01
7.096262574195861816e-01
-1.349561452865600586e+00
-3.572014570236206055e-01
8.668756484985351562e-02
-6.428875327110290527e-01
-4.748946726322174072e-01
1.149902343750000000e+00
-1.925952196121215820e+00
-4.262691438198089600e-01
1.049657687544822693e-01
-9.103776812553405762e-01
2.284306287765502930e+00
1.141448259353637695e+00
1.387374043464660645e+00
1.390550017356872559e+00
-1.045681834220886230e+00
-6.526613831520080566e-01
9.845844507217407227e-01
1.643421888351440430e+00
1.500699996948242188e+00
-1.043077111244201660e+00
-1.167511463165283203e+00
-9.952435493469238281e-01
-1.232563734054565430e+00
5.250041484832763672e-01
2.664318561553955078e+00
5.445054769515991211e-01
-3.473823308944702148e+00
-5.685154199600219727e-01
-1.000361084938049316e+00
-1.084494590759277344e+00
-9.389014840126037598e-01
1.379202485084533691e+00
-3.161125481128692627e-01
7.448408603668212891e-01
1.224435448646545410e+00
-2.387030363082885742e+00
2.850241661071777344e+00
2.967184782028198242e-01
1.979370832443237305e+00
8.109963536262512207e-01
-1.263620615005493164e+00
1.595350027084350586e+00
5.298085808753967285e-01
1.677777290344238281e+00
-2.140137672424316406e+00
2.747235000133514404e-01
3.296212852001190186e-01
-5.290380120277404785e-01
-5.868196487426757812e-02
-4.694541692733764648e-01
5.208901166915893555e-01
8.941615819931030273e-01
-2.192243933677673340e-02
5.499368906021118164e-01
-8.004859089851379395e-01
1.549590080976486206e-01
-1.887054324150085449e+00
-2.491078674793243408e-01
-4.194840788841247559e-01
-8.765277266502380371e-01
1.492508172988891602e+00
-5.613355040550231934e-01
1.725448966026306152e+00
1.849043965339660645e-01
7.568918466567993164e-01
1.883185058832168579e-01
7.106378674507141113e-02
1.501674056053161621e-01
2.057884454727172852e+00
1.180010661482810974e-01
-8.320556581020355225e-02
-1.442555785179138184e+00
-4.931364953517913818e-01
-9.538855552673339844e-01
-6.916894018650054932e-02
-2.936034202575683594e+00
6.673356890678405762e-02
-6.459102034568786621e-01
7.228437066078186035e-01
-1.363477468490600586e+00
-4.068709313869476318e-01
1.102032661437988281e+00
1.143801137804985046e-01
2.406304329633712769e-01
-1.449449896812438965e+00
-1.556598097085952759e-01
-3.186464607715606689e-01
-1.664397835731506348e+00
-5.942848920822143555e-01
3.705920279026031494e-01
-1.597015500068664551e+00
-1.463409185409545898e+00
1.939241051673889160e+00
2.231731653213500977e+00
1.097658872604370117e+00
-1.478718757629394531e+00
1.782152771949768066e+00
5.734626054763793945e-01
1.001059174537658691e+00
-5.129882693290710449e-01
-1.624858498573303223e+00
1.011201024055480957e+00
-9.465196728706359863e-01
-2.319567918777465820e+00
-4.994164407253265381e-02
-2.359410762786865234e+00
5.514315366744995117e-01
1.295646548271179199e+00
1.119141340255737305e+00
-7.720583677291870117e-01
-6.853495836257934570e-01
-1.297349333763122559e+00
1.500172734260559082e+00
-7.591433525085449219e-01
-5.004351735115051270e-01
3.787806630134582520e-01
-8.369307518005371094e-01
3.657342195510864258e-01
-3.983437120914459229e-01
-1.631953358650207520e+00
-6.335185170173645020e-01
1.599936485290527344e-01
2.512148916721343994e-01
1.520995020866394043e+00
