8.061947673559188843e-02
-6.253321468830108643e-02
8.983642794191837311e-03
9.204778075218200684e-02
2.500873804092407227e-01
-1.089943408966064453e+00
-1.765141367912292480e+00
-2.012460470199584961e+00
-1.320251226425170898e+00
-8.441814780235290527e-01
2.243845760822296143e-01
1.086438179016113281e+00
-1.355833530426025391e+00
1.365686297416687012e+00
1.281030774116516113e+00
6.999847292900085449e-01
2.201880216598510742e+00
-7.088401913642883301e-02
-1.120340466499328613e+00
1.785548686981201172e+00
-5.461365580558776855e-01
2.678361535072326660e-01
3.442447781562805176e-01
2.334508180618286133e+00
-2.699368298053741455e-01
7.820374369621276855e-01
2.077629715204238892e-01
-9.419747591018676758e-01
-4.183728992938995361e-01
-1.488692522048950195e+00
-1.107816219329833984e+00
9.802041649818420410e-01
-4.843293875455856323e-02
1.901704192161560059e+00
-8.041361570358276367e-01
1.696406245231628418e+00
3.060347557067871094e+00
7.799730300903320312e-01
1.341014385223388672e+00
6.917073726654052734e-01
1.542007803916931152e+00
-1.925948262214660645e-01
1.620765805244445801e+00
1.199643492698669434e+00
-2.387233823537826538e-01
6.965886950492858887e-01
-1.462560772895812988e+00
-2.001394748687744141e+00
7.109688222408294678e-02
1.346604943275451660e+00
-1.101132154464721680e+00
-7.385608553886413574e-01
6.564734578132629395e-01
-1.175747990608215332e+00
1.047931671142578125e+00
2.052957773208618164e+00
-3.553852140903472900e-01
1.223757982254028320e+00
-8.160530924797058105e-01
2.748489975929260254e-01
-3.553709983825683594e-01
1.729938745498657227e+00
-1.439060550183057785e-02
6.630618572235107422e-01
-1.844596147537231445e+00
-3.628525733947753906e-01
-3.584597408771514893e-01
2.200478315353393555e+00
8.189969509840011597e-02
-2.923485338687896729e-01
5.827279686927795410e-01
-1.091572269797325134e-01
-7.830394804477691650e-02
1.124332070350646973e+00
-2.553205788135528564e-01
-2.747433781623840332e-01
5.007754564285278320e-01
-6.057704091072082520e-01
-5.214989185333251953e-01
-9.073117971420288086e-01
-3.264592587947845459e-01
-1.610212087631225586e+00
1.058982372283935547e+00
-8.900462985038757324e-01
2.220113039016723633e+00
2.571668922901153564e-01
-7.850549221038818359e-01
5.935668945312500000e-01
-8.814764022827148438e-02
4.738534092903137207e-01
1.503466665744781494e-01
-3.941466212272644043e-01
7.555230259895324707e-01
2.224039554595947266e+00
-7.362686395645141602e-01
-6.314082145690917969e-01
1.425848603248596191e-01
-9.983590841293334961e-01
-2.455372065305709839e-01
3.069778978824615479e-01
1.672076940536499023e+00
3.637331724166870117e-01
-8.670389056205749512e-01
-5.209754109382629395e-01
-3.065718889236450195e+00
-1.301701426506042480e+00
-9.877403974533081055e-01
-2.719102382659912109e+00
8.097494244575500488e-01
-2.235762357711791992e+00
-9.410071969032287598e-01
-1.635117828845977783e-01
-9.704751372337341309e-01
3.948528468608856201e-01
-6.614325642585754395e-01
-5.207260847091674805e-01
6.608679890632629395e-01
-1.044634461402893066e+00
-1.857821464538574219e+00
9.545033425092697144e-02
-1.035008430480957031e+00
1.068572998046875000e+00
1.370013598352670670e-02
1.876031398773193359e+00
-1.229790925979614258e+00
-8.015168309211730957e-01
-2.017785549163818359e+00
-5.835196971893310547e-01
