8.583616614341735840e-01
-9.492462277412414551e-01
-3.754197061061859131e-02
-4.177055954933166504e-01
-1.800847172737121582e+00
1.936562418937683105e+00
2.002631664276123047e+00
1.310526013374328613e+00
-2.521485090255737305e+00
-2.965679764747619629e-01
-2.304603099822998047e+00
-8.724684715270996094e-01
4.045558571815490723e-01
-3.506434202194213867e+00
-5.519267916679382324e-01
-8.776825666427612305e-01
-9.701838344335556030e-02
-6.600205302238464355e-01
-1.363498687744140625e+00
5.550265312194824219e-01
-1.004579901695251465e+00
6.459574103355407715e-01
-1.105659365653991699e+00
9.775795340538024902e-01
4.803605079650878906e-01
3.050636947154998779e-01
-1.162194848060607910e+00
-1.501728534698486328e+00
1.667478561401367188e+00
-1.743461489677429199e-01
8.678997755050659180e-01
-3.779876828193664551e-01
-1.004710271954536438e-01
-5.903761982917785645e-01
-5.823395252227783203e-01
9.106702208518981934e-01
-6.543216705322265625e-01
8.573030233383178711e-01
2.559554278850555420e-01
5.094987154006958008e-01
1.321375608444213867e+00
-4.414720237255096436e-01
1.797382116317749023e+00
-6.457611322402954102e-01
5.938372611999511719e-01
-1.881707429885864258e+00
6.331963539123535156e-01
2.852611243724822998e-01
-4.028816223144531250e-01
-1.805357933044433594e+00
1.030463427305221558e-01
-1.146389007568359375e+00
5.903159379959106445e-01
1.062014341354370117e+00
-1.116368770599365234e+00
-1.505316495895385742e-01
9.986097216606140137e-01
6.961739659309387207e-01
1.316614985466003418e+00
6.424429416656494141e-01
8.250690996646881104e-02
-2.921054124832153320e+00
-4.895605742931365967e-01
2.944976687431335449e-01
-3.676819801330566406e-01
-1.699349880218505859e+00
2.759932041168212891e+00
-1.567146927118301392e-01
-2.370285093784332275e-01
4.493976533412933350e-01
1.167859196662902832e+00
1.294980406761169434e+00
1.071831345558166504e+00
9.037178158760070801e-01
-2.285755574703216553e-01
-1.477018952369689941e+00
8.409001678228378296e-02
7.212546467781066895e-01
-1.882380485534667969e+00
-1.349253416061401367e+00
-1.629533886909484863e+00
-9.204319119453430176e-01
2.226205587387084961e+00
3.474902808666229248e-01
3.041058540344238281e+00
-1.250649988651275635e-01
-9.933157563209533691e-01
7.289084196090698242e-01
-1.655973553657531738e+00
-1.976028382778167725e-01
1.049512267112731934e+00
-7.836660742759704590e-01
-1.937834024429321289e+00
-2.999731600284576416e-01
2.215371370315551758e+00
9.238643646240234375e-01
1.880512952804565430e+00
3.304101824760437012e-01
1.140344977378845215e+00
1.168202310800552368e-01
1.503769159317016602e+00
5.524263978004455566e-01
-2.019065141677856445e+00
1.344372034072875977e+00
-7.492710947990417480e-01
3.423090577125549316e-01
-2.077285289764404297e+00
-9.736272096633911133e-01
1.772708415985107422e+00
-1.617036581039428711e+00
1.620934605598449707e+00
-1.085945963859558105e+00
-3.616767525672912598e-01
1.658392310142517090e+00
-1.835906356573104858e-01
1.054685950279235840e+00
1.202440142631530762e+00
-1.598978638648986816e+00
1.054082393646240234e+00
6.702905148267745972e-02
1.037715435028076172e+00
-1.125923037528991699e+00
6.409069895744323730e-01
-1.882594347000122070e+00
-6.637572050094604492e-01
3.547515869140625000e-01
-1.893109758384525776e-03
-8.453447222709655762e-01
