-2.421373575925827026e-01
2.961250245571136475e-01
-2.774761319160461426e-01
-1.693810701370239258e+00
2.057871818542480469e+00
1.725857496261596680e+00
5.249996185302734375e-01
3.704947531223297119e-01
2.887381911277770996e-01
-1.132346391677856445e+00
7.088797092437744141e-01
1.987886905670166016e+00
8.332455754280090332e-01
7.664517164230346680e-01
-1.495756745338439941e+00
1.982683420181274414e+00
4.671036303043365479e-01
4.627835750579833984e-01
-5.395102500915527344e-01
-1.295801043510437012e+00
-6.165866255760192871e-01
-3.283503949642181396e-01
-7.538498193025588989e-02
4.876584112644195557e-01
4.644072651863098145e-01
-3.204376399517059326e-01
8.014366626739501953e-01
1.005201339721679688e+00
3.438203334808349609e-01
2.413907766342163086e+00
6.168074533343315125e-02
-2.018369674682617188e+00
-1.065456390380859375e+00
2.824335098266601562e+00
-1.648014307022094727e+00
-4.542180299758911133e-01
1.718042194843292236e-01
9.307861328125000000e-01
-1.969225287437438965e+00
-9.800501167774200439e-02
2.058927059173583984e+00
-1.473402827978134155e-01
1.565265297889709473e+00
1.726441025733947754e+00
-1.664913892745971680e+00
-2.658571720123291016e+00
-9.314696788787841797e-01
3.142108678817749023e+00
2.101163566112518311e-01
4.928570091724395752e-01
7.754772305488586426e-01
-1.376541495323181152e+00
1.233108520507812500e+00
2.369690895080566406e+00
8.764526844024658203e-01
1.197870135307312012e+00
1.797683954238891602e+00
4.703510105609893799e-01
-1.683683872222900391e+00
9.399763941764831543e-01
9.286282658576965332e-01
-5.789900422096252441e-01
1.730884462594985962e-01
-4.000365436077117920e-01
8.793035745620727539e-01
-1.558283090591430664e+00
-7.903333902359008789e-01
1.054625511169433594e+00
-1.850045561790466309e+00
5.927145481109619141e-01
6.349186301231384277e-01
1.090909600257873535e+00
-1.103836536407470703e+00
-2.706249654293060303e-01
6.957326531410217285e-01
-1.024393677711486816e+00
1.337936639785766602e+00
-1.502315759658813477e+00
-2.920281887054443359e-01
-1.777691364288330078e+00
6.312636733055114746e-01
-1.363561630249023438e+00
-3.964092731475830078e-01
6.608395576477050781e-01
1.421025514602661133e+00
6.046417951583862305e-01
-4.579899609088897705e-01
-2.350309640169143677e-01
2.703834772109985352e-01
-1.967309117317199707e+00
2.021163329482078552e-02
-3.895112991333007812e+00
-2.375726938247680664e+00
8.908190727233886719e-01
8.686912059783935547e-01
2.062293142080307007e-02
2.510115504264831543e-01
-2.116771936416625977e+00
-8.894028067588806152e-01
1.356925725936889648e+00
-2.778716981410980225e-01
1.837887167930603027e+00
-1.541862934827804565e-01
-2.661438226699829102e+00
-1.525613903999328613e+00
8.478642106056213379e-01
-4.535892009735107422e-01
1.011627674102783203e+00
9.866129755973815918e-01
1.204038977622985840e+00
-6.220042705535888672e-01
-2.672657489776611328e+00
-2.188829421997070312e+00
-1.610194563865661621e+00
9.965499639511108398e-01
-2.293434441089630127e-01
9.595341086387634277e-01
-1.191202759742736816e+00
-1.404660820960998535e+00
-1.874241530895233154e-01
9.279116392135620117e-01
-1.280334472656250000e+00
3.803280591964721680e-01
1.840593814849853516e-01
4.740509390830993652e-01
-3.215802609920501709e-01
-1.008399367332458496e+00
-1.271385788917541504e+00
