7.110897898674011230e-01
-5.045279860496520996e-01
1.420736551284790039e+00
-1.967797800898551941e-02
-3.966098129749298096e-01
1.027909755706787109e+00
4.176690056920051575e-02
1.176573157310485840e+00
1.237394213676452637e+00
-1.732751131057739258e+00
2.157270908355712891e+00
8.208431005477905273e-01
2.287905216217041016e+00
-1.386096421629190445e-02
-3.195306062698364258e-01
1.017022848129272461e+00
4.138822555541992188e-01
-4.100928306579589844e-01
-1.396038770675659180e+00
1.364615082740783691e+00
7.300270795822143555e-01
-4.555428326129913330e-01
1.515519976615905762e+00
8.817064166069030762e-01
-2.837138473987579346e-01
1.154953002929687500e+00
-8.416445255279541016e-01
-1.258496046066284180e-01
-1.982077717781066895e+00
-2.996140122413635254e-01
8.290293812751770020e-01
-1.934363365173339844e+00
-1.294120073318481445e+00
7.419516444206237793e-01
-6.091710329055786133e-01
7.136862277984619141e-01
-1.132613062858581543e+00
8.929862976074218750e-01
-1.410721898078918457e+00
-5.404704809188842773e-01
1.016744375228881836e+00
1.270903348922729492e+00
7.287461757659912109e-01
1.636230707168579102e+00
-2.231483906507492065e-01
2.396446019411087036e-01
-1.068675294518470764e-01
-1.282315254211425781e+00
9.667817354202270508e-01
-1.651134252548217773e+00
1.530969049781560898e-02
4.024994373321533203e-01
1.685034781694412231e-01
-7.198687791824340820e-01
1.259424537420272827e-01
-3.519364595413208008e-01
5.732062458992004395e-02
1.536149501800537109e+00
1.960973024368286133e+00
4.756764769554138184e-01
-2.209280431270599365e-02
-7.322710156440734863e-01
-1.553638935089111328e+00
7.375359535217285156e-02
5.359194874763488770e-01
-1.584079027175903320e+00
2.259784936904907227e-01
3.758806884288787842e-01
2.458117669448256493e-03
4.329782426357269287e-01
-2.029456615447998047e+00
9.480089545249938965e-01
5.666709542274475098e-01
5.591087341308593750e-01
-5.670391917228698730e-01
-1.915827035903930664e+00
-6.121209263801574707e-01
-3.763970136642456055e-01
-1.109543919563293457e+00
-1.395219445228576660e+00
8.853935003280639648e-01
-5.682299137115478516e-01
-5.710913538932800293e-01
-1.263286828994750977e+00
3.658490419387817383e+00
-3.250166773796081543e-01
5.207356214523315430e-01
-1.269172310829162598e+00
8.201899379491806030e-02
6.681621074676513672e-01
2.704788684844970703e+00
-2.136840343475341797e+00
1.100234985351562500e+00
-1.351569533348083496e+00
-1.905003339052200317e-01
-1.793946027755737305e+00
8.635286688804626465e-01
3.472999334335327148e-01
-2.469562053680419922e+00
3.262672722339630127e-01
-3.262156009674072266e+00
2.869211435317993164e+00
-8.133584856986999512e-01
1.188562065362930298e-01
2.112761735916137695e+00
1.440386772155761719e+00
-2.214289605617523193e-01
-5.598465204238891602e-01
3.082978248596191406e+00
-5.391172766685485840e-01
-2.374157428741455078e+00
1.299703001976013184e+00
1.116587370634078979e-01
-3.399999856948852539e+00
-1.052517533302307129e+00
-2.239922583103179932e-01
-1.077381730079650879e+00
-1.312061071395874023e+00
-1.616604328155517578e+00
7.374499440193176270e-01
-2.357690095901489258e+00
-6.205303072929382324e-01
8.486469984054565430e-01
7.496629357337951660e-01
-1.534940600395202637e-01
-3.241507709026336670e-01
4.937713146209716797e-01
2.515779972076416016e+00
