1.483738422393798828e-01
-1.307459771633148193e-01
-3.806145787239074707e-01
-2.821805477142333984e-01
1.026416897773742676e+00
-1.694303393363952637e+00
2.106694430112838745e-01
2.283793836832046509e-01
-2.003732681274414062e+00
-1.277556061744689941e+00
-1.456590771675109863e+00
-3.152682065963745117e+00
1.172635793685913086e+00
-3.878334999084472656e+00
1.510516166687011719e+00
-5.982108712196350098e-01
-2.542086541652679443e-01
6.645252704620361328e-01
-2.678297996520996094e+00
-1.049817539751529694e-02
2.465708017349243164e+00
-1.985294222831726074e+00
1.444659233093261719e-01
-8.934240937232971191e-01
-9.645629525184631348e-01
-9.977517277002334595e-02
2.617690324783325195e+00
9.514881372451782227e-01
-1.102824136614799500e-01
2.234489202499389648e+00
-1.553325355052947998e-01
-6.364327669143676758e-02
5.824652314186096191e-01
1.166479110717773438e+00
3.727705776691436768e-01
-1.571955680847167969e-01
-4.174809455871582031e-01
9.821007847785949707e-01
-2.471218407154083252e-01
-1.066834449768066406e+00
-6.086223572492599487e-02
6.249482035636901855e-01
1.288134336471557617e+00
1.969607472419738770e-01
-4.450974464416503906e-01
7.375069260597229004e-01
7.322356104850769043e-01
5.763037204742431641e-01
1.561831951141357422e+00
1.951158881187438965e+00
-7.238078713417053223e-01
-7.810261249542236328e-01
6.129448413848876953e-01
9.620724916458129883e-01
6.057509183883666992e-01
2.001025199890136719e+00
1.495599001646041870e-01
2.656047105789184570e+00
-3.361268043518066406e-01
6.603109836578369141e-01
1.020424485206604004e+00
-4.187888801097869873e-01
-6.873372197151184082e-01
1.220150828361511230e+00
-6.516056656837463379e-01
-3.263103067874908447e-01
-3.191315829753875732e-01
1.793968200683593750e+00
-4.319873154163360596e-01
4.150531291961669922e-01
6.851317733526229858e-02
-2.612246274948120117e+00
-2.795909345149993896e-01
6.141976714134216309e-01
-8.964463472366333008e-01
3.287422955036163330e-01
-1.046151161193847656e+00
3.858987092971801758e-01
-1.094953179359436035e+00
-1.385026097297668457e+00
-1.554038166999816895e+00
1.597435712814331055e+00
-9.674115180969238281e-01
4.217320382595062256e-01
2.669324874877929688e+00
-1.011531233787536621e+00
-6.581752896308898926e-01
1.424477100372314453e-01
-2.285901010036468506e-01
-7.471113801002502441e-01
7.049014419317245483e-02
-1.130361199378967285e+00
-4.504641592502593994e-01
3.319394588470458984e-01
-8.692986518144607544e-02
-3.181027472019195557e-01
9.513656497001647949e-01
1.817537426948547363e+00
9.471923112869262695e-01
1.588799476623535156e+00
-4.841703772544860840e-01
-1.378770589828491211e+00
9.953606724739074707e-01
-1.752609252929687500e+00
-3.544223606586456299e-01
2.010762691497802734e+00
7.487616539001464844e-01
-5.175597220659255981e-02
-6.033067703247070312e-01
6.447111964225769043e-01
-1.542649865150451660e-01
-1.535973429679870605e+00
-1.373329401016235352e+00
2.425335407257080078e+00
-1.487503051757812500e+00
1.021003365516662598e+00
1.396745443344116211e+00
-1.106294393539428711e-01
-1.050033211708068848e+00
-3.884682953357696533e-01
-1.281855106353759766e+00
-8.482356071472167969e-01
-7.710049152374267578e-01
-3.486758470535278320e-01
-1.372998714447021484e+00
-1.704806685447692871e-01
-6.013482809066772461e-01
1.804074764251708984e+00
