-8.049566149711608887e-01
7.366162538528442383e-01
5.022205710411071777e-01
-2.277581989765167236e-01
-7.736776471138000488e-01
5.913770198822021484e-01
-3.278667330741882324e-01
1.320184111595153809e+00
2.695598900318145752e-01
5.982595086097717285e-01
1.161443233489990234e+00
1.732032299041748047e+00
-1.429933309555053711e+00
-3.366186916828155518e-01
8.501039147377014160e-01
-9.280377030372619629e-01
-8.772446960210800171e-02
1.251515388488769531e+00
-4.353065192699432373e-01
-1.582930207252502441e+00
-9.279546141624450684e-02
-1.371467709541320801e+00
7.949222326278686523e-01
-1.280670523643493652e+00
-1.952480792999267578e+00
7.041793465614318848e-01
1.216045737266540527e+00
-1.760551691055297852e+00
9.425299167633056641e-01
1.813941150903701782e-01
2.966076433658599854e-01
3.148095607757568359e+00
-1.818488717079162598e+00
3.121858835220336914e-02
-6.364675760269165039e-01
-2.649115324020385742e-01
-9.004060626029968262e-01
-2.621077775955200195e+00
-7.882322072982788086e-01
-2.413161993026733398e+00
-1.339217066764831543e+00
1.241577982902526855e+00
1.475499987602233887e+00
5.070941448211669922e-01
-1.456854343414306641e+00
2.078246116638183594e+00
1.176944494247436523e+00
1.249174833297729492e+00
-1.372810006141662598e+00
-3.087872862815856934e-01
3.742830455303192139e-01
-1.563889145851135254e+00
-3.013137876987457275e-01
-1.103488206863403320e+00
-4.501448571681976318e-01
1.027755260467529297e+00
2.169027090072631836e+00
-6.625897884368896484e-01
1.028860926628112793e+00
-1.251048684120178223e+00
-7.214794158935546875e-01
4.857439994812011719e+00
-1.435854285955429077e-01
1.514715433120727539e+00
-8.083316087722778320e-01
7.048485875129699707e-01
-1.742619395256042480e+00
-2.860336005687713623e-01
-1.222146749496459961e+00
-1.846545338630676270e+00
2.414201974868774414e+00
-4.504872560501098633e-01
1.437277555465698242e+00
-1.001938953995704651e-01
1.025803089141845703e+00
-1.496519088745117188e+00
3.928552940487861633e-02
-2.861294150352478027e-01
-3.018636405467987061e-01
-2.327535867691040039e+00
-1.023619890213012695e+00
-1.362028956413269043e+00
-5.326410531997680664e-01
-2.129313349723815918e-02
2.756914615631103516e+00
7.207607626914978027e-01
-1.065514445304870605e+00
4.380336105823516846e-01
-1.094311952590942383e+00
2.770557403564453125e-01
3.084887742996215820e+00
-1.238782167434692383e+00
-1.744300723075866699e-01
1.388918161392211914e+00
-1.106431603431701660e+00
6.360757946968078613e-01
2.084359407424926758e+00
7.244622707366943359e-01
9.788324236869812012e-01
1.773152351379394531e-01
-5.189040899276733398e-01
-6.678262352943420410e-01
-4.982558786869049072e-01
7.829604744911193848e-01
1.934547543525695801e+00
8.704578876495361328e-01
-1.424588680267333984e+00
8.826711177825927734e-01
1.889783501625061035e+00
-1.253241300582885742e+00
7.588630914688110352e-01
-6.403098702430725098e-01
-7.156279087066650391e-01
-3.154690265655517578e+00
-7.247381806373596191e-01
-5.080803632736206055e-01
3.551927953958511353e-02
4.295802861452102661e-02
-1.570232391357421875e+00
1.815076589584350586e+00
3.568513989448547363e-01
2.189470380544662476e-01
-3.431759402155876160e-02
-1.241007089614868164e+00
3.100602030754089355e-01
-1.378206968307495117e+00
-6.730183213949203491e-02
-8.374537825584411621e-01
