-5.456508398056030273e-01
-1.006501078605651855e+00
4.140040874481201172e-01
-3.803887963294982910e-02
-9.193537831306457520e-01
7.983666062355041504e-01
2.090462684631347656e+00
2.545941174030303955e-01
9.065200388431549072e-02
-1.409953236579895020e+00
6.200550794601440430e-01
8.876025676727294922e-01
6.500804424285888672e-01
4.392551630735397339e-02
1.335379838943481445e+00
1.380906533449888229e-02
-4.814415574073791504e-01
7.137327194213867188e-01
2.947109937667846680e-01
-2.466582775115966797e+00
-1.501075863838195801e+00
-6.950486898422241211e-01
1.014368534088134766e+00
-1.466335505247116089e-01
-1.440019458532333374e-01
5.039256811141967773e-01
7.351605892181396484e-01
3.819110617041587830e-02
-4.986289441585540771e-01
2.055400848388671875e+00
-1.449171304702758789e+00
-1.111362203955650330e-01
1.324113011360168457e-01
4.817431271076202393e-01
-1.010893225669860840e+00
1.064323306083679199e+00
-1.655477643013000488e+00
1.133591458201408386e-01
-9.085630774497985840e-01
-1.531899571418762207e+00
6.466904878616333008e-01
-7.566205263137817383e-01
1.025904536247253418e+00
2.750828564167022705e-01
-1.041572809219360352e+00
4.489881694316864014e-01
-3.362204313278198242e+00
9.640868902206420898e-01
9.136717319488525391e-01
7.563230991363525391e-01
6.956531405448913574e-01
6.336496472358703613e-01
-3.258901238441467285e-01
2.604023218154907227e-01
-7.826884984970092773e-01
1.321554064750671387e+00
-8.966187834739685059e-01
1.715347409248352051e+00
7.833054661750793457e-01
6.257247328758239746e-01
-2.314979076385498047e+00
1.854162216186523438e+00
-5.673698186874389648e-01
-5.024460554122924805e-01
2.791060924530029297e+00
1.738711744546890259e-01
-9.530367851257324219e-01
-3.771481513977050781e-01
-5.450782179832458496e-01
-8.345390558242797852e-01
6.645526885986328125e-01
-2.978683710098266602e+00
-5.963023304939270020e-01
1.256284713745117188e+00
1.137099862098693848e+00
5.185030102729797363e-01
5.450506210327148438e-01
-1.048902720212936401e-01
2.402323335409164429e-01
-1.007137261331081390e-02
1.061121940612792969e+00
-3.115327119827270508e+00
-9.772170186042785645e-01
1.612398326396942139e-01
-4.300716519355773926e-01
2.390139579772949219e+00
-1.450893282890319824e+00
-1.234596729278564453e+00
1.550967693328857422e+00
9.907885789871215820e-01
1.265459418296813965e+00
8.574647903442382812e-01
1.835744827985763550e-01
7.323935627937316895e-01
1.646543145179748535e+00
9.737220406532287598e-01
1.722017973661422729e-01
-4.324087873101234436e-02
3.586755394935607910e-01
1.014483645558357239e-01
-8.829669356346130371e-01
5.116913914680480957e-01
8.571060299873352051e-01
1.752634763717651367e+00
-5.866511464118957520e-01
1.748407244682312012e+00
1.169704645872116089e-01
-7.360267639160156250e-01
-1.391269564628601074e+00
-1.258686542510986328e+00
-7.665790915489196777e-01
6.119562387466430664e-01
-6.799975037574768066e-01
-3.726343214511871338e-01
1.095100998878479004e+00
-1.930736780166625977e+00
1.020692467689514160e+00
-6.955322623252868652e-01
-2.143694877624511719e+00
-1.745250821113586426e+00
-1.706558704376220703e+00
1.467225074768066406e+00
1.687295883893966675e-01
-2.911112546920776367e+00
-1.087588548660278320e+00
2.348987013101577759e-01
-2.186885178089141846e-01
1.328704476356506348e+00
