-8.573557436466217041e-02
-2.774481475353240967e-01
-1.293846964836120605e+00
-2.293673038482666016e+00
-3.531430959701538086e-01
-1.446916699409484863e+00
1.620662212371826172e+00
3.281184136867523193e-01
-8.756636381149291992e-01
1.366162300109863281e-01
6.100819706916809082e-01
1.647128820419311523e+00
6.551871895790100098e-01
8.768945932388305664e-02
-1.302984207868576050e-01
9.786583781242370605e-01
2.962320148944854736e-01
-4.079006239771842957e-02
-2.138143301010131836e+00
-1.248713612556457520e+00
1.506830900907516479e-01
-6.440206170082092285e-01
6.639696955680847168e-01
1.770390391349792480e+00
-8.496385812759399414e-01
-3.304528594017028809e-01
-7.487623095512390137e-01
-3.922580480575561523e-01
1.833258152008056641e+00
-2.130156457424163818e-01
6.876268386840820312e-01
-2.645210266113281250e+00
-3.251451849937438965e-01
2.869084596633911133e+00
2.050437927246093750e+00
-2.808584868907928467e-01
-1.602382063865661621e+00
3.316512331366539001e-02
9.784594774246215820e-01
-8.873155117034912109e-01
1.864603996276855469e+00
1.170978784561157227e+00
1.266524910926818848e+00
1.596505284309387207e+00
3.572703301906585693e-01
-9.742008447647094727e-01
2.834738045930862427e-02
2.750728607177734375e+00
7.761859893798828125e-01
2.219875335693359375e+00
-8.919808268547058105e-01
5.816161632537841797e-01
2.437519580125808716e-01
4.062621891498565674e-01
-2.527903914451599121e-01
1.179324269294738770e+00
5.510464906692504883e-01
-2.812654674053192139e-01
-2.155823230743408203e+00
6.286178231239318848e-01
-1.156073451042175293e+00
5.516083240509033203e-01
-5.102696418762207031e-01
-4.715438485145568848e-01
-6.888275146484375000e-01
-1.286032438278198242e+00
4.248848259449005127e-01
5.037328600883483887e-01
-8.850647807121276855e-01
8.046722412109375000e-01
2.622043788433074951e-01
-1.860084056854248047e+00
8.761334419250488281e-01
-2.770808897912502289e-02
-4.045608639717102051e-01
-5.107474923133850098e-01
1.596951127052307129e+00
8.844430744647979736e-02
-1.678990721702575684e+00
-2.900752305984497070e+00
-1.838057875633239746e+00
-8.364327549934387207e-01
-1.049899831414222717e-01
-4.098941087722778320e-01
2.703951358795166016e+00
2.247446060180664062e+00
-7.440838217735290527e-02
-2.688597142696380615e-01
-6.168618798255920410e-01
-1.309893608093261719e+00
1.750154495239257812e-01
6.526896357536315918e-01
-1.950646638870239258e+00
2.719332218170166016e+00
2.962398827075958252e-01
1.618434548377990723e+00
1.421386957168579102e+00
1.133658766746520996e+00
5.827690362930297852e-01
5.627929568290710449e-01
3.441526889801025391e+00
3.628223240375518799e-01
3.490301966667175293e-01
-1.172662019729614258e+00
-2.477235555648803711e+00
8.251739740371704102e-01
-2.589873313903808594e+00
-6.585572957992553711e-01
-3.915887326002120972e-02
-3.566444814205169678e-01
4.755360186100006104e-01
6.848309040069580078e-01
7.141311168670654297e-01
-2.861021459102630615e-01
4.645029008388519287e-01
-1.648352742195129395e-01
-6.935609579086303711e-01
-1.547352790832519531e+00
-1.292266249656677246e+00
7.597668766975402832e-01
9.099373817443847656e-01
-4.538488686084747314e-01
-1.830358505249023438e+00
-5.050599575042724609e-01
-4.943996071815490723e-01
-1.832393169403076172e+00
-8.204556107521057129e-01
-8.874347805976867676e-01
