-1.991879753768444061e-02
-1.242825508117675781e+00
7.579258680343627930e-01
-9.452438354492187500e-01
-1.725237607955932617e+00
-1.665912747383117676e+00
-4.312170147895812988e-01
-8.662107586860656738e-01
1.138990998268127441e+00
-2.230038404464721680e+00
4.150035083293914795e-01
-1.133986711502075195e+00
2.654858529567718506e-01
-1.309878468513488770e+00
1.511716723442077637e+00
5.902017951011657715e-01
-2.388767004013061523e-01
8.758531808853149414e-01
7.007414698600769043e-01
3.141417264938354492e+00
-1.246212720870971680e+00
7.079715132713317871e-01
-7.298053503036499023e-01
2.898648679256439209e-01
-1.576816439628601074e+00
-6.510121822357177734e-01
6.014837697148323059e-02
3.488212525844573975e-01
-5.306573510169982910e-01
9.373168945312500000e-01
-1.652742862701416016e+00
-1.200562357902526855e+00
-2.151667594909667969e+00
-1.137887477874755859e+00
8.340147137641906738e-01
1.351353645324707031e+00
-2.080788373947143555e+00
-5.627276897430419922e-01
-7.239893674850463867e-01
-3.963235318660736084e-01
1.972317099571228027e-01
1.016317129135131836e+00
1.702021956443786621e+00
1.614477992057800293e+00
5.562999844551086426e-01
7.218897938728332520e-01
-5.696823000907897949e-01
1.299272775650024414e+00
6.596388816833496094e-01
-5.205553174018859863e-01
2.577759623527526855e-01
-1.105468630790710449e+00
3.432484269142150879e-01
8.101049065589904785e-01
3.027855157852172852e-01
4.200488924980163574e-01
3.429829180240631104e-01
3.122874796390533447e-01
-1.795279026031494141e+00
2.442821979522705078e+00
1.383706331253051758e+00
1.664274930953979492e-01
-3.103331029415130615e-01
2.416524648666381836e+00
1.243641734123229980e+00
-7.251793146133422852e-01
7.026751041412353516e-01
4.112436175346374512e-01
-1.272501111030578613e+00
-6.467970609664916992e-01
-1.009446159005165100e-01
7.198845148086547852e-01
3.606685161590576172e+00
7.382487654685974121e-01
-3.287802040576934814e-01
-1.766117930412292480e+00
9.126082062721252441e-01
-1.190311312675476074e+00
9.701242446899414062e-01
-3.106164455413818359e+00
-6.826568245887756348e-01
4.469416737556457520e-01
1.971010416746139526e-01
5.086959600448608398e-01
2.145050764083862305e+00
2.840697169303894043e-01
-2.164188385009765625e+00
1.920533061027526855e+00
-3.809067606925964355e-02
1.877841711044311523e+00
-4.567236900329589844e-01
-3.131668329238891602e+00
8.927820920944213867e-01
6.902773976325988770e-01
2.092575132846832275e-01
1.283962130546569824e+00
1.321774840354919434e+00
6.007929891347885132e-02
-3.273015916347503662e-01
7.452019453048706055e-01
3.895997107028961182e-01
-4.711101055145263672e-01
-1.222631335258483887e+00
-2.358637452125549316e-01
1.397756457328796387e+00
1.908738724887371063e-02
-6.856893897056579590e-01
4.872255623340606689e-01
3.968770205974578857e-01
9.523071050643920898e-01
-2.204828739166259766e+00
1.237815260887145996e+00
-2.028932809829711914e+00
-1.866879761219024658e-01
-5.892391502857208252e-02
1.042408704757690430e+00
-4.241511523723602295e-01
2.666073851287364960e-02
1.277605175971984863e+00
-8.625645637512207031e-01
-1.369142413139343262e+00
7.557580471038818359e-01
-8.078384995460510254e-01
-2.527907371520996094e+00
-6.449029445648193359e-01
-2.152681499719619751e-01
-3.902513682842254639e-01
-9.137743115425109863e-01
