1.132513403892517090e+00
-1.196387887001037598e+00
5.340514779090881348e-01
2.420864850282669067e-01
3.235467910766601562e+00
2.461342886090278625e-02
-1.085798889398574829e-01
-5.747932791709899902e-01
-2.634890317916870117e+00
-1.987086772918701172e+00
2.741424560546875000e+00
1.851689338684082031e+00
7.498997449874877930e-01
-2.824458777904510498e-01
1.142537117004394531e+00
-5.039201378822326660e-01
1.333116650581359863e+00
-2.232646197080612183e-01
1.025171279907226562e-01
1.579894661903381348e+00
-1.063039541244506836e+00
-1.165581464767456055e+00
2.077980995178222656e+00
1.319889307022094727e+00
5.199020504951477051e-01
-1.082414668053388596e-02
1.797125577926635742e+00
-3.628849983215332031e-01
-6.194822788238525391e-01
9.390036463737487793e-01
-5.396742820739746094e-01
1.612399458885192871e+00
-5.568883419036865234e-01
1.071749567985534668e+00
-9.541682600975036621e-01
1.132619261741638184e+00
-6.648935079574584961e-01
8.980990648269653320e-01
-5.346608161926269531e-01
-5.299302563071250916e-02
6.869524121284484863e-01
-1.663701415061950684e+00
1.150361418724060059e+00
2.934804677963256836e+00
5.435541272163391113e-01
-6.444991827011108398e-01
-6.381461620330810547e-01
5.930526852607727051e-01
8.821303248405456543e-01
-1.066749468445777893e-01
-6.357448697090148926e-01
-2.738746643066406250e+00
1.629644513130187988e+00
-1.297881841659545898e+00
1.863581240177154541e-01
-1.071136832237243652e+00
7.986831665039062500e-01
3.434947431087493896e-01
8.839551210403442383e-01
7.468291521072387695e-01
-1.299920320510864258e+00
-9.149771332740783691e-01
2.856281697750091553e-01
-1.439422845840454102e+00
-1.718116998672485352e+00
-1.620257616043090820e+00
-1.515564680099487305e+00
2.075103759765625000e+00
2.839136719703674316e-01
-6.970608234405517578e-02
1.932450532913208008e+00
-1.177265420556068420e-01
6.031383872032165527e-01
4.979102611541748047e-01
9.379294514656066895e-01
-4.551320075988769531e-01
7.638687640428543091e-02
-8.723971247673034668e-01
1.721519351005554199e+00
-6.952946782112121582e-01
3.321971297264099121e-01
-2.486123293638229370e-01
-8.670167326927185059e-01
1.415004611015319824e+00
3.077354729175567627e-01
-1.699578285217285156e+00
-9.648260474205017090e-01
-1.595792293548583984e+00
3.904571831226348877e-01
8.604882955551147461e-01
1.709838271141052246e+00
-1.280622363090515137e+00
-6.592566967010498047e-01
1.098760962486267090e+00
-1.622409701347351074e+00
-2.142518162727355957e-01
-3.821910023689270020e-01
7.228451967239379883e-01
-1.595673084259033203e+00
-2.344592094421386719e+00
-1.789393901824951172e+00
1.031569361686706543e+00
-1.946273684501647949e+00
8.339110016822814941e-01
6.081796810030937195e-02
-1.281010210514068604e-01
-3.487856090068817139e-01
-1.845316052436828613e+00
2.344071388244628906e+00
-4.117181301116943359e-01
6.381767243146896362e-02
5.695168375968933105e-01
-8.749300837516784668e-01
-3.604387640953063965e-01
7.467847466468811035e-01
-1.736841559410095215e+00
1.163207173347473145e+00
-7.666655778884887695e-01
1.710650324821472168e-02
-1.667088389396667480e+00
-3.261483013629913330e-01
1.219543367624282837e-01
1.425152897834777832e+00
-2.069493293762207031e+00
-5.663414001464843750e-01
4.673781618475914001e-02
-8.340571522712707520e-01
-5.266489982604980469e-01
