4.247608482837677002e-01
-1.079695485532283783e-02
7.085294127464294434e-01
-7.712007164955139160e-01
1.472517490386962891e+00
-1.553040266036987305e+00
1.333375424146652222e-01
1.757488846778869629e+00
-4.869158864021301270e-01
-2.569478750228881836e+00
-6.984527111053466797e-01
4.357158392667770386e-02
-1.111153721809387207e+00
-2.126055240631103516e+00
-1.565051198005676270e+00
1.428960323333740234e+00
-5.842283368110656738e-01
-9.151891618967056274e-02
-1.684111118316650391e+00
2.148625105619430542e-01
-4.423044621944427490e-01
-5.010842531919479370e-02
8.051415532827377319e-02
-3.390006422996520996e-01
-2.039106845855712891e+00
9.573892951011657715e-01
2.448717355728149414e+00
-2.269041299819946289e+00
1.645544528961181641e+00
1.658220291137695312e-01
4.815781861543655396e-02
2.208337485790252686e-01
-2.138902187347412109e+00
-4.795721471309661865e-01
-7.063146233558654785e-01
8.313632011413574219e-01
8.188287913799285889e-02
-4.442125856876373291e-01
-8.514329791069030762e-02
-4.045106172561645508e-01
2.881685495376586914e+00
2.041071057319641113e-01
9.344203472137451172e-01
-1.613908529281616211e+00
-5.136603116989135742e-01
-3.137950599193572998e-01
-6.944283843040466309e-01
-4.207084178924560547e-01
1.192809268832206726e-02
1.186019659042358398e+00
1.499633550643920898e+00
-2.481268495321273804e-01
-1.290208697319030762e+00
2.983732521533966064e-01
-8.891115188598632812e-01
8.254467844963073730e-01
5.790489912033081055e-01
3.680663704872131348e-01
1.282924890518188477e+00
1.142915152013301849e-02
6.026684641838073730e-01
-5.654382705688476562e-01
1.717445015907287598e+00
7.401747703552246094e-01
-1.499992609024047852e+00
-1.572452306747436523e+00
8.700999617576599121e-01
2.314337939023971558e-01
2.225653231143951416e-01
-1.853412538766860962e-01
-7.893449068069458008e-01
2.034978866577148438e+00
1.244148612022399902e+00
1.067659974098205566e+00
-7.255701422691345215e-01
-2.618709564208984375e+00
6.306049972772598267e-02
5.807759165763854980e-01
-1.107194542884826660e+00
-1.804129242897033691e+00
2.307324886322021484e+00
7.712228298187255859e-01
8.197832107543945312e-01
-1.050099849700927734e+00
3.748067617416381836e+00
-5.017050504684448242e-01
-9.319887161254882812e-01
4.071387648582458496e-01
-3.725630342960357666e-01
1.451217651367187500e+00
1.641071557998657227e+00
-1.315553069114685059e+00
1.212542131543159485e-01
-8.563353419303894043e-01
1.204194545745849609e+00
2.060110419988632202e-01
-7.486625015735626221e-02
-1.319919586181640625e+00
2.119920969009399414e+00
6.020808815956115723e-01
-3.290762901306152344e-01
-5.499852299690246582e-01
-2.437129259109497070e+00
2.775426387786865234e+00
-2.793634124100208282e-02
-1.692800164222717285e+00
3.858413994312286377e-01
-1.987557530403137207e+00
1.526627659797668457e+00
-3.482507944107055664e+00
1.491586416959762573e-01
-1.270169377326965332e+00
-2.386561483144760132e-01
7.364303469657897949e-01
-2.387522697448730469e+00
6.846187710762023926e-01
1.592452406883239746e+00
4.815787251573055983e-04
-1.300404667854309082e+00
1.501120448112487793e+00
1.677872419357299805e+00
-1.917416453361511230e+00
-7.432135343551635742e-01
1.104731202125549316e+00
-1.605443954467773438e-01
-1.457155704498291016e+00
1.547634959220886230e+00
1.125825881958007812e+00
