1.592020243406295776e-01
-8.974651992321014404e-02
-1.227104067802429199e-01
-1.729800105094909668e-01
-6.345501542091369629e-01
4.624681770801544189e-01
6.433752179145812988e-01
5.815485864877700806e-02
-1.078701376914978027e+00
-2.262239307165145874e-01
1.073578000068664551e+00
-2.790635228157043457e-01
9.159163832664489746e-01
-8.356447219848632812e-01
2.850580215454101562e+00
7.221981883049011230e-01
-8.535373806953430176e-01
1.608915805816650391e+00
-1.167483806610107422e+00
1.179096698760986328e+00
-4.229803681373596191e-01
-1.502321004867553711e+00
4.945360124111175537e-01
1.617575883865356445e+00
-1.374482393264770508e+00
-6.194047331809997559e-01
-3.845504224300384521e-01
-6.425616741180419922e-01
1.130359530448913574e+00
1.550271749496459961e+00
-3.238374888896942139e-01
5.231240391731262207e-01
-1.715180158615112305e+00
-2.974152863025665283e-01
-1.355947017669677734e+00
1.111516237258911133e+00
-6.892262101173400879e-01
-1.982398986816406250e+00
-7.558199763298034668e-01
4.000807702541351318e-01
1.332518696784973145e+00
1.930813670158386230e+00
1.233114361763000488e+00
1.708722561597824097e-01
-1.242082118988037109e+00
1.159758090972900391e+00
-8.620278835296630859e-01
-2.107944786548614502e-01
-6.865261793136596680e-01
6.578131914138793945e-01
-1.175832152366638184e+00
-1.112237691879272461e+00
3.035845607519149780e-02
4.645634591579437256e-01
1.163287043571472168e+00
-8.457733392715454102e-01
2.356244474649429321e-01
9.350045919418334961e-01
1.913132190704345703e+00
2.567057609558105469e+00
-5.890988111495971680e-01
1.191670179367065430e+00
-4.132238626480102539e-01
1.704930782318115234e+00
9.600704312324523926e-01
-8.928940892219543457e-01
-4.249020013958215714e-03
1.071097373962402344e+00
4.110554158687591553e-01
5.292456224560737610e-02
2.893066704273223877e-01
-2.000417232513427734e+00
1.197839736938476562e+00
1.238648533821105957e+00
7.081601619720458984e-01
-1.028868317604064941e+00
-2.019430547952651978e-01
-3.773406147956848145e-01
-1.634746909141540527e+00
-2.771873176097869873e-01
7.319269180297851562e-01
-1.753841638565063477e+00
-1.365617513656616211e+00
-3.397553265094757080e-01
-4.543262422084808350e-01
5.716189742088317871e-01
-8.387313485145568848e-01
-1.604869842529296875e+00
1.558227419853210449e+00
-1.287508457899093628e-01
-3.053158760070800781e+00
7.905475497245788574e-01
-1.673333525657653809e+00
2.155539393424987793e-01
5.202391743659973145e-01
1.958827495574951172e+00
1.825251340866088867e+00
7.578310370445251465e-01
-8.915159702301025391e-01
9.482433795928955078e-01
1.967410802841186523e+00
-8.673756718635559082e-01
-7.469099760055541992e-01
-1.607282459735870361e-02
-5.788304209709167480e-01
1.117163658142089844e+00
-2.218728661537170410e-01
4.373975098133087158e-01
8.714866042137145996e-01
8.452081084251403809e-01
-2.103657484054565430e+00
8.655336499214172363e-01
-1.893534325063228607e-02
1.506388783454895020e-01
-6.087515354156494141e-01
-9.031145018525421619e-04
1.790204286575317383e+00
-1.584259390830993652e+00
-2.902351021766662598e-01
-1.107413053512573242e+00
1.084889173507690430e-01
-5.975707769393920898e-01
-1.985741615295410156e+00
-2.195928096771240234e+00
-1.578454375267028809e+00
-1.640509843826293945e+00
-1.093252658843994141e+00
1.120297074317932129e+00
