9.095883965492248535e-01
-5.009900331497192383e-01
7.749295830726623535e-01
1.634225249290466309e-01
-1.568868994712829590e+00
5.186346769332885742e-01
4.091776609420776367e-01
-1.241289377212524414e+00
3.069914281368255615e-01
-7.783384919166564941e-01
-2.200054645538330078e+00
1.584908604621887207e+00
-1.986583948135375977e+00
3.900379240512847900e-01
-5.909000039100646973e-01
-1.181783914566040039e+00
2.519795298576354980e-01
-4.040922522544860840e-01
9.669340401887893677e-02
1.837212562561035156e+00
1.270359992980957031e+00
-9.851097464561462402e-01
-6.795929670333862305e-01
1.825466871261596680e+00
-5.275378823280334473e-01
-1.349101424217224121e+00
-2.301640987396240234e+00
-2.323179483413696289e+00
-4.157665967941284180e-01
5.335962176322937012e-01
1.441427946090698242e+00
5.891726016998291016e-01
1.174127236008644104e-01
3.027877211570739746e-01
-3.467198014259338379e-01
1.283732652664184570e-01
2.554931342601776123e-01
4.913854300975799561e-01
-1.621803641319274902e-02
3.385262787342071533e-01
1.494649529457092285e+00
8.234281092882156372e-02
1.425551772117614746e+00
9.289472699165344238e-01
1.675770998001098633e+00
-3.950256407260894775e-01
5.382365733385086060e-02
2.616803884506225586e+00
8.323031663894653320e-02
2.184796333312988281e+00
-8.390408754348754883e-01
-2.122449874877929688e+00
1.090277075767517090e+00
-3.071260452270507812e-01
2.021240815520286560e-02
-1.450392961502075195e+00
-1.553469300270080566e-01
1.284592390060424805e+00
-2.905355095863342285e-01
3.046134710311889648e+00
-1.509691834449768066e+00
-9.832201600074768066e-01
8.947532176971435547e-01
4.466488361358642578e-01
2.339241981506347656e+00
7.180791497230529785e-01
6.128650307655334473e-01
1.004460930824279785e+00
-1.083599448204040527e+00
6.795767545700073242e-01
1.126933217048645020e+00
-4.562425911426544189e-01
-9.326021671295166016e-01
5.385510921478271484e-01
-1.265084147453308105e+00
7.769637107849121094e-01
4.301752448081970215e-01
-2.277999401092529297e+00
3.852643370628356934e-01
-8.946682810783386230e-01
-2.997954785823822021e-01
-2.290818929672241211e+00
2.008976042270660400e-02
-8.423967957496643066e-01
4.891188442707061768e-01
5.530914291739463806e-02
-8.811063170433044434e-01
1.785191148519515991e-02
-3.458581864833831787e-01
-1.314637511968612671e-01
-4.946759939193725586e-01
2.436605244874954224e-01
5.367553830146789551e-01
3.165057674050331116e-02
1.641771316528320312e+00
-3.450850725173950195e+00
-5.399418473243713379e-01
-2.868447601795196533e-01
1.759062051773071289e+00
-8.199405670166015625e-01
1.635163307189941406e+00
1.302204132080078125e+00
-2.305649280548095703e+00
6.885209083557128906e-01
-4.385023117065429688e-01
-5.888856649398803711e-01
-2.116113424301147461e+00
-1.027258992195129395e+00
-9.704611301422119141e-01
-5.304399728775024414e-01
7.561422586441040039e-01
-1.122994422912597656e+00
6.889065504074096680e-01
3.870841264724731445e-01
2.133707761764526367e+00
1.904402822256088257e-01
-5.422681570053100586e-01
-1.714610219001770020e+00
1.278058171272277832e+00
-1.006597757339477539e+00
-2.441804558038711548e-01
-1.147788763046264648e+00
7.301357984542846680e-01
2.534095048904418945e-01
-1.133339881896972656e+00
7.738006711006164551e-01
-9.388856291770935059e-01
2.648942708969116211e+00
