2.021044969558715820e+00
-7.822179198265075684e-01
-4.277657866477966309e-01
3.928053081035614014e-01
2.979758381843566895e-01
1.889595836400985718e-01
1.800075173377990723e+00
1.372759699821472168e+00
1.158352017402648926e+00
-2.245815515518188477e+00
1.620805859565734863e+00
-3.796496391296386719e+00
4.370789825916290283e-01
-7.828001379966735840e-01
1.965925574302673340e+00
-6.390743255615234375e-01
-4.592611491680145264e-01
1.068434000015258789e+00
-1.500247836112976074e+00
7.867088168859481812e-02
-1.148641467094421387e+00
-1.350206017494201660e+00
-2.276272773742675781e+00
9.998030066490173340e-01
1.076919317245483398e+00
4.529737532138824463e-01
8.851009011268615723e-01
-9.481416940689086914e-01
9.476797580718994141e-01
5.346233844757080078e-01
-2.659151315689086914e+00
-1.521315872669219971e-01
-1.781909227371215820e+00
-1.088246941566467285e+00
7.884024381637573242e-01
1.761103868484497070e+00
-1.014160752296447754e+00
-5.884244441986083984e-01
1.402681112289428711e+00
-1.057776093482971191e+00
8.700087666511535645e-01
1.304553598165512085e-01
7.636108994483947754e-01
2.144799947738647461e+00
9.570199251174926758e-01
4.831760525703430176e-01
1.615459561347961426e+00
2.045667886734008789e+00
-3.070442378520965576e-01
4.483828842639923096e-01
-7.520928978919982910e-01
-9.594355821609497070e-01
-1.329706311225891113e+00
-1.042533159255981445e+00
2.654511034488677979e-01
-1.379010796546936035e+00
1.509425044059753418e-01
2.292718648910522461e+00
9.851797223091125488e-01
2.131470203399658203e+00
-2.713579833507537842e-01
-1.033041954040527344e+00
2.074762582778930664e+00
6.411794424057006836e-01
-4.746028482913970947e-01
-1.960127234458923340e+00
2.322430849075317383e+00
-4.640997573733329773e-02
-1.728396564722061157e-01
6.546267867088317871e-01
7.641465663909912109e-01
2.734916806221008301e-01
-4.601942002773284912e-01
1.019264459609985352e+00
1.022871613502502441e+00
-2.391794919967651367e+00
1.228475928306579590e+00
-4.547277987003326416e-01
2.369733601808547974e-01
-6.047968864440917969e-01
-7.325441837310791016e-01
8.828770518302917480e-01
-5.260210037231445312e-01
-9.401113986968994141e-01
5.324304699897766113e-01
-2.632214546203613281e+00
-5.202237963676452637e-01
-1.716975688934326172e+00
-1.193677425384521484e+00
1.664107799530029297e+00
4.617868065834045410e-01
-1.696258187294006348e+00
-3.035020828247070312e-01
1.956813931465148926e-01
9.201567173004150391e-01
1.437645673751831055e+00
9.314798563718795776e-02
-8.685224652290344238e-01
6.113958358764648438e-01
7.192922234535217285e-01
-1.254821181297302246e+00
-1.550267338752746582e+00
-1.296779155731201172e+00
9.143061637878417969e-01
3.069230556488037109e+00
-5.080212354660034180e-01
4.340745508670806885e-01
-6.190685033798217773e-01
7.359980344772338867e-01
-2.367259979248046875e+00
2.194592952728271484e+00
1.887418746948242188e+00
1.836756020784378052e-01
-3.354306519031524658e-01
-7.191697955131530762e-01
-6.520214676856994629e-02
7.655409574508666992e-01
-6.279317736625671387e-01
-1.409282445907592773e+00
-8.311305046081542969e-01
-9.814878106117248535e-01
-2.518852949142456055e+00
-5.427789688110351562e-01
1.062433496117591858e-01
-7.757845520973205566e-01
-3.473810618743300438e-03
-1.625059396028518677e-01
1.226786494255065918e+00
