1.599198937416076660e+00
-1.346564412117004395e+00
1.008540272712707520e+00
3.752263486385345459e-01
2.632978677749633789e+00
-9.024897217750549316e-01
-1.409074544906616211e+00
3.140704929828643799e-01
-8.521445989608764648e-01
9.014335870742797852e-01
-2.961082458496093750e-01
1.271778225898742676e+00
1.378005862236022949e+00
-1.184208869934082031e+00
-2.136383295059204102e+00
-4.261819124221801758e-01
-1.693036794662475586e+00
1.418259739875793457e+00
6.694831848144531250e-01
-7.161349654197692871e-01
-1.716896653175354004e+00
-2.194197893142700195e+00
1.618517994880676270e+00
2.531267881393432617e+00
-1.661719202995300293e+00
-1.708447784185409546e-01
6.409056782722473145e-01
7.489140629768371582e-01
-1.917203187942504883e+00
4.135254025459289551e-01
-5.413433313369750977e-01
2.287448495626449585e-01
-1.486373394727706909e-01
1.828670024871826172e+00
-1.080526351928710938e+00
1.424062609672546387e+00
7.782564759254455566e-01
-1.115206122398376465e+00
9.807838201522827148e-01
8.298007249832153320e-01
5.502465963363647461e-01
4.865144938230514526e-02
1.951241135597229004e+00
1.712362468242645264e-01
-5.643608570098876953e-01
-2.038552761077880859e+00
3.504881262779235840e-01
5.468266010284423828e-01
1.182383418083190918e+00
8.374834060668945312e-02
9.916903376579284668e-01
-2.430885553359985352e+00
1.806415081024169922e+00
-1.209947466850280762e+00
-9.898096919059753418e-01
-1.831686019897460938e+00
1.574239879846572876e-01
2.026530504226684570e+00
3.120192587375640869e-01
1.659900307655334473e+00
-5.611870884895324707e-01
-1.770934581756591797e+00
6.665151715278625488e-01
-1.935051381587982178e-01
-4.675288200378417969e-01
-1.119549870491027832e+00
-4.194229543209075928e-01
5.411998033523559570e-01
5.422684550285339355e-01
-4.508394896984100342e-01
7.478351593017578125e-01
-8.272103965282440186e-02
1.699550747871398926e+00
6.081575155258178711e-01
-6.890134215354919434e-01
-1.921904325485229492e+00
-2.208148986101150513e-01
-2.501207292079925537e-01
3.642945289611816406e-01
5.690810456871986389e-02
1.498895764350891113e+00
-1.666908144950866699e+00
1.115749359130859375e+00
3.914227485656738281e-01
-7.961777970194816589e-03
-2.385912230238318443e-03
2.244791984558105469e-01
3.808680176734924316e-01
1.695063591003417969e+00
2.899755239486694336e-01
-1.540612578392028809e+00
-5.433981418609619141e-01
-4.530161917209625244e-01
6.167712807655334473e-01
4.137117862701416016e-01
-3.415389358997344971e-02
4.750665649771690369e-02
-3.398972153663635254e-01
-1.908000946044921875e+00
-1.664485096931457520e+00
-4.880512356758117676e-01
-5.029152035713195801e-01
-2.347191274166107178e-01
-1.443816781044006348e+00
9.669854640960693359e-01
-3.036644458770751953e-01
-8.246442079544067383e-01
1.489782214164733887e+00
7.860416173934936523e-01
-7.421877384185791016e-01
-9.122396707534790039e-01
4.245939552783966064e-01
6.061875224113464355e-01
6.830010414123535156e-01
2.771161317825317383e+00
-1.493960022926330566e+00
-4.137847572565078735e-02
-2.202919721603393555e+00
5.483645200729370117e-01
-4.346232712268829346e-01
2.847821712493896484e-01
-7.459716796875000000e-01
8.593363165855407715e-01
-8.628026843070983887e-01
-7.165875434875488281e-01
-4.357551038265228271e-01
-1.868730306625366211e+00
7.892333716154098511e-02
