3.471000194549560547e-01
-1.760790228843688965e+00
1.095205664634704590e+00
-1.023861914873123169e-01
-9.407397508621215820e-01
1.651626110076904297e+00
-4.185024648904800415e-02
-1.338186740875244141e+00
-1.889153867959976196e-01
-7.183983325958251953e-01
-9.418386220932006836e-01
3.793516457080841064e-01
1.873439401388168335e-01
2.705972492694854736e-01
-5.333924889564514160e-01
1.193305850028991699e+00
-6.319286227226257324e-01
1.600280404090881348e+00
8.938137888908386230e-01
1.618714451789855957e+00
-2.094625309109687805e-02
5.775635838508605957e-01
1.203729748725891113e+00
6.907260417938232422e-02
2.265648543834686279e-01
1.004120334982872009e-02
-1.513061285018920898e+00
-3.064494431018829346e-01
3.457174599170684814e-01
4.453559219837188721e-02
5.137012600898742676e-01
6.254039406776428223e-01
-8.562779426574707031e-01
-1.829570889472961426e+00
9.603092670440673828e-01
1.910848736763000488e+00
9.069160223007202148e-01
3.389310240745544434e-01
1.230113029479980469e+00
-4.863050282001495361e-01
6.971275806427001953e-01
9.194428920745849609e-01
1.958054423332214355e+00
1.470740199089050293e+00
3.496556580066680908e-01
-1.763803839683532715e+00
-1.100947618484497070e+00
-1.832158684730529785e+00
2.106082439422607422e+00
2.092073917388916016e+00
-3.264196395874023438e+00
-1.340957045555114746e+00
-4.012539386749267578e-01
-2.175336599349975586e+00
4.498936831951141357e-01
4.971375763416290283e-01
4.233202338218688965e-01
1.754628777503967285e+00
1.136432439088821411e-01
-3.937104046344757080e-01
8.916373550891876221e-02
-7.597278058528900146e-02
4.596742987632751465e-01
-1.101703643798828125e+00
-3.383575379848480225e-02
5.262814089655876160e-02
-2.829897999763488770e-01
1.045147776603698730e+00
-9.108901023864746094e-01
-1.039773941040039062e+00
-9.352982044219970703e-01
-6.214738488197326660e-01
-5.122879743576049805e-01
1.192287206649780273e+00
-1.914505004882812500e+00
-1.283060908317565918e+00
-3.181121349334716797e-01
-1.339742064476013184e+00
-1.730718851089477539e+00
-9.674711823463439941e-01
4.505548477172851562e-01
2.159269452095031738e-01
3.720450997352600098e-01
7.178121805191040039e-01
-7.853069901466369629e-01
1.233944058418273926e+00
1.401235103607177734e+00
2.049076795578002930e+00
-1.603751540184020996e+00
-1.001527428627014160e+00
-2.919166088104248047e-01
-1.243598341941833496e+00
1.231360912322998047e+00
1.913560986518859863e+00
1.300288796424865723e+00
-9.672039747238159180e-01
4.749829322099685669e-02
-3.751782178878784180e-01
-3.381591141223907471e-01
1.840162396430969238e+00
1.176839113235473633e+00
1.854894399642944336e+00
-1.901973843574523926e+00
-1.125247478485107422e+00
-1.115741133689880371e+00
-1.193917751312255859e+00
-4.298775196075439453e-01
-8.314995765686035156e-01
9.606604278087615967e-02
-6.001834571361541748e-02
1.101403713226318359e+00
-5.724653229117393494e-02
-2.200732231140136719e+00
-4.454218149185180664e-01
1.317431688308715820e+00
3.249145448207855225e-01
1.164790511131286621e+00
7.657713294029235840e-01
1.031840562820434570e+00
2.584984898567199707e-01
-1.018213391304016113e+00
1.752173185348510742e+00
-2.088242769241333008e+00
-8.407124280929565430e-01
-9.051932692527770996e-01
-1.521263480186462402e+00
2.214120030403137207e-01
-6.377145051956176758e-01
