-7.356232404708862305e-01
-9.416223168373107910e-01
4.733681082725524902e-01
3.324282765388488770e-01
-2.487790584564208984e-01
-4.452167823910713196e-02
1.666422724723815918e+00
1.283464789390563965e+00
-1.356967926025390625e+00
-2.016765117645263672e+00
1.001437187194824219e+00
-1.748315453529357910e+00
-4.422734975814819336e-01
-1.051545858383178711e+00
3.418488055467605591e-02
1.788448333740234375e+00
-4.575811624526977539e-01
1.284549117088317871e+00
-5.863161385059356689e-02
-3.067622184753417969e-01
-1.114844918251037598e+00
-3.193685039877891541e-02
-4.088211655616760254e-01
6.448083519935607910e-01
-6.113397479057312012e-01
1.130181312561035156e+00
2.507155895233154297e+00
-2.730209589004516602e+00
-1.769517660140991211e-01
1.209256768226623535e+00
2.349958717823028564e-01
5.208761096000671387e-01
-9.781679511070251465e-01
1.078570485115051270e-01
-1.244412064552307129e+00
8.085334300994873047e-02
-1.060930371284484863e+00
-2.275770187377929688e+00
1.494171142578125000e+00
3.064865805208683014e-02
6.026113629341125488e-01
1.787445425987243652e+00
1.435409784317016602e+00
8.256193399429321289e-01
-5.017007589340209961e-01
2.445483207702636719e+00
-1.914151310920715332e-01
1.627858519554138184e+00
2.355234324932098389e-02
5.976139307022094727e-01
-8.925469219684600830e-02
-3.160376846790313721e-01
-2.171632461249828339e-02
-2.167759090662002563e-01
-1.326678752899169922e+00
1.704381585121154785e+00
4.458955526351928711e-01
-6.819071173667907715e-01
-9.307130575180053711e-01
-3.450747430324554443e-01
-2.927224636077880859e-01
2.136801242828369141e+00
-1.734486103057861328e+00
-9.665443301200866699e-01
8.688031882047653198e-02
-1.446678280830383301e+00
-4.727618992328643799e-01
1.779857754707336426e+00
2.221177369356155396e-01
3.209212720394134521e-01
8.848742842674255371e-01
-1.096949815750122070e+00
1.588677167892456055e+00
9.598072171211242676e-01
2.623892724514007568e-01
-2.952466249465942383e+00
6.262333393096923828e-01
1.209792792797088623e-01
8.207630366086959839e-02
4.725383520126342773e-01
2.217057228088378906e+00
-6.497822999954223633e-01
1.879608392715454102e+00
8.553239703178405762e-02
-2.207674980163574219e-01
-1.403578162193298340e+00
-8.793602585792541504e-01
-1.635203242301940918e+00
-2.284408211708068848e-01
3.140145301818847656e+00
3.547956943511962891e-01
-7.532788515090942383e-01
-8.282321095466613770e-01
-3.188720345497131348e-01
-2.427595257759094238e-01
-1.516944766044616699e-01
4.933282732963562012e-01
-2.173058748245239258e+00
6.152266263961791992e-01
-1.553629487752914429e-01
-5.883343145251274109e-02
-1.694679737091064453e+00
-1.032875418663024902e+00
1.767843723297119141e+00
2.376940250396728516e+00
-2.414576053619384766e+00
1.069525599479675293e+00
-7.503583431243896484e-01
-1.079962849617004395e+00
-3.012195348739624023e+00
6.275329589843750000e-01
1.251649975776672363e+00
-5.247617363929748535e-01
-2.003553807735443115e-01
-6.818786859512329102e-01
-7.405213117599487305e-01
1.314852833747863770e+00
5.312091112136840820e-01
-4.484645724296569824e-01
3.173558712005615234e-01
8.114528656005859375e-02
-2.046617984771728516e+00
4.251348599791526794e-02
-1.475197434425354004e+00
-1.065299749374389648e+00
2.778496146202087402e-01
6.533767580986022949e-01
5.271994471549987793e-01
