1.480777859687805176e+00
-1.848006129264831543e+00
9.139105081558227539e-01
5.882301926612854004e-01
5.630327463150024414e-01
-5.715798735618591309e-01
-5.018526315689086914e-01
-7.025811672210693359e-01
7.251502275466918945e-01
6.959795951843261719e-01
-1.380092799663543701e-01
1.642448782920837402e+00
7.513248324394226074e-01
-8.846854567527770996e-01
-2.868178784847259521e-01
-1.244896411895751953e+00
1.154282242059707642e-01
2.144835233688354492e+00
-5.417172908782958984e-01
4.630726948380470276e-02
-1.976113080978393555e+00
-5.776251554489135742e-01
1.744123101234436035e+00
1.755421996116638184e+00
-2.119213789701461792e-01
-5.737084746360778809e-01
6.015773490071296692e-02
2.262119390070438385e-02
-1.198188066482543945e+00
7.275504469871520996e-01
-2.593367993831634521e-01
6.147249937057495117e-01
-9.489501826465129852e-03
2.514071166515350342e-01
-2.215546667575836182e-01
1.974359989166259766e+00
1.943791151046752930e+00
5.678925514221191406e-01
-1.702538490295410156e+00
8.305764198303222656e-01
4.636367857456207275e-01
-1.156889423727989197e-01
1.238848328590393066e+00
1.445908308029174805e+00
9.246069937944412231e-02
-6.064609885215759277e-01
-2.326053619384765625e+00
1.726467847824096680e+00
3.471160829067230225e-01
2.157619893550872803e-01
2.629015445709228516e-01
-2.324930191040039062e+00
-4.758248031139373779e-01
9.045002609491348267e-02
2.606091499328613281e-01
-7.226486206054687500e-01
3.210478425025939941e-01
2.663688063621520996e-01
9.786007404327392578e-01
3.020703792572021484e-02
-6.698893308639526367e-01
-1.357749223709106445e+00
1.869580268859863281e+00
-6.965057253837585449e-01
-2.659713923931121826e-01
3.251742124557495117e-01
-7.993359565734863281e-01
1.403086781501770020e+00
7.416627407073974609e-01
1.659073829650878906e+00
1.053012251853942871e+00
5.443909764289855957e-01
1.183398246765136719e+00
9.549845755100250244e-02
7.310025859624147415e-03
-2.165418624877929688e+00
-1.543597340583801270e+00
2.854223549365997314e-01
1.497485518455505371e+00
-1.513632178306579590e+00
7.631189227104187012e-01
-7.726371884346008301e-01
-4.841380417346954346e-01
1.365986466407775879e+00
-1.049844026565551758e+00
2.093282341957092285e-01
-1.867462158203125000e+00
-1.343144655227661133e+00
1.080627560615539551e+00
1.228368639945983887e+00
2.740856111049652100e-01
-1.577871203422546387e+00
6.488292664289474487e-02
8.882921189069747925e-02
2.053307771682739258e+00
-4.285311996936798096e-01
-8.444507122039794922e-01
1.380173563957214355e-01
-2.144516468048095703e+00
-1.533477604389190674e-01
-2.700530290603637695e-01
4.899566769599914551e-01
2.254778891801834106e-01
7.848880290985107422e-01
-1.497344613075256348e+00
9.734544754028320312e-01
3.021195717155933380e-02
3.211730420589447021e-01
1.654706001281738281e+00
-8.255367875099182129e-01
-1.496472358703613281e+00
2.410421371459960938e+00
-1.112400293350219727e+00
-1.410128116607666016e+00
1.662710785865783691e+00
-3.070334672927856445e+00
-2.836200594902038574e-01
-1.697100639343261719e+00
-7.994353771209716797e-01
-4.930610060691833496e-01
-1.680949687957763672e+00
-3.285832107067108154e-01
2.233431577682495117e+00
1.178416013717651367e+00
-1.085398793220520020e+00
-2.136329889297485352e+00
-1.368488311767578125e+00
-4.689535498619079590e-01
