9.635056257247924805e-01
1.030105724930763245e-01
-8.105649948120117188e-01
-2.724784612655639648e+00
5.822639465332031250e-01
-5.964199900627136230e-01
-3.111393451690673828e-01
2.628611087799072266e+00
2.021372877061367035e-02
-2.866134941577911377e-01
1.875746488571166992e+00
1.592499852180480957e+00
1.907202839851379395e+00
1.229434490203857422e+00
5.066278576850891113e-01
2.168258190155029297e+00
-1.506587862968444824e+00
1.026831030845642090e+00
-1.369945764541625977e+00
2.697499655187129974e-02
6.367707252502441406e-02
-8.135108351707458496e-01
-1.761505603790283203e+00
7.864551544189453125e-01
-2.308997154235839844e+00
7.088837623596191406e-01
-1.131294965744018555e+00
2.921528220176696777e-01
1.329099655151367188e+00
1.770344734191894531e+00
-1.324634313583374023e+00
-3.250830411911010742e+00
-1.545861959457397461e+00
7.951786518096923828e-01
2.787167429924011230e-01
1.546136736869812012e+00
2.029845267534255981e-01
-1.359018683433532715e+00
2.148685008287429810e-01
-1.595877408981323242e+00
2.014131098985671997e-02
2.757961452007293701e-01
1.185779809951782227e+00
1.299429059028625488e+00
-1.014051437377929688e+00
9.990409612655639648e-01
2.803395688533782959e-01
2.208221673965454102e+00
8.012279272079467773e-01
-1.425898551940917969e+00
-5.494836568832397461e-01
-8.715089559555053711e-01
1.140711665153503418e+00
4.145218133926391602e-01
1.841886758804321289e+00
-5.297442674636840820e-01
7.889458537101745605e-01
-6.401129961013793945e-01
-2.512309789657592773e+00
4.394471347332000732e-01
-6.231396794319152832e-01
1.438115715980529785e+00
-6.138345003128051758e-01
-1.858625710010528564e-01
2.458007097244262695e+00
-9.415754079818725586e-01
9.310118556022644043e-01
8.056470155715942383e-01
-1.469560742378234863e+00
9.454526007175445557e-02
-8.382068574428558350e-02
3.847537040710449219e-01
1.287830710411071777e+00
-3.477713763713836670e-01
7.110965251922607422e-01
-8.413990586996078491e-02
1.152823805809020996e+00
5.980049446225166321e-02
8.198969364166259766e-01
-2.628073453903198242e+00
-1.604491829872131348e+00
-1.621039152145385742e+00
-6.403889060020446777e-01
-7.364865541458129883e-01
1.181390166282653809e+00
-7.798680067062377930e-01
2.606053650379180908e-01
-1.323609799146652222e-01
3.094132244586944580e-01
6.054137349128723145e-01
2.399305701255798340e-01
-1.059453725814819336e+00
1.024616286158561707e-01
1.936052322387695312e+00
-7.133365869522094727e-01
1.830323934555053711e+00
7.808297872543334961e-01
-1.158738136291503906e-01
2.552735209465026855e-01
8.527630567550659180e-01
1.532009840011596680e+00
6.617549806833267212e-03
-6.014295816421508789e-01
-6.616725921630859375e-01
1.274728178977966309e+00
-2.717344760894775391e-01
-6.946591138839721680e-01
-1.811011135578155518e-01
1.282369971275329590e+00
1.223285198211669922e+00
-1.309553265571594238e+00
1.426470279693603516e+00
-1.158795356750488281e+00
-1.771215558052062988e+00
2.149733066558837891e+00
-1.430600047111511230e+00
7.999594211578369141e-01
-4.353944361209869385e-01
-4.258066654205322266e+00
2.619422674179077148e-01
-1.008652925491333008e+00
-1.139834761619567871e+00
7.141143828630447388e-02
-6.737827658653259277e-01
-3.788246214389801025e-01
-1.325456023216247559e+00
1.112294316291809082e+00
-1.148511648178100586e+00
