-1.564082264900207520e+00
1.083358407020568848e+00
-1.620360314846038818e-01
2.780453860759735107e-01
-9.742809534072875977e-01
-2.840636372566223145e-01
-2.762515656650066376e-02
7.933081984519958496e-01
1.585542559623718262e+00
-7.722813487052917480e-01
9.714115411043167114e-02
-6.499053835868835449e-01
-6.002310514450073242e-01
1.888487100601196289e+00
2.888181619346141815e-02
-1.580206632614135742e+00
-3.106807172298431396e-01
-1.153616830706596375e-01
6.276565790176391602e-01
-8.749253749847412109e-01
9.366998672485351562e-01
-1.731405496597290039e+00
-1.534435510635375977e+00
3.656371235847473145e-01
-1.800052404403686523e+00
1.099194288253784180e+00
1.857542872428894043e+00
-2.764101505279541016e+00
1.174534082412719727e+00
2.811344563961029053e-01
2.463536500930786133e+00
-3.559017181396484375e+00
-1.845613837242126465e+00
1.490902900695800781e+00
-1.885038614273071289e+00
1.271617054939270020e+00
-1.213004291057586670e-01
-1.383529782295227051e+00
2.028949499130249023e+00
-1.634891629219055176e+00
-2.446067333221435547e-01
1.824118018150329590e+00
1.093131184577941895e+00
5.935303568840026855e-01
1.198618888854980469e+00
2.374073565006256104e-01
1.320517063140869141e+00
-5.342365503311157227e-01
8.840129375457763672e-01
4.519507884979248047e-01
2.308080434799194336e+00
2.749573588371276855e-01
-8.357440829277038574e-01
7.884264588356018066e-01
-1.770115256309509277e+00
3.535557091236114502e-01
2.164577692747116089e-01
-1.225222468376159668e+00
2.603307247161865234e+00
-9.728041887283325195e-01
7.755164504051208496e-01
1.637856483459472656e+00
-1.185498595237731934e+00
2.563831329345703125e+00
2.153091430664062500e+00
-4.041033089160919189e-01
-3.375950157642364502e-01
-3.835974633693695068e-01
7.565505504608154297e-01
7.943338751792907715e-01
1.375088244676589966e-01
-1.895790934562683105e+00
1.550434112548828125e+00
-2.395578771829605103e-01
-2.865657329559326172e+00
-6.618883013725280762e-01
-1.564445257186889648e+00
-1.148476123809814453e+00
-2.112265676259994507e-01
-1.597901344299316406e+00
2.088348567485809326e-01
-4.884542226791381836e-01
2.105050981044769287e-01
-3.064138889312744141e-01
1.422866940498352051e+00
9.096959233283996582e-01
-1.985870122909545898e+00
-1.240180954337120056e-01
5.064375996589660645e-01
-1.316384822130203247e-01
9.661242961883544922e-01
-1.804345488548278809e+00
-1.058407545089721680e+00
2.134351491928100586e+00
-3.760651051998138428e-01
-7.804668545722961426e-01
1.502545356750488281e+00
1.683883666992187500e-01
1.164155483245849609e+00
1.735608220100402832e+00
-1.024969220161437988e+00
-1.473710238933563232e-01
1.358044862747192383e+00
1.880999326705932617e+00
5.177161693572998047e-01
-5.829171538352966309e-01
-1.823291659355163574e+00
-1.065830111503601074e+00
1.018827319145202637e+00
-1.784651041030883789e+00
-3.718916475772857666e-01
6.898865103721618652e-01
5.838108435273170471e-02
-1.016671776771545410e+00
-9.809709191322326660e-01
9.654734730720520020e-01
9.959434866905212402e-01
1.706350445747375488e-01
-9.339427351951599121e-01
2.803116142749786377e-01
-4.694638848304748535e-01
3.840579390525817871e-01
6.338268518447875977e-01
-1.437872171401977539e+00
-4.105603098869323730e-01
-4.822425544261932373e-01
-1.102951765060424805e+00
-1.476744890213012695e+00
