-1.283549517393112183e-01
-7.217843085527420044e-02
3.784323111176490784e-02
3.632016777992248535e-01
1.619667291641235352e+00
6.870135664939880371e-01
2.946566641330718994e-01
-5.497937798500061035e-01
-5.086346268653869629e-01
-6.448131203651428223e-01
1.559006452560424805e+00
-1.693625330924987793e+00
-8.320568501949310303e-02
-6.387268304824829102e-01
-1.965393126010894775e-01
-4.146153032779693604e-01
4.590306282043457031e-01
1.115659475326538086e+00
-4.332557320594787598e-01
1.713058471679687500e+00
-6.711413860321044922e-01
-8.130257725715637207e-01
-1.622370183467864990e-01
-3.332452774047851562e-01
-7.838156074285507202e-02
-1.669740974903106689e-01
-1.113624811172485352e+00
1.365143358707427979e-01
-6.720720529556274414e-01
6.862148046493530273e-01
5.236014127731323242e-01
-4.579115509986877441e-01
-3.218244910240173340e-01
-6.937719136476516724e-02
1.994377076625823975e-01
1.336352825164794922e+00
-6.343252062797546387e-01
-1.576660752296447754e+00
-2.309227287769317627e-01
1.148457407951354980e+00
-8.564170002937316895e-01
-3.457396626472473145e-01
1.073838829994201660e+00
1.092614412307739258e+00
2.496670484542846680e-01
7.417271286249160767e-02
-7.683273553848266602e-01
2.158056497573852539e+00
1.433299422264099121e+00
2.041104793548583984e+00
-9.516637325286865234e-01
-1.561321854591369629e+00
7.025405764579772949e-02
2.104979515075683594e+00
-1.571236610412597656e+00
5.861402153968811035e-01
-7.163918763399124146e-02
2.154805183410644531e+00
-6.715555191040039062e-01
1.817484021186828613e+00
-4.480816423892974854e-01
1.118666887283325195e+00
-3.165249228477478027e-01
1.838093519210815430e+00
2.534195780754089355e-01
-5.396572947502136230e-01
1.042425930500030518e-01
-2.022761851549148560e-01
1.001193165779113770e+00
8.133459091186523438e-01
-1.273959755897521973e+00
-1.578523397445678711e+00
6.848129034042358398e-01
5.317657589912414551e-01
-1.999648809432983398e-01
8.047485947608947754e-01
6.036682128906250000e-01
-3.366426527500152588e-01
1.480011940002441406e+00
-1.112753868103027344e+00
1.280112862586975098e+00
-7.206948995590209961e-01
-2.708505392074584961e-01
2.928300797939300537e-01
-2.639999091625213623e-01
-3.323753476142883301e-01
-1.121981620788574219e+00
-2.961474895477294922e+00
5.572129487991333008e-01
-1.963367700576782227e+00
-2.234234809875488281e-01
-4.367982447147369385e-01
-1.618036031723022461e+00
1.213917732238769531e+00
-1.487992703914642334e-01
1.599959969520568848e+00
4.701601564884185791e-01
1.391232013702392578e+00
9.641705453395843506e-02
-5.791154503822326660e-01
-3.245010375976562500e-01
9.466737508773803711e-02
3.175460919737815857e-02
-7.245163917541503906e-01
1.690113663673400879e+00
1.243168473243713379e+00
1.160147666931152344e+00
-6.058284044265747070e-01
-5.628523230552673340e-01
-2.877304255962371826e-01
-2.486581563949584961e+00
-5.296672582626342773e-01
1.939856410026550293e-01
-1.710524201393127441e+00
7.353276610374450684e-01
-2.445150852203369141e+00
2.121383428573608398e+00
7.262673974037170410e-01
1.083074450492858887e+00
-7.402268052101135254e-01
-1.405565023422241211e+00
-8.623489141464233398e-01
-1.852559894323348999e-01
-8.474307656288146973e-01
-2.228138208389282227e+00
-1.847647309303283691e+00
2.343522906303405762e-01
1.564150094985961914e+00
