-3.197364211082458496e-01
-5.425087213516235352e-01
1.116838335990905762e+00
5.207551121711730957e-01
-2.106988430023193359e+00
-4.070027768611907959e-01
2.415809929370880127e-01
9.235340952873229980e-01
-1.063605174422264099e-01
-6.577833890914916992e-01
1.140981793403625488e+00
1.800181865692138672e+00
1.317876279354095459e-01
-5.005216002464294434e-01
1.241806149482727051e+00
-5.198740363121032715e-01
1.787327677011489868e-01
1.032573819160461426e+00
1.757843941450119019e-01
-2.925225973129272461e+00
1.701645374298095703e+00
-1.621450662612915039e+00
-1.056326985359191895e+00
-1.621395349502563477e-01
-1.680443644523620605e+00
-1.691613912582397461e+00
2.504235208034515381e-01
2.653158664703369141e+00
-5.792477130889892578e-01
1.694841980934143066e+00
-1.849679231643676758e+00
2.708609998226165771e-01
-1.659985184669494629e+00
2.177779436111450195e+00
-1.019487500190734863e+00
1.193274617195129395e+00
-8.830326795578002930e-02
-7.120487689971923828e-01
-1.115670241415500641e-02
-1.171984910964965820e+00
-3.386404514312744141e-01
-1.257257938385009766e+00
1.410073041915893555e+00
2.838593006134033203e+00
3.231635689735412598e-01
1.711923480033874512e+00
2.530754171311855316e-02
5.079091191291809082e-01
-6.748129427433013916e-02
-8.743795156478881836e-01
5.589967370033264160e-01
7.065111398696899414e-01
1.144736409187316895e+00
-1.506734728813171387e+00
-8.616492748260498047e-01
-1.396595358848571777e+00
7.259123921394348145e-01
-8.240794539451599121e-01
3.224006593227386475e-01
-4.393991827964782715e-01
-1.135119318962097168e+00
2.495035648345947266e+00
-1.202009916305541992e+00
1.090055033564567566e-01
-2.854520380496978760e-01
-1.027020215988159180e+00
-1.231458634138107300e-01
-2.448325753211975098e-01
-1.010258436203002930e+00
4.808088243007659912e-01
2.402792572975158691e-01
-4.823989272117614746e-01
2.610042572021484375e+00
-5.510476827621459961e-01
7.061676383018493652e-01
-7.730077505111694336e-01
1.385836482048034668e+00
-9.246042966842651367e-01
1.458665430545806885e-01
-1.908157944679260254e+00
1.341647803783416748e-01
-1.344072461128234863e+00
1.769890308380126953e+00
-1.692090868949890137e+00
2.606132507324218750e+00
1.271540999412536621e+00
-3.112965583801269531e+00
1.478281736373901367e+00
8.802091479301452637e-01
1.828519344329833984e+00
9.171539545059204102e-02
-1.194488525390625000e+00
3.864117562770843506e-01
5.341361761093139648e-01
-7.278402447700500488e-01
1.943011283874511719e+00
3.019536495208740234e+00
-4.751813411712646484e-01
1.989021301269531250e-01
-1.254091858863830566e+00
1.022883206605911255e-01
-3.552044332027435303e-01
-2.060800075531005859e+00
9.559385776519775391e-01
3.939186930656433105e-01
-1.349863409996032715e-01
-1.115405678749084473e+00
-7.756021618843078613e-01
1.118857264518737793e+00
-1.232014298439025879e+00
-1.345306515693664551e+00
1.314238190650939941e+00
5.121515393257141113e-01
3.400144875049591064e-01
-8.538815975189208984e-01
-1.851981043815612793e+00
1.405900567770004272e-01
1.142448306083679199e+00
1.115187704563140869e-01
1.900792360305786133e+00
-9.150680899620056152e-01
-9.789782166481018066e-01
-8.419552445411682129e-01
4.941710233688354492e-01
-1.007671833038330078e+00
-8.255656957626342773e-01
4.596403837203979492e-01
-7.760853767395019531e-01
