2.542785406112670898e-01
-8.202775120735168457e-01
-1.166790649294853210e-01
-5.566738843917846680e-01
-1.488196253776550293e+00
7.123836129903793335e-02
4.041715562343597412e-01
-6.747547984123229980e-01
5.993873476982116699e-01
-4.288304448127746582e-01
-1.678680300712585449e+00
-2.050392150878906250e+00
-3.681677579879760742e-02
-9.060918092727661133e-01
-2.200590819120407104e-01
-2.212706089019775391e+00
-7.467940449714660645e-01
-1.438550651073455811e-01
9.003576040267944336e-01
1.986011147499084473e+00
-1.116737648844718933e-01
2.588408887386322021e-01
1.140841126441955566e+00
1.895161390304565430e+00
-9.636961854994297028e-03
5.480822324752807617e-01
2.232623994350433350e-01
5.309492349624633789e-02
-3.920756280422210693e-01
-6.571301817893981934e-01
-2.634745240211486816e-01
-3.287268877029418945e+00
-8.513276576995849609e-01
3.642341196537017822e-01
7.197870612144470215e-01
1.063458561897277832e+00
-2.860567271709442139e-01
9.799566268920898438e-01
-9.260202646255493164e-01
1.705815315246582031e+00
9.259695410728454590e-01
-8.105008006095886230e-01
2.262419700622558594e+00
-7.582331448793411255e-02
-1.493213325738906860e-01
-6.637476086616516113e-01
-2.352936714887619019e-01
2.795479536056518555e+00
3.746823072433471680e-01
6.312122941017150879e-02
-8.069795966148376465e-01
-1.191428422927856445e+00
1.086452245712280273e+00
1.367179274559020996e+00
1.224698305130004883e+00
5.118676424026489258e-01
2.819410860538482666e-01
1.257224082946777344e+00
-1.448843955993652344e+00
1.568174719810485840e+00
6.554540991783142090e-01
-2.560327053070068359e+00
3.816017508506774902e-02
-5.669555068016052246e-01
1.697663664817810059e-01
2.134972810745239258e-01
2.880192756652832031e+00
8.523096442222595215e-01
1.279136538505554199e-01
-6.424046158790588379e-01
7.426040172576904297e-01
2.646754503250122070e+00
3.476556241512298584e-01
2.687764167785644531e-02
-1.046398401260375977e+00
-1.599380254745483398e+00
-1.407068371772766113e+00
3.777354657649993896e-01
-7.436687350273132324e-01
-2.258316278457641602e+00
-3.154889822006225586e+00
-9.149164557456970215e-01
2.480130493640899658e-01
-9.081266522407531738e-01
2.323451280593872070e+00
1.373924016952514648e-01
-1.119638442993164062e+00
1.557343244552612305e+00
3.055349178612232208e-02
-5.698888301849365234e-01
2.152680158615112305e+00
-8.402065634727478027e-01
-8.602882176637649536e-02
1.378530114889144897e-01
1.328334808349609375e+00
-1.184265613555908203e+00
1.871646523475646973e+00
-3.571718335151672363e-01
7.834671139717102051e-01
2.614744424819946289e+00
-1.156068682670593262e+00
1.201332688331604004e+00
-1.578947305679321289e+00
-1.864837110042572021e-02
1.616485953330993652e+00
7.266382575035095215e-01
-1.450351357460021973e+00
2.856787443161010742e-01
8.452666401863098145e-01
-1.394996881484985352e+00
1.522675275802612305e+00
-1.596856236457824707e+00
-3.904226124286651611e-01
8.830973505973815918e-01
-6.149368286132812500e-01
1.011691167950630188e-01
-3.676616586744785309e-03
-2.634585142135620117e+00
1.269986987113952637e+00
-1.108188647776842117e-02
1.759143352508544922e+00
-2.679946422576904297e-01
-1.289422869682312012e+00
-1.904140353202819824e+00
-5.046362876892089844e-01
-3.909497559070587158e-01
7.740843296051025391e-01
-2.439268589019775391e+00
