-1.413275361061096191e+00
-1.449993610382080078e+00
7.332826852798461914e-01
6.215714216232299805e-01
-2.867328643798828125e+00
-1.232192277908325195e+00
7.502787280827760696e-03
8.455536961555480957e-01
8.682990670204162598e-01
-8.562613129615783691e-01
-4.451928436756134033e-01
-7.729563862085342407e-02
-1.381310462951660156e+00
3.100555241107940674e-01
8.881598114967346191e-01
-8.257912993431091309e-01
7.236343026161193848e-01
3.402037024497985840e-01
3.305433988571166992e-01
-1.184512138366699219e+00
2.360573053359985352e+00
-1.336843371391296387e+00
-9.546917080879211426e-01
-4.930733144283294678e-01
-1.622339367866516113e+00
-1.046552896499633789e+00
9.443738460540771484e-01
2.256521463394165039e+00
-5.663378238677978516e-01
1.326699733734130859e+00
-1.012572884559631348e+00
6.793529987335205078e-01
-1.644016504287719727e+00
1.480743169784545898e+00
3.352893516421318054e-02
1.103756904602050781e+00
6.924109905958175659e-02
-7.291525006294250488e-01
-8.531227707862854004e-02
-1.776029944419860840e+00
-3.025284409523010254e-01
-1.069684743881225586e+00
1.240925312042236328e+00
1.980155587196350098e+00
1.535912156105041504e+00
8.596037030220031738e-01
1.312665343284606934e+00
2.798089683055877686e-01
5.403479188680648804e-02
7.512131929397583008e-01
5.860094428062438965e-01
1.333102583885192871e-01
1.534516572952270508e+00
-8.315796852111816406e-01
-2.482175827026367188e-02
-1.097374558448791504e+00
1.377825021743774414e+00
-1.606554031372070312e+00
7.982611060142517090e-01
7.528194040060043335e-02
-1.333454251289367676e+00
9.734442234039306641e-01
-1.459260106086730957e+00
4.158041477203369141e-01
2.214492410421371460e-01
3.424868285655975342e-01
2.001764178276062012e-01
-4.873170852661132812e-01
-1.400212883949279785e+00
5.713727474212646484e-01
4.327859282493591309e-01
2.155773527920246124e-02
2.523191452026367188e+00
-6.344521045684814453e-01
-4.120202362537384033e-01
-1.065992936491966248e-01
8.648684024810791016e-01
-5.268608331680297852e-01
-3.004577159881591797e-01
-2.134908676147460938e+00
-4.151734411716461182e-01
-1.504670858383178711e+00
2.547638654708862305e+00
-1.363554716110229492e+00
3.099007368087768555e+00
1.857814311981201172e+00
-1.803632855415344238e+00
1.882135510444641113e+00
-1.374967098236083984e-01
1.605009198188781738e+00
-1.312677979469299316e+00
-9.020515084266662598e-01
-2.873256206512451172e-01
5.225863456726074219e-01
-3.974380195140838623e-01
1.323849558830261230e+00
3.250132560729980469e+00
-7.684668302536010742e-01
8.371124863624572754e-01
4.503723680973052979e-01
-4.376685246825218201e-02
-5.002182722091674805e-01
-2.171100378036499023e+00
8.003110289573669434e-01
1.290063738822937012e+00
6.581484675407409668e-01
-1.685869336128234863e+00
-1.646250009536743164e+00
3.125879764556884766e-01
-2.825298547744750977e+00
2.122555971145629883e-01
1.008030101656913757e-01
1.642365813255310059e+00
1.317265152931213379e+00
-1.863260149955749512e+00
-8.668289184570312500e-01
-6.450065374374389648e-01
1.111292958259582520e+00
1.553885936737060547e+00
1.556163430213928223e+00
-5.029351711273193359e-01
-7.128171920776367188e-01
-2.325093746185302734e+00
-1.611589550971984863e+00
-7.913363575935363770e-01
-1.592337608337402344e+00
1.190015077590942383e+00
-1.191318273544311523e+00
