-1.583676338195800781e+00
-1.269759833812713623e-01
-5.007960274815559387e-02
-1.017375946044921875e+00
-6.138495206832885742e-01
2.439491033554077148e+00
-2.332962751388549805e-01
5.371281504631042480e-01
-5.129778981208801270e-01
-1.340765833854675293e+00
-1.474129915237426758e+00
-1.629778861999511719e+00
-1.676297068595886230e+00
-1.274855375289916992e+00
7.883898615837097168e-01
-1.959228277206420898e+00
8.663268527016043663e-04
3.514551222324371338e-01
4.802474007010459900e-02
1.585308551788330078e+00
-3.748422265052795410e-01
-3.201050460338592529e-01
-1.903678476810455322e-01
1.727497577667236328e+00
-1.139384746551513672e+00
6.452144384384155273e-01
-6.594933569431304932e-02
-3.254144191741943359e-01
9.642162919044494629e-01
9.537497162818908691e-01
7.121438384056091309e-01
2.592746257781982422e+00
5.177316665649414062e-01
-2.534130513668060303e-01
2.885667979717254639e-01
5.232343077659606934e-01
1.115175843238830566e+00
4.527414441108703613e-01
7.784743309020996094e-01
-3.675618469715118408e-01
2.112010240554809570e+00
6.837250292301177979e-02
2.587419986724853516e+00
5.027227401733398438e-01
3.980321809649467468e-02
-1.783708214759826660e+00
-1.676453091204166412e-02
-3.793936669826507568e-01
2.867146432399749756e-01
-1.639787912368774414e+00
-3.673720657825469971e-01
-1.008340120315551758e+00
-7.746199369430541992e-01
1.122384428977966309e+00
-4.174990952014923096e-01
2.279035329818725586e+00
3.407117128372192383e-01
9.409786462783813477e-01
-1.904179006814956665e-01
6.817882061004638672e-01
-2.304035872220993042e-01
-1.468279361724853516e+00
2.409395575523376465e-01
7.476668357849121094e-01
-5.479382276535034180e-01
-2.551890611648559570e+00
1.255179286003112793e+00
-5.995382666587829590e-01
7.829153537750244141e-01
-5.565294250845909119e-02
4.676030576229095459e-01
1.135836243629455566e+00
6.240005493164062500e-01
5.127723813056945801e-01
-4.780605137348175049e-01
-2.046572923660278320e+00
-7.293582558631896973e-01
-2.086349725723266602e+00
-2.357881307601928711e+00
-6.752421259880065918e-01
-2.892440855503082275e-01
-1.771216988563537598e+00
8.633949756622314453e-01
-3.234955668449401855e-01
1.934397816658020020e+00
-1.020835638046264648e+00
-4.914934337139129639e-01
-2.002332359552383423e-01
-1.460326194763183594e+00
3.271204233169555664e-01
2.548441290855407715e-01
-1.081715941429138184e+00
-1.591618657112121582e+00
-8.467796444892883301e-01
1.635151982307434082e+00
-3.057959973812103271e-01
-9.179843962192535400e-02
6.466808319091796875e-01
8.592613339424133301e-01
1.652980446815490723e+00
-2.707814455032348633e+00
2.698628902435302734e-01
-6.550346016883850098e-01
1.154957890510559082e+00
-1.908986091613769531e+00
5.991131663322448730e-01
-1.108088195323944092e-01
-1.038839221000671387e+00
9.542784690856933594e-01
-9.075539708137512207e-01
1.204864978790283203e+00
-2.925072014331817627e-01
7.255568504333496094e-01
1.236032247543334961e+00
2.797027826309204102e+00
1.337722778320312500e+00
-5.726877450942993164e-01
-5.343999266624450684e-01
3.090833127498626709e-01
2.927920579910278320e+00
1.026417613029479980e+00
-1.762795567512512207e+00
-1.182301998138427734e+00
-1.366465210914611816e+00
-7.953590750694274902e-01
6.326126456260681152e-01
-2.667714059352874756e-01
-9.111711978912353516e-01
