2.051617860794067383e+00
-7.758049964904785156e-01
8.609486818313598633e-01
4.612192213535308838e-01
2.405163288116455078e+00
1.862258017063140869e-01
8.512969613075256348e-01
-5.929346680641174316e-01
-8.738899827003479004e-01
-2.429955959320068359e+00
6.302186250686645508e-01
8.866219520568847656e-01
1.754613369703292847e-01
-1.005404710769653320e+00
-7.447195649147033691e-01
-6.201612949371337891e-01
2.574394047260284424e-01
-4.985198080539703369e-01
-2.067840099334716797e+00
9.066926836967468262e-01
9.890472292900085449e-01
-1.419882178306579590e+00
1.361573696136474609e+00
2.150143384933471680e+00
-1.894369721412658691e-01
-3.156565725803375244e-01
-1.608441352844238281e+00
-9.787320494651794434e-01
1.072478890419006348e+00
-8.937665224075317383e-01
-9.394247531890869141e-01
1.599299907684326172e+00
-1.322392821311950684e+00
1.822083473205566406e+00
-8.792693167924880981e-02
-3.091760575771331787e-01
-1.748332381248474121e-01
-1.105454683303833008e+00
-1.063842058181762695e+00
3.520640432834625244e-01
-9.172471612691879272e-02
-5.085639953613281250e-01
1.324826717376708984e+00
8.184092640876770020e-01
-3.402051329612731934e-01
-2.316355943679809570e+00
5.013509392738342285e-01
2.659886598587036133e+00
-1.794546246528625488e-01
1.860515832901000977e+00
-3.039248883724212646e-01
-4.514643549919128418e-01
3.530670404434204102e+00
-1.141825318336486816e-01
-4.895826578140258789e-01
-9.012156128883361816e-01
1.514668226242065430e+00
1.576999425888061523e+00
9.025105834007263184e-01
1.232969045639038086e+00
-1.660673499107360840e+00
-2.681408166885375977e+00
4.675110280513763428e-01
-4.400341510772705078e-01
-7.532125115394592285e-01
-8.733752965927124023e-01
-1.271619945764541626e-01
9.368858337402343750e-01
-1.738240569829940796e-01
1.249133467674255371e+00
6.625127792358398438e-01
-1.500803232192993164e-01
-8.759278655052185059e-01
6.371903419494628906e-01
1.581819653511047363e+00
2.887849509716033936e-01
-1.440123468637466431e-01
1.575428694486618042e-01
-1.356018304824829102e+00
-1.420868039131164551e+00
2.058216333389282227e+00
-7.499550580978393555e-01
-5.909729003906250000e-01
4.873612523078918457e-01
-1.513882040977478027e+00
1.766819357872009277e-01
-7.218416333198547363e-01
-2.315382659435272217e-01
-5.415360331535339355e-01
-2.732464075088500977e-01
2.304102778434753418e-01
-1.420137137174606323e-01
-1.637572526931762695e+00
1.553219676017761230e+00
2.427769750356674194e-01
-7.620107531547546387e-01
2.992557883262634277e-01
-1.395223140716552734e+00
9.146493673324584961e-01
7.584646344184875488e-01
6.249718070030212402e-01
2.510586738586425781e+00
-1.947160124778747559e+00
-1.308138966560363770e+00
1.498761296272277832e+00
2.116110920906066895e-02
9.229398369789123535e-01
-1.042479395866394043e+00
5.069922804832458496e-01
-2.550583124160766602e+00
-1.963683813810348511e-01
-1.596374988555908203e+00
-2.577683627605438232e-01
2.518198728561401367e+00
1.232849836349487305e+00
-1.815547704696655273e+00
-6.693080067634582520e-01
-4.788270965218544006e-02
-9.501999020576477051e-01
-2.080575466156005859e+00
-2.941135168075561523e-01
-2.491454929113388062e-01
1.100217550992965698e-01
-7.180017232894897461e-01
-5.465853214263916016e-01
6.032226681709289551e-01
-1.945644855499267578e+00
2.367760181427001953e+00
