1.042928338050842285e+00
3.194860219955444336e-01
-1.091202020645141602e+00
-2.239538908004760742e+00
5.712944641709327698e-02
1.094936609268188477e+00
2.452238798141479492e+00
1.096283555030822754e+00
1.343938857316970825e-01
-1.611961007118225098e+00
1.559798717498779297e+00
1.425829648971557617e+00
1.792646050453186035e+00
-8.679164648056030273e-01
-4.788871705532073975e-01
6.904941201210021973e-01
-1.330667734146118164e-01
1.020910590887069702e-01
-1.636856794357299805e+00
-4.101766347885131836e-01
-7.017934918403625488e-01
-1.629287481307983398e+00
1.103938937187194824e+00
1.659512758255004883e+00
-9.402421861886978149e-02
8.728294633328914642e-03
1.177699863910675049e-01
-7.566178441047668457e-01
-1.932242065668106079e-01
7.274920940399169922e-01
1.612946987152099609e+00
-2.837287187576293945e+00
-5.847203135490417480e-01
1.072955250740051270e+00
6.075710058212280273e-01
-2.972168624401092529e-01
-1.060303211212158203e+00
5.653506144881248474e-02
-7.578815817832946777e-01
-1.641755342483520508e+00
1.127448201179504395e+00
9.493484497070312500e-01
1.203519701957702637e+00
2.292511940002441406e+00
1.188500285148620605e+00
-1.275531291961669922e+00
-8.156916499137878418e-02
3.314055681228637695e+00
4.330221712589263916e-01
5.253806114196777344e-01
-8.222497105598449707e-01
4.183692038059234619e-01
-5.988650321960449219e-01
-7.926715537905693054e-03
-2.064260989427566528e-01
-8.775883316993713379e-01
7.589755058288574219e-01
1.153600573539733887e+00
-7.675135880708694458e-02
5.543633699417114258e-01
-9.202780127525329590e-01
-5.266789719462394714e-02
1.476866960525512695e+00
3.182083964347839355e-01
-8.234230279922485352e-01
-3.332373857498168945e+00
3.629757463932037354e-01
1.307706356048583984e+00
-1.008988499641418457e+00
1.409035801887512207e+00
9.349880218505859375e-01
-1.120313286781311035e+00
8.590778708457946777e-01
-1.732141375541687012e-01
2.633975818753242493e-03
-1.614483714103698730e+00
1.344296813011169434e+00
-1.080702781677246094e+00
-6.152569651603698730e-01
-2.354704856872558594e+00
-2.086803674697875977e+00
-5.475726127624511719e-01
-2.023496866226196289e+00
-2.054708898067474365e-01
2.287087440490722656e+00
8.946841955184936523e-01
-1.152754783630371094e+00
1.625840365886688232e-01
-6.096267104148864746e-01
3.205986618995666504e-01
1.754813790321350098e+00
-2.163657903671264648e+00
-1.031168818473815918e+00
1.138288140296936035e+00
2.099923133850097656e+00
2.298923730850219727e+00
1.437128782272338867e+00
3.930313587188720703e-01
-2.090390205383300781e+00
-5.560935735702514648e-01
1.426621198654174805e+00
-3.642313480377197266e-01
-1.792216747999191284e-01
-6.087039113044738770e-01
-4.815318286418914795e-01
8.356742262840270996e-01
-1.259546041488647461e+00
1.480451077222824097e-01
1.895593285560607910e+00
2.138230323791503906e+00
-6.617454439401626587e-02
2.075428724288940430e+00
1.412310004234313965e-01
-1.794294238090515137e+00
2.746289968490600586e-01
4.928457736968994141e-01
-5.485093593597412109e-01
-9.924907088279724121e-01
-5.816413760185241699e-01
-6.735456585884094238e-01
7.650972008705139160e-01
-1.678903579711914062e+00
-5.410740971565246582e-01
-6.137362718582153320e-01
-5.154031515121459961e-01
-2.645831584930419922e+00
-4.772480577230453491e-02
-9.438157677650451660e-01
