2.672648429870605469e+00
-1.119590401649475098e+00
5.182774066925048828e-01
-2.008711546659469604e-01
-1.354974389076232910e+00
-4.722583293914794922e-01
2.192728519439697266e+00
3.438952863216400146e-01
6.509757637977600098e-01
-1.998551011085510254e+00
2.310331821441650391e+00
-3.349292874336242676e-01
6.807924062013626099e-02
-3.710346221923828125e-01
-5.090199038386344910e-02
-2.603245973587036133e-01
-1.011201143264770508e+00
-2.202562808990478516e+00
-6.541299819946289062e-01
1.047573328018188477e+00
-6.041345000267028809e-01
-8.040364384651184082e-01
-4.764573872089385986e-01
3.107707738876342773e+00
-1.694128990173339844e+00
1.134644150733947754e+00
-6.361177563667297363e-01
2.196767777204513550e-01
3.433254957199096680e-01
-9.084964394569396973e-01
1.148619651794433594e+00
-1.976053357124328613e+00
-2.142730951309204102e+00
9.867286086082458496e-01
-8.249382376670837402e-01
1.096069931983947754e+00
-1.154404878616333008e+00
3.222291767597198486e-01
-6.209692955017089844e-01
-1.674847245216369629e+00
-2.260063171386718750e+00
1.369500875473022461e+00
3.508493006229400635e-01
1.589879870414733887e+00
-9.283591061830520630e-03
2.855140447616577148e+00
-1.273178339004516602e+00
-1.352398097515106201e-02
-1.029208660125732422e+00
-9.767208099365234375e-01
3.139465451240539551e-01
-2.632609605789184570e-01
5.371074080467224121e-01
1.369686424732208252e-01
1.477796554565429688e+00
1.098742961883544922e+00
-4.584646522998809814e-01
9.536141157150268555e-02
1.896038055419921875e-01
2.631551980972290039e+00
9.098560810089111328e-01
6.883145570755004883e-01
-7.580033540725708008e-01
1.541535139083862305e+00
-1.054888963699340820e+00
7.946859300136566162e-02
2.215590178966522217e-01
1.013067483901977539e+00
-1.614269375801086426e+00
5.585408806800842285e-01
1.958266794681549072e-01
-1.304968595504760742e-01
7.519851922988891602e-01
1.609094977378845215e+00
3.025943040847778320e+00
-2.752671003341674805e+00
1.815160751342773438e+00
6.350066661834716797e-01
8.754754811525344849e-02
-1.921503245830535889e-01
2.508463561534881592e-01
-1.433734536170959473e+00
-3.820516169071197510e-02
4.684453010559082031e-01
1.623937487602233887e+00
-3.591572940349578857e-01
2.355699092149734497e-01
-2.485541582107543945e+00
7.011146545410156250e-01
-1.025026440620422363e+00
-5.390595197677612305e-01
-1.077020645141601562e+00
-5.592944622039794922e-01
2.814497351646423340e-01
2.290162086486816406e+00
-1.356190741062164307e-01
6.277375221252441406e-01
4.795377552509307861e-01
1.039584040641784668e+00
1.383306026458740234e+00
6.539418548345565796e-02
6.555790901184082031e-01
1.008727908134460449e+00
-1.253264904022216797e+00
7.512736320495605469e-01
4.893624782562255859e-01
-7.301445603370666504e-01
1.109797358512878418e-01
-8.459293842315673828e-01
-2.522034168243408203e+00
-2.246096730232238770e-01
2.299319356679916382e-01
-2.240558117628097534e-01
-3.698548555374145508e+00
-7.646139264106750488e-01
-1.795608162879943848e+00
6.380735635757446289e-01
-8.086578547954559326e-02
-2.390603542327880859e+00
-5.947793126106262207e-01
-2.042972803115844727e+00
-4.458359181880950928e-01
-4.377660751342773438e-01
3.164285123348236084e-01
-2.876800000667572021e-01
-1.903998106718063354e-01
-2.691403627395629883e-01
2.144840240478515625e+00
