1.163022637367248535e+00
7.282893657684326172e-01
7.295472025871276855e-01
4.264575242996215820e-01
5.221999883651733398e-01
-1.547760963439941406e+00
1.084529161453247070e+00
9.411891102790832520e-01
1.258433312177658081e-01
-3.408636748790740967e-01
8.701722025871276855e-01
-6.716583967208862305e-01
-1.378682017326354980e+00
-1.452318310737609863e+00
2.378234565258026123e-01
1.068183898925781250e+00
7.956418395042419434e-01
4.573776125907897949e-01
-2.562874741852283478e-02
6.416478157043457031e-01
-3.631661534309387207e-01
-2.929594516754150391e-01
1.708843708038330078e-01
-1.383058547973632812e+00
-1.201211214065551758e+00
-2.153922468423843384e-01
-9.410670995712280273e-01
3.205151855945587158e-01
2.209697961807250977e+00
1.329974889755249023e+00
-1.684585928916931152e+00
-2.968561410903930664e+00
-1.068112254142761230e+00
-7.151643037796020508e-01
-1.080043911933898926e+00
2.120921611785888672e+00
2.988944351673126221e-01
-1.272916555404663086e+00
-1.890264153480529785e+00
-2.352994203567504883e+00
1.518678903579711914e+00
-1.712821573019027710e-01
1.197503447532653809e+00
7.539334297180175781e-01
-5.251597166061401367e-01
-1.399125009775161743e-01
7.281606793403625488e-01
5.855310559272766113e-01
-2.339761734008789062e+00
-6.379027366638183594e-01
1.204426307231187820e-02
6.884347647428512573e-02
-1.140501737594604492e+00
2.881037294864654541e-01
-8.427952527999877930e-01
-1.602191567420959473e+00
1.201740652322769165e-02
-7.090145349502563477e-01
1.484904089011251926e-03
4.891178607940673828e-01
-9.282408356666564941e-01
1.372601151466369629e+00
3.630266338586807251e-02
1.211323738098144531e+00
8.371262252330780029e-02
-1.936017036437988281e+00
1.696262717247009277e+00
-1.104201793670654297e+00
8.856864571571350098e-01
1.008730292320251465e+00
-7.354624867439270020e-01
8.273590207099914551e-01
1.698290944099426270e+00
-2.373439371585845947e-01
-4.939004480838775635e-01
-1.348255038261413574e+00
-1.143956184387207031e+00
-1.518045067787170410e+00
-3.261427581310272217e-01
-3.050684452056884766e+00
5.169921517372131348e-01
-1.567093253135681152e+00
2.730775117874145508e+00
-6.794639229774475098e-01
1.207449197769165039e+00
-2.095293253660202026e-01
1.104274839162826538e-01
-6.681501269340515137e-01
4.387158527970314026e-02
2.117097854614257812e+00
-6.386057734489440918e-01
-6.498411893844604492e-01
2.885039150714874268e-01
-1.316394805908203125e-01
-9.759480357170104980e-01
1.944342494010925293e+00
1.192635059356689453e+00
9.380271434783935547e-01
5.807121396064758301e-01
7.328586578369140625e-01
-5.321786999702453613e-01
-1.436518579721450806e-01
-8.212510347366333008e-01
2.932548761367797852e+00
3.110936641693115234e+00
-2.052382379770278931e-01
3.221581876277923584e-01
-2.841130971908569336e+00
1.892536759376525879e+00
-4.317198991775512695e-01
-8.715287446975708008e-01
6.554222702980041504e-01
1.530458331108093262e+00
-1.563345789909362793e+00
-1.319447517395019531e+00
-1.573229312896728516e+00
2.194781780242919922e+00
-1.139361977577209473e+00
-9.761443734169006348e-01
2.081919670104980469e+00
-4.133364558219909668e-01
1.776129156351089478e-01
8.954001069068908691e-01
8.953486680984497070e-01
-7.119054198265075684e-01
-1.167866468429565430e+00
1.029095172882080078e+00
2.506337881088256836e+00
