1.618698835372924805e+00
-1.255390048027038574e-01
7.280133366584777832e-01
-2.425319671630859375e+00
-1.565282940864562988e+00
9.141501784324645996e-01
2.457247495651245117e+00
2.153031826019287109e+00
-1.749350786209106445e+00
-1.394585847854614258e+00
1.799378991127014160e+00
1.378164529800415039e+00
2.979936838150024414e+00
-9.244602322578430176e-01
1.404890865087509155e-01
-1.517958998680114746e+00
-1.417373120784759521e-01
9.725712537765502930e-01
-1.021524310111999512e+00
8.503739833831787109e-01
-1.912132054567337036e-01
-2.595601677894592285e-01
9.484803676605224609e-01
3.118942022323608398e+00
-9.975067973136901855e-01
5.753392577171325684e-01
-3.261642754077911377e-01
-1.561910629272460938e+00
-5.623218417167663574e-01
1.290978431701660156e+00
-1.189505696296691895e+00
-2.139784812927246094e+00
-3.976979553699493408e-01
-2.127296209335327148e+00
-1.961864829063415527e-01
1.365781426429748535e+00
-6.870309114456176758e-01
4.120614230632781982e-01
-9.432334303855895996e-01
-1.783848643302917480e+00
-7.181330323219299316e-01
-9.149087071418762207e-01
1.529497742652893066e+00
6.074132323265075684e-01
8.147503733634948730e-01
4.574323892593383789e-01
-1.299872100353240967e-01
1.386714577674865723e+00
-3.021080195903778076e-01
-2.588177919387817383e-01
1.337893843650817871e+00
-3.107623755931854248e-01
6.901930570602416992e-01
8.119006156921386719e-01
-1.196860671043395996e-01
-7.737367749214172363e-01
3.364005386829376221e-01
8.955966830253601074e-01
1.170500040054321289e+00
5.732449889183044434e-01
9.175553321838378906e-01
-4.146962463855743408e-01
6.734718680381774902e-01
4.331534355878829956e-02
-8.388854265213012695e-01
-3.609726667404174805e+00
1.092485308647155762e+00
1.396211832761764526e-01
2.240591049194335938e-01
1.548255085945129395e-01
1.368023037910461426e+00
2.168121099472045898e+00
1.508717775344848633e+00
-5.726841092109680176e-01
-9.309799671173095703e-01
-1.596899628639221191e+00
-1.477231979370117188e+00
-1.125390887260437012e+00
-1.392361879348754883e+00
-8.566274642944335938e-01
-1.145779728889465332e+00
1.067717909812927246e+00
-7.224427908658981323e-02
-7.341464757919311523e-01
2.302783012390136719e+00
-3.787885010242462158e-01
-8.277036547660827637e-01
8.464888334274291992e-01
-1.612532496452331543e+00
9.028147459030151367e-01
9.127429723739624023e-01
-2.567271709442138672e+00
2.034635543823242188e-01
-1.859145015478134155e-01
1.511103510856628418e+00
6.098310695961117744e-04
9.907467961311340332e-01
-7.581449151039123535e-01
-5.256165862083435059e-01
5.388469099998474121e-01
8.061777949333190918e-01
-5.414206385612487793e-01
-1.814416766166687012e+00
-5.679742693901062012e-01
1.391856908798217773e+00
4.722155332565307617e-01
9.074722975492477417e-02
1.043811082839965820e+00
1.381583094596862793e+00
-6.663841009140014648e-01
-9.874266982078552246e-01
-1.200348883867263794e-01
-1.631351590156555176e+00
-1.698396563529968262e+00
1.020220637321472168e+00
-3.783053755760192871e-01
2.460817396640777588e-01
-1.323955774307250977e+00
-1.936100721359252930e+00
-6.625802069902420044e-02
-1.436285823583602905e-01
-7.689887881278991699e-01
2.427392244338989258e+00
3.496788442134857178e-01
-8.185921311378479004e-01
-1.082257866859436035e+00
1.231109976768493652e+00
4.877195060253143311e-01
