-5.406284332275390625e-01
6.946394443511962891e-01
-2.027037620544433594e+00
4.017364382743835449e-01
6.187638640403747559e-01
-9.563789367675781250e-01
-3.576389253139495850e-01
9.997719526290893555e-01
9.414348006248474121e-01
-5.210040211677551270e-01
8.963925838470458984e-01
1.785527706146240234e+00
3.644127547740936279e-01
1.754318833351135254e+00
-8.916821479797363281e-01
-2.332057803869247437e-01
-7.012723684310913086e-01
1.476783037185668945e+00
1.430132627487182617e+00
1.801867365837097168e+00
1.564576029777526855e+00
-1.711236238479614258e+00
-4.711884558200836182e-01
7.146826982498168945e-01
-9.456712007522583008e-01
1.270947217941284180e+00
-2.373408794403076172e+00
-9.431361556053161621e-01
1.267520785331726074e+00
1.636262178421020508e+00
1.711429357528686523e+00
3.811532258987426758e-02
6.335110664367675781e-01
2.333026230335235596e-01
-2.543410956859588623e-01
-7.884553074836730957e-01
2.532197237014770508e-01
6.573951244354248047e-01
-1.059232711791992188e+00
1.878544390201568604e-01
-1.221543431282043457e+00
2.147122025489807129e-01
1.812679886817932129e+00
5.435312390327453613e-01
8.439542651176452637e-01
6.953460574150085449e-01
6.253994256258010864e-02
-8.807396888732910156e-01
-1.462489962577819824e-01
2.944840431213378906e+00
1.304657697677612305e+00
-1.125969767570495605e+00
1.388009358197450638e-02
3.436473608016967773e-01
-8.882755041122436523e-01
1.303124308586120605e+00
1.317503929138183594e+00
-1.390353202819824219e+00
2.884787321090698242e-01
-1.200197458267211914e+00
-5.965229496359825134e-02
1.146420761942863464e-01
-1.056177020072937012e+00
2.356324791908264160e-01
4.443089067935943604e-01
-8.268433213233947754e-01
-1.396166443824768066e+00
1.723112106323242188e+00
1.732505321502685547e+00
1.125398039817810059e+00
8.724899291992187500e-01
-7.510614395141601562e-01
4.289411604404449463e-01
1.139568686485290527e+00
-1.579567193984985352e+00
-9.108635187149047852e-01
-2.042572051286697388e-01
-8.106666803359985352e-01
-3.976492211222648621e-02
-5.164983868598937988e-01
1.557537168264389038e-01
-2.126043796539306641e+00
6.383889317512512207e-01
1.668771624565124512e+00
4.726907014846801758e-01
4.791849255561828613e-01
3.211569786071777344e-01
-1.640283703804016113e+00
-7.291440367698669434e-01
-1.476522207260131836e+00
-2.533835172653198242e-01
-2.925013005733489990e-01
-7.749281078577041626e-02
6.697274446487426758e-01
-4.903562068939208984e-01
3.290054574608802795e-02
-4.757420718669891357e-02
1.236101627349853516e+00
4.876622259616851807e-01
5.278424620628356934e-01
-1.140118241310119629e+00
-5.966141819953918457e-01
-2.637360095977783203e-01
1.486530900001525879e+00
-1.229025363922119141e+00
-1.144667744636535645e+00
9.463518261909484863e-01
-2.667264938354492188e-01
9.808969497680664062e-01
-4.359127044677734375e+00
-3.315845727920532227e+00
-1.512445688247680664e+00
1.555864214897155762e-01
8.412195444107055664e-01
-3.547523617744445801e-01
8.643071353435516357e-02
1.518177151679992676e+00
5.321514979004859924e-02
2.411905288696289062e+00
-8.727687001228332520e-01
-1.016247272491455078e+00
-1.427208542823791504e+00
-2.284144163131713867e+00
-1.590615510940551758e+00
-3.627940118312835693e-01
-1.073383927345275879e+00
-1.713228583335876465e+00
-1.381004571914672852e+00
