-4.543880820274353027e-01
-4.837480485439300537e-01
-1.283755064010620117e+00
-2.833244085311889648e+00
-2.590230107307434082e-02
-9.324200749397277832e-01
-3.072004914283752441e-01
2.654702901840209961e+00
1.121663689613342285e+00
-6.254520416259765625e-01
1.939413994550704956e-01
2.072568237781524658e-01
3.127872347831726074e-01
1.559575438499450684e+00
3.505473956465721130e-02
1.688135385513305664e+00
-9.030393958091735840e-01
5.196155309677124023e-01
-8.493726253509521484e-01
1.569155097007751465e+00
2.756103575229644775e-01
-6.237637400627136230e-01
-2.101671457290649414e+00
4.768502712249755859e-01
-2.608354330062866211e+00
2.103051662445068359e+00
-2.496399581432342529e-01
-6.415780782699584961e-01
1.763321876525878906e+00
1.302556633949279785e+00
-2.626688480377197266e-01
-3.249241352081298828e+00
-1.399097919464111328e+00
-1.954884380102157593e-01
1.155277967453002930e+00
1.696102261543273926e+00
9.977852106094360352e-01
-1.279698610305786133e+00
-3.735499978065490723e-01
-2.433654785156250000e+00
1.481677144765853882e-01
4.802735745906829834e-01
1.009464502334594727e+00
1.627981662750244141e-01
-1.443223468959331512e-02
9.628296643495559692e-02
1.722434520721435547e+00
1.779631257057189941e+00
1.280981659889221191e+00
-4.697261154651641846e-01
-5.123673081398010254e-01
-1.189872980117797852e+00
6.666624546051025391e-01
1.046346783638000488e+00
2.502322673797607422e+00
4.273934364318847656e-01
1.429561138153076172e+00
-1.595930457115173340e+00
-1.880938768386840820e+00
2.579604387283325195e-01
-8.719982504844665527e-01
6.224751472473144531e-01
-1.241956353187561035e+00
-6.322803348302841187e-02
2.757863998413085938e+00
2.250855974853038788e-02
1.234804630279541016e+00
6.627565622329711914e-01
-2.041386842727661133e+00
1.257613450288772583e-01
-7.679046690464019775e-02
5.056561827659606934e-01
1.164227366447448730e+00
-4.313339889049530029e-01
-8.047288060188293457e-01
6.868863701820373535e-01
1.165953371673822403e-02
9.039738774299621582e-01
5.403494238853454590e-01
-2.781038522720336914e+00
-2.611602544784545898e+00
-1.519189596176147461e+00
8.656784892082214355e-01
-5.029298067092895508e-01
1.762588262557983398e+00
2.943770587444305420e-01
1.403228521347045898e+00
7.933569699525833130e-02
-7.551944255828857422e-01
8.199310898780822754e-01
-7.591146230697631836e-01
-8.882985711097717285e-01
-5.891248583793640137e-01
1.564452052116394043e+00
-8.330770134925842285e-01
1.371935606002807617e+00
9.656444787979125977e-01
-7.175614833831787109e-01
9.500674605369567871e-01
2.359956026077270508e+00
9.546496868133544922e-01
-4.875414967536926270e-01
-5.073298811912536621e-01
-2.709210813045501709e-01
2.134658575057983398e+00
8.080320805311203003e-02
-1.555002212524414062e+00
-1.165668964385986328e+00
1.002452850341796875e+00
-1.778101176023483276e-01
7.262332439422607422e-01
4.388440549373626709e-01
4.732736051082611084e-01
-5.108615756034851074e-01
8.447902798652648926e-01
1.313117682002484798e-03
-1.706628501415252686e-02
-4.088030457496643066e-01
-2.924744844436645508e+00
6.944965124130249023e-01
-2.398493289947509766e-01
-1.137101292610168457e+00
-7.696147561073303223e-01
-2.350712299346923828e+00
-7.942484319210052490e-02
-2.133657455444335938e+00
2.090665817260742188e+00
-1.753524661064147949e+00
