-9.289065599441528320e-01
3.924696445465087891e-01
3.471961617469787598e-02
-1.011855244636535645e+00
-7.437709569931030273e-01
1.779648661613464355e+00
-1.034433126449584961e+00
2.743972241878509521e-01
-8.091362714767456055e-01
-1.107323884963989258e+00
-4.405155479907989502e-01
-1.184860587120056152e+00
-1.177009463310241699e+00
-7.499229907989501953e-01
8.419535160064697266e-01
-1.727858781814575195e+00
-9.681386947631835938e-01
5.035766959190368652e-01
3.091306090354919434e-01
9.583477973937988281e-01
-1.606356799602508545e-01
-5.752875804901123047e-01
2.070632576942443848e-01
2.126380920410156250e+00
-8.252276778221130371e-01
-3.431445360183715820e-01
-1.287662148475646973e+00
8.171396255493164062e-01
5.089031457901000977e-01
1.510505557060241699e+00
-1.758652180433273315e-01
2.912890672683715820e+00
2.795847654342651367e-01
8.687745928764343262e-01
-2.653874754905700684e-01
3.696432411670684814e-01
4.083340167999267578e-01
4.278984665870666504e-01
1.362454295158386230e+00
4.363031685352325439e-02
1.937350153923034668e+00
3.933198750019073486e-02
2.546967267990112305e+00
1.079706788063049316e+00
-3.284156620502471924e-01
-1.820975780487060547e+00
-5.666593909263610840e-01
-7.786292582750320435e-02
-3.172384500503540039e-01
-8.236584663391113281e-01
-5.349099040031433105e-01
-9.935834407806396484e-01
8.356446027755737305e-01
1.341172337532043457e+00
-3.268433362245559692e-02
1.486870288848876953e+00
8.986616134643554688e-01
1.130988836288452148e+00
-7.046843767166137695e-01
1.833621501922607422e+00
-3.254032135009765625e-01
-1.403645634651184082e+00
2.357954978942871094e-01
5.534883141517639160e-01
-1.497494429349899292e-01
-2.354192018508911133e+00
8.821417093276977539e-01
-1.703288555145263672e-01
1.513529181480407715e+00
1.772263795137405396e-01
5.420117974281311035e-01
1.684707522392272949e+00
2.387549281120300293e-01
6.381624937057495117e-01
5.228174328804016113e-01
-1.492813348770141602e+00
5.426892042160034180e-01
-2.529550075531005859e+00
-2.391921043395996094e+00
-5.476178526878356934e-01
7.924026250839233398e-01
-2.676419258117675781e+00
6.797555685043334961e-01
-1.630935966968536377e-01
1.173321247100830078e+00
-1.555535793304443359e+00
-2.944493889808654785e-01
1.883109509944915771e-01
-1.088816523551940918e+00
-1.820983290672302246e-01
-3.708381354808807373e-01
-7.051047682762145996e-01
-1.418724179267883301e+00
1.820905208587646484e-01
1.597848415374755859e+00
-8.713209033012390137e-01
-3.794053792953491211e-01
3.153941631317138672e-01
6.405188441276550293e-01
1.535602688789367676e+00
-2.162760496139526367e+00
9.942397475242614746e-01
-8.869671225547790527e-01
4.835582375526428223e-01
-2.451555490493774414e+00
9.150993824005126953e-01
7.439172267913818359e-01
-7.528975605964660645e-01
-3.767112791538238525e-01
-6.714159846305847168e-01
-8.531095087528228760e-02
-9.339947253465652466e-02
9.357013553380966187e-02
1.551100015640258789e-01
4.266170501708984375e+00
2.842586040496826172e-01
-3.307642340660095215e-01
-1.207003593444824219e+00
-5.703549385070800781e-01
1.986445546150207520e+00
2.060109823942184448e-01
-9.056991934776306152e-01
-1.926740646362304688e+00
-1.555469274520874023e+00
-7.352775931358337402e-01
7.122965455055236816e-01
-1.118402481079101562e+00
-1.227204680442810059e+00
