1.712452292442321777e+00
-1.609552025794982910e+00
-2.997365593910217285e-01
-4.243559539318084717e-01
-5.737753510475158691e-01
-2.707521617412567139e-01
6.476977467536926270e-01
4.254682958126068115e-01
1.188646778464317322e-01
6.074095964431762695e-01
1.990172147750854492e+00
9.823828935623168945e-01
-1.350503087043762207e+00
-7.372524738311767578e-01
-6.141276359558105469e-01
9.974270462989807129e-01
-2.138656854629516602e+00
-5.645786523818969727e-01
4.832448065280914307e-01
-4.321593344211578369e-01
-6.683939099311828613e-01
-2.722374200820922852e-01
9.688806533813476562e-01
-7.338175773620605469e-01
-4.024748504161834717e-01
-1.722401380538940430e-02
-7.793303728103637695e-01
-7.238162159919738770e-01
1.635334491729736328e+00
1.865542054176330566e+00
-6.886510848999023438e-01
-6.685371994972229004e-01
3.416366279125213623e-01
3.765101432800292969e-01
4.223718345165252686e-01
2.436226606369018555e+00
-1.895668804645538330e-01
-9.437650442123413086e-01
-6.663369536399841309e-01
1.089851737022399902e+00
-4.976564347743988037e-01
7.771552205085754395e-01
2.174221038818359375e+00
1.906626105308532715e+00
-8.266384005546569824e-01
1.499676942825317383e+00
-4.408932328224182129e-01
-3.769040405750274658e-01
3.793312907218933105e-01
1.688049912452697754e+00
-1.490838885307312012e+00
4.690281674265861511e-02
6.307899355888366699e-01
-1.616968870162963867e+00
-3.221207261085510254e-01
2.875179052352905273e-01
-2.440245449542999268e-01
-1.179260611534118652e-01
-1.066585898399353027e+00
2.264472723007202148e+00
-2.966165542602539062e-02
4.240645885467529297e+00
5.789387822151184082e-01
-5.135874748229980469e-01
-1.802511096000671387e+00
9.086631238460540771e-02
-7.683027982711791992e-01
-3.941111862659454346e-01
-1.805472522974014282e-01
-4.870287179946899414e-01
-3.440435528755187988e-01
-2.042754411697387695e+00
2.098922133445739746e-01
1.722368001937866211e+00
6.978897452354431152e-01
-1.870798945426940918e+00
-1.261798620223999023e+00
-9.708060026168823242e-01
7.710146903991699219e-01
8.073136210441589355e-02
1.923521757125854492e+00
-1.808036923408508301e+00
-5.493161678314208984e-01
-3.822780773043632507e-02
-7.862899303436279297e-01
2.305589616298675537e-01
3.266976773738861084e-01
-1.206207633018493652e+00
-4.447956681251525879e-01
9.640257358551025391e-01
4.912984073162078857e-01
2.469931840896606445e-01
2.416703850030899048e-01
3.366123139858245850e-01
9.328520298004150391e-01
-5.276061296463012695e-01
3.766839951276779175e-02
-7.197400331497192383e-01
-9.215984940528869629e-01
-3.111885786056518555e-01
1.805644154548645020e+00
1.525086879730224609e+00
-2.160653173923492432e-01
1.037167478352785110e-02
-4.045484960079193115e-01
4.986603558063507080e-01
6.711738109588623047e-01
6.277960538864135742e-01
-5.253289937973022461e-01
5.233844518661499023e-01
-1.047438502311706543e+00
2.743402004241943359e+00
-9.258334040641784668e-01
-8.039683103561401367e-01
-6.727201342582702637e-01
-1.025623202323913574e+00
-2.874961495399475098e-01
-2.058544397354125977e+00
1.156052112579345703e+00
-3.745299577713012695e-01
-1.326578974723815918e+00
-7.598375678062438965e-01
1.106931567192077637e+00
-1.576189279556274414e+00
-1.456098198890686035e+00
4.207391738891601562e-01
-6.906436681747436523e-01
-4.867253303527832031e-01
