1.669734269380569458e-01
1.007530093193054199e+00
1.424432992935180664e+00
2.366524934768676758e-01
1.088959693908691406e+00
1.566330075263977051e+00
2.806921601295471191e-01
-7.482736110687255859e-01
-3.024587333202362061e-01
9.380536079406738281e-01
9.612520337104797363e-01
1.374576926231384277e+00
-1.344514489173889160e+00
1.046721100807189941e+00
9.902264475822448730e-01
-1.240974426269531250e+00
-1.785812735557556152e+00
3.842283487319946289e+00
-8.772225379943847656e-01
-1.385037660598754883e+00
6.175904870033264160e-01
9.123492836952209473e-01
-1.049136877059936523e+00
1.990966677665710449e+00
-1.876351237297058105e+00
1.241127252578735352e-01
1.218196272850036621e+00
-2.164446592330932617e+00
-5.807982087135314941e-01
1.157130599021911621e+00
-5.597532987594604492e-01
8.013098686933517456e-02
2.026047229766845703e+00
-1.305056333541870117e+00
-9.494121074676513672e-01
1.662301868200302124e-01
-9.980285763740539551e-01
-5.544025897979736328e-01
-1.605240345001220703e+00
-9.017311036586761475e-02
-1.900100350379943848e+00
4.249497652053833008e-01
1.412468433380126953e+00
2.077708721160888672e+00
-3.188596963882446289e-01
1.470049262046813965e+00
7.909390926361083984e-01
9.622388482093811035e-01
-2.177501440048217773e+00
-1.049007296562194824e+00
-1.323189377784729004e+00
-2.443211317062377930e+00
-9.000594019889831543e-01
-2.378179132938385010e-02
-1.810250990092754364e-02
9.061584472656250000e-01
3.496215343475341797e-01
1.145555898547172546e-01
9.653062224388122559e-01
9.669402241706848145e-01
-1.230367422103881836e+00
-2.614862322807312012e-01
-1.441756129264831543e+00
1.320706009864807129e-01
1.370241999626159668e+00
-5.479824542999267578e-01
1.724963486194610596e-01
-8.910564184188842773e-01
-3.789806962013244629e-01
-9.341472387313842773e-01
-1.768513321876525879e+00
-2.155707120895385742e+00
2.278320193290710449e-01
8.527858257293701172e-01
1.120274305343627930e+00
3.201240003108978271e-01
-3.794716894626617432e-01
6.350819468498229980e-01
-6.854086518287658691e-01
4.275171756744384766e-01
-1.287054419517517090e-01
-6.149667501449584961e-01
3.497433662414550781e-02
-1.235785126686096191e+00
-3.499824404716491699e-01
5.397208929061889648e-01
9.099410772323608398e-01
-3.209394216537475586e-01
1.959360003471374512e+00
-8.244615793228149414e-01
-2.423958778381347656e-01
-6.690053939819335938e-01
-1.667352676391601562e+00
1.759841203689575195e+00
-1.156049370765686035e+00
5.215056538581848145e-01
2.347897440195083618e-01
-1.078676223754882812e+00
1.608786940574645996e+00
-8.371624946594238281e-01
1.336636841297149658e-01
-4.478676319122314453e-01
-7.721868753433227539e-01
1.781261563301086426e+00
2.041476011276245117e+00
-1.848374843597412109e+00
4.083650112152099609e-01
-1.415298104286193848e+00
4.968315362930297852e-01
2.258357703685760498e-01
-6.803929805755615234e-01
1.566183686256408691e+00
-2.298719733953475952e-01
-2.620340347290039062e+00
1.739091515541076660e+00
-3.775345802307128906e+00
1.596929192543029785e+00
-1.573422402143478394e-01
-1.177622675895690918e+00
2.098526239395141602e+00
-1.694419980049133301e-01
-6.421445012092590332e-01
2.527678728103637695e+00
1.034541130065917969e+00
-1.603395789861679077e-01
-1.068052530288696289e+00
-6.868306398391723633e-01
1.603951603174209595e-01
