-1.083874627947807312e-01
-2.208232164382934570e+00
-4.652808606624603271e-01
9.075617045164108276e-02
-8.181807994842529297e-01
7.647874951362609863e-01
9.821942448616027832e-01
-1.443934440612792969e+00
-8.811670541763305664e-01
-7.534151077270507812e-01
9.576765894889831543e-01
-1.003355979919433594e+00
-1.299463510513305664e+00
1.472816057503223419e-02
2.372417449951171875e-01
-3.415133357048034668e-01
-1.764816164970397949e+00
1.090620756149291992e+00
-2.409510612487792969e+00
2.395059585571289062e+00
5.166346952319145203e-02
8.592261075973510742e-01
1.008304357528686523e+00
1.616112112998962402e+00
-1.479139447212219238e+00
-1.849516868591308594e+00
2.506288766860961914e+00
2.200580239295959473e-01
-1.773905754089355469e+00
1.165180816315114498e-03
-6.731002926826477051e-01
-6.023776531219482422e-02
1.374865174293518066e+00
3.747240602970123291e-01
-3.619584441184997559e-01
-1.752574443817138672e-01
9.796363301575183868e-03
-8.214692026376724243e-02
-1.126309275627136230e+00
9.760600924491882324e-01
-1.176035642623901367e+00
2.217300087213516235e-01
9.607744216918945312e-01
2.720317363739013672e+00
1.227149486541748047e+00
9.714512825012207031e-01
9.555923342704772949e-01
1.174390077590942383e+00
8.943137526512145996e-01
7.814867496490478516e-01
2.702307105064392090e-01
-1.841149330139160156e+00
1.254897117614746094e+00
7.719232439994812012e-01
-4.564391374588012695e-01
-4.877198934555053711e-01
5.606272816658020020e-01
-8.302931189537048340e-01
7.655574083328247070e-01
-1.167467758059501648e-01
-1.978879451751708984e+00
1.382301688194274902e+00
-9.448546767234802246e-01
1.316056966781616211e+00
2.274657726287841797e+00
-4.396582245826721191e-01
-1.302478015422821045e-01
2.884425818920135498e-01
-5.798261165618896484e-01
4.524047300219535828e-02
2.192642927169799805e+00
-1.308125972747802734e+00
2.407679557800292969e+00
9.863736629486083984e-01
6.914697885513305664e-01
-1.515923261642456055e+00
-5.275725722312927246e-01
-1.602647900581359863e+00
1.225436687469482422e+00
-3.244579732418060303e-01
8.444237709045410156e-01
-3.580769523978233337e-02
-1.203579545021057129e+00
-9.517951011657714844e-01
-3.075622916221618652e-01
-2.114878892898559570e+00
-2.160664558410644531e+00
-2.969039082527160645e-01
4.179331660270690918e-02
-2.262206524610519409e-01
1.150898575782775879e+00
-1.479785680770874023e+00
-1.219123378396034241e-01
-9.116406552493572235e-03
8.090342283248901367e-01
-9.803743958473205566e-01
-4.519168138504028320e-01
-3.572873473167419434e-01
-5.855882167816162109e-01
4.183923006057739258e-01
5.146995782852172852e-01
1.332180857658386230e+00
-6.181931495666503906e-01
1.293390154838562012e+00
7.634492516517639160e-01
2.563749551773071289e-01
-1.356684923171997070e+00
4.549442827701568604e-01
-1.356313586235046387e+00
9.459149241447448730e-01
1.270614504814147949e+00
1.741128802299499512e+00
-3.484662771224975586e-01
-7.366881966590881348e-01
7.480524778366088867e-01
6.738168001174926758e-01
-9.713268876075744629e-01
2.528178691864013672e-01
4.141861200332641602e-01
-2.209733963012695312e+00
4.532805085182189941e-01
7.488054223358631134e-03
5.908662676811218262e-01
-2.411889314651489258e+00
-1.514560461044311523e+00
6.973839998245239258e-01
-1.938482642173767090e+00
1.604364037513732910e+00
