1.426411747932434082e+00
1.561085224151611328e+00
5.781298875808715820e-01
-1.162960410118103027e+00
-2.587865293025970459e-01
-2.049178838729858398e+00
-5.066552162170410156e-01
-8.674621582031250000e-01
-4.670883119106292725e-01
-2.371237426996231079e-01
-7.031178474426269531e-02
-1.139574170112609863e+00
-1.005318641662597656e+00
-8.123775720596313477e-01
1.715895056724548340e+00
-1.896751642227172852e+00
-3.345994055271148682e-01
8.283271193504333496e-01
-7.199172675609588623e-02
8.106324672698974609e-01
-2.041316986083984375e+00
-1.241982936859130859e+00
-4.576876163482666016e-01
1.439388036727905273e+00
-1.581415295600891113e+00
9.759667515754699707e-01
3.419238805770874023e+00
3.260358572006225586e-01
2.188466787338256836e+00
-1.265201687812805176e+00
1.698426365852355957e+00
-3.445743918418884277e-01
-9.439142942428588867e-01
-5.463814139366149902e-01
-1.334454655647277832e+00
2.579728960990905762e-01
9.471857547760009766e-02
-2.427019119262695312e+00
-1.632535457611083984e-01
-1.796094417572021484e+00
-4.813042879104614258e-01
2.786339044570922852e+00
-2.834725379943847656e-01
2.144831418991088867e+00
-4.275415539741516113e-01
2.001179218292236328e+00
2.078878641128540039e+00
-1.301807641983032227e+00
9.586922526359558105e-01
-6.304194331169128418e-01
3.479144722223281860e-02
-1.072073698043823242e+00
-9.032903909683227539e-01
1.288069128990173340e+00
1.478563666343688965e+00
3.558763563632965088e-01
1.266183733940124512e+00
1.832387924194335938e+00
2.584861516952514648e+00
-5.161470770835876465e-01
-8.833041191101074219e-01
1.437366127967834473e+00
-3.036820411682128906e+00
3.044417381286621094e+00
5.391070842742919922e-01
-1.515423893928527832e+00
4.896679222583770752e-01
7.655398845672607422e-01
-4.395130276679992676e-01
8.899935483932495117e-01
-7.751558423042297363e-01
-2.637015819549560547e+00
1.113957881927490234e+00
3.005684912204742432e-01
-9.871706962585449219e-01
-6.275289654731750488e-01
-3.620850145816802979e-01
1.054956316947937012e+00
-1.106280326843261719e+00
-2.382839679718017578e+00
-7.273936867713928223e-01
-1.592197060585021973e+00
2.788130283355712891e+00
-3.269245624542236328e-01
1.174283146858215332e+00
2.208278179168701172e-01
-1.090130209922790527e+00
2.739051878452301025e-01
-3.573435842990875244e-01
-7.115809321403503418e-01
-7.445178031921386719e-01
-2.595949888229370117e+00
-6.804773211479187012e-01
1.070171833038330078e+00
-6.246803700923919678e-02
-1.314133852720260620e-01
1.759070158004760742e+00
1.166997075080871582e+00
2.285818576812744141e+00
2.678981423377990723e-01
1.040037035942077637e+00
-1.945034742355346680e+00
1.740323305130004883e-01
9.373748302459716797e-01
1.383061528205871582e+00
-1.982554316520690918e+00
9.867423027753829956e-02
-1.972860455513000488e+00
-1.904829591512680054e-01
-8.250057697296142578e-01
9.898642897605895996e-01
6.763237714767456055e-01
1.218471527099609375e+00
-8.425411581993103027e-01
-2.140970468521118164e+00
4.796498715877532959e-01
1.551854968070983887e+00
1.051773905754089355e+00
-1.096125364303588867e+00
-8.022565841674804688e-01
-5.157931447029113770e-01
-2.412652522325515747e-01
2.041878178715705872e-02
-4.018805623054504395e-01
1.896146684885025024e-01
-1.085025787353515625e+00
6.022639870643615723e-01
-5.552136898040771484e-01
