-6.644878983497619629e-01
-2.344682931900024414e+00
9.192931652069091797e-01
3.867063820362091064e-01
-9.528765678405761719e-01
1.678738832473754883e+00
1.008020758628845215e+00
-7.670189738273620605e-01
1.048604965209960938e+00
-3.002250671386718750e+00
-1.606157064437866211e+00
-2.554599046707153320e-01
-9.048723578453063965e-01
5.358964800834655762e-01
-6.437972784042358398e-01
1.154201745986938477e+00
5.504255890846252441e-01
-1.433283090591430664e+00
-4.603084176778793335e-02
4.826675951480865479e-01
1.406440973281860352e+00
-5.886976122856140137e-01
5.632442235946655273e-01
2.821058511734008789e+00
-6.267027258872985840e-01
1.528281569480895996e-01
1.898631334304809570e+00
-9.651557207107543945e-01
-2.324239164590835571e-01
2.620157241821289062e+00
-3.591062724590301514e-01
3.266056776046752930e-01
9.930749535560607910e-01
-7.928578257560729980e-01
-5.010930299758911133e-01
1.560344099998474121e+00
-1.370245218276977539e+00
-1.112448334693908691e+00
-2.695606946945190430e-01
5.311083793640136719e-01
-1.695545792579650879e+00
2.948247790336608887e-01
1.254702955484390259e-01
3.629060834646224976e-02
-8.721048831939697266e-01
2.764851152896881104e-01
-2.057173252105712891e+00
3.690887987613677979e-01
1.180503442883491516e-01
-7.293397784233093262e-01
-6.701017618179321289e-01
-9.674283862113952637e-01
-2.396583318710327148e+00
-6.030374765396118164e-01
-1.280815362930297852e+00
5.837955474853515625e-01
-3.069973886013031006e-01
-9.481682181358337402e-01
3.708541691303253174e-01
2.653221368789672852e+00
-1.955074310302734375e+00
-2.308895587921142578e-01
4.497085213661193848e-01
-3.845078945159912109e-01
9.021819382905960083e-02
-1.473453938961029053e-01
-2.778406441211700439e-01
2.123726606369018555e+00
4.083645939826965332e-01
1.160963416099548340e+00
-9.572559595108032227e-01
-1.748382449150085449e+00
1.053087711334228516e+00
2.086404800415039062e+00
1.076751708984375000e+00
-1.893201351165771484e+00
1.423773288726806641e+00
2.619909346103668213e-01
4.244857132434844971e-01
5.745587944984436035e-01
-4.773176014423370361e-01
1.888575106859207153e-01
-2.708517074584960938e+00
-9.207308888435363770e-01
8.779034018516540527e-01
-3.101377487182617188e-01
5.555263534188270569e-02
7.362902760505676270e-01
-1.815378785133361816e+00
-7.934830784797668457e-01
2.617568373680114746e-01
-2.106959581375122070e+00
1.296872258186340332e+00
1.225693583488464355e+00
3.677283763885498047e+00
8.647505939006805420e-02
8.062450885772705078e-01
-1.202441930770874023e+00
-2.926774322986602783e-01
-8.720361590385437012e-01
-4.089476764202117920e-01
-7.242531776428222656e-01
4.140153899788856506e-02
1.418972253799438477e+00
9.310250282287597656e-01
1.072069764137268066e+00
-1.038920998573303223e+00
1.593266576528549194e-01
1.969620943069458008e+00
-1.814485907554626465e+00
1.524820446968078613e+00
2.278345823287963867e+00
-1.795487999916076660e+00
-1.175909161567687988e+00
-4.865455925464630127e-01
-9.091932773590087891e-01
5.010606050491333008e-01
-4.682532548904418945e-01
-4.871720820665359497e-02
-1.351764082908630371e+00
-1.855658292770385742e-01
1.489935368299484253e-01
-9.464799761772155762e-01
1.028468728065490723e+00
-4.923026561737060547e-01
-5.107492953538894653e-02
1.374518964439630508e-02
2.099778890609741211e+00
