1.194096922874450684e+00
-1.804306268692016602e+00
-2.630932331085205078e-01
1.137725785374641418e-01
1.107799410820007324e+00
5.224255472421646118e-02
5.135924816131591797e-01
-2.033672630786895752e-01
-1.725306987762451172e+00
-6.259873509407043457e-01
6.102994084358215332e-01
9.140822291374206543e-01
2.317538022994995117e+00
-1.646898508071899414e+00
9.797187149524688721e-02
3.069397509098052979e-01
-6.717352867126464844e-01
2.321470826864242554e-01
-7.793608903884887695e-01
-4.712509512901306152e-01
-4.130948185920715332e-01
4.495025873184204102e-01
1.229884266853332520e+00
1.430458903312683105e+00
1.129400253295898438e+00
-3.461246490478515625e-01
5.302808433771133423e-02
1.062596559524536133e+00
-2.330351024866104126e-01
1.231122732162475586e+00
-6.807888150215148926e-01
6.975830793380737305e-01
1.287071555852890015e-01
1.181814670562744141e-01
-1.634609699249267578e+00
2.273592472076416016e+00
-2.444635182619094849e-01
-3.901942670345306396e-01
-7.871853709220886230e-01
-3.471376299858093262e-01
1.489810585975646973e+00
-7.180366516113281250e-01
1.681156635284423828e+00
7.311429381370544434e-01
1.194910764694213867e+00
-4.557924270629882812e-01
-6.392830014228820801e-01
2.012561112642288208e-01
2.288116931915283203e+00
-1.044346451759338379e+00
-1.031365990638732910e+00
-2.400326013565063477e+00
1.091215729713439941e+00
-8.843550086021423340e-01
5.639239549636840820e-01
-6.330041289329528809e-01
4.005402922630310059e-01
-1.009700894355773926e+00
9.132207632064819336e-01
5.931470394134521484e-01
-1.696769833564758301e+00
6.025310754776000977e-01
8.151926994323730469e-01
1.262717127799987793e+00
6.241668462753295898e-01
-2.677376270294189453e-01
4.581594765186309814e-01
1.793132543563842773e+00
1.503453731536865234e+00
1.259399205446243286e-02
2.330003976821899414e+00
-4.359877109527587891e-01
-1.069375634193420410e+00
1.560799956321716309e+00
-1.243569515645503998e-02
-9.719818830490112305e-01
-6.031337380409240723e-01
-3.261800110340118408e-01
2.448589086532592773e+00
6.084368228912353516e-01
4.264280498027801514e-01
-2.148000717163085938e+00
-6.399617195129394531e-01
3.583414852619171143e-01
-1.453883171081542969e+00
-6.392905712127685547e-01
-5.622671246528625488e-01
-6.096179485321044922e-01
4.135377109050750732e-01
1.292056292295455933e-01
2.640147447586059570e+00
-9.239534735679626465e-01
1.713983714580535889e-01
-6.572546362876892090e-01
-2.657624781131744385e-01
-2.260548919439315796e-01
-5.405680537223815918e-01
-6.141516566276550293e-01
-1.226264834403991699e+00
-2.936781406402587891e+00
2.327587753534317017e-01
-1.025939226150512695e+00
-7.945680022239685059e-01
4.364989399909973145e-01
2.489726059138774872e-03
5.245506167411804199e-01
3.821108937263488770e-01
-8.854374885559082031e-01
7.563487887382507324e-01
-4.723749756813049316e-01
-1.329655796289443970e-01
9.629601240158081055e-01
-1.905037164688110352e-01
7.316045463085174561e-02
-8.436369895935058594e-01
-1.667323589324951172e+00
8.073229789733886719e-01
-9.945843219757080078e-01
7.064701318740844727e-01
-2.021955549716949463e-01
-1.925147652626037598e+00
-8.685030341148376465e-01
1.180244684219360352e+00
-6.321531534194946289e-01
-1.411913275718688965e+00
5.727937221527099609e-01
-2.225216865539550781e+00
-3.170135915279388428e-01
