-1.505031347274780273e+00
6.309881210327148438e-01
-1.750499755144119263e-01
-1.000103354454040527e+00
-1.903479844331741333e-01
2.023592710494995117e+00
-4.817480742931365967e-01
6.329520344734191895e-01
-1.648027420043945312e+00
-5.845370292663574219e-01
-5.611461997032165527e-01
4.214484989643096924e-01
-1.454886913299560547e+00
-1.384037971496582031e+00
9.305703639984130859e-01
-1.805218577384948730e+00
-3.336787819862365723e-01
7.156435251235961914e-01
1.959906965494155884e-01
-2.648224532604217529e-01
-6.881844997406005859e-01
-2.975458800792694092e-01
-3.010072708129882812e-01
1.984698176383972168e+00
-1.354627966880798340e+00
5.326727628707885742e-01
-1.223622441291809082e+00
3.856482505798339844e-01
1.431572914123535156e+00
1.185916900634765625e+00
-4.009667038917541504e-01
2.678133726119995117e+00
4.619376063346862793e-01
1.137564301490783691e+00
-3.991848230361938477e-01
4.999636113643646240e-01
7.688474655151367188e-01
5.176244974136352539e-01
1.392022609710693359e+00
1.889810264110565186e-01
2.671006441116333008e+00
1.442381739616394043e-01
2.549839019775390625e+00
6.798312664031982422e-01
-1.098022460937500000e+00
-1.542164564132690430e+00
-1.001420259475708008e+00
-5.797623991966247559e-01
6.516715139150619507e-02
-2.132573127746582031e+00
-3.982727825641632080e-01
-1.401525586843490601e-01
-7.625558972358703613e-01
6.739726066589355469e-01
-8.179926872253417969e-01
3.141386270523071289e+00
2.698525190353393555e-01
9.253928661346435547e-01
-1.318088650703430176e+00
1.330590397119522095e-01
-6.980302929878234863e-01
-6.320017576217651367e-02
-2.114148139953613281e-01
1.508889794349670410e-01
-9.604168534278869629e-01
-3.261497735977172852e+00
7.034569978713989258e-01
-2.747370898723602295e-01
1.257293820381164551e+00
-1.545015275478363037e-01
1.219598874449729919e-01
1.199743866920471191e+00
5.795850157737731934e-01
5.522366166114807129e-01
-5.671735852956771851e-02
-1.500064730644226074e+00
1.632993221282958984e-01
-1.762233614921569824e+00
-2.113710403442382812e+00
-6.766381263732910156e-01
1.510087996721267700e-01
-1.528489232063293457e+00
1.418620944023132324e+00
-3.388454318046569824e-01
1.344276428222656250e+00
-7.889917492866516113e-01
-8.831968903541564941e-01
-4.227225482463836670e-01
-8.889636993408203125e-01
3.317803740501403809e-01
2.112007439136505127e-01
-2.574820816516876221e-01
-1.414184212684631348e+00
-1.211837455630302429e-01
7.263015508651733398e-01
-3.907602131366729736e-01
-3.716041743755340576e-01
4.954852759838104248e-01
1.152566075325012207e+00
4.792463779449462891e-01
-2.053469419479370117e+00
4.158338308334350586e-01
-4.522359073162078857e-01
1.024181842803955078e+00
-3.032137632369995117e+00
1.890072375535964966e-01
-2.970753796398639679e-02
-9.813771247863769531e-01
8.513818979263305664e-01
-7.862102389335632324e-01
-1.342696696519851685e-01
1.599981263279914856e-02
6.478868126869201660e-01
7.186907529830932617e-01
3.446561574935913086e+00
2.773810327053070068e-01
-1.917344331741333008e-01
-1.145850300788879395e+00
-8.926239609718322754e-01
3.855582952499389648e+00
7.731515169143676758e-01
-1.157322287559509277e+00
-5.836325287818908691e-01
1.877272129058837891e-01
-6.325861215591430664e-01
1.274191021919250488e+00
-1.109862685203552246e+00
-8.693784475326538086e-01
