-3.485289096832275391e+00
-1.075741171836853027e+00
2.986539304256439209e-01
3.870160132646560669e-02
1.255349636077880859e+00
3.426289558410644531e-01
1.707463115453720093e-01
1.659524440765380859e+00
1.078435420989990234e+00
-1.374283432960510254e+00
1.069228410720825195e+00
-7.001108527183532715e-01
-6.760938763618469238e-01
1.584802746772766113e+00
-5.549689754843711853e-02
-8.936785459518432617e-01
6.673694849014282227e-01
6.283564567565917969e-01
1.644646972417831421e-01
1.850730061531066895e+00
-5.624814629554748535e-01
1.724781155586242676e+00
9.485347867012023926e-01
2.352522462606430054e-01
-1.826179981231689453e+00
-1.117749571800231934e+00
2.198332786560058594e+00
-1.471340537071228027e+00
1.582883477210998535e+00
6.030911803245544434e-01
-7.602864503860473633e-01
5.765853524208068848e-01
-4.182349741458892822e-01
2.261984795331954956e-01
7.890271544456481934e-01
-5.308213829994201660e-01
-2.064655065536499023e+00
1.295461893081665039e+00
-9.322985410690307617e-01
-8.996812701225280762e-01
7.775578647851943970e-02
2.436511993408203125e+00
1.247732758522033691e+00
2.071926593780517578e+00
6.760001182556152344e-01
-5.843863487243652344e-01
2.468574762344360352e+00
2.105581045150756836e+00
-1.838230490684509277e+00
-9.532129764556884766e-01
-1.498046636581420898e+00
-1.432658910751342773e+00
6.593413352966308594e-01
1.588910460472106934e+00
1.204937815666198730e+00
-1.026828050613403320e+00
3.744186758995056152e-01
-5.671938657760620117e-01
9.698218703269958496e-01
-6.969919800758361816e-01
-1.548046231269836426e+00
5.989731550216674805e-01
-4.932517111301422119e-01
2.584429979324340820e-01
1.266448974609375000e+00
5.425547361373901367e-01
5.705248713493347168e-01
3.329684436321258545e-01
-4.778167903423309326e-01
-1.147574543952941895e+00
-3.018771708011627197e-01
-3.935877084732055664e-01
1.746669650077819824e+00
1.592539250850677490e-01
-1.968135118484497070e+00
-5.528421327471733093e-02
-4.898493885993957520e-01
1.393547296524047852e+00
-1.681814074516296387e+00
-1.922016024589538574e+00
-4.713730216026306152e-01
-1.645031452178955078e+00
1.333339452743530273e+00
9.947695732116699219e-01
-4.891771376132965088e-01
-5.461884140968322754e-01
1.511580467224121094e+00
1.145095005631446838e-01
9.665009379386901855e-01
1.520779013633728027e+00
3.426367640495300293e-01
6.470315456390380859e-01
-3.050575494766235352e+00
7.228168845176696777e-01
-2.759871184825897217e-01
1.216448992490768433e-01
8.214123249053955078e-01
-2.591415643692016602e+00
9.378652572631835938e-01
4.608775675296783447e-01
9.137003421783447266e-01
-1.524246811866760254e+00
-3.929717540740966797e-01
7.752574086189270020e-01
1.049769282341003418e+00
-8.009747862815856934e-01
-1.705643296241760254e+00
5.300641059875488281e-01
3.198087215423583984e-01
-2.767323732376098633e+00
-7.815203070640563965e-01
-1.367410540580749512e+00
1.686402201652526855e+00
4.927831292152404785e-01
9.823926091194152832e-01
-1.048949956893920898e+00
-1.257441759109497070e+00
1.142762005329132080e-01
-8.100127428770065308e-02
-7.495912909507751465e-02
-1.317946553230285645e+00
-1.377978771924972534e-01
-9.950101375579833984e-01
3.274210989475250244e-01
-9.826967716217041016e-01
-1.847457051277160645e+00
7.495815753936767578e-01
-4.579499959945678711e-01
