5.074374675750732422e-01
-7.971023768186569214e-02
1.231361865997314453e+00
4.009414911270141602e-01
-1.510146632790565491e-02
-6.791908740997314453e-01
2.841516435146331787e-01
-5.064835548400878906e-01
-1.203163146972656250e+00
-1.438937306404113770e+00
3.532294631004333496e-01
1.533095598220825195e+00
2.989581108093261719e+00
-8.745853900909423828e-01
-3.006691932678222656e-01
-1.534582972526550293e+00
-1.758934855461120605e+00
9.623578786849975586e-01
-8.253322243690490723e-01
7.024753689765930176e-01
-5.050520971417427063e-02
-1.175247073173522949e+00
7.850234508514404297e-01
4.992983341217041016e-01
-1.184970378875732422e+00
-8.261983394622802734e-01
-1.521800160408020020e-01
1.818826079368591309e+00
-1.069055721163749695e-01
7.034610509872436523e-01
-1.762609630823135376e-01
1.559579372406005859e+00
-2.479946374893188477e+00
1.616666093468666077e-02
-4.438213109970092773e-01
9.518738389015197754e-01
1.420368194580078125e+00
6.461976766586303711e-01
6.412073969841003418e-01
8.161811232566833496e-01
1.917724490165710449e+00
1.337530970573425293e+00
1.288182020187377930e+00
-2.924683690071105957e-01
-1.539545059204101562e+00
-1.485679149627685547e+00
-1.011099576950073242e+00
1.174446940422058105e+00
-3.275715112686157227e-01
1.231466293334960938e+00
-1.779921889305114746e+00
-2.357568740844726562e+00
-2.345806658267974854e-01
1.737511396408081055e+00
6.883022785186767578e-01
-6.112540960311889648e-01
1.650530993938446045e-01
2.977284193038940430e+00
2.281758546829223633e+00
1.323084354400634766e+00
-1.182350516319274902e+00
-2.166391722857952118e-02
-3.362171947956085205e-01
2.767315208911895752e-01
9.394807368516921997e-02
-1.376455545425415039e+00
-1.624718427658081055e+00
2.348556041717529297e+00
8.167687058448791504e-01
-4.550912678241729736e-01
1.415108799934387207e+00
6.374520808458328247e-02
-7.625175118446350098e-01
9.413538575172424316e-01
-1.178787589073181152e+00
2.534415721893310547e-01
1.381738185882568359e+00
3.426356017589569092e-01
4.202403128147125244e-01
-5.722624063491821289e-01
1.580399513244628906e+00
-1.384694457054138184e+00
-2.074329555034637451e-01
-1.030478328466415405e-01
6.043481230735778809e-01
-1.163246870040893555e+00
-2.026883602142333984e+00
1.722900629043579102e+00
7.891372442245483398e-01
3.543437421321868896e-01
6.478526592254638672e-01
-8.241994380950927734e-01
-1.985315799713134766e+00
1.444327473640441895e+00
-1.953284978866577148e+00
1.768796086311340332e+00
8.441312313079833984e-01
2.768011689186096191e-01
-1.890235662460327148e+00
-1.263521790504455566e+00
1.273506045341491699e+00
2.087635993957519531e+00
4.951987266540527344e-01
-3.699037134647369385e-01
3.672769963741302490e-01
-2.549470365047454834e-01
1.479370713233947754e+00
-2.030819892883300781e+00
-3.313958644866943359e-01
-9.431138038635253906e-01
2.728408873081207275e-01
-7.770582437515258789e-01
-1.894899904727935791e-01
-1.914906382560729980e+00
2.409500479698181152e-01
-1.583591222763061523e+00
1.132727265357971191e-01
-2.172575235366821289e+00
-6.974228620529174805e-01
-1.094601035118103027e+00
4.002825021743774414e-01
-2.000858306884765625e+00
-6.216947436332702637e-01
1.103734821081161499e-01
-7.435275316238403320e-01
-1.713712453842163086e+00
-7.129499912261962891e-01
8.901413083076477051e-01
