2.032542943954467773e+00
-7.010039687156677246e-01
-1.207182705402374268e-01
-2.259157657623291016e+00
-1.169014334678649902e+00
8.803020715713500977e-01
2.311054468154907227e+00
1.716119050979614258e+00
-9.942618012428283691e-01
-1.044736027717590332e+00
1.408999972045421600e-02
-3.178189396858215332e-01
1.692443490028381348e+00
-1.090389966964721680e+00
-4.293470978736877441e-01
4.021244943141937256e-01
-4.966871440410614014e-01
1.243933677673339844e+00
-2.828857302665710449e-01
1.818857491016387939e-01
1.329081654548645020e+00
-2.597411274909973145e-01
5.453056693077087402e-01
-1.724762320518493652e-01
-5.633561685681343079e-02
-1.901783198118209839e-01
-1.550281196832656860e-01
-2.517970323562622070e+00
-2.541671097278594971e-01
1.578373908996582031e+00
2.445475570857524872e-02
-2.897244453430175781e+00
-3.063914179801940918e-01
6.655755043029785156e-01
7.955136299133300781e-01
8.063235878944396973e-01
-1.165609359741210938e+00
-1.211456298828125000e+00
-1.881005883216857910e+00
-1.843624830245971680e+00
1.486131697893142700e-01
1.699890792369842529e-01
1.923877716064453125e+00
-8.058156967163085938e-01
1.043100595474243164e+00
-4.000585675239562988e-01
-3.597457706928253174e-01
1.467763304710388184e+00
2.492175698280334473e-01
6.681767106056213379e-01
1.382548332214355469e+00
-1.274143934249877930e+00
5.420660376548767090e-01
2.642629146575927734e-01
-2.708014547824859619e-01
-1.085666298866271973e+00
-7.375292479991912842e-02
1.024554252624511719e+00
-7.759124785661697388e-02
2.740538358688354492e+00
-5.746256709098815918e-01
5.133664608001708984e-01
-7.209318280220031738e-01
1.390293240547180176e+00
1.894868373870849609e+00
-3.978866815567016602e+00
5.086741596460342407e-02
6.339778900146484375e-01
-8.239321708679199219e-01
-9.677933156490325928e-02
1.789756566286087036e-01
-4.766620993614196777e-01
1.500032424926757812e+00
-1.294608786702156067e-02
9.412266016006469727e-01
-2.413335084915161133e+00
-5.506858229637145996e-01
-1.836740851402282715e+00
-4.969416260719299316e-01
-1.048069953918457031e+00
9.052558988332748413e-02
-9.108519554138183594e-02
-1.827616691589355469e+00
-5.729276537895202637e-01
1.929669857025146484e+00
1.020220041275024414e+00
-3.670258820056915283e-01
5.745610594749450684e-01
-6.978114247322082520e-01
4.952603876590728760e-01
2.074899077415466309e-01
-2.393376827239990234e+00
-1.167556524276733398e+00
-1.478571176528930664e+00
5.887194871902465820e-01
2.287803411483764648e+00
1.020848393440246582e+00
-1.620421111583709717e-01
1.820111721754074097e-01
2.135196208953857422e+00
-1.154944021254777908e-02
3.636148571968078613e-01
1.238082528114318848e+00
-6.310164928436279297e-01
1.826232314109802246e+00
1.010201930999755859e+00
-1.508089065551757812e+00
1.314576625823974609e+00
2.725782632827758789e+00
1.017042040824890137e+00
9.818814992904663086e-01
1.125868186354637146e-01
4.168885350227355957e-01
-1.598773360252380371e+00
-3.113648295402526855e-01
6.956708431243896484e-01
1.699508786201477051e+00
-1.173316717147827148e+00
-1.964659810066223145e+00
-1.338217735290527344e+00
1.388679146766662598e+00
-1.980946660041809082e+00
1.208061337471008301e+00
-1.539896607398986816e+00
-2.998316287994384766e-01
-1.939069747924804688e+00
-5.842837691307067871e-01
1.659037619829177856e-01
