6.271942257881164551e-01
-2.155536890029907227e+00
6.294164657592773438e-01
7.927183061838150024e-03
-9.336053729057312012e-01
-1.477507472038269043e+00
8.730042576789855957e-01
-5.653240531682968140e-02
1.710514426231384277e+00
1.260613441467285156e+00
9.636659175157546997e-03
-3.533282577991485596e-01
9.156624674797058105e-01
3.373362720012664795e-01
2.956372918561100960e-04
1.815721243619918823e-01
-1.123017668724060059e+00
2.525947570800781250e+00
4.722856283187866211e-01
1.707881093025207520e+00
-1.663120508193969727e+00
-6.208735704421997070e-01
1.026033997535705566e+00
1.266564011573791504e+00
-9.792873859405517578e-01
-1.435686051845550537e-01
-2.163639068603515625e-01
-9.099736809730529785e-01
-1.574515104293823242e+00
5.603591799736022949e-01
1.199216961860656738e+00
2.518379688262939453e-01
6.926155090332031250e-01
-1.055252075195312500e+00
-1.765531182289123535e+00
1.832089781761169434e+00
2.805545926094055176e-01
-9.493597745895385742e-01
-1.029256582260131836e-01
5.735350847244262695e-01
-8.253884911537170410e-01
1.371673703193664551e+00
1.530136108398437500e+00
-9.664700482971966267e-04
-1.159918427467346191e+00
3.165473639965057373e-01
-2.669137954711914062e+00
1.379266381263732910e+00
7.384041547775268555e-01
1.601372361183166504e-01
1.568210124969482422e+00
-3.431912899017333984e+00
9.976761937141418457e-01
-1.436250448226928711e+00
-1.397044777870178223e+00
-3.445207774639129639e-01
-1.332032978534698486e-01
1.613370776176452637e-01
-6.645704507827758789e-01
1.650403499603271484e+00
-1.768221557140350342e-01
2.303894162178039551e-01
2.946114540100097656e-01
6.049045920372009277e-01
1.990962862968444824e+00
5.952564477920532227e-01
-7.270623445510864258e-01
-5.815323814749717712e-02
5.472195893526077271e-02
4.967362433671951294e-02
5.048568248748779297e-01
-5.246161818504333496e-01
1.550302386283874512e+00
7.471572160720825195e-01
-2.483921051025390625e-01
-9.414758086204528809e-01
3.227504491806030273e-01
-1.678862094879150391e+00
9.336348772048950195e-01
-3.131763339042663574e-01
5.473854541778564453e-01
-2.620273113250732422e+00
5.211029052734375000e-01
9.771819710731506348e-01
-8.867453336715698242e-01
-6.491951346397399902e-01
-4.778686910867691040e-03
-9.977834820747375488e-01
1.776990771293640137e+00
9.688516259193420410e-01
-2.010036945343017578e+00
-9.668611288070678711e-01
-1.499953866004943848e+00
1.119645714759826660e+00
1.456159830093383789e+00
4.744553864002227783e-01
-8.438358902931213379e-01
5.121487379074096680e-01
3.211392164230346680e-01
4.983566403388977051e-01
4.571253061294555664e-01
-3.734413087368011475e-01
1.587361335754394531e+00
2.056498229503631592e-01
-1.218461036682128906e+00
2.498643994331359863e-01
-4.223339259624481201e-01
1.045918941497802734e+00
1.722522377967834473e+00
-6.757182478904724121e-01
-1.052221536636352539e+00
1.545792460441589355e+00
-1.481245875358581543e+00
-8.513078093528747559e-01
8.129790425300598145e-01
-1.851201176643371582e+00
6.453173756599426270e-01
-1.810656785964965820e+00
-1.772150993347167969e-01
-1.489546298980712891e+00
-3.313575088977813721e-01
-2.122361510992050171e-01
-5.635357648134231567e-02
-5.845932364463806152e-01
-1.449493646621704102e+00
-7.018151283264160156e-01
-2.529190480709075928e-01
1.039823532104492188e+00
