4.208540078252553940e-03
8.974398672580718994e-02
1.505650877952575684e-01
1.599829196929931641e-01
-2.629481814801692963e-02
-7.650320529937744141e-01
-9.995615482330322266e-01
-8.622229099273681641e-02
1.170829296112060547e+00
-7.633357048034667969e-01
-1.380854964256286621e+00
-1.709587574005126953e+00
1.598469465970993042e-01
1.212534427642822266e+00
-2.292154729366302490e-01
-1.214494943618774414e+00
-7.488952875137329102e-01
-3.800580203533172607e-01
-1.687088459730148315e-01
-4.224350154399871826e-01
2.112714052200317383e+00
-1.650359988212585449e+00
-1.439317345619201660e+00
8.162074685096740723e-01
-2.351001054048538208e-01
2.659117579460144043e-01
1.397570133209228516e+00
-2.550209760665893555e+00
-5.066918581724166870e-02
-2.317389696836471558e-01
2.819456577301025391e+00
-2.546734094619750977e+00
-1.770290970802307129e+00
1.545489430427551270e+00
-5.748162865638732910e-01
1.440890192985534668e+00
-4.905543029308319092e-01
-3.758974373340606689e-01
2.274058818817138672e+00
-8.458430171012878418e-01
8.455207943916320801e-01
9.961386322975158691e-01
1.379722833633422852e+00
2.488942891359329224e-01
1.020169973373413086e+00
-2.224101781845092773e+00
1.454068779945373535e+00
-2.141834944486618042e-01
7.355174422264099121e-01
8.888462185859680176e-01
2.476164817810058594e+00
-6.205555200576782227e-01
-2.038632780313491821e-01
1.853737831115722656e+00
-8.182484507560729980e-01
-1.337354630231857300e-01
-5.722146034240722656e-01
-6.572588086128234863e-01
3.048123121261596680e+00
6.495728492736816406e-01
1.626552581787109375e+00
-9.666954278945922852e-01
1.095241069793701172e+00
2.346634149551391602e+00
1.796420693397521973e+00
1.418250948190689087e-01
6.314015388488769531e-02
2.250603586435317993e-01
8.318125009536743164e-01
4.451412260532379150e-01
7.950242161750793457e-01
-7.479698061943054199e-01
2.413700371980667114e-01
-2.360540181398391724e-01
-2.782561063766479492e+00
-4.639079868793487549e-01
-1.358038783073425293e+00
-1.443276166915893555e+00
-6.626287698745727539e-01
-1.798370122909545898e+00
6.384695172309875488e-01
-9.253905713558197021e-02
-8.667247295379638672e-01
-2.213317900896072388e-01
2.572110414505004883e+00
3.523696362972259521e-01
-1.858455777168273926e+00
1.088085532188415527e+00
6.236295774579048157e-02
-1.459268689155578613e+00
1.626757264137268066e+00
-1.908826470375061035e+00
-7.803891301155090332e-01
1.942316889762878418e+00
6.990185379981994629e-01
-1.777312874794006348e+00
1.402456164360046387e+00
-3.302869200706481934e-02
6.077486872673034668e-01
1.470772624015808105e+00
-4.278529286384582520e-01
1.127881646156311035e+00
2.405622899532318115e-01
9.273180365562438965e-01
-7.461352944374084473e-01
7.461606711149215698e-02
-1.933141708374023438e+00
-1.122762560844421387e+00
7.058527469635009766e-01
-2.279276371002197266e+00
7.661539912223815918e-01
-5.194943547248840332e-01
-3.337042331695556641e-01
-7.277325391769409180e-01
-3.948515653610229492e-01
1.130617976188659668e+00
4.557389318943023682e-01
-4.490676224231719971e-01
-2.357615232467651367e-01
-1.518884152173995972e-01
-2.381834089756011963e-01
3.235467672348022461e-01
-1.492104399949312210e-02
-1.915978193283081055e+00
-8.320839405059814453e-01
2.675499320030212402e-01
-1.456369757652282715e+00
-1.531725764274597168e+00
