-2.752090394496917725e-01
-5.148825049400329590e-01
1.161823034286499023e+00
1.013622898608446121e-02
-5.132019519805908203e-01
2.055811405181884766e+00
1.770679712295532227e+00
-5.121613144874572754e-01
1.462861299514770508e+00
-1.254595637321472168e+00
7.130365967750549316e-01
4.921856820583343506e-01
-1.439147949218750000e+00
-2.529897451400756836e+00
-7.428564429283142090e-01
-1.013441801071166992e+00
-2.310801595449447632e-01
5.036063790321350098e-01
2.166098952293395996e-01
2.314833164215087891e+00
-1.368923902511596680e+00
1.679677248001098633e+00
2.156061887741088867e+00
1.156200170516967773e+00
-5.559799820184707642e-02
-8.865213021636009216e-03
9.012944251298904419e-02
-1.489905953407287598e+00
9.568842053413391113e-01
-6.401242017745971680e-01
2.388595491647720337e-01
-2.367934465408325195e+00
2.554359674453735352e+00
-9.913952946662902832e-01
1.596055328845977783e-01
5.362885594367980957e-01
-3.362765610218048096e-01
5.406061410903930664e-01
5.216890573501586914e-01
-8.094512820243835449e-01
-6.925200223922729492e-01
1.109223484992980957e+00
1.949836850166320801e+00
2.989216446876525879e-01
1.131013870239257812e+00
-6.153324842453002930e-01
-3.026973903179168701e-01
-2.158856153488159180e+00
9.546533226966857910e-01
-3.198101222515106201e-01
-1.916632056236267090e+00
-9.580859541893005371e-01
-5.621256828308105469e-01
4.454454407095909119e-02
2.381302267313003540e-01
1.017807006835937500e+00
6.100705862045288086e-01
2.177402734756469727e+00
9.769017100334167480e-01
-1.887899518013000488e+00
-2.116661310195922852e+00
1.227400422096252441e+00
-2.291085243225097656e+00
4.322035908699035645e-01
1.094531416893005371e-01
9.886662662029266357e-02
-1.507892966270446777e+00
-1.256739616394042969e+00
-2.626372277736663818e-01
1.756575256586074829e-01
5.160263180732727051e-01
-1.886157393455505371e+00
1.587162733078002930e+00
1.715600371360778809e+00
-1.154293060302734375e+00
-2.032832860946655273e+00
-8.886838704347610474e-02
8.907280564308166504e-01
-8.008780479431152344e-01
6.094518899917602539e-01
1.717838048934936523e+00
-1.499867081642150879e+00
6.273593306541442871e-01
1.183349490165710449e+00
9.348928332328796387e-01
1.354220867156982422e+00
-2.128813982009887695e+00
-5.378262400627136230e-01
3.282664716243743896e-02
1.965721100568771362e-01
-3.210162878036499023e+00
6.756439208984375000e-01
-2.328634023666381836e+00
1.066037297248840332e+00
-3.285619020462036133e-01
-9.128608703613281250e-01
1.862614274024963379e+00
-1.184918522834777832e+00
-1.170965313911437988e+00
1.477638930082321167e-01
1.011845707893371582e+00
-9.289472103118896484e-01
1.187321066856384277e+00
3.358771502971649170e-01
1.424538731575012207e+00
-2.632193863391876221e-01
-3.252695798873901367e-01
-7.846926450729370117e-01
-5.796333551406860352e-01
-1.520581543445587158e-01
1.269221901893615723e-01
1.868966519832611084e-01
-1.580531358718872070e+00
-1.139892861247062683e-01
-2.304328441619873047e+00
1.275308489799499512e+00
1.044666767120361328e+00
5.346934795379638672e-01
4.647664725780487061e-01
3.002553880214691162e-01
-1.047322630882263184e+00
3.805874884128570557e-01
3.610429465770721436e-01
-1.662492275238037109e+00
2.368702739477157593e-01
4.963025748729705811e-01
-1.362135291099548340e+00
7.402192801237106323e-02
