2.780698537826538086e-01
-2.875829935073852539e+00
6.161363720893859863e-01
-7.753791660070419312e-02
-1.087938427925109863e+00
2.219046115875244141e+00
-1.995996758341789246e-02
7.353093028068542480e-01
5.532449483871459961e-01
-6.617126464843750000e-01
2.684319257736206055e+00
-2.950768709182739258e+00
5.265086293220520020e-01
-1.985325455665588379e+00
4.791098237037658691e-01
5.992307066917419434e-01
-7.267183810472488403e-02
1.519611120223999023e+00
-1.260858774185180664e+00
3.559906959533691406e+00
-8.637759834527969360e-02
-5.542520880699157715e-01
4.368029236793518066e-01
-2.195297479629516602e-01
-1.782105922698974609e+00
-4.079493284225463867e-01
1.062750577926635742e+00
1.044825911521911621e-01
-1.399360418319702148e+00
6.406124830245971680e-01
-1.277826786041259766e+00
3.924755454063415527e-01
-4.200326204299926758e-01
-1.945917606353759766e+00
3.528139591217041016e-01
-1.615217179059982300e-01
-2.035937309265136719e+00
-1.184893488883972168e+00
3.272691667079925537e-01
9.032773971557617188e-01
7.143106460571289062e-01
1.561692833900451660e+00
1.322814941406250000e+00
9.888144135475158691e-01
5.901988744735717773e-01
1.495893955230712891e+00
5.025479793548583984e-01
-1.174017786979675293e+00
-2.626528024673461914e+00
1.404047727584838867e+00
4.957021474838256836e-01
-2.397020339965820312e+00
-4.738580584526062012e-01
2.255533933639526367e-01
2.249178886413574219e-01
-1.799148321151733398e+00
6.771242618560791016e-01
-4.063496738672256470e-02
4.190649092197418213e-01
1.018255110830068588e-02
7.095541357994079590e-01
5.458902120590209961e-01
-7.748286128044128418e-01
1.106072902679443359e+00
2.104372978210449219e+00
-4.399896562099456787e-01
2.878282666206359863e-01
-1.638238430023193359e+00
3.278131783008575439e-01
-4.115313291549682617e-01
6.118342280387878418e-01
-1.085961937904357910e+00
-2.089015096426010132e-01
1.371891617774963379e+00
-2.502112984657287598e-01
-1.188858985900878906e+00
1.089401483535766602e+00
7.081031799316406250e-01
1.673878192901611328e+00
-1.277749776840209961e+00
3.771276473999023438e-01
-1.922340512275695801e+00
-9.892572760581970215e-01
-6.599617600440979004e-01
1.551214884966611862e-02
-1.950975209474563599e-01
-1.315494894981384277e+00
-4.411145746707916260e-01
1.020909100770950317e-01
-1.034506916999816895e+00
1.249586462974548340e+00
-2.177398920059204102e+00
4.856254756450653076e-01
4.100115299224853516e-01
-4.229581654071807861e-01
-1.111527562141418457e+00
2.826392889022827148e+00
9.055023789405822754e-01
-1.851736187934875488e+00
7.840420305728912354e-02
3.303897142410278320e+00
-8.236110955476760864e-02
7.352924942970275879e-01
1.641127467155456543e+00
1.165762424468994141e+00
1.154643654823303223e+00
1.472914457321166992e+00
-3.023758828639984131e-01
1.390072464942932129e+00
-1.044631123542785645e+00
1.014756634831428528e-01
1.869222164154052734e+00
-1.176828742027282715e+00
-4.254783391952514648e-01
2.235255837440490723e-01
1.190759837627410889e-01
9.050127118825912476e-02
-1.899874806404113770e+00
-1.289007425308227539e+00
-9.333457946777343750e-01
-5.727944374084472656e-01
-1.512538433074951172e+00
-1.984087347984313965e+00
4.998457431793212891e-02
-4.211312830448150635e-01
-2.136497259140014648e+00
1.103997468948364258e+00
1.087710261344909668e+00
