2.498735189437866211e-01
-7.823515534400939941e-01
-3.276574611663818359e-01
5.320031642913818359e-01
1.832762837409973145e+00
1.648970007896423340e+00
-2.643115818500518799e-02
-2.491411566734313965e-01
-6.798342466354370117e-01
6.131066009402275085e-02
-1.012090802192687988e+00
1.342008709907531738e+00
-3.600588142871856689e-01
-1.587172865867614746e+00
-1.924255132675170898e+00
1.001540184020996094e+00
8.149254918098449707e-01
7.463918924331665039e-01
-2.365765571594238281e-01
6.763822436332702637e-01
-3.778083920478820801e-01
3.076301217079162598e-01
3.048593997955322266e-01
1.157811284065246582e+00
-9.252653270959854126e-02
1.516400218009948730e+00
2.420024633407592773e+00
-2.572102785110473633e+00
8.330715894699096680e-01
-1.035971045494079590e+00
1.579363495111465454e-01
-7.355247735977172852e-01
-3.589664697647094727e-01
-1.889016509056091309e+00
9.841474890708923340e-01
8.426250219345092773e-01
3.638432025909423828e+00
5.475294589996337891e-01
-8.032601475715637207e-01
-6.764424443244934082e-01
1.987245440483093262e+00
-1.274849057197570801e+00
1.514524221420288086e+00
-6.534446477890014648e-01
2.698784172534942627e-01
-3.776446580886840820e-01
-4.688324332237243652e-01
8.604319766163825989e-03
2.016844272613525391e+00
-8.851974606513977051e-01
6.337562203407287598e-01
-1.732743382453918457e+00
-3.893255591392517090e-01
-2.292848110198974609e+00
4.128664731979370117e-01
-5.462441444396972656e-01
-1.693264365196228027e+00
8.661476522684097290e-02
1.576399058103561401e-01
1.462828874588012695e+00
-6.168951392173767090e-01
1.915353059768676758e+00
-9.610185027122497559e-02
1.147517204284667969e+00
-6.629470586776733398e-01
-1.518652915954589844e+00
-1.085706233978271484e+00
3.112732172012329102e-01
6.936247348785400391e-01
7.599855661392211914e-01
5.804831385612487793e-01
5.659115314483642578e-01
9.091730713844299316e-01
4.691203534603118896e-01
-3.381911754608154297e+00
-1.777521967887878418e+00
2.287332899868488312e-02
9.934734106063842773e-01
-1.076586246490478516e+00
-3.439322710037231445e-01
1.558505464345216751e-02
-2.732514441013336182e-01
1.226300120353698730e+00
-2.522035121917724609e+00
2.369189023971557617e+00
-3.309870064258575439e-01
-3.345591723918914795e-01
1.462511777877807617e+00
9.143820405006408691e-01
1.991069555282592773e+00
2.465768337249755859e+00
1.523127257823944092e-01
1.530914783477783203e+00
-3.176400065422058105e-01
-1.459613204002380371e+00
-1.698993325233459473e+00
-1.589201986789703369e-01
-2.017706818878650665e-02
2.168469727039337158e-01
-1.902554512023925781e+00
5.119698643684387207e-01
1.204228758811950684e+00
-6.676192879676818848e-01
3.985642790794372559e-01
1.640356183052062988e+00
5.416515097022056580e-02
-1.469778299331665039e+00
-4.564553797245025635e-01
5.096352696418762207e-01
-2.170599222183227539e+00
1.403700351715087891e+00
-1.270401477813720703e+00
2.616099715232849121e-01
7.254376411437988281e-01
-1.832279682159423828e+00
-1.163172364234924316e+00
-6.843208074569702148e-01
-1.389085531234741211e+00
-3.344486057758331299e-01
3.521237969398498535e-01
9.686260819435119629e-01
-2.723716020584106445e+00
2.142917513847351074e-01
-5.528499484062194824e-01
-6.465692520141601562e-01
-5.968935489654541016e-01
-9.123189449310302734e-01
2.763292491436004639e-01
