3.875823616981506348e-01
3.528174757957458496e-01
-3.460588753223419189e-01
-4.938045144081115723e-01
-4.482798576354980469e-01
7.748837471008300781e-01
1.010642290115356445e+00
-2.092475593090057373e-01
-1.007702350616455078e+00
8.476591110229492188e-02
-8.452813625335693359e-01
9.838447570800781250e-01
1.360751837491989136e-01
-1.985955357551574707e+00
8.278379589319229126e-02
-2.433901548385620117e+00
-2.976752519607543945e-01
4.142056107521057129e-01
1.252380847930908203e+00
-2.147273123264312744e-01
-1.102273464202880859e+00
3.352102339267730713e-01
1.131722331047058105e+00
1.957685589790344238e+00
-1.007191896438598633e+00
1.053941130638122559e+00
-1.811717748641967773e-01
-4.317762553691864014e-01
1.258316487073898315e-01
-4.608371555805206299e-01
-9.100637435913085938e-01
-3.513564825057983398e+00
-8.351650238037109375e-01
1.279871463775634766e+00
-1.638341397047042847e-01
1.512990593910217285e+00
5.379467606544494629e-01
1.052361965179443359e+00
-1.119113683700561523e+00
2.147734165191650391e+00
1.812075734138488770e+00
-6.969853639602661133e-01
2.164774179458618164e+00
8.890830725431442261e-02
-1.578688502311706543e+00
-2.256632447242736816e-01
-1.256232261657714844e+00
2.271020889282226562e+00
6.015111207962036133e-01
-1.922155261039733887e+00
-8.562869429588317871e-01
7.205121964216232300e-02
-5.035225749015808105e-01
4.476361870765686035e-01
2.818304300308227539e-01
1.934240341186523438e+00
-3.251346945762634277e-01
1.484495162963867188e+00
-1.754575610160827637e+00
-4.371180832386016846e-01
2.368149310350418091e-01
-1.062183827161788940e-01
-5.027930140495300293e-01
-1.403211712837219238e+00
-1.047657012939453125e+00
-1.726833224296569824e+00
2.087511301040649414e+00
1.457150697708129883e+00
4.575043320655822754e-01
-9.767251014709472656e-01
2.723079919815063477e-01
2.181502819061279297e+00
6.234585046768188477e-01
4.526442661881446838e-02
-9.635252356529235840e-01
-1.530311703681945801e+00
-1.395628213882446289e+00
1.300332069396972656e+00
-5.018339157104492188e-01
-2.318845987319946289e+00
-3.498296260833740234e+00
-1.770275458693504333e-02
1.211671352386474609e+00
-9.536504745483398438e-01
2.015053749084472656e+00
8.018224239349365234e-01
-2.244836330413818359e+00
6.697375774383544922e-01
2.005178630352020264e-01
5.122088789939880371e-01
3.004088878631591797e+00
-6.632308959960937500e-01
3.612435460090637207e-01
-1.210976168513298035e-01
-4.585357382893562317e-02
-5.014994144439697266e-01
1.902229189872741699e+00
-8.139935135841369629e-01
8.098676204681396484e-01
5.094535350799560547e-01
-1.032320857048034668e+00
5.660401582717895508e-01
-1.410172939300537109e+00
7.906701564788818359e-01
7.318489551544189453e-01
-2.991445064544677734e-01
-1.625274062156677246e+00
1.918836086988449097e-01
2.417809486389160156e+00
-1.160079240798950195e+00
4.906447529792785645e-01
-8.299558758735656738e-01
-3.891718685626983643e-01
6.934027671813964844e-01
-8.197296857833862305e-01
-4.941741228103637695e-01
2.665578722953796387e-01
-2.920318603515625000e+00
2.541284859180450439e-01
2.040870666503906250e+00
2.449882030487060547e+00
-6.609635353088378906e-01
6.711831092834472656e-01
7.414249777793884277e-01
-1.283844262361526489e-01
2.389572709798812866e-01
3.002298176288604736e-01
-2.309674024581909180e+00
