-2.125105559825897217e-01
-9.372127056121826172e-01
7.871446013450622559e-01
7.507390975952148438e-01
2.285714000463485718e-01
2.966042041778564453e+00
6.754498481750488281e-01
1.003787994384765625e+00
-4.229087233543395996e-01
1.000261306762695312e+00
2.204898595809936523e+00
-2.468225955963134766e-01
9.421103596687316895e-01
1.729636192321777344e-01
-1.820765972137451172e+00
9.875488877296447754e-01
-1.430688500404357910e+00
1.677216887474060059e-01
1.879961371421813965e+00
1.325108408927917480e+00
8.285510540008544922e-01
1.075150728225708008e+00
8.613396286964416504e-01
2.250433564186096191e-01
-2.231755256652832031e+00
4.073083996772766113e-01
-3.465749323368072510e-01
-2.089242339134216309e-01
4.936312139034271240e-02
1.352453082799911499e-01
-1.134031891822814941e+00
-1.779138684272766113e+00
-1.303770422935485840e+00
-1.971804141998291016e+00
-1.453976631164550781e+00
2.055991888046264648e+00
-5.937491059303283691e-01
-7.446334958076477051e-01
-1.012181520462036133e+00
-1.888624310493469238e+00
-4.120218157768249512e-01
7.432916015386581421e-02
1.267342925071716309e+00
1.486947774887084961e+00
3.069587349891662598e-01
1.204955220222473145e+00
-1.903423309326171875e+00
-1.632987260818481445e+00
1.496529698371887207e+00
7.189971208572387695e-01
-1.998082995414733887e-01
-5.946346521377563477e-01
-1.602565050125122070e-01
-3.940025568008422852e+00
-1.590014994144439697e-01
1.504894137382507324e+00
5.787156224250793457e-01
-2.451843976974487305e+00
-7.545133829116821289e-01
4.604600071907043457e-01
-9.778476953506469727e-01
2.183519363403320312e+00
-1.857825398445129395e+00
-2.231442183256149292e-01
-7.295020669698715210e-02
-3.828774690628051758e-01
-6.934170722961425781e-01
-4.397598803043365479e-01
-1.282140374183654785e+00
-6.659265756607055664e-01
-1.046774029731750488e+00
-1.477984666824340820e+00
1.828266531229019165e-01
1.859079480171203613e+00
-1.766573823988437653e-02
-1.170139074325561523e+00
1.523629069328308105e+00
-1.189303278923034668e+00
-5.634285807609558105e-01
-4.736187160015106201e-01
-4.218166228383779526e-03
6.267604827880859375e-01
-3.392470534890890121e-03
4.731273651123046875e-02
8.755781650543212891e-01
8.117882609367370605e-01
9.157315492630004883e-01
4.478102028369903564e-01
-8.072671294212341309e-01
2.185676097869873047e+00
1.019649028778076172e+00
-1.987986087799072266e+00
-8.421516418457031250e-02
1.502472519874572754e+00
-1.040562629699707031e+00
6.204243898391723633e-01
5.368722081184387207e-01
1.064872503280639648e+00
-8.033709228038787842e-02
9.164166450500488281e-01
-1.232865810394287109e+00
-8.559076786041259766e-01
4.117474555969238281e-01
2.893689155578613281e+00
-9.727317690849304199e-01
-1.661238074302673340e+00
-1.802273273468017578e+00
-6.985263228416442871e-01
1.647568106651306152e+00
-6.662229299545288086e-01
2.861787319183349609e+00
1.346023559570312500e+00
5.846071243286132812e-02
-2.689441442489624023e+00
-1.340117096900939941e+00
-1.490208864212036133e+00
-3.826576769351959229e-01
-1.055140137672424316e+00
-6.470686197280883789e-01
-9.276260733604431152e-01
-3.991923630237579346e-01
2.007822275161743164e+00
1.493497371673583984e+00
6.375734508037567139e-02
-2.391624003648757935e-01
6.224308535456657410e-02
9.727907776832580566e-01
1.171172738075256348e+00
