-9.636951088905334473e-01
-1.987760424613952637e+00
2.030710577964782715e-01
2.176308780908584595e-01
-1.184307318180799484e-02
-4.326978027820587158e-01
2.964983284473419189e-01
-2.210777997970581055e-02
-1.476293336600065231e-02
1.111750960350036621e+00
1.814614295959472656e+00
2.135928422212600708e-01
8.928359746932983398e-01
6.041918992996215820e-01
9.230963587760925293e-01
1.011270284652709961e+00
-3.778158128261566162e-01
1.082708120346069336e+00
5.253984928131103516e-01
6.219327449798583984e-01
-1.667507290840148926e+00
-2.113246023654937744e-01
1.087493538856506348e+00
2.025573492050170898e+00
-1.435934007167816162e-01
-5.510166287422180176e-01
1.597159206867218018e-01
-9.955642223358154297e-01
4.036090523004531860e-02
2.399137496948242188e+00
-1.200773715972900391e+00
2.315587401390075684e-01
1.070644184947013855e-01
1.019853949546813965e+00
-1.453022241592407227e+00
1.733531475067138672e+00
7.889805436134338379e-01
-1.042861938476562500e+00
-1.079655438661575317e-01
7.444589138031005859e-01
-6.406151056289672852e-01
-6.460071206092834473e-01
1.307662606239318848e+00
5.289173126220703125e-01
2.364641129970550537e-01
7.732736468315124512e-01
-1.822852730751037598e+00
5.973462462425231934e-01
1.008810758590698242e+00
1.418928027153015137e+00
1.981559246778488159e-01
-3.214222788810729980e-01
1.435599327087402344e-01
-2.280328512191772461e+00
-6.609613299369812012e-01
-7.434493899345397949e-01
-8.549240827560424805e-01
-9.844177365303039551e-01
-1.463177800178527832e+00
1.313709735870361328e+00
-1.221974968910217285e+00
1.295913338661193848e+00
-5.841114521026611328e-01
1.599055230617523193e-01
6.387669444084167480e-01
-2.817746102809906006e-01
-1.575273036956787109e+00
1.044428467750549316e+00
-3.673805892467498779e-01
-6.667186617851257324e-01
8.046405315399169922e-01
-4.790281653404235840e-01
1.529337018728256226e-01
1.873290538787841797e+00
1.066420435905456543e+00
-1.891039609909057617e+00
5.710207223892211914e-01
-1.141969680786132812e+00
1.502953529357910156e+00
6.226625442504882812e-01
2.981986284255981445e+00
-4.228083789348602295e-01
-3.030230998992919922e-01
-5.468809604644775391e-01
-6.409119367599487305e-01
-1.179396271705627441e+00
-3.117085397243499756e-01
-4.701567590236663818e-01
8.364827930927276611e-02
1.733981132507324219e+00
1.743933677673339844e+00
2.657668590545654297e-01
-8.591249585151672363e-02
1.016179680824279785e+00
-1.932581901550292969e+00
1.491567492485046387e-01
-8.148587346076965332e-01
-1.195568919181823730e+00
-4.520739614963531494e-01
-3.624182641506195068e-01
2.129933834075927734e+00
9.991436600685119629e-01
-2.292538434267044067e-01
8.768442869186401367e-01
1.081648349761962891e+00
-1.357159018516540527e+00
1.237926125526428223e+00
9.822432696819305420e-02
-6.261160224676132202e-02
-1.394196510314941406e+00
-8.204778432846069336e-01
1.771649837493896484e+00
-5.752606391906738281e-01
-6.317353248596191406e-01
-1.317232728004455566e+00
-3.130227088928222656e+00
7.780804038047790527e-01
-4.944477379322052002e-01
-4.890521764755249023e-01
-9.738875925540924072e-02
-8.176512122154235840e-01
-2.145220756530761719e+00
-3.597187399864196777e-01
-2.263189792633056641e+00
-1.342445254325866699e+00
-1.714194752275943756e-02
-1.673658609390258789e+00
8.163677453994750977e-01
