-6.726599931716918945e-01
-2.087523698806762695e+00
1.015487670898437500e+00
5.389966368675231934e-01
2.274359703063964844e+00
8.192887902259826660e-01
5.530143901705741882e-02
1.263574361801147461e+00
-2.510058879852294922e-02
1.387198925018310547e+00
1.608010381460189819e-01
-1.600964784622192383e+00
1.775392413139343262e+00
3.839750885963439941e-01
5.337368249893188477e-01
9.108221530914306641e-02
-1.431331038475036621e-01
8.827117681503295898e-01
-3.485359847545623779e-01
1.622570276260375977e+00
-6.815081238746643066e-01
-2.021302729845046997e-01
-2.536451816558837891e-01
1.620600581169128418e+00
-1.589303135871887207e+00
-6.192699670791625977e-01
-9.431979656219482422e-01
-1.889231562614440918e+00
-8.683532476425170898e-01
8.336104750633239746e-01
-9.652289003133773804e-02
7.031672596931457520e-01
-4.811307787895202637e-01
-4.487888216972351074e-01
-1.360535383224487305e+00
2.438981294631958008e+00
3.168837130069732666e-01
-2.259831279516220093e-01
-3.515195250511169434e-01
3.743487298488616943e-01
2.703289687633514404e-01
3.876532912254333496e-01
2.030296325683593750e+00
1.460138440132141113e+00
1.773359030485153198e-01
6.652340292930603027e-01
4.402686357498168945e-01
-9.302487969398498535e-01
8.836907148361206055e-01
-1.169865131378173828e+00
5.311314463615417480e-01
-1.349079906940460205e-01
6.271607875823974609e-01
-2.326691001653671265e-01
-2.866044938564300537e-01
-1.077649950981140137e+00
-5.886830091476440430e-01
1.339964628219604492e+00
2.275489807128906250e+00
-4.995585083961486816e-01
-3.712345659732818604e-01
-1.883744835853576660e+00
1.002009153366088867e+00
3.287657499313354492e-01
1.002982407808303833e-01
-1.388876318931579590e+00
-8.134820461273193359e-01
2.522001504898071289e+00
-8.303013443946838379e-01
1.488745659589767456e-01
-1.415546089410781860e-01
-1.180201411247253418e+00
1.135404348373413086e+00
1.286461353302001953e+00
-2.168494164943695068e-01
-2.649548649787902832e-01
1.210644375532865524e-02
-8.380188606679439545e-03
2.065243959426879883e+00
9.894290566444396973e-01
3.977871835231781006e-01
-5.102046132087707520e-01
-4.738492891192436218e-02
6.587683558464050293e-01
-1.268389821052551270e-01
1.333151906728744507e-01
-1.163741469383239746e+00
-4.951661527156829834e-01
-3.811733722686767578e-01
-9.267621673643589020e-03
3.364625215530395508e+00
-1.657011985778808594e+00
-4.517814815044403076e-01
-9.353143572807312012e-01
4.050675034523010254e-01
1.066028594970703125e+00
8.495847582817077637e-01
2.320964932441711426e-01
-2.048901796340942383e+00
1.791078925132751465e+00
-7.908033728599548340e-01
-5.629456043243408203e-01
-4.687455594539642334e-01
-3.594286143779754639e-01
-1.813665270805358887e+00
-9.628969430923461914e-01
1.419664770364761353e-01
-6.014035344123840332e-01
1.703816652297973633e+00
1.035271286964416504e+00
-2.339209556579589844e+00
8.387560248374938965e-01
-1.764028370380401611e-01
-5.968146920204162598e-01
-1.204861879348754883e+00
-1.150315761566162109e+00
5.565506219863891602e-01
-1.095064640045166016e+00
-1.341400980949401855e+00
-1.290806770324707031e+00
-1.092320561408996582e+00
-1.288247585296630859e+00
-5.011929869651794434e-01
-7.497861385345458984e-01
-1.434356570243835449e+00
-7.175990939140319824e-01
-9.775890707969665527e-01
-4.307942688465118408e-01
