1.535887867212295532e-01
2.924193739891052246e-01
5.317588448524475098e-01
3.721459209918975830e-01
-8.262935094535350800e-03
6.258222460746765137e-01
-1.371167153120040894e-01
3.979901317507028580e-03
-1.868572235107421875e+00
-2.620624899864196777e-01
-3.481444418430328369e-01
-8.079778552055358887e-01
-1.120307296514511108e-01
-2.338850349187850952e-01
2.120219230651855469e+00
-1.015682458877563477e+00
-1.640152573585510254e+00
1.272767931222915649e-01
1.511112809181213379e+00
-7.230369746685028076e-02
2.962195634841918945e+00
-3.667204380035400391e-01
1.778626918792724609e+00
2.008090972900390625e+00
1.042538136243820190e-01
-2.296772748231887817e-01
-1.347858756780624390e-01
2.925761789083480835e-02
-1.836365938186645508e+00
4.639695584774017334e-01
-1.481384158134460449e+00
1.063238143920898438e+00
-1.839899420738220215e+00
6.786935329437255859e-01
1.585400342941284180e+00
-1.330680727958679199e+00
1.520863533020019531e+00
-1.792751073837280273e+00
-1.445937871932983398e+00
-1.161059856414794922e+00
1.574817180633544922e+00
1.400431156158447266e+00
1.583518028259277344e+00
1.419803380966186523e+00
-9.961388111114501953e-01
-2.364898920059204102e+00
1.325913667678833008e+00
2.154827713966369629e-01
4.237377941608428955e-01
2.604077100753784180e+00
6.942641139030456543e-01
-2.538801908493041992e+00
-4.686856567859649658e-01
7.110332846641540527e-01
9.506704807281494141e-01
-9.355930089950561523e-01
1.662479281425476074e+00
5.302010178565979004e-01
-2.373888731002807617e+00
2.018523454666137695e+00
1.987459808588027954e-01
7.271624803543090820e-01
1.613741397857666016e+00
-1.300032973289489746e+00
-5.148283839225769043e-01
9.444897994399070740e-03
5.541880056262016296e-02
1.201111555099487305e+00
2.078824192285537720e-01
1.127304673194885254e+00
1.244706869125366211e+00
3.462475240230560303e-01
-2.109770327806472778e-01
1.069158673286437988e+00
2.610234022140502930e-01
-9.108415842056274414e-01
-5.535767078399658203e-01
-5.706068873405456543e-01
9.199273586273193359e-01
-7.548915147781372070e-01
1.485217213630676270e-01
-1.152708649635314941e+00
1.800760477781295776e-01
6.881130933761596680e-01
1.619147658348083496e+00
2.403791099786758423e-01
-1.073648259043693542e-01
-1.217385411262512207e+00
-4.007688164710998535e-01
-9.259378314018249512e-01
4.789606332778930664e-01
-8.325249701738357544e-02
3.722528219223022461e-01
-8.901794254779815674e-02
-3.487741947174072266e-01
-2.241722106933593750e+00
1.109524726867675781e+00
-5.695484876632690430e-01
-5.175391435623168945e-01
-4.516148567199707031e-01
1.802844643592834473e+00
3.509869053959846497e-02
-9.191067218780517578e-01
-3.081833720207214355e-01
9.233941137790679932e-02
-5.825618505477905273e-01
-1.733312487602233887e+00
-2.102146148681640625e+00
-1.442945122718811035e+00
1.779338717460632324e-01
5.552538633346557617e-01
-1.945965409278869629e+00
6.003490686416625977e-01
-2.787715435028076172e+00
3.053129673004150391e+00
-1.550826191902160645e+00
-3.693044781684875488e-01
-1.407938003540039062e+00
1.772738546133041382e-01
-1.099479913711547852e+00
-1.761362910270690918e+00
1.226008772850036621e+00
7.443073391914367676e-01
-2.110556364059448242e+00
-1.018227785825729370e-01
1.316595077514648438e+00
-2.116507291793823242e+00
4.233975708484649658e-01
