1.694491207599639893e-01
-2.369892895221710205e-01
7.399968504905700684e-01
-1.791350245475769043e-01
3.942259773612022400e-02
2.740266025066375732e-01
-8.888055682182312012e-01
5.339910387992858887e-01
-7.493470609188079834e-02
3.986673355102539062e-01
-8.338779211044311523e-01
4.346759915351867676e-01
-1.269898533821105957e+00
-1.002729535102844238e+00
3.877632915973663330e-01
-1.120106816291809082e+00
9.813468158245086670e-02
7.079944014549255371e-01
-1.046338915824890137e+00
-7.783393859863281250e-01
8.341016769409179688e-01
-1.373546719551086426e+00
6.993172168731689453e-01
-9.936039447784423828e-01
-7.932727336883544922e-01
6.319625377655029297e-01
1.452039837837219238e+00
-2.233354091644287109e+00
1.368401646614074707e-01
-5.780254006385803223e-01
1.339277744293212891e+00
3.639411926269531250e+00
-1.683106422424316406e+00
-5.033309459686279297e-01
9.086509346961975098e-01
4.920211434364318848e-02
-5.946860909461975098e-01
-1.666134834289550781e+00
-7.859094142913818359e-01
-1.841945171356201172e+00
1.010637357831001282e-01
6.262699365615844727e-01
1.485681295394897461e+00
-2.742765843868255615e-02
-1.036778211593627930e+00
-5.104805827140808105e-01
1.800682663917541504e+00
1.100918531417846680e+00
-9.496816396713256836e-01
1.170180737972259521e-02
5.437428355216979980e-01
-2.299706697463989258e+00
-3.801196813583374023e-01
-4.186069965362548828e-02
2.865400612354278564e-01
1.195405602455139160e+00
1.282284259796142578e+00
1.446106657385826111e-02
1.972889661788940430e+00
-3.045511543750762939e-01
-7.018475979566574097e-02
1.947736501693725586e+00
1.758725166320800781e+00
1.246978878974914551e+00
-1.321653008460998535e+00
1.305594682693481445e+00
-1.292203307151794434e+00
3.243317902088165283e-01
-1.579573869705200195e+00
-2.193388462066650391e+00
2.784279346466064453e+00
2.495684474706649780e-01
1.250194609165191650e-01
3.404682129621505737e-02
2.505395710468292236e-01
-1.370204806327819824e+00
-3.947579264640808105e-01
-1.415120959281921387e-01
-1.003349542617797852e+00
-2.377138137817382812e+00
-1.023897767066955566e+00
-5.354537963867187500e-01
-1.053031444549560547e+00
9.705785661935806274e-02
4.388198375701904297e+00
8.813458681106567383e-01
-8.079330325126647949e-01
1.500555396080017090e+00
-1.881368041038513184e+00
-7.494240403175354004e-01
3.547973394393920898e+00
-1.463545560836791992e+00
1.012305729091167450e-02
4.956327676773071289e-01
1.837250194512307644e-03
-1.340974867343902588e-01
2.226671218872070312e+00
5.703125596046447754e-01
7.346340417861938477e-01
1.923872716724872589e-02
-2.809042930603027344e-01
1.219519674777984619e-01
-1.327937126159667969e+00
1.147842928767204285e-01
9.268406629562377930e-01
1.363978028297424316e+00
-1.900153398513793945e+00
4.834142327308654785e-01
1.973170995712280273e+00
-2.178204298019409180e+00
2.439087152481079102e+00
-2.048715829849243164e+00
-9.019895792007446289e-01
-2.131505727767944336e+00
-8.951195478439331055e-01
2.035629451274871826e-01
-6.244255304336547852e-01
-2.273197472095489502e-01
-6.822521090507507324e-01
1.708558797836303711e+00
1.261887788772583008e+00
-2.620458006858825684e-01
-6.348565816879272461e-01
-1.691550135612487793e+00
1.885806471109390259e-01
-7.034022808074951172e-01
1.210259944200515747e-01
-1.167000055313110352e+00
