2.596067667007446289e+00
-1.676403999328613281e+00
-7.210938930511474609e-01
4.659996554255485535e-02
-6.452289223670959473e-01
-3.257938027381896973e-01
1.467778444290161133e+00
-2.176957368850708008e+00
-1.191180944442749023e+00
-7.781608104705810547e-01
-5.709420442581176758e-01
-8.584770560264587402e-01
1.389832973480224609e+00
-9.386330842971801758e-01
-2.216319926083087921e-02
9.608669579029083252e-02
-8.573054075241088867e-01
3.926780819892883301e-01
1.820795685052871704e-01
1.398166298866271973e+00
3.276204466819763184e-01
-2.123929113149642944e-01
-1.151951670646667480e+00
7.530147433280944824e-01
5.497775673866271973e-01
-5.439592003822326660e-01
-1.947908252477645874e-01
-1.993612289428710938e+00
-5.336192250251770020e-01
3.194606676697731018e-02
4.350888133049011230e-01
9.076291322708129883e-01
6.473453342914581299e-02
-6.690136790275573730e-01
2.640975713729858398e+00
-6.588903665542602539e-01
1.495269060134887695e+00
3.734882473945617676e-01
-4.996853470802307129e-01
-8.304229378700256348e-02
2.300122261047363281e+00
-2.980066239833831787e-01
1.538752794265747070e+00
-5.965882539749145508e-02
1.438203215599060059e+00
-7.051611542701721191e-01
-6.798676848411560059e-01
1.381466835737228394e-01
-1.573196411132812500e+00
2.002204895019531250e+00
-9.051388502120971680e-01
-9.154233336448669434e-01
1.480267345905303955e-01
1.671006798744201660e+00
1.363855004310607910e+00
-1.541532397270202637e+00
9.689277037978172302e-03
-8.253947645425796509e-02
2.155018329620361328e+00
9.187745451927185059e-01
4.204722046852111816e-01
-1.316922307014465332e-01
7.289689779281616211e-01
5.501011013984680176e-01
1.392084121704101562e+00
-1.442355871200561523e+00
-9.702574610710144043e-01
1.757907271385192871e+00
1.021581664681434631e-01
-5.372687578201293945e-01
-1.545846700668334961e+00
5.696418285369873047e-01
1.588523685932159424e-01
1.536104917526245117e+00
1.540658473968505859e+00
1.825774461030960083e-01
-1.818409442901611328e+00
2.409105062484741211e+00
-1.249898433685302734e+00
-8.774235844612121582e-01
7.616012692451477051e-01
-2.035688161849975586e+00
1.526806473731994629e+00
9.672639966011047363e-01
-6.793443858623504639e-02
1.206344962120056152e-01
-7.771699428558349609e-01
-1.004735827445983887e+00
5.615203380584716797e-01
2.823308706283569336e-01
6.164024472236633301e-01
1.303166270256042480e+00
-1.418453902006149292e-01
2.883886098861694336e-01
1.791841745376586914e+00
-2.352953910827636719e+00
7.785919308662414551e-01
-3.945131897926330566e-01
5.055264234542846680e-01
2.418483257293701172e+00
-1.009144186973571777e+00
2.223536014556884766e+00
-4.982974529266357422e-01
-8.884229063987731934e-01
8.880092948675155640e-02
8.332415223121643066e-01
-1.675416946411132812e+00
-1.739443302154541016e+00
-1.053724527359008789e+00
-3.753488779067993164e+00
-9.104415178298950195e-01
-5.221727490425109863e-01
-3.659994006156921387e-01
1.384228914976119995e-01
2.910321950912475586e+00
-7.473131418228149414e-01
-1.186954826116561890e-01
-1.301661968231201172e+00
-4.941376149654388428e-01
-1.164649844169616699e+00
-4.997015297412872314e-01
-9.850466251373291016e-01
-9.510824084281921387e-01
-2.903281688690185547e+00
-4.146564602851867676e-01
-3.079931437969207764e-01
-1.704159541986882687e-03
3.695387840270996094e-01
