1.596480309963226318e-01
5.490454435348510742e-01
-1.076400160789489746e+00
-3.292571604251861572e-01
3.850231170654296875e-01
1.665700435638427734e+00
2.447076797485351562e+00
1.965905725955963135e-01
-1.204618904739618301e-02
-1.870327830314636230e+00
1.780430436134338379e+00
1.299619793891906738e+00
9.385070204734802246e-01
-1.263561010360717773e+00
-1.221137046813964844e+00
-6.909466981887817383e-01
7.262178063392639160e-01
6.777129173278808594e-01
7.470515966415405273e-01
3.124752044677734375e+00
-9.733591675758361816e-01
-2.143649160861968994e-01
-2.094689607620239258e-01
1.205156803131103516e+00
-1.447600603103637695e+00
2.281984090805053711e+00
1.153415560722351074e+00
1.337427973747253418e+00
2.874806880950927734e+00
-5.491114780306816101e-02
-5.181334614753723145e-01
6.330702304840087891e-01
-1.029436111450195312e+00
-5.260394215583801270e-01
-5.569213628768920898e-02
7.114249467849731445e-01
7.237126231193542480e-01
-1.967208683490753174e-01
-7.411277890205383301e-01
-2.424406051635742188e+00
-4.984878897666931152e-01
-1.242245674133300781e+00
1.072999954223632812e+00
2.133916169404983521e-01
-1.195737838745117188e+00
3.475707292556762695e+00
-1.370643615722656250e+00
6.218188405036926270e-01
7.523718476295471191e-02
-3.529593944549560547e-01
1.183673620223999023e+00
5.120503902435302734e-01
1.010503768920898438e+00
-1.426614999771118164e+00
8.740954995155334473e-01
5.970773696899414062e-01
1.697688221931457520e+00
-2.136564254760742188e+00
-1.501657724380493164e+00
5.850270390510559082e-02
-1.244019150733947754e+00
4.501556456089019775e-01
-1.562019467353820801e+00
7.377570867538452148e-01
-4.924686253070831299e-01
1.003090366721153259e-01
4.734097719192504883e-01
2.221382141113281250e+00
-9.844061732292175293e-01
5.580642223358154297e-01
3.147259652614593506e-01
-2.475214719772338867e+00
1.188096165657043457e+00
1.387501239776611328e+00
2.043562412261962891e+00
-1.478200197219848633e+00
3.775896430015563965e-01
3.891092538833618164e-01
8.114551901817321777e-01
-1.281704157590866089e-01
-1.399119019508361816e+00
-4.662455916404724121e-01
-9.129322320222854614e-02
-8.619291782379150391e-01
2.181108713150024414e+00
2.122249841690063477e+00
-1.440429806709289551e+00
-2.290733575820922852e+00
-2.619739770889282227e-01
5.086437463760375977e-01
-1.047594189643859863e+00
-2.570738077163696289e+00
-5.819324851036071777e-01
7.165698409080505371e-01
-1.649004459381103516e+00
-4.937713220715522766e-02
4.495383799076080322e-02
8.213078975677490234e-01
1.801343202590942383e+00
-3.479099869728088379e-01
-1.022963762283325195e+00
2.272667139768600464e-01
-1.620700478553771973e+00
1.182539224624633789e+00
-1.194698333740234375e+00
-4.882633686065673828e-01
-6.147589683532714844e-01
-5.044680833816528320e-01
9.357481598854064941e-01
-1.440463185310363770e+00
-2.394923865795135498e-01
1.811460554599761963e-01
-1.267707467079162598e+00
-4.162389636039733887e-01
-1.314239859580993652e+00
-1.552746653556823730e+00
6.597068309783935547e-01
1.667503416538238525e-01
-1.129223823547363281e+00
-1.571174144744873047e+00
-1.613710761070251465e+00
-4.508180022239685059e-01
1.876159548759460449e+00
-1.686133980751037598e+00
-5.927696824073791504e-01
-1.143332481384277344e+00
7.054312229156494141e-01
1.310143023729324341e-01
