6.300467848777770996e-01
-1.008910655975341797e+00
-6.398352384567260742e-01
1.147442907094955444e-01
1.252480983734130859e+00
1.041877508163452148e+00
-1.824885010719299316e+00
-1.304231584072113037e-01
9.099035710096359253e-02
-9.264310002326965332e-01
-1.404985666275024414e+00
-4.075698088854551315e-04
5.366558432579040527e-01
-2.100236177444458008e+00
5.126326084136962891e-01
-1.065201401710510254e+00
1.317553639411926270e+00
4.139901399612426758e-01
2.416329145431518555e+00
-8.096405863761901855e-01
6.938497424125671387e-01
-2.267008304595947266e+00
1.463848829269409180e+00
2.124249376356601715e-02
-2.287578821182250977e+00
-4.179613292217254639e-01
1.618432402610778809e+00
-1.495107531547546387e+00
1.540409624576568604e-01
-3.967558965086936951e-02
5.859177708625793457e-01
-2.333584785461425781e+00
-9.359699487686157227e-01
-1.527445316314697266e+00
1.018171548843383789e+00
1.472106575965881348e+00
-9.188400506973266602e-01
9.119091629981994629e-01
-1.438909955322742462e-02
-1.116654872894287109e+00
8.918997645378112793e-01
-1.751241534948348999e-01
1.940272808074951172e+00
1.644745916128158569e-01
-1.656274080276489258e+00
1.928063750267028809e+00
-9.810476303100585938e-01
-8.374561071395874023e-01
2.257878065109252930e+00
-7.630832195281982422e-01
1.189821600914001465e+00
5.750427246093750000e-01
-1.848797678947448730e+00
8.626886606216430664e-01
1.281711459159851074e+00
3.152109622955322266e+00
-5.334048867225646973e-01
-8.379512429237365723e-01
1.812739670276641846e-01
-4.162413179874420166e-01
-1.305135846138000488e+00
-7.945349812507629395e-01
2.264107018709182739e-01
1.508322596549987793e+00
-5.860013961791992188e-01
-8.220107555389404297e-01
2.383294701576232910e-01
-1.542021036148071289e-01
-2.722974538803100586e+00
-2.875891625881195068e-01
1.770747184753417969e+00
2.550163984298706055e+00
-8.874254822731018066e-01
6.911745667457580566e-01
-2.370862245559692383e+00
-4.273192882537841797e-01
-1.793809652328491211e+00
-1.753884404897689819e-01
2.202941179275512695e-01
-3.553710579872131348e-01
-3.810296952724456787e-02
1.393555402755737305e+00
8.175799250602722168e-01
-1.696808457374572754e+00
3.706576824188232422e+00
5.694463849067687988e-01
-2.569841146469116211e+00
7.163330167531967163e-02
-3.472675383090972900e-01
-4.203272759914398193e-01
9.931679069995880127e-02
-3.445132672786712646e-01
-1.219424724578857422e+00
-2.745943307876586914e+00
1.047869563102722168e+00
-4.435267746448516846e-01
-1.379131376743316650e-01
-1.942658238112926483e-02
4.475754797458648682e-01
8.615090847015380859e-01
8.248378038406372070e-01
3.278463780879974365e-01
-1.611285090446472168e+00
7.798945903778076172e-01
1.928984642028808594e+00
-3.111044168472290039e-01
-9.365899562835693359e-01
3.033036887645721436e-01
6.649018526077270508e-01
-1.201608657836914062e+00
7.820633649826049805e-01
-3.009603321552276611e-01
5.377905964851379395e-01
-5.526443123817443848e-01
1.580643892288208008e+00
-1.707293272018432617e+00
-2.266249656677246094e+00
-7.881242632865905762e-01
-9.771038293838500977e-01
1.370526671409606934e+00
4.685606062412261963e-01
-3.157625496387481689e-01
2.296529293060302734e+00
-3.930408060550689697e-01
2.345460802316665649e-01
2.930213809013366699e-01
1.007386207580566406e+00
9.172437191009521484e-01
