3.502908945083618164e-01
-1.907867752015590668e-02
-1.125338912010192871e+00
1.469117403030395508e-01
1.552851080894470215e+00
1.314684867858886719e+00
-3.277118206024169922e-01
-6.715555787086486816e-01
-5.392034649848937988e-01
3.233529090881347656e+00
-3.710310161113739014e-01
2.639144182205200195e+00
-1.076431199908256531e-01
2.255654893815517426e-02
1.179842829704284668e+00
-1.351586222648620605e+00
1.632034778594970703e+00
3.393697738647460938e-01
-9.629529118537902832e-01
-6.169024705886840820e-01
1.220824837684631348e+00
-1.381438225507736206e-01
-1.733800917863845825e-01
-4.599679410457611084e-01
-1.829692125320434570e+00
-3.711753189563751221e-01
-8.076193332672119141e-01
-2.935606718063354492e+00
-1.313259959220886230e+00
-3.120951354503631592e-01
2.607432603836059570e-01
1.181521713733673096e-01
5.253313183784484863e-01
-1.648736119270324707e+00
1.980972886085510254e+00
2.646761894226074219e+00
1.683952927589416504e+00
1.052960157394409180e+00
-4.545840024948120117e-01
6.735489964485168457e-01
7.273369431495666504e-01
-1.365987300872802734e+00
-1.046136096119880676e-01
8.565743565559387207e-01
-1.291117370128631592e-01
-1.768053770065307617e+00
-8.612551093101501465e-01
-9.626622200012207031e-01
8.144915103912353516e-02
1.001465544104576111e-01
-4.514370262622833252e-01
8.073140978813171387e-01
6.440470218658447266e-01
-9.649467654526233673e-03
-8.644016385078430176e-01
7.474070787429809570e-01
-1.370052576065063477e+00
1.117674827575683594e+00
1.031688332557678223e+00
6.472400575876235962e-02
-1.268183946609497070e+00
7.801638245582580566e-01
5.996631979942321777e-01
8.973965644836425781e-01
-1.940972805023193359e+00
-9.045102000236511230e-01
-2.641479969024658203e-01
-5.374455451965332031e-01
1.229191541671752930e+00
1.746200442314147949e+00
1.669431924819946289e+00
-9.916520118713378906e-02
-1.999367475509643555e-01
5.446059107780456543e-01
-1.003310203552246094e+00
-1.013952970504760742e+00
-9.079612493515014648e-01
2.312825679779052734e+00
2.199941396713256836e+00
-2.295229196548461914e+00
-1.089068412780761719e+00
-1.108238577842712402e+00
1.511230587959289551e+00
-4.478487372398376465e-01
2.566250562667846680e+00
1.940182924270629883e+00
-2.360539197921752930e+00
-1.385759264230728149e-01
2.403299659490585327e-01
1.120816111564636230e+00
3.091501593589782715e-01
-1.473778128623962402e+00
-1.177911639213562012e+00
6.719133257865905762e-01
-3.486708924174308777e-02
2.605834305286407471e-01
1.939564466476440430e+00
8.647326827049255371e-01
-2.483352899551391602e+00
-7.885080575942993164e-01
5.426145195960998535e-01
5.508866906166076660e-01
-3.965043127536773682e-01
1.974546432495117188e+00
-2.273926138877868652e-01
-6.472188830375671387e-01
-1.970462441444396973e+00
-1.303944587707519531e+00
-2.728958725929260254e-01
-2.477147340774536133e+00
-9.698010683059692383e-01
1.547588467597961426e+00
-2.069022893905639648e+00
7.893959879875183105e-01
-9.829154014587402344e-01
-6.456793546676635742e-01
3.320614807307720184e-03
1.048735901713371277e-01
-1.298754692077636719e+00
9.952217936515808105e-01
2.860444486141204834e-01
-6.860244870185852051e-01
1.015422940254211426e+00
1.750992059707641602e+00
-6.977174878120422363e-01
-7.599087953567504883e-01
1.078249812126159668e+00
-2.035433530807495117e+00
