-7.901427149772644043e-02
1.750163137912750244e-01
1.304009556770324707e+00
5.313839912414550781e-01
1.153472304344177246e+00
1.882006376981735229e-01
1.466176986694335938e+00
-1.800277382135391235e-01
-1.588211774826049805e+00
-1.507724046707153320e+00
1.707238197326660156e+00
2.037400960922241211e+00
8.016030192375183105e-01
-6.434948444366455078e-01
4.866855964064598083e-02
-2.697612941265106201e-01
-1.437586426734924316e+00
4.377662837505340576e-01
-2.271794557571411133e+00
-2.029956579208374023e+00
-7.583395242691040039e-01
-1.457671046257019043e+00
1.870074629783630371e+00
1.669535517692565918e+00
-9.800072312355041504e-01
7.047193050384521484e-01
4.831750988960266113e-01
-1.153913974761962891e+00
-1.002291202545166016e+00
1.453703921288251877e-02
-2.227759599685668945e+00
1.895325064659118652e+00
1.594581305980682373e-01
7.099045515060424805e-01
-9.332495927810668945e-01
1.070065855979919434e+00
2.312697410583496094e+00
-3.800235688686370850e-01
-9.481248855590820312e-01
-7.814192771911621094e-02
1.145712971687316895e+00
-1.688441753387451172e+00
1.734223604202270508e+00
1.371616005897521973e+00
-7.099037766456604004e-01
-4.449356496334075928e-01
-1.188289523124694824e+00
-9.963521361351013184e-01
3.519455194473266602e-01
2.799031734466552734e-01
2.642721533775329590e-01
-2.891283512115478516e+00
7.927561998367309570e-01
6.296215653419494629e-01
-5.439007878303527832e-01
-1.996361374855041504e+00
-1.233620882034301758e+00
1.854173183441162109e+00
1.258721470832824707e+00
8.882526755332946777e-01
-1.111457109451293945e+00
2.125119417905807495e-01
2.022123336791992188e+00
-1.344324201345443726e-01
9.231968522071838379e-01
-2.000568151473999023e+00
-7.418479919433593750e-01
6.372244954109191895e-01
2.257600128650665283e-01
-1.007761001586914062e+00
5.866205692291259766e-01
-4.767343401908874512e-01
7.230411767959594727e-01
3.561898171901702881e-01
-5.452571511268615723e-01
-1.893581748008728027e+00
-6.159977316856384277e-01
7.908076643943786621e-01
1.013071537017822266e+00
-9.860864877700805664e-01
7.835363745689392090e-01
3.697408735752105713e-01
1.212216913700103760e-02
4.167582392692565918e-01
1.231487035751342773e+00
4.336222261190414429e-02
-1.019150853157043457e+00
8.884428739547729492e-01
1.790680736303329468e-01
9.170437455177307129e-01
1.872686028480529785e+00
-1.050472617149353027e+00
1.375097036361694336e+00
-1.061941087245941162e-01
1.352963447570800781e+00
4.175252318382263184e-01
-3.344734907150268555e-01
1.606135964393615723e+00
-7.499330639839172363e-01
8.241243362426757812e-01
-2.041517972946166992e+00
1.023567438125610352e+00
-1.478926658630371094e+00
-3.921155929565429688e-01
-3.703442215919494629e-01
4.949325621128082275e-01
9.078722000122070312e-01
3.345127105712890625e-01
1.573253273963928223e-01
-6.398876309394836426e-01
-3.770689249038696289e+00
-1.083958148956298828e+00
5.936497822403907776e-02
-7.049756050109863281e-01
2.169703245162963867e+00
2.255345135927200317e-01
2.874227762222290039e-01
-1.251253247261047363e+00
-9.845051765441894531e-01
-1.860178947448730469e+00
1.279238343238830566e+00
4.149662554264068604e-01
1.690143227577209473e+00
-6.309838891029357910e-01
-3.830993175506591797e-01
-1.870254874229431152e+00
-7.583163380622863770e-01
-1.153411388397216797e+00
