-1.575530171394348145e+00
5.199586749076843262e-01
-1.910907864570617676e+00
3.750448524951934814e-01
-2.272514343261718750e+00
4.573594033718109131e-01
-9.246766567230224609e-01
-7.171725034713745117e-01
6.389502882957458496e-01
-2.855866432189941406e+00
1.557397693395614624e-01
-1.141406416893005371e+00
1.133859872817993164e+00
-1.400200605392456055e+00
-6.761928796768188477e-01
1.005105376243591309e+00
-2.262323051691055298e-01
1.465347766876220703e+00
1.358744025230407715e+00
1.313793540000915527e+00
-2.450342893600463867e+00
4.610960781574249268e-01
-2.353625893592834473e-01
-9.067590236663818359e-01
-1.066591143608093262e+00
3.029997825622558594e+00
1.610780715942382812e+00
-2.117966413497924805e+00
-1.810385286808013916e-01
-5.385417342185974121e-01
-1.419786334037780762e+00
-3.738321363925933838e-01
-8.123980760574340820e-01
-2.232838571071624756e-01
4.945956766605377197e-01
1.527910828590393066e+00
-1.108238622546195984e-01
1.328585267066955566e+00
-1.525750160217285156e+00
-1.140209510922431946e-01
1.482468605041503906e+00
-3.733649551868438721e-01
1.062037587165832520e+00
2.212711095809936523e+00
-4.889600723981857300e-02
9.466776251792907715e-01
-3.683741986751556396e-01
1.363185286521911621e+00
1.024587988853454590e+00
1.243288040161132812e+00
-1.326052546501159668e+00
-5.757470726966857910e-01
-1.616162180900573730e+00
-6.211425065994262695e-01
8.100657463073730469e-01
1.456777095794677734e+00
1.379447579383850098e+00
-2.431181520223617554e-01
-1.560084819793701172e+00
-9.142647385597229004e-01
8.175606280565261841e-02
-3.746964633464813232e-01
-1.955912947654724121e+00
1.015596866607666016e+00
-1.619794592261314392e-02
-6.412520408630371094e-01
-4.222684204578399658e-01
2.270241975784301758e+00
4.991045892238616943e-01
-4.357117414474487305e-01
-2.486543208360671997e-01
-1.326440930366516113e+00
2.987060785293579102e+00
1.114093303680419922e+00
-1.435259103775024414e+00
-6.229783296585083008e-01
-1.037823438644409180e+00
-1.128523945808410645e+00
-3.843841329216957092e-02
-6.673412919044494629e-01
1.291659474372863770e-01
-1.968560963869094849e-01
2.726687192916870117e+00
-3.193863332271575928e-01
-9.755026102066040039e-01
-3.682865500450134277e-01
-9.944410324096679688e-01
-1.158259034156799316e+00
-1.758471369743347168e+00
1.165905475616455078e+00
1.776228249073028564e-01
-1.304980635643005371e+00
2.289499193429946899e-01
1.504377007484436035e+00
1.457426071166992188e+00
1.808179736137390137e+00
5.021698474884033203e-01
-4.436418414115905762e-01
2.211493253707885742e+00
1.712240219116210938e+00
9.164527058601379395e-01
-1.415028691291809082e+00
7.130736112594604492e-01
1.426236271858215332e+00
2.973898172378540039e+00
-1.773446917533874512e+00
-1.946002244949340820e+00
-1.537656903266906738e+00
-7.013503909111022949e-01
-1.199610456824302673e-01
1.051234245300292969e+00
1.112408638000488281e+00
1.124110817909240723e+00
4.709694981575012207e-01
-1.055161133408546448e-01
-3.676354587078094482e-01
3.559381961822509766e-01
9.981990456581115723e-01
7.391617894172668457e-01
2.226871728897094727e+00
-2.016211509704589844e+00
8.847153186798095703e-01
-2.597635269165039062e+00
-1.859113574028015137e+00
-2.811838984489440918e-01
-1.095230579376220703e+00
-1.266264915466308594e-01
-9.586743116378784180e-01
