-7.353212237358093262e-01
-5.781033635139465332e-01
4.388636946678161621e-01
-2.408703416585922241e-01
3.411946296691894531e-01
-4.311142265796661377e-01
-3.733010590076446533e-01
8.345003128051757812e-01
6.764260530471801758e-01
3.086068900302052498e-03
-1.436276584863662720e-01
-2.035669326782226562e+00
-2.268460273742675781e+00
-1.491694092750549316e+00
9.696612358093261719e-01
-7.320241332054138184e-01
-9.275901913642883301e-01
7.749850749969482422e-01
1.094762206077575684e+00
-2.658189237117767334e-01
1.539804697036743164e+00
-8.404352664947509766e-01
-1.545441985130310059e+00
3.042095899581909180e-01
-7.964165210723876953e-01
-1.308992862701416016e+00
1.472708225250244141e+00
-2.572130560874938965e-01
2.072943150997161865e-01
-9.267402887344360352e-01
4.486081004142761230e-01
1.606157660484313965e+00
-2.134099006652832031e+00
4.425396323204040527e-01
3.085678815841674805e+00
2.468120008707046509e-01
-2.659053355455398560e-02
-1.295475006103515625e+00
4.437841475009918213e-01
-1.048542380332946777e+00
-1.535159051418304443e-01
3.015456199645996094e-01
2.177924633026123047e+00
-3.197572529315948486e-01
1.393261551856994629e+00
-9.813639521598815918e-01
-1.792644411325454712e-01
2.346689224243164062e+00
-9.736659526824951172e-01
1.698721051216125488e+00
2.344906568527221680e+00
-8.253849744796752930e-01
4.384354650974273682e-01
-3.130179941654205322e-01
1.152127385139465332e+00
-5.257292985916137695e-01
1.352808356285095215e+00
-8.384655416011810303e-02
2.886566638946533203e+00
1.273090004920959473e+00
-9.999598264694213867e-01
3.263311684131622314e-01
1.414267182350158691e+00
-2.542410232126712799e-02
2.692677676677703857e-01
2.680877149105072021e-01
6.168767809867858887e-01
9.142027497291564941e-01
-1.642642617225646973e+00
-1.743535846471786499e-01
6.770415306091308594e-01
7.622241377830505371e-01
-4.606481194496154785e-01
-7.637455463409423828e-01
-1.656006097793579102e+00
-1.079229474067687988e+00
-1.409606814384460449e+00
4.508228003978729248e-01
-1.652446269989013672e+00
-2.541656017303466797e+00
-8.041644692420959473e-01
5.461826324462890625e-01
1.039739474654197693e-01
-6.164339184761047363e-01
3.554008722305297852e+00
-6.308476924896240234e-01
2.888312935829162598e-01
2.010938882827758789e+00
1.048972681164741516e-01
-1.800792098045349121e+00
6.255729198455810547e-01
-2.230317831039428711e+00
4.932081997394561768e-01
-3.203998506069183350e-01
4.581949710845947266e-01
-5.816237926483154297e-01
1.635792493820190430e+00
-3.131960928440093994e-01
7.911995053291320801e-01
5.794885754585266113e-01
3.248280584812164307e-01
3.529072046279907227e+00
-1.004790067672729492e+00
3.915379345417022705e-01
6.746256351470947266e-01
9.505499005317687988e-01
-3.066906929016113281e+00
4.079318344593048096e-01
1.524126291275024414e+00
-7.870380878448486328e-01
1.717475771903991699e+00
-2.134084224700927734e+00
-8.200183510780334473e-01
-2.171715259552001953e+00
-9.685934782028198242e-01
-1.199159264564514160e+00
-1.146912217140197754e+00
7.208679914474487305e-01
9.017808735370635986e-02
5.006499290466308594e-01
-5.611590743064880371e-01
-1.496179580688476562e+00
-2.417920827865600586e-01
-1.615921616554260254e+00
-1.816202551126480103e-01
-9.858109802007675171e-02
6.107499822974205017e-02
-1.246338844299316406e+00
