1.551011562347412109e+00
-1.485117822885513306e-01
1.108490109443664551e+00
-8.440904319286346436e-02
-6.863839626312255859e-01
-1.131232619285583496e+00
5.005679093301296234e-03
-6.936942338943481445e-01
-9.683334231376647949e-01
-9.602420330047607422e-01
-5.897595882415771484e-01
-2.944153070449829102e+00
3.645859658718109131e-01
-1.886817574501037598e+00
-8.919458389282226562e-01
1.675752758979797363e+00
-1.544919490814208984e+00
1.421373989433050156e-02
1.160287976264953613e+00
5.678869485855102539e-01
5.963193178176879883e-01
-7.177879214286804199e-01
-1.220208168029785156e+00
-2.694265246391296387e-01
-7.702584266662597656e-01
7.287732362747192383e-01
-3.753392100334167480e-01
-4.002995789051055908e-02
2.544263899326324463e-01
-9.479540586471557617e-02
-2.342661917209625244e-01
-6.864222884178161621e-01
-8.517415523529052734e-01
9.762825369834899902e-01
3.779440224170684814e-01
2.732571125030517578e+00
-1.246153950691223145e+00
-9.799119234085083008e-01
4.020626544952392578e-01
5.129993557929992676e-01
1.057792663574218750e+00
-1.664937973022460938e+00
8.959861397743225098e-01
9.849628061056137085e-02
-2.237020492553710938e+00
-2.496386051177978516e+00
-3.381585776805877686e-01
1.050595402717590332e+00
-1.577366471290588379e+00
1.858453035354614258e+00
-1.616750717163085938e+00
1.514311194419860840e+00
7.731841206550598145e-01
1.050961613655090332e+00
8.866297602653503418e-01
6.066114902496337891e-01
7.336822748184204102e-01
8.178650587797164917e-02
1.753141731023788452e-01
3.226675510406494141e+00
2.120299577713012695e+00
1.238343596458435059e+00
1.261822938919067383e+00
2.716785192489624023e+00
-1.049377918243408203e+00
-1.038327217102050781e+00
6.044309586286544800e-03
1.516560196876525879e+00
1.267714262008666992e+00
1.319637149572372437e-01
-2.456782311201095581e-01
-8.689379096031188965e-01
-2.131591320037841797e+00
1.450373530387878418e+00
1.258718490600585938e+00
-2.037984371185302734e+00
-6.666620373725891113e-01
1.734486699104309082e+00
-2.642444372177124023e-01
-3.178725540637969971e-01
2.062736511230468750e+00
6.073048114776611328e-01
2.428264766931533813e-01
4.812515340745449066e-03
2.646035909652709961e+00
-1.407284140586853027e+00
6.645238995552062988e-01
2.329489290714263916e-01
-1.544655680656433105e+00
-5.416669249534606934e-01
-6.024786829948425293e-01
5.372069478034973145e-01
-9.649726152420043945e-01
1.454044431447982788e-01
9.990113377571105957e-01
5.082462430000305176e-01
-1.791140437126159668e-01
3.564988672733306885e-01
4.363164603710174561e-01
-1.069837927818298340e+00
8.017728328704833984e-01
3.944999575614929199e-01
-2.029487609863281250e+00
2.543563365936279297e+00
1.815926581621170044e-01
1.235440373420715332e+00
-4.167974460870027542e-03
-1.729568600654602051e+00
-1.081746459007263184e+00
-1.021695613861083984e+00
1.118473649024963379e+00
1.919764995574951172e+00
-1.599406480789184570e+00
3.739856481552124023e-01
1.820687532424926758e+00
-1.154188156127929688e+00
8.971074819564819336e-01
-9.739254713058471680e-01
-1.433646321296691895e+00
-1.739008903503417969e+00
-1.676637649536132812e+00
6.855452060699462891e-01
-4.191446006298065186e-01
-9.935066699981689453e-01
-4.703300595283508301e-01
-1.775233745574951172e+00
-2.540260791778564453e+00
-3.980135321617126465e-01
