-1.422569632530212402e+00
1.999983638525009155e-01
2.545442879199981689e-01
8.823143243789672852e-01
-1.191062688827514648e+00
-1.719853281974792480e+00
-2.464215993881225586e+00
8.209521174430847168e-01
-1.362592726945877075e-01
-1.814198017120361328e+00
1.041516900062561035e+00
-7.268727421760559082e-01
1.442018866539001465e+00
8.183901309967041016e-01
5.282666683197021484e-01
-1.601124763488769531e+00
7.957282066345214844e-01
6.860520243644714355e-01
4.483687877655029297e-01
1.755200386047363281e+00
-2.224473059177398682e-01
-3.623298704624176025e-01
-1.331891655921936035e+00
-2.640940845012664795e-01
-7.513188719749450684e-01
-5.479412078857421875e-01
9.173238277435302734e-01
-7.098138332366943359e-01
1.386255979537963867e+00
3.590950965881347656e-01
-2.549257576465606689e-01
1.023221254348754883e+00
-1.913847327232360840e+00
1.001553297042846680e+00
-3.386538624763488770e-01
2.258681058883666992e+00
7.972791790962219238e-01
1.430157661437988281e+00
-7.067404985427856445e-01
-9.049311876296997070e-01
-3.576973676681518555e-01
1.476479530334472656e+00
1.251285195350646973e+00
1.832734465599060059e+00
1.416862607002258301e+00
4.056148231029510498e-02
5.853009819984436035e-01
-1.822268366813659668e-01
1.405132651329040527e+00
3.063471078872680664e+00
-5.459663271903991699e-01
-8.498949408531188965e-01
2.934190928936004639e-01
-6.210957765579223633e-01
-1.106564760208129883e+00
-8.672860264778137207e-01
-2.265412807464599609e+00
-9.325224906206130981e-02
1.204454183578491211e+00
7.365218400955200195e-01
-2.237100839614868164e+00
3.015283107757568359e+00
-3.593856394290924072e-01
-1.384151816368103027e+00
-1.015052199363708496e+00
-3.892014324665069580e-01
6.728338599205017090e-01
-5.327686071395874023e-01
-8.498340249061584473e-01
2.075640410184860229e-01
1.684089899063110352e+00
-6.426220536231994629e-01
1.857607722282409668e+00
6.742411851882934570e-01
8.738266825675964355e-01
-2.179351568222045898e+00
-1.166900277137756348e+00
2.047076374292373657e-01
2.634571790695190430e-01
-9.957068413496017456e-02
7.967941761016845703e-01
-1.090620994567871094e+00
1.161095499992370605e+00
4.375861585140228271e-01
-1.099055290222167969e+00
1.651660203933715820e+00
-7.643119692802429199e-01
-1.941474318504333496e+00
-1.308227777481079102e+00
1.088496923446655273e+00
-1.189685344696044922e+00
9.190896749496459961e-01
-1.294451475143432617e+00
1.636597394943237305e+00
-4.034956395626068115e-01
1.051077365875244141e+00
8.801079392433166504e-01
-1.987675666809082031e+00
-2.498416900634765625e-01
2.800476074218750000e+00
5.514336228370666504e-01
-7.048680782318115234e-01
-6.015352010726928711e-01
-8.599308729171752930e-01
1.260024785995483398e+00
-2.335230410099029541e-01
4.316006600856781006e-01
-5.505027770996093750e-01
-8.382945656776428223e-01
-2.950790226459503174e-01
1.596987128257751465e+00
4.399630427360534668e-01
1.443575143814086914e+00
2.015040636062622070e+00
-2.413646221160888672e+00
-4.000686109066009521e-01
9.356446564197540283e-02
-3.221360921859741211e+00
2.222044944763183594e+00
-7.336887121200561523e-01
-1.760310977697372437e-01
-1.322303295135498047e+00
-8.305669426918029785e-01
-1.621803045272827148e+00
-2.215042710304260254e-01
-2.075888633728027344e+00
-5.921661853790283203e-01
-1.594486832618713379e+00
