1.067267179489135742e+00
2.173551768064498901e-01
5.807389691472053528e-02
4.099880456924438477e-01
1.234594106674194336e+00
8.528755903244018555e-01
7.286244630813598633e-01
1.360903024673461914e+00
-6.261238455772399902e-01
-1.620736002922058105e+00
1.091981172561645508e+00
-3.188231468200683594e+00
-1.360311210155487061e-01
-4.281295239925384521e-01
1.461856245994567871e+00
-6.022051349282264709e-02
-8.115102052688598633e-01
1.573991298675537109e+00
-2.732486248016357422e+00
3.460417985916137695e-01
3.385878801345825195e-01
-7.668894529342651367e-01
-7.707191109657287598e-01
1.354757100343704224e-01
7.692309617996215820e-01
1.919754147529602051e+00
2.238506078720092773e+00
-2.109486311674118042e-01
-3.498592600226402283e-02
-1.160578727722167969e+00
-1.229197144508361816e+00
-3.831092119216918945e-01
-2.164794206619262695e+00
-1.307438254356384277e+00
-8.297485858201980591e-02
1.419949412345886230e+00
-1.190514266490936279e-01
-7.580240964889526367e-01
-5.685763433575630188e-02
-2.422215491533279419e-01
1.472784519195556641e+00
-1.227079153060913086e+00
1.000850081443786621e+00
2.263376235961914062e+00
4.043081402778625488e-02
1.265370845794677734e+00
2.130424499511718750e+00
4.463404178619384766e+00
-2.678732872009277344e-01
-9.597096592187881470e-02
4.183517694473266602e-01
-5.333014130592346191e-01
7.005921602249145508e-01
6.836479306221008301e-01
3.194985091686248779e-01
-6.740670651197433472e-02
1.213540554046630859e+00
-4.179373756051063538e-02
1.154165789484977722e-01
9.853675961494445801e-01
-1.451967358589172363e-01
-7.415386438369750977e-01
2.729171514511108398e+00
1.528515070676803589e-01
-1.269298046827316284e-01
-1.085544228553771973e+00
1.178591370582580566e+00
3.356400132179260254e-02
-5.481858849525451660e-01
3.668544590473175049e-01
6.130548715591430664e-01
-1.535320281982421875e-01
9.325259923934936523e-01
2.185418009757995605e-01
9.888220429420471191e-01
-3.206832170486450195e+00
-8.814718723297119141e-01
-2.382175207138061523e+00
-1.698062196373939514e-02
-1.143800020217895508e+00
1.273223280906677246e+00
3.932333588600158691e-01
3.022576272487640381e-01
-4.295185804367065430e-01
6.133775711059570312e-01
-1.150727510452270508e+00
-1.752748727798461914e+00
-2.803759098052978516e+00
-1.100727319717407227e+00
2.129427790641784668e-01
-8.766705393791198730e-01
-2.511637449264526367e+00
-1.052074670791625977e+00
1.303827166557312012e-01
2.262128114700317383e+00
-5.056341290473937988e-01
-1.192535459995269775e-01
-4.420982897281646729e-01
-1.505953788757324219e+00
1.376318335533142090e+00
-1.794875860214233398e+00
-6.416221857070922852e-01
-6.086172461509704590e-01
1.480553150177001953e+00
4.119788646697998047e+00
-6.372609734535217285e-01
1.222697615623474121e+00
-3.595548272132873535e-01
6.826896667480468750e-01
-2.360879898071289062e+00
-2.430382072925567627e-01
7.483987808227539062e-01
-2.254875421524047852e+00
-1.358997821807861328e+00
-2.409016340970993042e-01
-1.657814502716064453e+00
1.244477391242980957e+00
7.056238651275634766e-01
-1.820981502532958984e+00
6.583014130592346191e-01
4.181710779666900635e-01
-1.667984485626220703e+00
-1.211937546730041504e+00
1.212349236011505127e-01
-3.406323790550231934e-01
-2.620141506195068359e-01
6.890024542808532715e-01
1.402040004730224609e+00
