2.936779856681823730e-01
-1.005706787109375000e+00
6.516774743795394897e-02
5.275372862815856934e-01
7.356767654418945312e-01
7.899809479713439941e-01
7.296610474586486816e-01
-9.927777051925659180e-01
-7.076013684272766113e-01
-1.587442606687545776e-01
-6.782405376434326172e-01
-3.268607556819915771e-01
-3.096914887428283691e-01
-1.478796482086181641e+00
-1.459209918975830078e+00
-9.661091864109039307e-02
1.447715282440185547e+00
1.022972986102104187e-01
-2.404855966567993164e+00
8.167892098426818848e-01
2.594235420227050781e+00
-1.893903493881225586e+00
2.160954952239990234e+00
3.475726246833801270e-01
-2.204890012741088867e+00
-1.652863740921020508e+00
1.247117996215820312e+00
3.638277649879455566e-01
3.739927411079406738e-01
-5.944793820381164551e-01
3.572060167789459229e-01
-5.314481854438781738e-01
-7.857752442359924316e-01
-1.218281865119934082e+00
1.940526843070983887e+00
-3.404478132724761963e-01
6.844677329063415527e-01
-1.129646658897399902e+00
-1.142329335212707520e+00
-8.315840959548950195e-01
2.117373704910278320e+00
-2.409767627716064453e+00
1.614210009574890137e+00
-2.873165905475616455e-01
1.254555225372314453e+00
-2.601692199707031250e+00
9.969388693571090698e-02
1.825435280799865723e+00
-2.470811456441879272e-01
1.597897887229919434e+00
8.908871412277221680e-01
-2.571059763431549072e-01
-8.791296184062957764e-02
-9.498785138130187988e-01
1.133501172065734863e+00
1.150501966476440430e+00
9.906353354454040527e-01
-1.384118556976318359e+00
6.993497610092163086e-01
1.219504117965698242e+00
1.023030653595924377e-01
1.488088607788085938e+00
7.621725797653198242e-01
8.932465910911560059e-01
-1.534105896949768066e+00
-5.582371354103088379e-01
3.103607892990112305e-02
6.183657646179199219e-01
-1.243931651115417480e+00
7.827460765838623047e-01
2.604736089706420898e+00
8.844696283340454102e-01
-1.334419488906860352e+00
-1.309115588665008545e-01
-1.072568416595458984e+00
-5.082945823669433594e-01
-2.128702163696289062e+00
1.565078347921371460e-01
-9.027811288833618164e-01
-1.218624114990234375e+00
2.037738710641860962e-01
1.174106359481811523e+00
-3.766868710517883301e-01
-4.472815394401550293e-01
3.007564306259155273e+00
1.608082771301269531e+00
-1.388477087020874023e+00
-1.099863648414611816e+00
1.364761471748352051e+00
-2.502899467945098877e-01
1.073124483227729797e-01
-8.622472882270812988e-01
-4.527279362082481384e-02
-6.505438089370727539e-01
-2.378837168216705322e-01
-4.735667109489440918e-01
1.214422464370727539e+00
-5.363783836364746094e-01
-6.041691899299621582e-01
2.299015782773494720e-02
-6.259226202964782715e-01
5.714943408966064453e-01
-1.142832159996032715e+00
8.442299962043762207e-01
2.509226322174072266e+00
1.455209732055664062e+00
-4.961073398590087891e-01
-2.125595092773437500e+00
1.587195992469787598e+00
-9.250203967094421387e-01
4.612461626529693604e-01
-1.247705698013305664e+00
-9.697310924530029297e-01
1.242199778556823730e+00
-2.911923646926879883e+00
-1.923962354660034180e+00
2.737339138984680176e-01
5.143350958824157715e-01
8.902949094772338867e-02
2.768315374851226807e-01
-5.072494149208068848e-01
-6.648808717727661133e-01
1.640187025070190430e+00
-4.075187817215919495e-02
-1.099421620368957520e+00
-9.552025198936462402e-01
1.941328525543212891e+00
8.037513494491577148e-01
