6.579950451850891113e-01
-1.426493525505065918e+00
7.344878911972045898e-01
3.975244760513305664e-01
2.945865154266357422e+00
-1.048775553703308105e+00
-1.102769613265991211e+00
4.522795081138610840e-01
-1.683069944381713867e+00
1.544657707214355469e+00
-8.356070518493652344e-01
2.309903383255004883e+00
7.226147651672363281e-01
-1.642194867134094238e+00
-1.922012805938720703e+00
-4.971379637718200684e-01
-9.691962003707885742e-01
1.402654170989990234e+00
4.131761789321899414e-01
-1.510462999343872070e+00
-1.827736258506774902e+00
-1.784503459930419922e+00
9.980264306068420410e-01
2.260420560836791992e+00
-2.230122089385986328e+00
6.263256072998046875e-01
8.318023681640625000e-01
2.432811707258224487e-01
-7.222393155097961426e-01
-3.247534334659576416e-01
-6.824439167976379395e-01
1.781732216477394104e-02
5.268060415983200073e-02
2.047688484191894531e+00
-6.334113478660583496e-01
1.585527300834655762e+00
1.151872396469116211e+00
-1.241852045059204102e+00
1.262788534164428711e+00
9.258474111557006836e-01
1.485076308250427246e+00
-1.513342745602130890e-02
1.949657082557678223e+00
-4.933202862739562988e-01
-1.144091486930847168e+00
-1.864550590515136719e+00
1.463413834571838379e-01
-1.541382819414138794e-01
1.688270688056945801e+00
-5.249314308166503906e-01
1.192072629928588867e+00
-1.693421244621276855e+00
3.678290545940399170e-01
-1.628418803215026855e+00
-1.610525369644165039e+00
9.327992051839828491e-02
-5.459216833114624023e-01
1.366443753242492676e+00
-5.924422144889831543e-01
3.611767888069152832e-01
-8.538466095924377441e-01
-8.394575119018554688e-01
-5.955524370074272156e-02
-5.976691842079162598e-01
-1.183600068092346191e+00
-1.276737093925476074e+00
-3.525508046150207520e-01
2.409039139747619629e-01
1.622210592031478882e-01
-8.152298331260681152e-01
1.811306625604629517e-01
-7.021501064300537109e-01
1.956990361213684082e+00
5.717663168907165527e-01
-1.426013469696044922e+00
-1.714941620826721191e+00
-7.977502346038818359e-01
6.084593534469604492e-01
3.651489317417144775e-01
-1.159504503011703491e-01
7.566897273063659668e-01
-6.183944344520568848e-01
2.202010869979858398e+00
2.822952568531036377e-01
4.298905134201049805e-01
9.781466126441955566e-01
-6.929643452167510986e-02
-1.897568404674530029e-01
1.682671308517456055e+00
4.331024885177612305e-01
-1.375524878501892090e+00
3.672004342079162598e-01
-7.771670818328857422e-01
5.435590147972106934e-01
-4.628147184848785400e-01
1.029446572065353394e-01
1.023566797375679016e-01
5.788361653685569763e-02
-9.555189013481140137e-01
-2.098310947418212891e+00
9.249816834926605225e-02
-9.044478535652160645e-01
1.810571104288101196e-01
-1.094530940055847168e+00
3.018923699855804443e-01
-7.848330736160278320e-01
-2.085716485977172852e+00
1.042689800262451172e+00
1.593650698661804199e+00
-1.476325273513793945e+00
-2.769680023193359375e-01
1.828327029943466187e-01
1.535842776298522949e+00
1.712709069252014160e+00
1.698098778724670410e+00
-1.135304927825927734e+00
-1.379418075084686279e-01
-2.136267662048339844e+00
4.178681671619415283e-01
1.509022355079650879e+00
8.945308327674865723e-01
-7.663469314575195312e-01
1.765460014343261719e+00
3.958204686641693115e-01
-6.127041578292846680e-01
7.984698563814163208e-02
-1.812528967857360840e+00
5.070132613182067871e-01
