2.224453687667846680e+00
-8.105910420417785645e-01
-5.205116868019104004e-01
-7.270238995552062988e-01
1.088023066520690918e+00
-5.428351163864135742e-01
1.920044720172882080e-01
-6.233556866645812988e-01
4.577418044209480286e-02
9.855276346206665039e-02
1.914847254753112793e+00
-2.688874244689941406e+00
1.103270769119262695e+00
8.835359811782836914e-01
-9.478494524955749512e-01
7.679126262664794922e-01
1.180420041084289551e+00
4.275310635566711426e-01
-2.594402730464935303e-01
1.169717669486999512e+00
1.648508667945861816e+00
5.980057120323181152e-01
-8.151196837425231934e-01
3.095892906188964844e+00
-6.125228404998779297e-01
8.608253002166748047e-01
-9.301258921623229980e-01
2.052533030509948730e-01
-9.190859794616699219e-01
-3.825274407863616943e-01
-1.333948135375976562e+00
3.982260823249816895e-01
-1.356999754905700684e+00
-1.487371474504470825e-01
-1.031089067459106445e+00
1.846049189567565918e+00
8.280016183853149414e-01
3.979766666889190674e-01
-4.631350561976432800e-02
-1.394624710083007812e+00
-1.187066912651062012e+00
3.528144061565399170e-01
-4.498510062694549561e-01
1.481385469436645508e+00
-3.765426278114318848e-01
1.681146174669265747e-01
1.660044550895690918e+00
1.435183882713317871e+00
-2.033778876066207886e-01
3.470239043235778809e-01
3.166463971138000488e-01
-1.306856751441955566e+00
8.212850093841552734e-01
1.802339911460876465e+00
2.693478107452392578e+00
8.441163897514343262e-01
9.235568642616271973e-01
-1.577450752258300781e+00
-1.395202040672302246e+00
2.452626943588256836e+00
-1.373184680938720703e+00
-1.711549878120422363e+00
-1.774294614791870117e+00
-8.820499181747436523e-01
7.343086600303649902e-01
-8.272987008094787598e-01
1.044696211814880371e+00
1.734318614006042480e+00
-7.643675208091735840e-01
1.038202047348022461e+00
2.249067068099975586e+00
1.262072443962097168e+00
4.227663949131965637e-02
1.193498134613037109e+00
6.127969622611999512e-01
1.564421802759170532e-01
6.747302412986755371e-01
-6.668618917465209961e-01
-2.067449092864990234e+00
-2.020266532897949219e+00
-4.796440303325653076e-01
-1.320946574211120605e+00
1.250655770301818848e+00
2.055858135223388672e+00
2.681022405624389648e+00
2.694303691387176514e-01
-2.145477294921875000e+00
-2.876861691474914551e-01
-8.247425556182861328e-01
-1.079951167106628418e+00
1.752731561660766602e+00
-2.198411226272583008e+00
-1.836058855056762695e+00
-1.404040098190307617e+00
1.976868748664855957e+00
-1.725267410278320312e+00
4.392151236534118652e-01
-9.628626108169555664e-01
-2.304047495126724243e-01
2.468992710113525391e+00
8.604313135147094727e-01
2.591633200645446777e-01
-1.152360677719116211e+00
-1.687096953392028809e+00
-1.484741806983947754e+00
-1.052880808711051941e-01
-3.298099040985107422e-01
1.079820618033409119e-01
-3.580445051193237305e-02
-3.074959993362426758e+00
1.031287431716918945e+00
-1.242241561412811279e-01
7.735968828201293945e-01
8.455483615398406982e-02
-7.626210451126098633e-01
6.032266095280647278e-02
5.595576763153076172e-01
1.525089442729949951e-01
-9.659809470176696777e-01
-2.367885589599609375e+00
2.046363204717636108e-01
-1.085494399070739746e+00
-1.393415808677673340e+00
-8.128544092178344727e-01
-4.103425443172454834e-01
1.508211016654968262e+00
-1.352798819541931152e+00
-1.143749237060546875e+00
