-6.834242939949035645e-01
1.567444920539855957e+00
-4.852847158908843994e-01
9.162631630897521973e-02
1.308760941028594971e-01
6.520485281944274902e-01
2.344155609607696533e-01
-1.210015296936035156e+00
1.118947386741638184e+00
-6.570185422897338867e-01
5.488268733024597168e-01
1.526934385299682617e+00
-2.390783429145812988e-01
-1.058969944715499878e-01
-9.910847544670104980e-01
-6.634969115257263184e-01
-1.745340526103973389e-01
6.909747123718261719e-01
1.601089350879192352e-02
-2.716121912002563477e+00
-4.078288674354553223e-01
-2.171538591384887695e+00
-1.438092708587646484e+00
1.028632164001464844e+00
-1.774927973747253418e+00
-4.729011058807373047e-01
1.343309998512268066e+00
-1.109830975532531738e+00
1.428283214569091797e+00
6.635745763778686523e-01
1.491268396377563477e+00
-3.329201936721801758e+00
-2.071546077728271484e+00
1.802180767059326172e+00
-1.244981050491333008e+00
-4.280812144279479980e-01
-5.557721257209777832e-01
-1.569017529487609863e+00
1.039129734039306641e+00
-4.341453611850738525e-01
-3.512344956398010254e-01
1.805560439825057983e-01
1.169706583023071289e+00
7.022268772125244141e-01
-3.614093065261840820e-01
1.747693896293640137e+00
1.258999407291412354e-01
-5.501645207405090332e-01
2.221999317407608032e-02
-2.665832936763763428e-01
4.217080175876617432e-01
-1.452117800712585449e+00
-8.542196750640869141e-01
4.545036256313323975e-01
-1.364817976951599121e+00
1.075494587421417236e-01
1.903636574745178223e+00
5.880891084671020508e-01
1.379372477531433105e+00
-1.618446707725524902e-01
-5.616737604141235352e-01
3.211660146713256836e+00
-4.020787179470062256e-01
6.683770418167114258e-01
2.012192010879516602e+00
-1.278955221176147461e+00
2.589265584945678711e+00
-1.063021779060363770e+00
1.020163655281066895e+00
-2.262344807386398315e-01
9.643326997756958008e-01
-1.234373569488525391e+00
1.203758716583251953e+00
-5.710981041193008423e-02
-1.681472659111022949e+00
-9.494385719299316406e-01
8.564568161964416504e-01
-1.904533952474594116e-01
8.334067463874816895e-01
-2.001665592193603516e+00
1.753196239471435547e+00
-6.552833914756774902e-01
2.301787734031677246e-01
-8.067502975463867188e-01
1.386494755744934082e+00
-7.301262766122817993e-02
-1.924491167068481445e+00
-1.681746244430541992e-01
4.796460270881652832e-01
1.534578680992126465e+00
1.413253903388977051e+00
-2.566081047058105469e+00
-3.370062708854675293e-01
3.138935089111328125e+00
-1.164252042770385742e+00
-1.315786123275756836e+00
1.662200540304183960e-01
1.913388669490814209e-01
3.781551122665405273e-01
1.095864772796630859e+00
6.939713954925537109e-01
3.843929618597030640e-02
7.798572182655334473e-01
9.815667271614074707e-01
-8.422760367393493652e-01
-1.073667526245117188e+00
-1.742687076330184937e-01
1.454268455505371094e+00
-1.202594563364982605e-01
-4.710830152034759521e-01
7.023981809616088867e-01
1.865258216857910156e+00
-2.870856225490570068e-01
-2.502969741821289062e+00
1.192354798316955566e+00
-1.128842592239379883e+00
1.453810095787048340e+00
-2.296411991119384766e-02
-3.806035757064819336e+00
1.496774435043334961e+00
-6.941695213317871094e-01
4.651015996932983398e-01
1.400554299354553223e+00
6.936134099960327148e-01
-3.786142170429229736e-01
-1.360932707786560059e+00
-1.045382857322692871e+00
-1.589437365531921387e+00
