4.101397693157196045e-01
-8.528171181678771973e-01
2.029036357998847961e-02
7.793344855308532715e-01
3.619089841842651367e+00
3.734824657440185547e-01
-1.739043295383453369e-01
1.584116742014884949e-02
8.163655400276184082e-01
-1.447341203689575195e+00
8.936413526535034180e-01
5.178445577621459961e-01
-3.682512640953063965e-01
-1.466184616088867188e+00
-1.527352571487426758e+00
-2.055082559585571289e+00
-1.952691316604614258e+00
5.456137657165527344e-01
-1.518648147583007812e+00
-2.242297410964965820e+00
-6.694182753562927246e-01
-2.970492839813232422e-01
8.929253220558166504e-01
1.237342834472656250e+00
3.511177003383636475e-01
3.765920996665954590e-01
1.451297283172607422e+00
8.411918282508850098e-01
-1.110648751258850098e+00
5.792979598045349121e-01
-2.827367186546325684e-01
2.033256053924560547e+00
4.996327757835388184e-01
6.148784160614013672e-01
-1.210685610771179199e+00
2.120651960372924805e+00
7.052901983261108398e-01
-1.059364199638366699e+00
-9.082771837711334229e-02
1.079143643379211426e+00
5.821223929524421692e-02
-1.241745471954345703e+00
1.288449168205261230e+00
2.087962150573730469e+00
7.161682248115539551e-01
-1.944793343544006348e+00
-8.177222609519958496e-01
-1.239630859345197678e-02
7.470948696136474609e-01
-1.417974531650543213e-01
8.695951700210571289e-01
-1.881911993026733398e+00
-6.089535951614379883e-01
-4.918408393859863281e-01
-7.768699526786804199e-01
-9.849175810813903809e-01
1.388434290885925293e+00
6.587039232254028320e-01
-1.283292770385742188e+00
5.794665813446044922e-01
7.679878473281860352e-01
-2.233827114105224609e+00
1.382502317428588867e+00
-5.765486955642700195e-01
-9.637186527252197266e-01
2.382079064846038818e-01
1.407189518213272095e-01
8.063162565231323242e-01
8.015241026878356934e-01
1.388901710510253906e+00
3.133716881275177002e-01
-1.272610425949096680e-01
6.335673332214355469e-01
3.459404706954956055e-01
-5.706132650375366211e-01
-9.236673712730407715e-01
5.451406836509704590e-01
1.319496989250183105e+00
-1.043666005134582520e+00
-1.203655123710632324e+00
4.885673224925994873e-01
-6.566193103790283203e-01
-3.350015878677368164e-01
7.846820354461669922e-01
-1.530074000358581543e+00
1.246454477310180664e+00
-1.427427291870117188e+00
-8.313104510307312012e-01
5.318696498870849609e-01
1.502516746520996094e+00
1.123945638537406921e-01
-1.436754107475280762e+00
-6.781284213066101074e-01
1.187725305557250977e+00
9.931145310401916504e-01
-1.152186512947082520e+00
-1.773155182600021362e-01
-4.175696969032287598e-01
-1.150108814239501953e+00
-1.433354139328002930e+00
1.556448698043823242e+00
2.608406066894531250e+00
-9.932585954666137695e-01
-3.815973997116088867e-01
6.171036958694458008e-01
7.466372847557067871e-01
1.261002182960510254e+00
2.295072674751281738e-01
1.944513246417045593e-02
-2.407699346542358398e+00
-2.542043209075927734e+00
-3.762697279453277588e-01
6.027729511260986328e-01
1.227834105491638184e+00
3.355584383010864258e+00
-2.389634609222412109e+00
5.081928893923759460e-02
-1.151005506515502930e+00
5.166366100311279297e-01
-6.200140118598937988e-01
-2.204106152057647705e-01
-6.327319741249084473e-01
-9.300684183835983276e-02
-3.221389949321746826e-01
-5.687643289566040039e-01
-6.048539876937866211e-01
-1.953700184822082520e+00
9.248981475830078125e-01
