1.469111561775207520e+00
3.025220036506652832e-01
2.645088918507099152e-02
-4.425734747201204300e-03
-6.895920038223266602e-01
-2.126671075820922852e+00
-1.712975025177001953e+00
1.100404262542724609e+00
-3.739118576049804688e-01
-9.485586285591125488e-01
1.503259778022766113e+00
-9.430088400840759277e-01
7.813599109649658203e-01
4.690404534339904785e-01
-4.497255086898803711e-01
5.178939700126647949e-01
-4.158573225140571594e-02
1.164436697959899902e+00
2.429546266794204712e-01
2.969993829727172852e+00
1.265087872743606567e-01
-2.104470491409301758e+00
1.394406408071517944e-01
-1.348558545112609863e+00
-1.120745658874511719e+00
-3.279647529125213623e-01
3.708519220352172852e+00
1.035651206970214844e+00
2.010834962129592896e-01
-2.410171777009963989e-01
3.152787387371063232e-01
2.293164096772670746e-02
-5.352951288223266602e-01
-1.055513739585876465e+00
5.909618735313415527e-01
-2.869847118854522705e-01
1.187519505620002747e-01
-4.860233962535858154e-01
-1.047946691513061523e+00
3.951496183872222900e-01
1.326123356819152832e+00
5.478207468986511230e-01
5.178648829460144043e-01
2.531111240386962891e+00
-3.605365753173828125e-01
1.767909049987792969e+00
1.007634162902832031e+00
1.332100182771682739e-01
2.382961273193359375e+00
3.850144743919372559e-01
-3.194605827331542969e+00
-1.628456354141235352e+00
-4.758203774690628052e-02
3.177830874919891357e-01
-2.329054027795791626e-01
-1.352330207824707031e+00
1.403438210487365723e+00
1.362773895263671875e+00
8.795499801635742188e-01
2.722182571887969971e-01
-1.561236679553985596e-01
6.721768379211425781e-01
1.129417419433593750e+00
6.561246514320373535e-01
1.369436860084533691e+00
-4.219549894332885742e-01
6.561248898506164551e-01
7.328067421913146973e-01
-1.354254007339477539e+00
1.167168021202087402e+00
-1.336989402770996094e+00
-2.911130905151367188e+00
1.640085816383361816e+00
5.188534855842590332e-01
1.636013269424438477e+00
-2.169120550155639648e+00
-1.751996159553527832e+00
9.588705301284790039e-01
-1.971155524253845215e+00
-1.355381488800048828e+00
1.324497103691101074e+00
-1.025234609842300415e-01
-1.761446952819824219e+00
-3.663889467716217041e-01
1.782894968986511230e+00
-1.962186694145202637e+00
3.790379688143730164e-02
-6.970075964927673340e-01
-8.752123117446899414e-01
1.228834867477416992e+00
-1.059579372406005859e+00
-1.553015351295471191e+00
2.978904247283935547e-01
-3.594248369336128235e-02
3.340126276016235352e-01
1.095622897148132324e+00
1.655767679214477539e+00
3.749031424522399902e-01
1.984205245971679688e-01
1.565596461296081543e+00
-5.296953320503234863e-01
1.177510619163513184e+00
-1.956712841987609863e+00
-1.810332179069519043e+00
2.009575128555297852e+00
1.139464378356933594e+00
-2.104256629943847656e+00
-8.741471171379089355e-01
2.936727702617645264e-01
-2.256906330585479736e-01
-3.574654459953308105e-01
8.558280467987060547e-01
-2.156317710876464844e+00
-1.166475415229797363e+00
1.732932925224304199e+00
1.078525483608245850e-01
1.626615047454833984e+00
7.183263301849365234e-01
-2.534533143043518066e-01
2.306782752275466919e-01
-2.676247596740722656e+00
-7.268853187561035156e-01
-1.079531073570251465e+00
-1.684876084327697754e+00
-4.164084494113922119e-01
-6.975844502449035645e-02
8.081933110952377319e-02
-5.156503319740295410e-01
