4.144810140132904053e-01
2.084987163543701172e-01
-1.756926327943801880e-01
-5.613439679145812988e-01
-8.445082902908325195e-01
-7.457440495491027832e-01
3.570481836795806885e-01
-5.020426511764526367e-01
-1.438528060913085938e+00
9.707708358764648438e-01
-3.536556363105773926e-01
9.639643430709838867e-01
1.366742998361587524e-01
-1.091544508934020996e+00
1.436758190393447876e-01
-1.974717736244201660e+00
-7.642282843589782715e-01
3.255229890346527100e-01
1.096926569938659668e+00
-5.765270590782165527e-01
-4.786774218082427979e-01
6.227710843086242676e-01
1.041508555412292480e+00
2.276189088821411133e+00
-7.126780152320861816e-01
8.123074471950531006e-02
-1.075607180595397949e+00
7.861673831939697266e-01
7.615499496459960938e-01
-4.439147114753723145e-01
-1.685105204582214355e+00
-3.446048259735107422e+00
-8.387145400047302246e-01
2.612689733505249023e+00
-5.895429290831089020e-03
1.293153166770935059e+00
-3.359035849571228027e-01
1.245118379592895508e+00
1.369147449731826782e-01
2.530758619308471680e+00
1.681150555610656738e+00
-5.314632058143615723e-01
2.172785758972167969e+00
2.476642429828643799e-01
-1.681461334228515625e+00
1.036109998822212219e-01
-1.482528090476989746e+00
2.366370916366577148e+00
1.860956251621246338e-01
-5.346418619155883789e-01
-1.010475039482116699e+00
1.644473075866699219e-01
1.059372901916503906e+00
9.177296757698059082e-01
5.695974826812744141e-01
2.497462987899780273e+00
-2.804034762084484100e-02
1.082342386245727539e+00
-3.027635574340820312e+00
3.531113564968109131e-01
6.261786073446273804e-02
-5.948972329497337341e-02
-1.153480529785156250e+00
-1.637262463569641113e+00
-4.912428259849548340e-01
-9.065415859222412109e-01
1.884852647781372070e+00
1.197242856025695801e+00
8.057813644409179688e-01
-9.257414937019348145e-01
9.877437353134155273e-02
2.388147592544555664e+00
2.486823499202728271e-01
3.667137026786804199e-02
-5.164690017700195312e-01
-7.963543534278869629e-01
-3.317758440971374512e-01
1.128696918487548828e+00
-9.740971922874450684e-01
-2.485535383224487305e+00
-2.815592288970947266e+00
-5.548459887504577637e-01
1.404245853424072266e+00
-1.145643115043640137e+00
1.860331892967224121e+00
7.678834199905395508e-01
-1.370653271675109863e+00
6.888693571090698242e-01
5.355824232101440430e-01
-6.664346456527709961e-01
1.574698209762573242e+00
5.476317405700683594e-01
-7.451621443033218384e-02
1.253030538558959961e+00
-5.419529676437377930e-01
-1.012341737747192383e+00
1.623225450515747070e+00
-4.932521283626556396e-01
1.732557654380798340e+00
1.003118038177490234e+00
6.370787322521209717e-02
1.449543356895446777e+00
-1.268078804016113281e+00
1.489377673715353012e-02
-1.533023715019226074e-01
1.619273275136947632e-01
-1.510268449783325195e+00
2.838865518569946289e-01
6.145566701889038086e-01
-1.835849881172180176e+00
-2.296126484870910645e-01
-1.361899971961975098e+00
-5.100109577178955078e-01
5.081055164337158203e-01
2.698784768581390381e-01
-1.263551592826843262e+00
5.288343429565429688e-01
-3.445486783981323242e+00
-7.613934874534606934e-01
1.584442377090454102e+00
1.664479255676269531e+00
4.685242772102355957e-01
-9.136236310005187988e-01
3.004896342754364014e-01
-4.379209876060485840e-01
3.558248877525329590e-01
-5.148414969444274902e-01
-2.522331714630126953e+00
