3.303999453783035278e-02
8.824049234390258789e-01
5.102326273918151855e-01
2.975560426712036133e-01
9.013559818267822266e-01
-1.121244072914123535e+00
1.301038622856140137e+00
1.192693471908569336e+00
2.263276875019073486e-01
-4.776590168476104736e-01
2.095337152481079102e+00
-4.753112494945526123e-01
-1.010673284530639648e+00
-2.026805579662322998e-01
7.261088490486145020e-01
2.625395059585571289e+00
3.191929161548614502e-01
1.210198879241943359e+00
8.233942389488220215e-01
-6.955333799123764038e-02
2.477910071611404419e-01
-3.101833343505859375e+00
2.402917593717575073e-01
-9.485144168138504028e-02
-1.426645755767822266e+00
-1.204517602920532227e+00
-1.092623099684715271e-01
-5.982847213745117188e-01
1.000722125172615051e-01
5.161710977554321289e-01
-8.276543617248535156e-01
-4.022464275360107422e+00
-1.129551291465759277e+00
-8.909898251295089722e-02
9.937261343002319336e-01
-6.037712097167968750e-01
-1.853784799575805664e+00
-5.687888264656066895e-01
-1.873655468225479126e-01
-1.237464666366577148e+00
-6.383969783782958984e-01
1.226699471473693848e+00
1.986403107643127441e+00
1.232125997543334961e+00
-7.505903393030166626e-02
2.084098011255264282e-01
-9.440259933471679688e-01
9.229195863008499146e-02
9.171395897865295410e-01
-9.597035646438598633e-01
8.388257771730422974e-02
-1.218332648277282715e+00
1.383130073547363281e+00
1.355807185173034668e+00
-2.386744976043701172e+00
-2.276719063520431519e-01
7.327572107315063477e-01
1.482166528701782227e+00
-2.315787315368652344e+00
-7.947916388511657715e-01
-5.572928190231323242e-01
1.116180300712585449e+00
-2.001866847276687622e-01
1.661714196205139160e+00
7.790125608444213867e-01
5.053469538688659668e-01
1.515059351921081543e+00
1.039500951766967773e+00
1.130602240562438965e+00
-4.565276578068733215e-02
2.646337032318115234e+00
6.285497546195983887e-01
-5.653056129813194275e-02
2.757960557937622070e-01
1.325204372406005859e+00
-1.235023260116577148e+00
-6.183216571807861328e-01
-2.039961338043212891e+00
-1.664684265851974487e-01
-8.649024367332458496e-01
4.284746646881103516e-01
-1.902294158935546875e+00
-2.012190669775009155e-01
-9.064262509346008301e-01
-3.045684695243835449e-01
-1.031204342842102051e+00
-6.450714468955993652e-01
1.220984101295471191e+00
-8.246484994888305664e-01
7.316253185272216797e-01
1.140813589096069336e+00
-1.133772373199462891e+00
9.193262457847595215e-01
4.324914515018463135e-01
-1.907292008399963379e+00
3.708732426166534424e-01
1.438742041587829590e+00
6.809425354003906250e-01
-7.237717509269714355e-02
2.196264505386352539e+00
3.466547727584838867e-01
7.641483545303344727e-01
5.903184413909912109e-01
6.536475569009780884e-02
1.395451068878173828e+00
3.249982595443725586e-01
-2.683935165405273438e-01
5.527574568986892700e-02
-1.495090872049331665e-01
7.784085720777511597e-02
6.087699159979820251e-02
6.624268889427185059e-01
-2.860220670700073242e-01
-1.104912906885147095e-01
1.106443524360656738e+00
-1.035650968551635742e+00
-1.269299983978271484e+00
-1.313938617706298828e+00
6.368297338485717773e-01
-1.315512657165527344e+00
-3.806893825531005859e+00
9.975642710924148560e-02
-1.247928142547607422e+00
-8.857017010450363159e-02
-9.778281450271606445e-01
-1.922444105148315430e+00
-3.264408707618713379e-01
2.023337364196777344e+00
