2.654436528682708740e-01
1.164062619209289551e+00
-1.094229146838188171e-01
4.891267716884613037e-01
-6.174741387367248535e-01
7.337322831153869629e-01
-1.605412960052490234e+00
1.072694063186645508e+00
-1.192771673202514648e+00
-7.778152227401733398e-01
2.036396503448486328e+00
9.851737022399902344e-01
-1.521284729242324829e-01
2.076199531555175781e+00
2.844152152538299561e-01
1.379682660102844238e+00
-3.071963191032409668e-01
1.803316950798034668e+00
1.500537157058715820e+00
-3.365395367145538330e-01
-3.739356696605682373e-01
-1.093345522880554199e+00
-1.517297923564910889e-01
3.394929468631744385e-01
-1.456922888755798340e+00
-9.286113083362579346e-02
1.094462633132934570e+00
2.047766894102096558e-01
3.693849742412567139e-01
-1.529163718223571777e+00
-1.480878353118896484e+00
6.796193122863769531e-02
-1.228826642036437988e+00
-5.291148424148559570e-01
-2.661998510360717773e+00
-1.338360786437988281e+00
-1.027609705924987793e+00
-7.516096234321594238e-01
-7.671292424201965332e-01
2.423836708068847656e+00
-9.266850948333740234e-01
1.817023158073425293e-01
4.842528998851776123e-01
2.551434040069580078e+00
-9.016678929328918457e-01
1.417990565299987793e+00
1.113965883851051331e-01
1.875417590141296387e+00
2.145271062850952148e+00
2.673547983169555664e+00
-7.903963923454284668e-01
6.135134771466255188e-02
7.678028941154479980e-01
-9.913932681083679199e-01
-2.498639345169067383e+00
-6.788340210914611816e-01
-6.386355161666870117e-01
9.399445652961730957e-01
-1.832709074020385742e+00
6.849890351295471191e-01
-7.936189323663711548e-02
3.317176103591918945e+00
3.277269005775451660e-01
3.011230528354644775e-01
2.259471654891967773e+00
-2.584732532501220703e+00
1.113852206617593765e-02
5.444003939628601074e-01
4.935544431209564209e-01
9.773162603378295898e-01
-4.737203717231750488e-01
-4.504129588603973389e-01
-3.222525119781494141e-02
1.310388088226318359e+00
1.918010354042053223e+00
-7.581861019134521484e-01
-8.667197227478027344e-01
4.318931102752685547e-01
-1.074607253074645996e+00
-1.335566163063049316e+00
3.055282115936279297e+00
-4.984135925769805908e-01
7.659481167793273926e-01
-1.756883382797241211e+00
2.759695649147033691e-01
-9.545310139656066895e-01
-5.444811582565307617e-01
-3.325532423332333565e-03
-6.532314419746398926e-01
-1.075472831726074219e+00
3.873508572578430176e-01
-3.663266599178314209e-01
-1.381551504135131836e+00
2.870665118098258972e-02
-1.345457792282104492e+00
8.640046715736389160e-01
1.955920815467834473e+00
-5.315733551979064941e-01
-5.851653218269348145e-02
1.383950233459472656e+00
-1.003245949745178223e+00
9.926961660385131836e-01
-8.117990493774414062e-01
-1.757873654365539551e+00
1.815443515777587891e+00
-7.763533592224121094e-01
-9.039122462272644043e-01
-1.360054969787597656e+00
1.294728279113769531e+00
8.028447628021240234e-01
1.496567428112030029e-01
-7.084588408470153809e-01
-1.060193896293640137e+00
-1.421905994415283203e+00
1.701568365097045898e+00
-6.926684379577636719e-01
-1.820894032716751099e-01
1.364500448107719421e-02
-8.674724698066711426e-01
6.242732405662536621e-01
-1.914290547370910645e+00
7.365685105323791504e-01
7.902938723564147949e-01
-1.158299520611763000e-01
-8.998324275016784668e-01
-4.570660293102264404e-01
-2.062283277511596680e+00
9.113215208053588867e-01
