4.008345603942871094e-01
-4.259743541479110718e-02
-1.181168675422668457e+00
-2.300293684005737305e+00
2.764260172843933105e-01
-9.216135144233703613e-01
1.509750127792358398e+00
4.302347600460052490e-01
-1.286026954650878906e+00
-1.174635961651802063e-01
8.248285055160522461e-01
2.514435291290283203e+00
1.062354564666748047e+00
-4.333146214485168457e-01
-4.908906221389770508e-01
9.579007625579833984e-01
-3.206545254215598106e-03
7.875917851924896240e-02
-1.694317817687988281e+00
-1.801790118217468262e+00
-2.866575717926025391e-01
-9.122788310050964355e-01
7.944215536117553711e-01
2.164433956146240234e+00
-4.612969458103179932e-01
-2.731242477893829346e-01
-1.280661463737487793e+00
-3.714783787727355957e-01
1.433851838111877441e+00
6.291860714554786682e-03
9.381526112556457520e-01
-2.620480298995971680e+00
-4.914328753948211670e-01
2.890734672546386719e+00
1.707433938980102539e+00
1.038710176944732666e-01
-1.141465783119201660e+00
3.697933256626129150e-01
6.693655252456665039e-01
-6.733211278915405273e-01
2.365019798278808594e+00
9.321252107620239258e-01
1.243106245994567871e+00
1.487531423568725586e+00
1.078198477625846863e-01
-1.943813323974609375e+00
-1.888483762741088867e-01
2.506801128387451172e+00
6.179367303848266602e-01
1.552303910255432129e+00
-8.155289888381958008e-01
9.342421889305114746e-01
5.007954314351081848e-02
6.735178232192993164e-01
-7.107075303792953491e-02
1.271887898445129395e+00
5.753211975097656250e-01
9.897734969854354858e-02
-1.771917104721069336e+00
2.816666364669799805e-01
-1.391013383865356445e+00
6.197286844253540039e-01
-6.689437478780746460e-02
-6.993567347526550293e-01
-1.329253554344177246e+00
-2.145521640777587891e+00
1.134853288531303406e-01
1.339610815048217773e+00
-8.240314126014709473e-01
8.103378415107727051e-01
3.788030147552490234e-01
-1.353242397308349609e+00
6.813943386077880859e-02
-2.174469828605651855e-01
-3.882294893264770508e-01
-2.423865348100662231e-01
1.905427455902099609e+00
1.988801360130310059e-01
-1.667093515396118164e+00
-2.799587011337280273e+00
-1.679407596588134766e+00
-3.840015828609466553e-01
1.804547607898712158e-01
-3.091084659099578857e-01
2.928098917007446289e+00
2.404394149780273438e+00
-4.813591241836547852e-01
1.425919234752655029e-01
-6.330384016036987305e-01
-1.103510379791259766e+00
5.283727645874023438e-01
3.609088957309722900e-01
-1.796003103256225586e+00
2.429107666015625000e+00
3.758955299854278564e-01
1.537582635879516602e+00
1.430016517639160156e+00
3.750422894954681396e-01
1.011947840452194214e-01
-6.254658102989196777e-01
3.095922946929931641e+00
6.083898544311523438e-01
-1.117028295993804932e-01
-1.029298782348632812e+00
-2.690582036972045898e+00
6.098117232322692871e-01
-2.328193426132202148e+00
-6.161806583404541016e-01
3.921169042587280273e-01
-1.342381089925765991e-01
2.885727286338806152e-01
5.689062476158142090e-01
7.539146542549133301e-01
-6.466354131698608398e-01
8.302964568138122559e-01
-2.042962312698364258e-01
-6.923221349716186523e-01
-2.109812259674072266e+00
-1.701224327087402344e+00
9.210358262062072754e-01
1.259476661682128906e+00
-4.659590423107147217e-01
-1.370679616928100586e+00
2.371509373188018799e-01
-2.838330566883087158e-01
-1.707850098609924316e+00
-1.095052123069763184e+00
-1.277976155281066895e+00
