-7.213170081377029419e-02
-9.662557840347290039e-01
-4.917431771755218506e-01
-3.894060105085372925e-02
1.132008209824562073e-01
-3.192723095417022705e-01
-6.345728039741516113e-01
-4.637745618820190430e-01
2.140496969223022461e-01
4.468093514442443848e-01
-7.614283561706542969e-01
2.404724657535552979e-01
1.004061222076416016e+00
-1.699827909469604492e+00
6.988108754158020020e-01
-3.178002536296844482e-01
-3.359785795211791992e+00
1.231906771659851074e+00
-2.096410691738128662e-01
-7.463479787111282349e-02
2.412232398986816406e+00
-8.043534308671951294e-02
2.243871390819549561e-01
9.644031524658203125e-01
-7.622011750936508179e-02
-6.793203949928283691e-01
-1.017333865165710449e+00
1.180206298828125000e+00
-2.629458904266357422e+00
9.055146574974060059e-01
-2.947695851325988770e-01
1.170225813984870911e-01
7.296206355094909668e-01
2.081074714660644531e+00
-1.873514294624328613e+00
2.174456834793090820e+00
-9.227161109447479248e-02
5.990284681320190430e-01
5.266788005828857422e-01
9.749213457107543945e-01
-1.870237469673156738e+00
-1.545679926872253418e+00
1.863274455070495605e+00
7.651274800300598145e-01
-2.636700123548507690e-02
-2.624240159988403320e+00
-4.882588982582092285e-01
8.027948141098022461e-01
1.071414709091186523e+00
4.196847677230834961e-01
2.346738278865814209e-01
-2.539385557174682617e+00
2.734871208667755127e-01
-4.867020547389984131e-01
-1.028575658798217773e+00
6.425205469131469727e-01
1.496840596199035645e+00
1.825767993927001953e+00
1.315113186836242676e+00
-4.324533939361572266e-01
-1.925694793462753296e-01
-2.116146981716156006e-01
2.234620809555053711e+00
-3.887049555778503418e-01
-4.012085199356079102e-01
-2.370393835008144379e-02
1.381287455558776855e+00
3.464365303516387939e-01
1.198345065116882324e+00
-2.967244982719421387e-01
-1.667549274861812592e-02
-1.186719536781311035e+00
-9.057478308677673340e-01
7.722682356834411621e-01
2.615999579429626465e-01
2.751687169075012207e-01
1.649264395236968994e-01
-1.228070020675659180e+00
1.713112890720367432e-01
5.415268540382385254e-01
2.196180105209350586e+00
-1.849699735641479492e+00
2.246722429990768433e-01
1.823023915290832520e+00
-9.578900337219238281e-01
1.898316502571105957e+00
6.102926731109619141e-01
-2.610062360763549805e-01
1.506641387939453125e+00
2.265955954790115356e-01
-5.474457144737243652e-01
-2.370156496763229370e-01
3.099984824657440186e-01
-1.537752270698547363e+00
5.092727541923522949e-01
2.337491065263748169e-01
-6.419530510902404785e-01
-3.113717734813690186e-01
-7.860837578773498535e-01
-1.191842913627624512e+00
7.702342867851257324e-01
-5.944166779518127441e-01
-9.553044438362121582e-01
-5.505625009536743164e-01
-4.655277431011199951e-01
-1.510015595704317093e-02
-1.673077225685119629e+00
8.903611898422241211e-01
1.173143386840820312e+00
-5.583581924438476562e-01
-1.263236254453659058e-01
1.001857995986938477e+00
-5.077990293502807617e-01
-1.667095124721527100e-01
1.436727762222290039e+00
-1.546585679054260254e+00
4.496436417102813721e-01
-1.807099461555480957e+00
4.239715039730072021e-01
8.688993453979492188e-01
-1.218070149421691895e+00
-1.590164303779602051e-01
1.458815813064575195e+00
2.530422806739807129e-01
-9.942907094955444336e-01
-1.945412158966064453e+00
-1.436008810997009277e+00
-8.169072866439819336e-01
