9.665324091911315918e-01
-3.682218492031097412e-01
1.002668499946594238e+00
-1.280691266059875488e+00
-5.473694801330566406e-01
1.213236093521118164e+00
4.465646743774414062e-01
-5.442270040512084961e-01
5.917187333106994629e-01
-5.569641590118408203e-01
1.465039253234863281e+00
7.840948700904846191e-01
2.809767723083496094e+00
7.109929919242858887e-01
-6.372852921485900879e-01
-1.015157699584960938e+00
-4.746556580066680908e-01
1.253294706344604492e+00
7.900485992431640625e-01
1.542647838592529297e+00
2.333280146121978760e-01
-1.814077198505401611e-01
5.337542295455932617e-01
1.149262905120849609e+00
6.726548075675964355e-02
-3.439299762248992920e-01
-1.262999475002288818e-01
-4.570206999778747559e-01
-3.075540065765380859e-02
8.615654110908508301e-01
-2.238388299942016602e+00
-4.383458614349365234e+00
-9.957094192504882812e-01
4.859866797924041748e-01
-1.023199081420898438e+00
1.161156535148620605e+00
-3.741253316402435303e-01
-5.637066960334777832e-01
-9.800976514816284180e-01
-3.064827919006347656e-01
2.905941605567932129e-01
1.811277031898498535e+00
1.711620688438415527e+00
1.382683753967285156e+00
2.945603728294372559e-01
1.258018493652343750e+00
-6.666960120201110840e-01
1.726183891296386719e+00
-8.012738823890686035e-01
-7.559403777122497559e-01
1.128408432006835938e+00
-1.404793381690979004e+00
-9.801436066627502441e-01
1.076737046241760254e+00
-1.448023319244384766e+00
-3.650886714458465576e-01
2.049760580062866211e+00
1.195544362068176270e+00
2.420556783676147461e+00
2.518191635608673096e-01
-1.143214851617813110e-01
1.079310327768325806e-01
1.787829518318176270e+00
-3.385653495788574219e-01
-5.854697227478027344e-01
-2.498151779174804688e+00
1.613901495933532715e+00
8.856195211410522461e-01
-1.330786228179931641e+00
2.953403592109680176e-01
-4.569833353161811829e-02
2.469266176223754883e+00
-4.007296264171600342e-02
-5.889829993247985840e-01
-5.137736201286315918e-01
-2.057466983795166016e+00
-1.254863142967224121e+00
-1.210652709007263184e+00
9.696378558874130249e-02
-3.002728700637817383e+00
-7.774778604507446289e-01
-5.549684166908264160e-01
-1.943170577287673950e-01
-1.733026266098022461e+00
2.286958456039428711e+00
-7.771302461624145508e-01
-1.437543630599975586e+00
-1.947111636400222778e-02
-1.738509178161621094e+00
-3.274998441338539124e-02
1.601488828659057617e+00
-1.980731487274169922e+00
1.608034968376159668e+00
-5.282086133956909180e-01
8.793481588363647461e-01
6.955659985542297363e-01
1.910710811614990234e+00
-8.599954843521118164e-01
-6.864544153213500977e-01
-7.437847852706909180e-01
-9.932792186737060547e-01
-4.797454550862312317e-02
-1.185910582542419434e+00
1.489210575819015503e-01
5.761856585741043091e-02
5.943087339401245117e-01
2.624441683292388916e-01
9.261996150016784668e-01
2.188143432140350342e-01
4.111798703670501709e-01
-1.093135595321655273e+00
1.403983831405639648e+00
-3.827106952667236328e-01
1.452022075653076172e+00
6.975538730621337891e-01
-7.124914526939392090e-01
-3.270852267742156982e-01
-1.104150190949440002e-01
-1.643460869789123535e+00
-6.403049230575561523e-01
2.009585380554199219e+00
-1.886825442314147949e+00
1.294396281242370605e+00
-7.071017622947692871e-01
-7.815185189247131348e-01
-4.714174866676330566e-01
3.104410767555236816e-01
5.167900323867797852e-01
