-3.655216693878173828e-01
-7.131130099296569824e-01
-6.524966359138488770e-01
-1.383807063102722168e-01
-4.568945169448852539e-01
8.645147681236267090e-01
1.916244268417358398e+00
4.981637597084045410e-01
-9.329686760902404785e-01
1.441378831863403320e+00
-1.125803589820861816e+00
-7.768599689006805420e-02
1.139652609825134277e+00
-2.258443593978881836e+00
-4.331617057323455811e-01
1.475693225860595703e+00
5.305497646331787109e-01
7.064377516508102417e-02
-2.819042921066284180e+00
-2.333252668380737305e+00
1.566548705101013184e+00
1.067713856697082520e+00
-5.269365906715393066e-01
-3.215221464633941650e-01
-1.327095150947570801e+00
7.953586429357528687e-02
1.720039486885070801e+00
-7.803092598915100098e-01
-3.194943070411682129e-01
8.165016174316406250e-01
-8.229672312736511230e-01
-8.443185687065124512e-01
4.935853481292724609e-01
4.287837743759155273e-01
2.265882968902587891e+00
-1.596588730812072754e+00
9.847172498703002930e-01
1.792578935623168945e+00
-1.330943584442138672e+00
1.858438014984130859e+00
1.611694395542144775e-01
-3.333287835121154785e-01
1.093361496925354004e+00
2.151446104049682617e+00
7.869113683700561523e-01
1.811659097671508789e+00
-1.912937045097351074e+00
3.884737193584442139e-01
1.449953794479370117e+00
1.103865146636962891e+00
1.231244206428527832e+00
-6.785397529602050781e-01
7.412487268447875977e-01
-5.216591954231262207e-01
-2.662616372108459473e-01
7.806429862976074219e-01
6.135351061820983887e-01
-1.203614354133605957e+00
-3.143391847610473633e+00
1.014108777046203613e+00
5.880318284034729004e-01
2.022736549377441406e+00
3.716797828674316406e-01
9.670507311820983887e-01
1.315658688545227051e+00
-1.208000898361206055e+00
-5.676680207252502441e-01
-6.267748475074768066e-01
-1.016847252845764160e+00
9.116683155298233032e-02
-2.669743895530700684e-01
-7.078873515129089355e-01
9.445355534553527832e-01
5.929295420646667480e-01
-9.338006973266601562e-01
-5.270549058914184570e-01
2.206901073455810547e+00
-1.183508276939392090e+00
-1.452440261840820312e+00
-6.288441419601440430e-01
8.141221404075622559e-01
5.493378639221191406e-01
2.028177261352539062e+00
-1.228954076766967773e+00
2.089514493942260742e+00
1.005009412765502930e+00
-1.902105689048767090e+00
-8.593622446060180664e-01
5.612831711769104004e-01
-4.169594645500183105e-01
-3.849970400333404541e-01
-1.030646443367004395e+00
1.654247194528579712e-01
1.475420236587524414e+00
5.894008874893188477e-01
-1.403562188148498535e+00
4.637390375137329102e-01
1.634368777275085449e+00
4.182019233703613281e-01
1.053792834281921387e+00
6.631491184234619141e-01
-4.894072562456130981e-02
-1.383899927139282227e+00
2.648529052734375000e+00
-4.488985240459442139e-02
3.993800580501556396e-01
-2.137839555740356445e+00
-6.118887066841125488e-01
-2.246811866760253906e+00
-1.620280146598815918e+00
-9.188678264617919922e-01
1.458779096603393555e+00
-4.697959125041961670e-01
6.992716193199157715e-01
3.221731781959533691e-01
-1.141414046287536621e+00
3.657978475093841553e-01
-1.057691335678100586e+00
-5.697508454322814941e-01
1.050751209259033203e+00
-1.688269495964050293e+00
-9.922692179679870605e-01
-3.054452657699584961e+00
-9.876968264579772949e-01
-1.071216821670532227e+00
-4.248727858066558838e-01
-1.147156238555908203e+00
5.904209017753601074e-01
