1.356061697006225586e+00
-3.080254793167114258e-01
-9.521922469139099121e-01
-2.738327503204345703e+00
1.978591322898864746e+00
-2.702764235436916351e-02
-3.027880787849426270e-01
2.186269283294677734e+00
-1.000861287117004395e+00
-3.421937525272369385e-01
-3.145692348480224609e-01
1.985114812850952148e+00
1.599981188774108887e+00
-3.197062015533447266e-01
6.406490504741668701e-02
1.678473234176635742e+00
-7.819145321846008301e-01
8.525827527046203613e-01
-1.504030942916870117e+00
-3.081548511981964111e-01
1.913455426692962646e-01
-5.980812311172485352e-01
-2.030031681060791016e+00
9.922807216644287109e-01
-1.994954586029052734e+00
1.940813302993774414e+00
-8.186688423156738281e-01
-1.173986911773681641e+00
1.157672047615051270e+00
8.884404897689819336e-01
-1.241124942898750305e-01
-2.957712888717651367e+00
-1.222057461738586426e+00
2.834933102130889893e-01
1.443613052368164062e+00
2.183393478393554688e+00
1.567198634147644043e+00
-3.759212791919708252e-01
-6.491180062294006348e-01
-1.247450113296508789e+00
2.002150535583496094e+00
-1.058647260069847107e-01
1.308190345764160156e+00
1.268737018108367920e-01
-1.483416795730590820e+00
-1.586334228515625000e+00
8.242276906967163086e-01
1.191959023475646973e+00
1.662427306175231934e+00
-2.630697488784790039e+00
-2.258646190166473389e-01
-7.374367117881774902e-01
-7.704334855079650879e-01
8.409215211868286133e-01
1.961999416351318359e+00
9.765616059303283691e-01
-3.797287940979003906e-01
-3.794847428798675537e-01
-1.328015446662902832e+00
-4.878267943859100342e-01
-3.934175074100494385e-01
6.423937678337097168e-01
4.251864254474639893e-01
-8.232027292251586914e-01
9.790397882461547852e-01
-1.449702262878417969e+00
1.057129740715026855e+00
1.741429209709167480e+00
-1.896699905395507812e+00
-5.175992250442504883e-01
-4.442952200770378113e-02
5.617556571960449219e-01
4.093253314495086670e-01
-4.310600459575653076e-01
-6.775839924812316895e-01
3.256700932979583740e-01
-1.477090567350387573e-01
1.321138262748718262e+00
4.490250349044799805e-01
-2.687642335891723633e+00
-2.445021867752075195e+00
2.718039453029632568e-01
4.311192333698272705e-01
-5.588733553886413574e-01
2.849601268768310547e+00
3.072429597377777100e-01
-2.047351002693176270e-01
3.668287098407745361e-01
-6.822491288185119629e-01
6.546815037727355957e-01
1.344172954559326172e+00
-1.207961916923522949e+00
1.110323965549468994e-01
6.727692484855651855e-01
-9.265231490135192871e-01
1.431209802627563477e+00
1.051675677299499512e+00
-9.135064482688903809e-01
3.381879031658172607e-01
-5.096238255500793457e-01
1.258754372596740723e+00
-3.255696594715118408e-02
-1.170511722564697266e+00
-3.840571343898773193e-01
-3.820187598466873169e-02
-7.394559979438781738e-01
-1.919886350631713867e+00
-9.920724034309387207e-01
2.868177413940429688e+00
1.719445884227752686e-01
6.576992869377136230e-01
2.383571416139602661e-01
-3.193837106227874756e-01
-2.351100146770477295e-01
9.478172063827514648e-01
-2.897090613842010498e-01
-2.346949726343154907e-01
-7.278989553451538086e-01
-3.421144008636474609e+00
2.285622596740722656e+00
8.063381314277648926e-01
-1.932091593742370605e+00
1.383291244506835938e+00
3.095901906490325928e-01
-1.650989353656768799e-01
-6.199190616607666016e-01
1.481693148612976074e+00
-1.412473678588867188e+00
