-5.149463564157485962e-02
-9.411164522171020508e-01
8.281236886978149414e-01
-9.480447173118591309e-01
-1.781347990036010742e+00
-1.940711975097656250e+00
-5.063887238502502441e-01
-7.888884544372558594e-01
7.367326617240905762e-01
-2.110011100769042969e+00
8.217934370040893555e-01
-2.809498012065887451e-01
2.267654687166213989e-01
-1.135455846786499023e+00
1.467900991439819336e+00
7.780781388282775879e-01
-3.388040661811828613e-01
1.154150843620300293e+00
9.992458224296569824e-01
2.567263603210449219e+00
-1.437980651855468750e+00
9.376020431518554688e-01
-7.143350839614868164e-01
6.122537255287170410e-01
-1.739782810211181641e+00
-7.605163455009460449e-01
-6.072759628295898438e-01
6.371126770973205566e-01
-1.223294064402580261e-01
1.118423819541931152e+00
-2.145364522933959961e+00
-1.139356374740600586e+00
-2.216463327407836914e+00
-4.387257099151611328e-01
4.635795652866363525e-01
1.305683493614196777e+00
-2.301592588424682617e+00
-6.729930639266967773e-01
-4.207243025302886963e-01
-3.220355510711669922e-01
2.627575099468231201e-01
1.023272275924682617e+00
1.711279869079589844e+00
1.794920921325683594e+00
9.368152171373367310e-02
9.557800292968750000e-01
-9.898977875709533691e-01
1.441608190536499023e+00
5.616406202316284180e-01
-4.801605045795440674e-01
1.627105921506881714e-01
-7.836689352989196777e-01
9.451630711555480957e-01
6.920348405838012695e-01
2.577352225780487061e-01
7.508313059806823730e-01
5.579733848571777344e-01
9.380908310413360596e-02
-2.206992626190185547e+00
2.298538208007812500e+00
1.267406702041625977e+00
8.765146732330322266e-01
-7.918019294738769531e-01
2.110727071762084961e+00
1.066434502601623535e+00
-8.870702385902404785e-01
2.961960434913635254e-01
5.491031408309936523e-01
-9.530260562896728516e-01
-6.568454504013061523e-01
-1.358138769865036011e-01
7.837845683097839355e-01
3.396300792694091797e+00
7.519833445549011230e-01
-3.042015247046947479e-02
-1.539551377296447754e+00
1.603844523429870605e+00
-1.038843393325805664e+00
1.022127270698547363e+00
-3.082824945449829102e+00
-3.101548850536346436e-01
1.761725917458534241e-02
6.859885454177856445e-01
4.971266686916351318e-01
1.866780877113342285e+00
5.256957411766052246e-01
-1.932332515716552734e+00
1.709017276763916016e+00
2.013810127973556519e-01
1.718946933746337891e+00
-9.326346516609191895e-01
-2.376571655273437500e+00
7.756601572036743164e-01
1.308359384536743164e+00
-4.612972736358642578e-01
1.353502273559570312e+00
1.204620361328125000e+00
-1.077419444918632507e-01
-1.483887247741222382e-02
4.181852936744689941e-01
8.249712586402893066e-01
-2.751334309577941895e-01
-1.453036069869995117e+00
-1.165000200271606445e-01
8.337501883506774902e-01
-3.213591277599334717e-01
-6.463311910629272461e-01
5.033689737319946289e-01
1.538998931646347046e-01
8.590463995933532715e-01
-3.041994333267211914e+00
1.368272066116333008e+00
-1.916972517967224121e+00
-4.998345673084259033e-01
3.455801904201507568e-01
3.975394964218139648e-01
-2.403224408626556396e-01
-4.406299591064453125e-01
6.597455739974975586e-01
-8.056264519691467285e-01
-1.496672630310058594e+00
1.260959267616271973e+00
-9.242551922798156738e-01
-2.120062589645385742e+00
-7.659499049186706543e-01
-9.892874956130981445e-02
-7.598564028739929199e-01
-1.139287352561950684e+00
