-3.087514340877532959e-01
7.712734490633010864e-02
4.061659574508666992e-01
2.921739220619201660e-01
1.948039054870605469e+00
-6.330816149711608887e-01
-5.465607717633247375e-02
1.047240257263183594e+00
-5.220289826393127441e-01
-1.182411909103393555e+00
1.194635510444641113e+00
-3.261593282222747803e-01
6.679832339286804199e-01
-8.195757269859313965e-01
1.106450438499450684e+00
-1.944983720779418945e+00
-3.513928055763244629e-01
2.752919435501098633e+00
-7.805885672569274902e-01
1.381007432937622070e-01
-8.743388056755065918e-01
-9.396717548370361328e-01
-6.272373199462890625e-01
-8.048106431961059570e-01
-2.298790216445922852e+00
7.125778794288635254e-01
1.478235602378845215e+00
-8.308165669441223145e-01
1.941826224327087402e+00
1.434708237648010254e+00
-7.060658931732177734e-01
7.856743335723876953e-01
-6.937990188598632812e-01
2.584630966186523438e+00
-9.701961874961853027e-01
3.714475929737091064e-01
7.050310075283050537e-02
8.175637722015380859e-01
-5.284777283668518066e-02
-8.171716332435607910e-01
-2.009459495544433594e+00
-1.292479991912841797e+00
8.439949750900268555e-01
3.300624370574951172e+00
-2.441656291484832764e-01
1.358811974525451660e+00
-1.015643700957298279e-01
8.937634825706481934e-01
9.736463427543640137e-01
4.411928057670593262e-01
-6.649335026741027832e-01
-5.790433883666992188e-01
5.383055210113525391e-01
9.219002723693847656e-01
-1.265695214271545410e+00
-3.564450442790985107e-01
6.130728125572204590e-01
3.046544194221496582e-01
1.236444711685180664e+00
1.278285026550292969e+00
-1.403586268424987793e+00
1.764226675033569336e+00
-1.308554649353027344e+00
-6.990010142326354980e-01
-1.964576840400695801e-01
-2.326139926910400391e+00
-1.487941741943359375e-01
-3.848719894886016846e-01
2.883983552455902100e-01
-9.492211788892745972e-02
2.557802796363830566e-01
-2.700272083282470703e+00
-1.886149406433105469e+00
1.244389057159423828e+00
-8.760175704956054688e-01
9.040536880493164062e-01
3.813914656639099121e-01
-1.716813188977539539e-03
-2.952051758766174316e-01
-1.738546967506408691e+00
-8.195366859436035156e-01
-3.020154312252998352e-02
1.757973581552505493e-01
-4.209362342953681946e-02
-1.821031570434570312e+00
-9.816770553588867188e-01
-2.038459539413452148e+00
-1.702502965927124023e+00
1.157127618789672852e-01
-1.028869628906250000e+00
5.491387248039245605e-01
-5.809270143508911133e-01
-7.330911159515380859e-01
1.349554777145385742e+00
-6.656333804130554199e-01
2.125096470117568970e-01
9.913353323936462402e-01
1.195207238197326660e+00
-1.315479516983032227e+00
2.661049664020538330e-01
-2.968209385871887207e-01
-2.575697004795074463e-01
2.017301172018051147e-01
1.486196815967559814e-01
2.414570569992065430e+00
-7.360907196998596191e-01
-1.572981029748916626e-01
-1.301333785057067871e+00
-6.313036680221557617e-01
8.473943918943405151e-02
-1.105344772338867188e+00
3.116503238677978516e+00
8.414906263351440430e-01
6.575896739959716797e-01
1.427258849143981934e+00
-1.612747311592102051e+00
1.341867804527282715e+00
-1.650818347930908203e+00
1.461076021194458008e+00
2.113120794296264648e+00
-1.252459764480590820e+00
6.590849757194519043e-01
2.588980197906494141e-01
2.743174076080322266e+00
-1.320968985557556152e+00
-1.721405625343322754e+00
2.586129009723663330e-01
8.724740147590637207e-01
