-2.935695275664329529e-02
-3.536386787891387939e-01
7.451112270355224609e-01
1.317388266324996948e-01
1.683278441429138184e+00
1.116955876350402832e+00
-2.515712082386016846e-01
1.486291885375976562e+00
1.389944195747375488e+00
-1.060036778450012207e+00
1.595533639192581177e-01
-9.832638502120971680e-01
-7.327094078063964844e-01
1.256668567657470703e-01
1.753374457359313965e+00
-7.006676793098449707e-01
7.068670541048049927e-02
-1.655467599630355835e-01
-1.715327739715576172e+00
9.363508224487304688e-01
-2.597656659781932831e-02
1.790429353713989258e+00
5.722694098949432373e-02
-2.148394823074340820e+00
-1.127835288643836975e-01
-8.734179139137268066e-01
1.087279558181762695e+00
-1.706682205200195312e+00
-4.004774391651153564e-01
1.360793113708496094e+00
2.532364845275878906e+00
3.990363478660583496e-01
-1.174752593040466309e+00
-9.674238562583923340e-01
-6.376516819000244141e-01
-5.313829183578491211e-01
-7.627022266387939453e-01
-1.112195134162902832e+00
2.715581953525543213e-01
-5.367579460144042969e-01
-2.216828107833862305e+00
-8.074805140495300293e-01
1.014899373054504395e+00
5.377949476242065430e-01
3.131095767021179199e-01
4.275531768798828125e-01
-6.103472113609313965e-01
3.152044534683227539e+00
4.452309012413024902e-01
1.658104181289672852e+00
7.239962816238403320e-01
-1.558216929435729980e+00
2.013961076736450195e+00
1.061571478843688965e+00
6.493867635726928711e-01
-2.892735600471496582e-01
4.257789850234985352e-01
1.585747003555297852e+00
-5.597698092460632324e-01
1.063533425331115723e-01
-2.479718923568725586e+00
1.531080961227416992e+00
1.467652678489685059e+00
-8.523747920989990234e-01
5.600408315658569336e-01
-3.875643908977508545e-01
1.390818953514099121e+00
-1.180693984031677246e+00
-7.771470546722412109e-01
1.402682065963745117e+00
7.998364567756652832e-01
-5.373440384864807129e-01
4.184478148818016052e-02
9.635851383209228516e-01
1.593170523643493652e+00
-1.408935189247131348e+00
-1.060977935791015625e+00
-1.785627007484436035e+00
1.580637574195861816e+00
-9.843601584434509277e-01
-9.445576667785644531e-01
-9.376371502876281738e-01
9.496940970420837402e-01
1.309154152870178223e+00
-2.109619230031967163e-01
-1.563541293144226074e+00
-6.915385127067565918e-01
-1.421298384666442871e+00
-5.832072496414184570e-01
-1.427022933959960938e+00
1.889042735099792480e+00
-2.725058078765869141e+00
-4.061729311943054199e-01
-1.884318441152572632e-01
4.212835133075714111e-01
-1.005274653434753418e-01
2.292771190404891968e-01
2.788329422473907471e-01
1.374071985483169556e-01
-5.107813477516174316e-01
2.200286090373992920e-01
-1.467505842447280884e-01
3.564760982990264893e-01
-1.790848731994628906e+00
2.781747817993164062e+00
-1.889232695102691650e-01
-9.026828408241271973e-01
-1.080263219773769379e-02
-1.540626168251037598e+00
-1.782607913017272949e+00
-1.253783226013183594e+00
7.330429553985595703e-01
-9.178053736686706543e-01
1.478111863136291504e+00
5.929721593856811523e-01
-1.195250749588012695e+00
7.503323554992675781e-01
2.768725454807281494e-01
7.862387299537658691e-01
-1.783954262733459473e+00
-7.362909913063049316e-01
3.759325444698333740e-01
-1.008787378668785095e-01
-4.745081365108489990e-01
-1.306570768356323242e+00
-3.431309163570404053e-01
-2.526054680347442627e-01
2.478141546249389648e+00
