-1.869159102439880371e+00
-1.381063461303710938e+00
-6.445627808570861816e-01
5.540910363197326660e-01
1.225341916084289551e+00
-8.117643594741821289e-01
-1.030537486076354980e+00
8.560845851898193359e-01
2.705883979797363281e-01
-9.203137755393981934e-01
-9.982821941375732422e-01
-1.526133894920349121e+00
-2.033814787864685059e-01
9.022902846336364746e-01
6.042602062225341797e-01
1.357084274291992188e+00
-6.707166433334350586e-01
1.029604151844978333e-01
-8.331407904624938965e-01
4.066740870475769043e-01
1.386426568031311035e+00
-2.244681268930435181e-01
-1.562047958374023438e+00
-2.557858079671859741e-02
-1.707251548767089844e+00
2.098058938980102539e+00
3.389239311218261719e-01
-1.252145648002624512e+00
5.401594042778015137e-01
1.155052065849304199e+00
6.457325220108032227e-01
-2.045966148376464844e+00
-2.836385726928710938e+00
-7.192168235778808594e-01
1.078096270561218262e+00
1.320711970329284668e+00
8.375655412673950195e-01
-7.298504710197448730e-01
3.924105167388916016e-01
7.258324027061462402e-01
-6.452715396881103516e-01
1.740899085998535156e-01
1.182195901870727539e+00
2.071158960461616516e-02
-9.016441106796264648e-01
1.752608060836791992e+00
7.677569985389709473e-01
2.157498836517333984e+00
1.749461442232131958e-01
1.128190040588378906e+00
-4.509193897247314453e-01
9.240974485874176025e-02
-5.638981461524963379e-01
3.802435398101806641e-01
-1.155052781105041504e-01
6.637328267097473145e-01
2.170656919479370117e+00
-1.827694892883300781e+00
-6.625951081514358521e-02
1.273061633110046387e+00
7.283986359834671021e-02
1.714778900146484375e+00
-1.385115385055541992e-01
1.446153044700622559e+00
1.356454253196716309e+00
6.667994260787963867e-01
2.390469551086425781e+00
-1.273790597915649414e-01
6.644379496574401855e-01
-1.864701151847839355e+00
3.159320652484893799e-01
-2.294742822647094727e+00
-4.827901422977447510e-01
9.421414136886596680e-01
-6.610680818557739258e-01
-1.643127441406250000e+00
-1.512777209281921387e+00
1.429148077964782715e+00
7.344127893447875977e-01
-7.494635581970214844e-01
1.588456183671951294e-01
6.636753678321838379e-01
2.964004039764404297e+00
-5.961075425148010254e-01
5.277332067489624023e-01
-5.388600826263427734e-01
1.823281884193420410e+00
-7.786578536033630371e-01
4.670241773128509521e-01
1.868867516517639160e+00
-3.783061634749174118e-03
-7.058928608894348145e-01
-1.467720389366149902e+00
1.041018843650817871e+00
-1.847472786903381348e+00
-1.227917551994323730e+00
6.960914731025695801e-01
-2.764721155166625977e+00
1.484683275222778320e+00
2.069300174713134766e+00
4.316074401140213013e-02
-7.262812256813049316e-01
-5.681513547897338867e-01
1.003444194793701172e+00
8.772338032722473145e-01
-3.398752305656671524e-03
-6.076186150312423706e-02
-4.433832466602325439e-01
6.042419672012329102e-01
-3.936685621738433838e-01
9.345737099647521973e-01
1.729549527168273926e+00
1.733297586441040039e+00
-7.188826799392700195e-01
1.376740336418151855e+00
6.329430937767028809e-01
-4.287456870079040527e-01
-2.576319873332977295e-01
-1.265988349914550781e+00
-2.175302505493164062e+00
-2.963235855102539062e+00
-1.164999961853027344e+00
-9.436062574386596680e-01
-1.831791996955871582e+00
-9.493663311004638672e-01
-1.724948406219482422e+00
-7.520245313644409180e-01
-2.257416248321533203e+00
