1.797476112842559814e-01
9.996962547302246094e-01
-1.185231924057006836e+00
4.644181206822395325e-02
2.576682329177856445e+00
-4.354276694357395172e-03
-4.091313481330871582e-01
7.373402118682861328e-01
-3.150666713714599609e+00
-2.867013514041900635e-01
6.371581554412841797e-01
9.806672930717468262e-01
3.834609985351562500e-01
-1.719222307205200195e+00
1.474874258041381836e+00
-6.571503877639770508e-01
-3.295426964759826660e-01
1.878441929817199707e+00
-1.694473266601562500e+00
1.967493444681167603e-01
6.946192383766174316e-01
-1.398486733436584473e+00
-5.190330743789672852e-01
1.311712980270385742e+00
-1.807555198669433594e+00
1.595606684684753418e+00
6.552407741546630859e-01
3.561557531356811523e-01
-9.593720436096191406e-01
-2.270074794068932533e-03
-1.054735183715820312e+00
4.463697373867034912e-01
1.444079428911209106e-01
1.477885842323303223e+00
3.998809158802032471e-01
3.406586945056915283e-01
9.545100331306457520e-01
-7.144150137901306152e-01
2.465396374464035034e-02
4.294325038790702820e-02
2.135540172457695007e-02
8.424641191959381104e-02
9.430214762687683105e-01
-6.359427571296691895e-01
-2.976500034332275391e+00
-4.801805615425109863e-01
6.592438817024230957e-01
1.176333785057067871e+00
1.278796911239624023e+00
9.628822207450866699e-01
-2.061819314956665039e+00
-7.455945611000061035e-01
-7.665337920188903809e-01
1.574245810508728027e+00
-1.486338019371032715e+00
3.000361680984497070e+00
3.246763646602630615e-01
1.075813412666320801e+00
1.931867122650146484e+00
6.532765030860900879e-01
7.486552000045776367e-01
1.059288024902343750e+00
-9.492840170860290527e-01
-3.153219521045684814e-01
-1.257053732872009277e+00
-2.050780773162841797e+00
3.546169996261596680e-01
2.316262722015380859e+00
-2.746877074241638184e-01
-2.981913387775421143e-01
-3.962924480438232422e-01
-1.700379371643066406e+00
-1.680809020996093750e+00
6.490452885627746582e-01
-8.182139992713928223e-01
1.937517762184143066e+00
2.032451152801513672e+00
6.674948334693908691e-01
-6.338633298873901367e-01
-1.079295754432678223e+00
2.930752336978912354e-01
1.551183581352233887e+00
5.641170740127563477e-01
-6.893582344055175781e-01
1.073672696948051453e-01
2.822735309600830078e+00
-1.576594710350036621e+00
-1.114244818687438965e+00
1.262346148490905762e+00
-3.309152126312255859e-01
3.112881183624267578e-01
-4.192063957452774048e-02
-1.990358829498291016e+00
3.915436565876007080e-01
-1.492593169212341309e+00
-4.901463091373443604e-01
-6.894685328006744385e-02
1.279267191886901855e+00
-4.965993762016296387e-01
-1.476655721664428711e+00
-1.593576930463314056e-02
5.507209897041320801e-01
-2.159628152847290039e+00
-1.613656401634216309e+00
1.482682079076766968e-01
-9.567743539810180664e-01
-8.266093730926513672e-01
-1.050904154777526855e+00
9.564424753189086914e-01
-1.801248908042907715e+00
1.166692972183227539e+00
-1.394221663475036621e+00
1.946333050727844238e+00
5.276114344596862793e-01
6.023740768432617188e-02
-9.743469357490539551e-01
8.194398283958435059e-01
-2.023406505584716797e+00
-3.126246035099029541e-01
-8.153336495161056519e-02
-8.518540263175964355e-01
-9.381245374679565430e-01
2.271998882293701172e+00
2.103142023086547852e+00
-5.910080671310424805e-01
7.219318151473999023e-01
-1.449748158454895020e+00
5.617821216583251953e-01
