3.370654344558715820e+00
7.855478525161743164e-01
9.860762953758239746e-01
-1.230082631111145020e+00
5.943994522094726562e-01
-2.919759273529052734e+00
-1.857406497001647949e+00
-1.985281705856323242e+00
-1.083908677101135254e+00
-8.125144243240356445e-02
-1.138093233108520508e+00
-1.879401445388793945e+00
-4.699515644460916519e-03
-1.271920204162597656e+00
1.367111086845397949e+00
-1.449834942817687988e+00
-1.165866613388061523e+00
7.301167845726013184e-01
-7.276412844657897949e-01
8.968094587326049805e-01
-7.821136713027954102e-01
-1.301717162132263184e+00
-3.115631341934204102e-01
2.211893558502197266e+00
-7.517382502555847168e-02
-5.227490067481994629e-01
2.254319190979003906e+00
8.200209140777587891e-01
8.772381544113159180e-01
-1.485282421112060547e+00
1.730610847473144531e+00
7.553307414054870605e-01
-1.055930495262145996e+00
1.865451335906982422e-01
-3.239361345767974854e-01
3.780495226383209229e-01
-5.890688896179199219e-01
-1.462258696556091309e+00
4.777174592018127441e-01
-6.569446921348571777e-01
4.851747453212738037e-01
2.002324819564819336e+00
6.096122413873672485e-02
2.067507743835449219e+00
-5.490388870239257812e-01
-5.610199570655822754e-01
1.958921313285827637e+00
-8.116486668586730957e-01
5.207430720329284668e-01
2.330493628978729248e-01
7.064989954233169556e-02
-1.831813573837280273e+00
6.100265979766845703e-01
2.596878290176391602e+00
2.479018449783325195e+00
-3.366174697875976562e-01
5.973796844482421875e-01
2.365794420242309570e+00
2.819165468215942383e+00
1.756078600883483887e+00
1.162187829613685608e-01
-1.019201159477233887e+00
-7.316418886184692383e-01
2.644277095794677734e+00
3.502300679683685303e-01
-8.925338387489318848e-01
6.223756074905395508e-01
1.609407901763916016e+00
-8.072321116924285889e-02
7.615340352058410645e-01
-1.356212496757507324e-01
-1.262566566467285156e+00
-3.505646884441375732e-01
3.794885873794555664e-01
-5.124458670616149902e-01
-2.937579751014709473e-01
4.130141139030456543e-01
5.429266095161437988e-01
-1.738411426544189453e+00
-2.425339937210083008e+00
3.025285899639129639e-01
-1.675386428833007812e+00
1.686204552650451660e+00
-1.101762577891349792e-01
2.331409454345703125e+00
-3.952340781688690186e-01
-7.394658327102661133e-01
1.600872635841369629e+00
-6.668725013732910156e-01
-2.420513629913330078e+00
-2.341091781854629517e-01
-2.455678224563598633e+00
-1.904640346765518188e-01
1.399932622909545898e+00
8.269504308700561523e-01
-1.347850799560546875e+00
1.513569355010986328e+00
7.651768326759338379e-01
1.671394348144531250e+00
-4.114972427487373352e-02
1.805463790893554688e+00
-2.139391005039215088e-01
-9.398196339607238770e-01
-1.409153193235397339e-01
-1.756777763366699219e-01
-1.125525712966918945e+00
3.312849700450897217e-01
-2.013145446777343750e+00
-1.327882409095764160e+00
-1.616182804107666016e+00
1.454265117645263672e+00
-6.839491128921508789e-01
4.563609957695007324e-01
-1.092750668525695801e+00
-7.164768576622009277e-01
9.702301025390625000e-02
1.230748653411865234e+00
1.120364442467689514e-01
-8.281328678131103516e-01
-1.583334445953369141e+00
-5.593901276588439941e-01
3.629299625754356384e-02
-1.270217180252075195e+00
-1.008204579353332520e+00
-2.700549364089965820e-01
-2.483385354280471802e-01
-1.718567609786987305e-01
-7.188663482666015625e-01
