2.323505133390426636e-01
6.827696561813354492e-01
-1.148965120315551758e+00
-1.812801212072372437e-01
8.187841773033142090e-01
6.666607856750488281e-01
-3.139598965644836426e-01
1.948335170745849609e+00
4.782693982124328613e-01
-1.693466454744338989e-01
2.445891141891479492e+00
1.664395570755004883e+00
-1.176879331469535828e-01
3.886055052280426025e-01
-8.824599385261535645e-01
1.810875833034515381e-01
-6.282262802124023438e-01
1.046398002654314041e-02
-2.146613746881484985e-01
3.018438629806041718e-02
-4.245403707027435303e-01
5.615288019180297852e-01
-1.681076765060424805e+00
-1.808965086936950684e+00
-3.590968251228332520e-01
-6.858493685722351074e-01
-1.181349039077758789e+00
5.021229758858680725e-02
1.879575729370117188e+00
1.249588608741760254e+00
-7.378849387168884277e-01
-4.508198797702789307e-01
1.011621057987213135e-01
1.202970385551452637e+00
-1.321233630180358887e+00
-1.077667474746704102e+00
-5.320599675178527832e-01
-1.084580779075622559e+00
-1.229672193527221680e+00
-1.267130136489868164e+00
1.062174201011657715e+00
1.414757966995239258e+00
1.213534235954284668e+00
2.741586565971374512e-01
-1.861726284027099609e+00
1.363780021667480469e+00
-9.155709147453308105e-01
1.011035442352294922e+00
2.299029111862182617e+00
8.536580204963684082e-02
3.714239001274108887e-01
-1.828712224960327148e+00
1.439384460449218750e+00
6.730920672416687012e-01
7.781918048858642578e-01
1.051913380622863770e+00
9.541207551956176758e-02
-5.386264324188232422e-01
-2.976112604141235352e+00
9.312613606452941895e-01
4.595219492912292480e-01
7.877042293548583984e-01
-1.406627535820007324e+00
8.036055564880371094e-01
2.209983110427856445e+00
-1.742517948150634766e+00
-9.821772575378417969e-01
-1.188310027122497559e+00
-1.162162899971008301e+00
1.825340688228607178e-01
1.526079475879669189e-01
4.924169182777404785e-01
-8.651193976402282715e-01
1.640518665313720703e+00
9.658994078636169434e-01
-8.329070806503295898e-01
2.053613364696502686e-01
1.441022872924804688e+00
-1.170077681541442871e+00
-8.136982321739196777e-01
2.060590237379074097e-01
-2.515470981597900391e+00
-2.421884238719940186e-02
5.555387139320373535e-01
8.527194261550903320e-01
-6.103993952274322510e-02
-4.183062911033630371e-01
-7.750146985054016113e-01
-3.195564746856689453e-01
1.198569610714912415e-01
1.001728653907775879e+00
-2.035880804061889648e+00
-2.069052755832672119e-01
1.331526756286621094e+00
-8.838720917701721191e-01
2.471489191055297852e+00
1.362320780754089355e+00
7.311648726463317871e-01
-1.303370475769042969e+00
-4.449256062507629395e-01
2.585213780403137207e-01
6.206434369087219238e-01
8.447610735893249512e-01
1.181345507502555847e-01
1.113533854484558105e+00
3.016648888587951660e-01
5.911685228347778320e-01
4.849752187728881836e-01
2.634115219116210938e+00
1.251093000173568726e-01
-7.608962059020996094e-01
-7.254837751388549805e-01
-2.794281721115112305e+00
-6.036965250968933105e-01
1.208255529403686523e+00
-3.081832408905029297e+00
3.141481876373291016e+00
-9.091042876243591309e-01
-1.798658847808837891e+00
8.811834454536437988e-01
-2.971347332000732422e+00
2.650356590747833252e-01
-7.782041281461715698e-02
-1.046293139457702637e+00
-1.028580069541931152e+00
-1.621398091316223145e+00
7.847476601600646973e-01
5.450074672698974609e-01
