-1.129150748252868652e+00
-1.859675794839859009e-01
8.697608113288879395e-02
3.695657253265380859e-01
-6.316676139831542969e-01
-2.411919116973876953e+00
1.214369297027587891e+00
-8.847180604934692383e-01
-2.425959110260009766e+00
7.886442542076110840e-01
-1.051324367523193359e+00
1.239095211029052734e+00
-1.822358608245849609e+00
-2.255389213562011719e+00
2.563181877136230469e+00
1.654858112335205078e+00
-7.998324036598205566e-01
1.302189111709594727e+00
-1.199484840035438538e-01
-2.692508995532989502e-01
2.277933120727539062e+00
7.962647080421447754e-01
1.789283901453018188e-01
2.193471908569335938e+00
-1.860074520111083984e+00
-5.491491556167602539e-01
-2.094520092010498047e+00
1.606143862009048462e-01
5.797633528709411621e-01
4.938505291938781738e-01
-7.120785713195800781e-01
4.863731861114501953e-01
-1.363018035888671875e+00
2.045184612274169922e+00
1.976618528366088867e+00
-4.493520259857177734e-01
2.504459857940673828e+00
-7.021757364273071289e-01
-6.863467097282409668e-01
-2.947649955749511719e+00
5.362446904182434082e-01
1.430995464324951172e+00
1.977957248687744141e+00
-6.001683324575424194e-02
-2.092360019683837891e+00
7.419824004173278809e-01
-7.374650239944458008e-01
1.183701395988464355e+00
1.273251771926879883e+00
2.279489755630493164e+00
6.177375316619873047e-01
1.575850509107112885e-02
-1.744570970535278320e+00
-2.156261652708053589e-01
-2.667627036571502686e-01
9.602406620979309082e-01
1.953281879425048828e+00
-2.243185192346572876e-01
-1.346271753311157227e+00
4.785575270652770996e-01
1.029151320457458496e+00
3.190937638282775879e-01
1.787818074226379395e-01
-1.453078866004943848e+00
-3.911750614643096924e-01
9.328184127807617188e-01
1.462583780288696289e+00
-1.438408136367797852e+00
1.097765564918518066e-01
4.198873043060302734e-01
3.945443630218505859e-01
2.337696105241775513e-01
7.484291195869445801e-01
4.564582705497741699e-01
7.461256384849548340e-01
-3.934385776519775391e-01
5.386924147605895996e-01
3.292527198791503906e-01
4.933239817619323730e-01
-1.951906681060791016e+00
2.303140014410018921e-01
-1.412002325057983398e+00
1.227901458740234375e+00
-3.120121657848358154e-01
3.852726817131042480e-01
3.083640336990356445e-01
4.244941771030426025e-01
-6.141719222068786621e-01
-1.432573914527893066e+00
-1.380386114120483398e+00
1.364989995956420898e+00
1.840232461690902710e-01
-4.162746667861938477e-01
-7.855436205863952637e-01
-2.830699205398559570e+00
-2.214028835296630859e+00
1.315636277198791504e+00
1.205152750015258789e+00
1.023150920867919922e+00
-2.344151586294174194e-02
1.796912431716918945e+00
1.063204765319824219e+00
3.133245706558227539e-01
5.109737515449523926e-01
-1.727996207773685455e-02
5.379777550697326660e-01
-2.903534650802612305e+00
-3.624830245971679688e-01
-2.008172422647476196e-01
-1.208452343940734863e+00
1.054863333702087402e+00
-1.097831726074218750e+00
-6.056791543960571289e-01
-1.311709880828857422e-01
1.092573761940002441e+00
-1.134989261627197266e+00
1.492916494607925415e-01
-8.140165805816650391e-01
-1.690035700798034668e+00
3.784519135951995850e-01
-1.341871500015258789e+00
4.710966944694519043e-01
-3.987005650997161865e-01
-1.421203136444091797e+00
-2.050160020589828491e-01
1.181141018867492676e+00
-1.475584864616394043e+00
-5.917816758155822754e-01
