2.488950967788696289e+00
1.621867299079895020e+00
-9.740293025970458984e-01
-2.250962972640991211e+00
5.168302655220031738e-01
-1.565818302333354950e-02
-8.354638814926147461e-01
5.396072939038276672e-02
-1.862732529640197754e+00
-1.806064128875732422e+00
1.081876516342163086e+00
1.870400786399841309e+00
1.577861905097961426e-01
-2.256049156188964844e+00
-6.951069235801696777e-01
-1.805863738059997559e+00
-1.211766526103019714e-01
4.549310803413391113e-01
-1.312832713127136230e+00
7.915036678314208984e-01
-1.910145282745361328e+00
-1.707030177116394043e+00
3.027417063713073730e-01
3.712702989578247070e+00
3.165003061294555664e-01
-2.670207619667053223e-02
-3.563459813594818115e-01
-6.272686123847961426e-01
7.680195569992065430e-02
7.268162965774536133e-01
-1.618693947792053223e+00
-1.096056580543518066e+00
-1.848334372043609619e-01
2.056855678558349609e+00
8.037380576133728027e-01
6.162770390510559082e-01
-8.572124242782592773e-01
1.101786419749259949e-01
-1.173022910952568054e-01
4.261230528354644775e-01
4.671892151236534119e-02
4.247318804264068604e-01
2.255259901285171509e-01
1.245331168174743652e+00
1.630019545555114746e+00
-5.717567205429077148e-01
6.601875424385070801e-01
1.569003820419311523e+00
1.545556306838989258e+00
-4.221512079238891602e-01
5.097192525863647461e-01
-1.134121045470237732e-01
-7.601294517517089844e-01
1.427630305290222168e+00
8.791395425796508789e-01
-8.183150291442871094e-01
1.513754606246948242e+00
1.696580290794372559e+00
8.592736721038818359e-02
2.385765552520751953e+00
-1.023254752159118652e+00
1.516899019479751587e-01
9.393901824951171875e-01
1.509916901588439941e+00
-2.646829783916473389e-01
-4.202939510345458984e+00
1.325446248054504395e+00
-2.806184440851211548e-02
2.060003757476806641e+00
1.437933206558227539e+00
5.909041762351989746e-01
2.293134689331054688e+00
-8.744021654129028320e-01
1.038001291453838348e-02
1.163022875785827637e+00
-1.737670540809631348e+00
1.153480768203735352e+00
1.000030636787414551e+00
-7.147441506385803223e-01
-2.402932643890380859e+00
-5.269250273704528809e-01
-5.721402540802955627e-02
-1.585281372070312500e+00
1.054220676422119141e+00
5.826626420021057129e-01
1.792966842651367188e+00
-2.473689556121826172e+00
-9.799765348434448242e-01
3.169279694557189941e-01
-3.536535799503326416e-01
3.002561807632446289e+00
-3.291977643966674805e+00
-1.139384508132934570e+00
6.984240412712097168e-01
1.776529848575592041e-01
7.509152889251708984e-01
-1.213584065437316895e+00
-5.351055264472961426e-01
2.210239917039871216e-01
1.569818854331970215e-01
-1.969369053840637207e-01
-3.203911185264587402e-01
-1.245135426521301270e+00
3.462815582752227783e-01
-1.010028243064880371e+00
-1.045816421508789062e+00
-1.003459990024566650e-01
8.774143457412719727e-01
1.015710473060607910e+00
4.331551194190979004e-01
-1.145889639854431152e+00
-7.337440848350524902e-01
-1.842228621244430542e-01
-3.446427583694458008e-01
2.761676907539367676e-01
-4.657446146011352539e-01
1.103347167372703552e-02
1.163964986801147461e+00
-1.126861572265625000e+00
7.056296803057193756e-03
-2.672369718551635742e+00
-1.487915158271789551e+00
7.140185236930847168e-01
-8.746691793203353882e-02
1.756707951426506042e-02
2.016464769840240479e-01
6.323290467262268066e-01
-9.448857903480529785e-01
