-1.139094084501266479e-01
8.382363319396972656e-01
-1.730286777019500732e-01
3.568926453590393066e-01
9.019390344619750977e-01
-1.228005528450012207e+00
1.354386359453201294e-01
1.189970225095748901e-01
-2.156890153884887695e+00
2.869360148906707764e-01
1.542364247143268585e-02
-1.476113438606262207e+00
1.115885734558105469e+00
-1.860866665840148926e+00
8.848608732223510742e-01
-2.213273197412490845e-02
-1.558144211769104004e+00
-4.022393226623535156e-01
-1.980768680572509766e+00
-1.178885459899902344e+00
1.800083398818969727e+00
1.692039251327514648e+00
1.545370817184448242e+00
1.877567648887634277e+00
-2.628409862518310547e-01
6.326162219047546387e-01
1.546656131744384766e+00
-1.683884263038635254e+00
-1.064928174018859863e+00
-8.297209627926349640e-03
2.021902799606323242e-01
2.465886324644088745e-01
2.781642973423004150e-01
8.055350780487060547e-01
6.136127114295959473e-01
-9.942879080772399902e-01
-1.876481175422668457e+00
9.061107039451599121e-01
1.700427889823913574e+00
2.036585330963134766e+00
-3.748796284198760986e-01
-3.966590017080307007e-02
1.568488359451293945e+00
-7.412629723548889160e-01
7.730013728141784668e-01
-2.848631516098976135e-02
-3.568929433822631836e-01
-1.048807382583618164e+00
5.386991500854492188e-01
1.440093759447336197e-02
2.650490701198577881e-01
-1.473683118820190430e+00
3.074352443218231201e-01
-1.788089752197265625e+00
-1.694564461708068848e+00
9.785728454589843750e-01
-1.024057984352111816e+00
1.316091775894165039e+00
-8.871946930885314941e-01
3.156581401824951172e+00
7.567673921585083008e-01
9.047101140022277832e-01
3.918807506561279297e-01
1.464509487152099609e+00
1.309512734413146973e+00
-1.620083153247833252e-01
4.597618579864501953e-01
-7.718982100486755371e-01
-2.670422554016113281e+00
2.498177289962768555e-01
5.239179134368896484e-01
-7.492942214012145996e-01
3.203816413879394531e+00
6.708041429519653320e-01
-1.835283517837524414e+00
-2.318101406097412109e+00
-1.802956759929656982e-01
-4.757321774959564209e-01
-4.695086777210235596e-01
-1.153428077697753906e+00
-1.501028418540954590e+00
-8.184700012207031250e-01
5.009236931800842285e-01
-9.970232248306274414e-01
2.020796298980712891e+00
4.859195351600646973e-01
7.814140319824218750e-01
9.143272042274475098e-01
1.830171823501586914e+00
-8.288332223892211914e-01
-1.119058489799499512e+00
-2.588366717100143433e-02
-1.646281480789184570e-01
7.602582573890686035e-01
-1.381590247154235840e+00
-6.780108213424682617e-01
-3.599178791046142578e-01
4.873527288436889648e-01
-8.213528990745544434e-01
8.793481588363647461e-01
1.128548860549926758e+00
3.607094883918762207e-01
1.272476017475128174e-01
-8.679528236389160156e-01
-3.179758489131927490e-01
2.843237221240997314e-01
2.555723488330841064e-01
5.895045995712280273e-01
4.912108778953552246e-01
-9.948934316635131836e-01
-1.549988150596618652e+00
7.419598102569580078e-01
-9.469115734100341797e-01
1.976518273353576660e+00
6.966887712478637695e-01
-4.022689163684844971e-01
5.158085227012634277e-01
3.033470511436462402e-01
-1.230926156044006348e+00
-1.831055164337158203e+00
-7.663122564554214478e-02
-4.082327187061309814e-01
-2.115581989288330078e+00
-6.651854515075683594e-01
-6.914643049240112305e-01
-1.610852360725402832e+00
-1.124815821647644043e+00
3.057886600494384766e+00
