-2.644377648830413818e-01
8.463034629821777344e-01
-1.679667472839355469e+00
1.328786183148622513e-02
1.195937991142272949e+00
-1.741418838500976562e-01
9.775432348251342773e-01
7.124169915914535522e-02
-6.986995339393615723e-01
-9.580693244934082031e-01
1.670829057693481445e+00
-1.091992616653442383e+00
-2.997358739376068115e-01
-7.655081748962402344e-01
-8.124641180038452148e-01
-1.869185715913772583e-01
5.495707988739013672e-01
1.487302064895629883e+00
-1.170621037483215332e+00
1.410919904708862305e+00
9.809011220932006836e-02
-2.645871400833129883e+00
-5.460361838340759277e-01
-3.903577029705047607e-01
-8.468834757804870605e-01
4.814073070883750916e-02
3.158679604530334473e-01
-1.965274214744567871e+00
1.915038108825683594e+00
-2.856509387493133545e-01
1.474485039710998535e+00
-6.693061590194702148e-01
-3.154518306255340576e-01
-1.543936610221862793e+00
1.892028570175170898e+00
6.978877186775207520e-01
2.221149682998657227e+00
-1.324618756771087646e-01
-1.226006865501403809e+00
2.068793773651123047e-01
-3.836258947849273682e-01
8.485445976257324219e-01
1.082157850265502930e+00
1.706526160240173340e+00
-1.813367456197738647e-01
3.812652587890625000e+00
2.741939425468444824e-01
5.389278531074523926e-01
-4.804267548024654388e-03
2.436264514923095703e+00
3.748993575572967529e-01
-3.289506733417510986e-01
7.820551842451095581e-02
1.009383440017700195e+00
8.306828737258911133e-01
3.085294924676418304e-02
1.933285474777221680e+00
-2.503009140491485596e-01
-8.410972952842712402e-01
-6.715602278709411621e-01
-9.063654541969299316e-01
1.647928595542907715e+00
-3.144438505172729492e+00
1.286597609519958496e+00
4.077849686145782471e-01
-4.435996413230895996e-01
7.223878055810928345e-02
3.036081314086914062e+00
-7.513515651226043701e-02
1.120130658149719238e+00
-8.206763863563537598e-01
-3.307241439819335938e+00
1.009950637817382812e+00
1.170766130089759827e-01
-8.677628040313720703e-01
-4.105450510978698730e-01
-1.954431533813476562e+00
-5.132322907447814941e-01
-8.249733597040176392e-02
-1.102318525314331055e+00
-5.930526852607727051e-01
1.437240540981292725e-01
7.272425293922424316e-01
1.458526134490966797e+00
-7.372644543647766113e-01
1.778775453567504883e-01
-2.239291429519653320e+00
-2.577690124511718750e+00
-7.119235396385192871e-01
2.027159214019775391e+00
-1.173169970512390137e+00
-9.170241355895996094e-01
-2.130191564559936523e+00
7.559041380882263184e-01
-1.548707187175750732e-01
1.059857234358787537e-01
3.786070346832275391e-01
5.018850564956665039e-01
-9.431357611902058125e-04
9.134538173675537109e-01
-1.379101753234863281e+00
-5.236271619796752930e-01
1.395741552114486694e-01
-3.778011798858642578e-01
-3.159491121768951416e-01
-5.134826302528381348e-01
-1.553761124610900879e+00
2.656282186508178711e-01
4.021141529083251953e-01
-2.034129947423934937e-01
-4.660247266292572021e-01
-6.368008255958557129e-01
2.001752853393554688e+00
1.637876749038696289e+00
-2.453653097152709961e+00
1.149044752120971680e+00
1.545582056045532227e+00
-1.191483259201049805e+00
1.008638858795166016e+00
-5.758140683174133301e-01
9.629080295562744141e-01
3.893351852893829346e-01
-1.088979482650756836e+00
-6.665469408035278320e-01
-9.386422634124755859e-01
-7.731628417968750000e-01
-8.624287843704223633e-01
7.888699173927307129e-01
