2.023371696472167969e+00
-1.389253854751586914e+00
-1.614428520202636719e+00
8.246867060661315918e-01
2.329864740371704102e+00
-2.796939313411712646e-01
-9.268414378166198730e-01
5.977664589881896973e-01
-2.789948940277099609e+00
-5.294408798217773438e-01
-1.744493484497070312e+00
3.984047174453735352e-01
2.321370601654052734e+00
-1.615893721580505371e+00
1.228150129318237305e-01
-5.279933661222457886e-02
4.161711037158966064e-01
-1.051594972610473633e+00
-8.091625571250915527e-01
2.932219207286834717e-01
1.876931488513946533e-01
-1.549736499786376953e+00
2.479149550199508667e-01
4.691419899463653564e-01
3.556159734725952148e-01
2.046022653579711914e+00
-2.873759157955646515e-02
-1.969369769096374512e+00
-9.293882250785827637e-01
-4.524566531181335449e-01
6.951211392879486084e-02
-3.114319145679473877e-01
5.317227244377136230e-01
-5.275720357894897461e-01
1.671957373619079590e+00
9.280647337436676025e-02
1.608957767486572266e+00
2.055091142654418945e+00
-1.489558100700378418e+00
6.329239010810852051e-01
9.587139487266540527e-01
-1.106327295303344727e+00
1.956152439117431641e+00
1.128969192504882812e+00
9.592235833406448364e-02
7.497653961181640625e-01
4.450157582759857178e-01
-1.311831831932067871e+00
1.244657874107360840e+00
-7.104284763336181641e-01
2.293452620506286621e-01
-2.225327253341674805e+00
1.679230928421020508e-01
-2.288987860083580017e-02
9.296945333480834961e-01
-3.533288091421127319e-02
-2.297962605953216553e-01
5.257438123226165771e-02
1.974204540252685547e+00
1.441632628440856934e+00
-1.280175209045410156e+00
2.226886153221130371e-01
-1.832514643669128418e+00
2.311038732528686523e+00
-2.080075979232788086e+00
-1.155985593795776367e+00
1.146523833274841309e+00
1.453630089759826660e+00
-2.020923614501953125e+00
-8.922729492187500000e-01
4.693083465099334717e-01
-4.645754694938659668e-01
6.087976098060607910e-01
6.608421206474304199e-01
7.248237729072570801e-01
-1.058039903640747070e+00
-1.807987928390502930e+00
-1.770227029919624329e-02
8.593828678131103516e-01
-2.308790385723114014e-01
-1.243100285530090332e+00
-1.539763957262039185e-01
1.163418769836425781e+00
-9.934570789337158203e-01
1.275541543960571289e+00
2.510945200920104980e-01
-1.381482958793640137e+00
6.359045505523681641e-01
2.472360134124755859e-01
1.509098172187805176e+00
1.550484180450439453e+00
-1.856580734252929688e+00
-1.689479947090148926e+00
9.771248698234558105e-01
2.474478036165237427e-01
1.145782470703125000e+00
1.536414027214050293e+00
-6.156724691390991211e-01
3.757421970367431641e-01
-6.318678259849548340e-01
-1.150761723518371582e+00
-6.246646046638488770e-01
-7.375898957252502441e-02
8.572121262550354004e-01
-8.856131434440612793e-01
-9.099323153495788574e-01
-3.065180540084838867e+00
-7.926733493804931641e-01
1.289971709251403809e+00
-2.968829393386840820e+00
5.463334918022155762e-01
-1.964161276817321777e+00
2.964066565036773682e-01
1.685027241706848145e+00
-1.618242621421813965e+00
-9.433227777481079102e-01
-4.574221074581146240e-01
-1.401923537254333496e+00
-1.140727043151855469e+00
1.901208996772766113e+00
1.378811478614807129e+00
-7.163073420524597168e-01
9.688052535057067871e-01
-2.941565820947289467e-03
-2.849757671356201172e-01
1.664041280746459961e+00
1.650018334388732910e+00
5.965717434883117676e-01
