7.983850315213203430e-03
5.304787755012512207e-01
-4.347580373287200928e-01
-3.332152664661407471e-01
3.669065475463867188e+00
-8.700144886970520020e-01
-2.754624128341674805e+00
-9.867440462112426758e-01
-1.126180529594421387e+00
-8.261302113533020020e-01
-7.436379194259643555e-01
-5.164848566055297852e-01
1.389105558395385742e+00
3.326114118099212646e-01
-2.825784981250762939e-01
2.397973299026489258e+00
-3.182189941406250000e+00
2.035141587257385254e-01
-1.672165513038635254e+00
8.369233608245849609e-01
1.709014534950256348e+00
-1.959846727550029755e-02
-2.621553659439086914e+00
4.202459156513214111e-01
9.721972793340682983e-02
-1.721407771110534668e+00
2.857636809349060059e-01
-1.158925056457519531e+00
-1.600897789001464844e+00
1.149939656257629395e+00
-2.126463055610656738e-01
-1.215570569038391113e+00
-2.629453420639038086e+00
-8.308774977922439575e-02
-9.316199421882629395e-01
1.598437666893005371e+00
1.000692844390869141e+00
5.314481258392333984e-01
-1.654869616031646729e-01
1.024619936943054199e+00
-7.808069586753845215e-01
-2.753540277481079102e-01
4.344314336776733398e-01
2.192070484161376953e+00
-1.007256984710693359e+00
-1.195075869560241699e+00
-9.422999620437622070e-01
2.055982828140258789e+00
-6.866765022277832031e-01
1.042696237564086914e+00
6.863365769386291504e-01
9.192230105400085449e-01
-2.777760922908782959e-01
2.553008079528808594e+00
9.307635575532913208e-02
3.573012948036193848e-01
1.311363458633422852e+00
9.262049198150634766e-02
-1.436190605163574219e-01
2.655155956745147705e-01
7.871775627136230469e-01
3.723467513918876648e-02
1.054341793060302734e+00
2.043807983398437500e+00
7.216420173645019531e-01
5.068706870079040527e-01
2.073851823806762695e+00
1.781783342361450195e+00
1.166252017021179199e+00
-6.228585243225097656e-01
1.294100284576416016e+00
5.992267653346061707e-02
-7.791658043861389160e-01
1.399502992630004883e+00
-1.385422348976135254e-01
-5.796071290969848633e-01
-8.917464017868041992e-01
-5.193729996681213379e-01
-4.541683197021484375e-01
-2.411809682846069336e+00
3.588813245296478271e-01
1.349895447492599487e-01
9.255942702293395996e-01
-8.724662661552429199e-01
2.569205999374389648e+00
-1.381121873855590820e+00
9.135923385620117188e-01
4.660516083240509033e-01
8.236792683601379395e-01
6.572855114936828613e-01
1.186421290040016174e-01
-2.437514811754226685e-01
2.862740755081176758e-01
-2.728954255580902100e-01
5.673569440841674805e-01
-2.054335832595825195e+00
-6.231651306152343750e-01
-1.033128976821899414e+00
1.308485627174377441e+00
1.792094707489013672e+00
3.229952752590179443e-01
1.970708608627319336e+00
7.603968679904937744e-02
1.646083593368530273e+00
5.104082822799682617e-01
1.014986753463745117e+00
2.224506437778472900e-01
-8.831176161766052246e-01
-8.455726504325866699e-01
-6.789903640747070312e-01
-1.514044523239135742e+00
-1.081830024719238281e+00
6.728265285491943359e-01
-2.479377686977386475e-01
1.273940563201904297e+00
9.906744211912155151e-02
-5.859473347663879395e-02
-2.094012260437011719e+00
-2.101015090942382812e+00
-1.616836190223693848e+00
-1.792649030685424805e+00
-4.504707455635070801e-01
-3.098194003105163574e-01
-1.005368947982788086e+00
-8.103243112564086914e-01
3.291208148002624512e-01
-4.014346301555633545e-01
-1.486377596855163574e+00
