4.299089014530181885e-01
-4.504494965076446533e-01
-3.649041056632995605e-01
3.019797503948211670e-01
-1.149275660514831543e+00
6.601423025131225586e-01
-6.006467938423156738e-01
1.037102699279785156e+00
-2.863232791423797607e-01
-2.671377062797546387e-01
1.062476038932800293e-01
9.720410704612731934e-01
-1.216324210166931152e+00
-1.900230348110198975e-01
-1.288712382316589355e+00
-1.525123357772827148e+00
4.084969758987426758e-01
5.274005532264709473e-01
1.370079398155212402e+00
2.839327812194824219e+00
-1.313713073730468750e+00
-9.132691621780395508e-01
4.606692790985107422e-01
1.787025779485702515e-01
-3.136533021926879883e+00
-1.796262562274932861e-01
9.758718609809875488e-01
4.940745532512664795e-01
-1.047349214553833008e+00
9.521760344505310059e-01
-5.390373617410659790e-02
-2.225075483322143555e+00
-1.060220003128051758e+00
-5.832481011748313904e-02
-2.219292819499969482e-01
-6.466719508171081543e-01
-4.339112713932991028e-02
1.356322288513183594e+00
-9.829746484756469727e-01
-2.977727949619293213e-01
8.515194654464721680e-01
7.754895687103271484e-01
1.194491028785705566e+00
1.882936596870422363e+00
2.765937328338623047e+00
7.702323794364929199e-01
-1.361131310462951660e+00
-8.903187513351440430e-01
-4.696726500988006592e-01
3.578109741210937500e+00
6.980460286140441895e-01
1.221610307693481445e+00
7.329666614532470703e-01
5.266283750534057617e-01
6.385231018066406250e-02
-1.051388867199420929e-02
2.443929947912693024e-02
5.809861421585083008e-01
1.373881816864013672e+00
-3.792786598205566406e-01
-8.073142766952514648e-01
8.440016508102416992e-01
-3.452217817306518555e+00
1.070919513702392578e+00
2.634505748748779297e+00
-9.925675988197326660e-01
-1.608713984489440918e+00
-5.847015976905822754e-01
-1.053549442440271378e-02
2.420677393674850464e-01
2.867316007614135742e-01
1.103788256645202637e+00
2.632167041301727295e-01
1.272094845771789551e-01
3.289156556129455566e-01
3.162408471107482910e-01
2.757946252822875977e+00
1.827214717864990234e+00
7.040465474128723145e-01
-1.548474192619323730e+00
1.144085764884948730e+00
-1.770592212677001953e+00
1.889274477958679199e+00
-2.424139022827148438e+00
-1.362396001815795898e+00
-1.606594562530517578e+00
7.683953046798706055e-01
-2.757106065750122070e+00
9.826484322547912598e-01
-8.332945704460144043e-01
-1.594927072525024414e+00
-9.669204801321029663e-02
-1.005827486515045166e-01
-1.416728459298610687e-02
-1.132548570632934570e+00
-8.583614230155944824e-01
1.775321364402770996e+00
-6.475306749343872070e-01
6.472114324569702148e-01
-2.175760865211486816e-01
1.681930303573608398e+00
-3.242001682519912720e-02
-2.158646583557128906e+00
-6.174988672137260437e-02
2.228229522705078125e+00
1.516230106353759766e+00
-1.967698574066162109e+00
-1.574483275413513184e+00
-1.087923169136047363e+00
-2.979196071624755859e+00
8.011997938156127930e-01
8.098021745681762695e-01
1.815996289253234863e+00
2.091756910085678101e-01
4.962911903858184814e-01
5.771501064300537109e-01
-1.778539896011352539e+00
-2.569752216339111328e+00
1.269233703613281250e+00
9.532964974641799927e-02
-3.251663148403167725e-01
3.378722667694091797e-01
-5.494899749755859375e-01
-7.320345640182495117e-01
-4.884850680828094482e-01
8.368412405252456665e-02
6.024932861328125000e-01
-1.302131265401840210e-01
