6.755346059799194336e-01
-4.746735394001007080e-01
-3.259734213352203369e-01
-3.280192315578460693e-01
5.584498643875122070e-01
1.008734345436096191e+00
5.448361635208129883e-01
-1.895661115646362305e+00
-1.092829942703247070e+00
-1.451333403587341309e+00
-5.221030712127685547e-01
7.789275646209716797e-01
1.285090446472167969e+00
-1.247441172599792480e+00
-9.774374365806579590e-01
-6.783991456031799316e-01
-3.410495519638061523e-01
2.168336629867553711e+00
-1.569747328758239746e+00
2.260741949081420898e+00
-1.776877045631408691e-02
-6.672551482915878296e-02
9.403401613235473633e-01
9.627015590667724609e-01
-1.127433538436889648e+00
-1.435428380966186523e+00
1.721871733665466309e+00
-1.999142050743103027e+00
-8.912615776062011719e-01
1.029805094003677368e-01
4.424346685409545898e-01
7.812716960906982422e-01
-7.977554202079772949e-01
-1.441119611263275146e-02
-7.977029085159301758e-01
6.103829741477966309e-01
-3.762043714523315430e-01
1.480715125799179077e-01
-1.000421285629272461e+00
4.042024612426757812e-01
-8.723244667053222656e-01
4.757913947105407715e-01
1.094694495201110840e+00
-3.551227748394012451e-01
2.978495880961418152e-02
-4.817725419998168945e-01
-8.713039755821228027e-02
3.006636500358581543e-01
-4.589987993240356445e-01
5.277967825531959534e-02
-6.877886503934860229e-02
-3.347903788089752197e-01
8.956233859062194824e-01
-2.880189716815948486e-01
8.776312321424484253e-02
-5.297331809997558594e-01
1.471837997436523438e+00
1.505812287330627441e+00
3.100772857666015625e+00
1.424522757530212402e+00
1.396490454673767090e+00
-1.206985592842102051e+00
2.141488552093505859e+00
9.094722867012023926e-01
6.075621396303176880e-02
-1.456848621368408203e+00
-9.857595562934875488e-01
-3.451655507087707520e-01
6.197369098663330078e-01
1.411305814981460571e-01
9.873880743980407715e-01
-2.389293432235717773e+00
2.428754806518554688e+00
1.365629196166992188e+00
6.260769367218017578e-01
-1.410425782203674316e+00
-6.864758729934692383e-01
-1.127656579017639160e+00
-9.436493366956710815e-02
-1.002058506011962891e+00
-1.156249165534973145e+00
-1.682069420814514160e+00
-4.140045344829559326e-01
-9.916245937347412109e-03
-1.267200469970703125e+00
-1.517531037330627441e+00
-6.664679050445556641e-01
-2.719997644424438477e+00
6.748024225234985352e-01
2.230913341045379639e-01
-8.601675033569335938e-01
5.347600579261779785e-02
1.257394671440124512e+00
-2.666082605719566345e-02
2.309397935867309570e+00
2.142055749893188477e+00
1.561965703964233398e+00
-1.706463098526000977e-01
-1.210847973823547363e+00
1.670997381210327148e+00
-1.035049080848693848e+00
4.698934257030487061e-01
1.235005021095275879e+00
1.101703867316246033e-01
2.510961294174194336e+00
-4.444453120231628418e-01
-5.250312089920043945e-01
-3.764287829399108887e-01
2.305323600769042969e+00
-1.299025654792785645e+00
-8.638869524002075195e-01
1.306163787841796875e+00
-1.534362554550170898e+00
6.159349679946899414e-01
-2.462255954742431641e-01
5.283281207084655762e-01
2.883770689368247986e-02
-3.544469177722930908e-01
-6.685449481010437012e-01
4.084483385086059570e-01
-1.473575234413146973e+00
-4.283837378025054932e-01
1.438654899597167969e+00
-1.369761586189270020e+00
-1.152140736579895020e+00
-2.629614591598510742e+00
1.130392309278249741e-02
1.502644538879394531e+00
