-5.302899479866027832e-01
-6.290776133537292480e-01
-3.801754415035247803e-01
6.004001572728157043e-02
8.846110105514526367e-01
5.018703937530517578e-01
-2.341972738504409790e-01
1.225736975669860840e+00
1.474797143600881100e-03
-3.794538974761962891e-01
-9.821417927742004395e-01
-2.471467733383178711e+00
-1.758845925331115723e+00
-1.298741817474365234e+00
-1.354177713394165039e+00
8.095194101333618164e-01
4.257741272449493408e-01
8.946771025657653809e-01
-2.701526165008544922e+00
-3.062365651130676270e-01
1.210211396217346191e+00
-1.078832745552062988e+00
-1.118564248085021973e+00
1.210747584700584412e-01
1.001784443855285645e+00
1.059387564659118652e+00
1.814539670944213867e+00
-1.603888273239135742e+00
-6.822822988033294678e-02
-1.220191359519958496e+00
6.720511317253112793e-01
-3.293499350547790527e-01
-9.923126101493835449e-01
-1.676675319671630859e+00
2.217973470687866211e+00
1.558385848999023438e+00
1.504995584487915039e+00
3.604156672954559326e-01
-3.046317398548126221e-01
-1.286896765232086182e-01
3.213443040847778320e+00
-1.554229140281677246e+00
3.671064972877502441e-01
6.344828605651855469e-01
-9.040290117263793945e-01
3.976441919803619385e-01
7.070360779762268066e-01
1.881746530532836914e+00
1.515140652656555176e+00
9.016318321228027344e-01
1.624495387077331543e-01
1.386402249336242676e-01
-4.985529556870460510e-02
7.831722497940063477e-01
5.176444649696350098e-01
7.773720622062683105e-01
-5.097579956054687500e-01
-4.338921606540679932e-01
1.136619448661804199e+00
1.220685362815856934e+00
-5.632711574435234070e-02
4.209971725940704346e-01
2.772214889526367188e+00
1.116427898406982422e+00
-3.304804563522338867e-01
-1.713665246963500977e+00
5.455979704856872559e-01
-1.951484708115458488e-03
5.224748849868774414e-01
1.739861845970153809e+00
-5.430752038955688477e-01
1.869556903839111328e-01
2.358971862122416496e-03
2.616810202598571777e-01
-8.247378468513488770e-01
-2.505938053131103516e+00
1.665581703186035156e+00
-2.470649033784866333e-01
-1.499658465385437012e+00
-9.307901263236999512e-01
2.156026065349578857e-01
8.595218509435653687e-02
1.334215402603149414e+00
-1.062395095825195312e+00
3.682787656784057617e+00
1.154135242104530334e-01
-2.262548923492431641e+00
-4.845203161239624023e-01
-1.043867468833923340e+00
1.663875341415405273e+00
-1.945909708738327026e-01
-2.144638299942016602e+00
6.607671976089477539e-01
-1.638289391994476318e-01
1.616578698158264160e+00
3.355835080146789551e-01
8.528625965118408203e-01
2.431972920894622803e-01
2.939060330390930176e-01
8.595226407051086426e-01
-2.449368089437484741e-01
-2.101956158876419067e-01
-3.169442653656005859e+00
2.412649154663085938e+00
2.537749052047729492e+00
5.751012563705444336e-01
-4.600796401500701904e-01
-8.185676336288452148e-01
-4.255690872669219971e-01
-2.740949630737304688e+00
1.802973389625549316e+00
-7.806228846311569214e-02
-1.711083352565765381e-01
1.296072751283645630e-01
-3.456173896789550781e+00
-8.051021695137023926e-01
-1.150497436523437500e+00
-3.198556900024414062e-01
-6.212843656539916992e-01
5.061587095260620117e-01
9.380786679685115814e-03
-1.370782613754272461e+00
-2.029316425323486328e+00
7.277724146842956543e-01
-1.054994583129882812e+00
-1.090220808982849121e+00
2.431463897228240967e-01
-6.967515945434570312e-01
