-1.882139801979064941e+00
-2.525853216648101807e-01
3.850968554615974426e-02
3.188965916633605957e-01
1.517912626266479492e+00
-1.053374707698822021e-01
-8.837433457374572754e-01
-1.755385398864746094e-01
4.816237390041351318e-01
-2.250457853078842163e-01
-1.379055678844451904e-01
-2.889870405197143555e-01
-1.003853082656860352e+00
-7.286903262138366699e-01
6.827196478843688965e-01
-1.961641311645507812e+00
-1.728870421648025513e-01
1.249245285987854004e+00
-1.187203049659729004e+00
1.752314567565917969e+00
-1.099263906478881836e+00
-1.293666601181030273e+00
-6.340686678886413574e-01
3.506729379296302795e-02
-3.325501441955566406e+00
3.276833295822143555e-01
-4.979246556758880615e-01
3.240015208721160889e-01
-5.838655233383178711e-01
3.613849878311157227e-01
1.409681200981140137e+00
4.698109999299049377e-02
7.440266609191894531e-01
-1.374840289354324341e-01
8.143503665924072266e-01
-6.206315755844116211e-01
6.718668341636657715e-02
-1.989700913429260254e+00
5.655862689018249512e-01
-2.392307281494140625e+00
-1.093344092369079590e+00
1.223284363746643066e+00
1.060454845428466797e+00
9.604558348655700684e-02
2.030794620513916016e-01
9.655470252037048340e-01
-7.878145575523376465e-01
8.406062722206115723e-01
-4.568481445312500000e-01
3.637201309204101562e+00
-1.920840382575988770e+00
-4.821736738085746765e-02
-4.015492498874664307e-01
2.272912114858627319e-01
-9.000763893127441406e-01
-8.788292855024337769e-02
-4.806683063507080078e-01
1.693738102912902832e+00
1.255948901176452637e+00
9.131228327751159668e-01
3.068874478340148926e-01
1.282048821449279785e+00
-1.526059508323669434e-01
2.344049066305160522e-01
4.064555168151855469e-01
-3.293076753616333008e-01
-3.314284980297088623e-01
2.961555421352386475e-01
1.285542011260986328e+00
8.413630723953247070e-01
-1.793745279312133789e+00
-1.016249656677246094e+00
-3.463402390480041504e-01
-7.476093620061874390e-02
-5.990931391716003418e-01
1.190245151519775391e+00
-9.635111093521118164e-01
1.174996495246887207e+00
-7.585694789886474609e-01
-1.245050549507141113e+00
-4.219779968261718750e-01
-1.867396831512451172e+00
2.036311388015747070e+00
-1.405364036560058594e+00
-9.378122091293334961e-01
2.147925376892089844e+00
1.321590900421142578e+00
-1.519888162612915039e+00
-1.593147055245935917e-03
2.058389663696289062e+00
-1.263912677764892578e+00
-4.114752709865570068e-01
-1.211466073989868164e+00
1.495060563087463379e+00
-2.146756649017333984e+00
1.905689388513565063e-01
1.365130901336669922e+00
-1.071061611175537109e+00
7.567165493965148926e-01
2.482328653335571289e+00
3.707283437252044678e-01
1.036639451980590820e+00
1.921252250671386719e+00
6.733596324920654297e-01
2.795002937316894531e+00
7.269702553749084473e-01
-3.597119152545928955e-01
-1.327535510063171387e+00
2.130874395370483398e-01
-3.127580165863037109e+00
1.065387368202209473e+00
-1.933094859123229980e-02
-3.746290206909179688e-01
2.397778987884521484e+00
-6.513634920120239258e-01
-2.934002280235290527e-01
2.967409133911132812e+00
-1.708519101142883301e+00
-2.989826351404190063e-02
-1.333788514137268066e+00
1.625383853912353516e+00
-2.134102821350097656e+00
-5.415589809417724609e-01
-2.200196027755737305e+00
-7.197002768516540527e-01
-2.675246596336364746e-01
1.219850420951843262e+00
1.022248148918151855e+00
