7.475189566612243652e-01
9.266481995582580566e-01
2.987845242023468018e-01
1.962067782878875732e-01
1.744183450937271118e-01
-1.091533899307250977e+00
-1.560760736465454102e+00
-2.159922719001770020e-01
4.486143589019775391e-01
-5.372791290283203125e-01
-1.331054270267486572e-01
-4.768829345703125000e-01
6.883243918418884277e-01
1.284526109695434570e+00
-1.377227604389190674e-01
-1.215677261352539062e+00
-1.502377867698669434e+00
-1.182396039366722107e-01
2.539504170417785645e-01
-1.417960286140441895e+00
2.006397247314453125e+00
-1.944106101989746094e+00
-1.172641873359680176e+00
1.228942751884460449e+00
-2.607052028179168701e-01
-6.081348657608032227e-01
3.762575387954711914e-01
-1.762707829475402832e+00
-4.497005641460418701e-01
3.511803746223449707e-01
2.092957735061645508e+00
-2.290276288986206055e+00
-1.956089973449707031e+00
2.746197462081909180e+00
-1.414250731468200684e+00
1.541745185852050781e+00
-7.311094999313354492e-01
-4.521501064300537109e-01
2.791185140609741211e+00
-4.140166044235229492e-01
9.654335975646972656e-01
9.427985548973083496e-01
1.347340226173400879e+00
8.835403919219970703e-01
4.880597293376922607e-01
-2.184000492095947266e+00
7.553589940071105957e-01
-1.286493241786956787e-02
1.982027292251586914e-01
1.117888689041137695e+00
2.204823970794677734e+00
-2.746213078498840332e-01
8.957682251930236816e-01
1.864480495452880859e+00
-6.762357354164123535e-01
-4.953391551971435547e-01
-2.630434930324554443e-01
-3.346523940563201904e-01
2.750540971755981445e+00
1.125006079673767090e+00
1.594571471214294434e+00
-4.409074783325195312e-01
1.010667920112609863e+00
1.901516675949096680e+00
1.741658926010131836e+00
-3.173463046550750732e-01
-5.511261820793151855e-01
9.166342020034790039e-01
1.570485115051269531e+00
7.074466943740844727e-01
7.692683935165405273e-01
-2.546523809432983398e-01
-2.413488328456878662e-01
-9.720055013895034790e-02
-1.803132057189941406e+00
-3.396159037947654724e-02
-1.826582252979278564e-01
-1.700872540473937988e+00
-8.648629784584045410e-01
-1.624347567558288574e+00
1.570889711380004883e+00
-8.194078803062438965e-01
-9.270458817481994629e-01
-4.809074476361274719e-02
1.959534764289855957e+00
2.887589111924171448e-02
-1.897161126136779785e+00
1.203945040702819824e+00
2.669605016708374023e-01
-1.615523457527160645e+00
1.248983025550842285e+00
-1.696481823921203613e+00
-4.338714182376861572e-01
2.613368749618530273e+00
4.617385566234588623e-01
-2.023536920547485352e+00
1.177244901657104492e+00
-4.557555019855499268e-01
3.379019200801849365e-01
8.307777643203735352e-01
-5.725542828440666199e-02
1.597786903381347656e+00
-6.866559386253356934e-02
6.286059617996215820e-01
-1.459889888763427734e+00
1.557562053203582764e-01
-1.081310391426086426e+00
-8.949283361434936523e-01
-8.712203055620193481e-02
-2.013796567916870117e+00
-6.199635863304138184e-01
-1.185548901557922363e-01
-9.902849793434143066e-01
-1.879084706306457520e+00
1.071139812469482422e+00
6.391885131597518921e-02
8.059206604957580566e-01
-1.089002251625061035e+00
-1.333635687828063965e+00
-5.606655478477478027e-01
-7.119972109794616699e-01
8.422923088073730469e-01
-2.355604618787765503e-01
-1.411841154098510742e+00
-7.312338948249816895e-01
5.058583617210388184e-01
-2.313332557678222656e+00
-1.993854641914367676e+00
