5.183996558189392090e-01
1.578949093818664551e-01
9.963317774236202240e-03
-3.251424133777618408e-01
-1.347133219242095947e-01
4.025900363922119141e-01
-5.718215927481651306e-02
-1.092230319976806641e+00
-2.027232885360717773e+00
-1.511735320091247559e+00
7.545233964920043945e-01
8.544778227806091309e-01
-8.298629522323608398e-01
-4.363725781440734863e-01
-7.598716616630554199e-01
6.317591667175292969e-01
-2.587849795818328857e-01
1.255442023277282715e+00
-1.126161217689514160e+00
-9.817602634429931641e-01
-5.848696827888488770e-01
5.983144640922546387e-01
4.557902365922927856e-02
8.097816258668899536e-02
-8.418437242507934570e-01
-1.032854318618774414e-01
1.563084959983825684e+00
5.047570466995239258e-01
-1.092928647994995117e+00
-1.116021633148193359e+00
-1.381839513778686523e+00
-1.246332049369812012e+00
-2.322749495506286621e-01
-9.979745149612426758e-01
-6.942328810691833496e-02
6.767377853393554688e-01
1.458626270294189453e+00
-3.427484929561614990e-01
-1.855489850044250488e+00
3.512738049030303955e-01
1.329412460327148438e+00
7.711446285247802734e-01
2.162033796310424805e+00
2.165037870407104492e+00
-1.058560132980346680e+00
-1.349983811378479004e+00
2.585218429565429688e+00
9.197083711624145508e-01
5.898020267486572266e-01
-9.286757111549377441e-01
-2.396289408206939697e-01
-1.611979007720947266e-01
-1.819686442613601685e-01
-1.294693827629089355e+00
-8.691943287849426270e-01
7.139477133750915527e-01
-3.112289667129516602e+00
1.794432640075683594e+00
-7.175362855195999146e-02
-1.592791676521301270e+00
-1.916774213314056396e-01
1.872093796730041504e+00
6.494768857955932617e-01
7.015888094902038574e-01
-7.530554533004760742e-01
-1.410872459411621094e+00
-2.980506718158721924e-01
-5.873745083808898926e-01
5.961179733276367188e-01
-5.888457298278808594e-01
-4.044300019741058350e-01
1.344196557998657227e+00
-2.108992785215377808e-01
3.179459273815155029e-01
1.666238903999328613e-01
6.057701706886291504e-01
-9.080602526664733887e-01
1.149838685989379883e+00
-7.983578443527221680e-01
-1.443426489830017090e+00
2.004479408264160156e+00
1.051165699958801270e+00
6.655523777008056641e-01
8.147515058517456055e-01
1.949176430702209473e+00
3.241365775465965271e-02
-3.483588695526123047e-01
-1.508514404296875000e+00
-1.828885376453399658e-01
-1.540143966674804688e+00
1.977201342582702637e+00
-4.249235689640045166e-01
-2.023940324783325195e+00
-1.139817118644714355e+00
-1.209258437156677246e+00
-4.395078420639038086e-01
1.062125682830810547e+00
-1.497567772865295410e+00
1.025687694549560547e+00
-1.252847671508789062e+00
-2.837703526020050049e-01
-4.618934094905853271e-01
-1.599434256553649902e+00
4.797024726867675781e-01
2.811363220214843750e+00
-1.575176596641540527e+00
-2.952892780303955078e-01
-1.074100375175476074e+00
3.071334600448608398e+00
-9.040918350219726562e-01
1.296128988265991211e+00
-1.963224887847900391e+00
1.375194191932678223e+00
2.848902940750122070e+00
2.645615339279174805e-01
5.755063295364379883e-01
7.962252944707870483e-02
6.398576498031616211e-02
-1.748709797859191895e+00
1.823158144950866699e+00
-2.361195832490921021e-01
1.191115021705627441e+00
1.746242403984069824e+00
1.284784197807312012e+00
-7.199453711509704590e-01
1.621097564697265625e+00
-2.018314123153686523e+00
-7.047137022018432617e-01
