2.814305126667022705e-01
2.307041436433792114e-01
-2.374412864446640015e-01
-5.772872567176818848e-01
-1.617376327514648438e+00
-7.665734291076660156e-01
1.302837371826171875e+00
-2.364653646945953369e-01
-8.499399423599243164e-01
1.569629073143005371e+00
-3.518812060356140137e-01
-4.183247983455657959e-01
2.541650235652923584e-01
-6.403234004974365234e-01
1.183519959449768066e+00
-1.823838591575622559e+00
2.275077253580093384e-02
1.550793945789337158e-01
5.817632004618644714e-02
5.940449237823486328e-01
5.417171865701675415e-02
1.004829645156860352e+00
8.962303996086120605e-01
1.287998557090759277e+00
-1.459593534469604492e+00
4.445861279964447021e-02
2.969214320182800293e-01
8.087682723999023438e-01
9.159362912178039551e-01
-3.583154082298278809e-01
-2.401868581771850586e+00
-3.789927482604980469e+00
-5.021201372146606445e-01
1.991153240203857422e+00
-5.115160718560218811e-02
6.308984160423278809e-01
-1.202551245689392090e+00
1.130128741264343262e+00
4.434207677841186523e-01
2.278599739074707031e+00
7.680430412292480469e-01
1.513562798500061035e-01
2.016539096832275391e+00
5.257480144500732422e-01
-1.115406274795532227e+00
2.123317956924438477e+00
-1.541829347610473633e+00
2.786844730377197266e+00
3.883210420608520508e-01
7.272123545408248901e-02
-1.133318781852722168e+00
-5.305016040802001953e-01
7.146690487861633301e-01
-2.424008399248123169e-01
2.091606892645359039e-02
2.392807722091674805e+00
-4.654046595096588135e-01
1.175792098045349121e+00
-3.352647542953491211e+00
8.769412040710449219e-01
3.873364031314849854e-01
1.980067044496536255e-02
-1.366208434104919434e+00
-1.106750845909118652e+00
9.431062340736389160e-01
-4.689264893531799316e-01
2.466991186141967773e+00
-3.028967976570129395e-01
6.638413667678833008e-01
-1.055128931999206543e+00
4.221710842102766037e-03
1.776727437973022461e+00
1.959419250488281250e+00
2.796239554882049561e-01
-1.875564306974411011e-01
-1.571736693382263184e+00
-8.465847373008728027e-01
3.965573906898498535e-01
-5.755156278610229492e-01
-2.557421684265136719e+00
-3.423560380935668945e+00
-5.664578080177307129e-01
-8.838934451341629028e-02
-1.418812274932861328e+00
1.410716176033020020e+00
-2.172517776489257812e-01
-1.020142197608947754e+00
-3.021470606327056885e-01
5.010998845100402832e-01
-6.387860178947448730e-01
1.193148493766784668e+00
-1.094963774085044861e-01
6.732608377933502197e-02
1.390639901161193848e+00
-3.527605906128883362e-02
-7.234933376312255859e-01
1.595610380172729492e+00
1.031276106834411621e+00
1.693229794502258301e+00
2.643616437911987305e+00
2.412815839052200317e-01
4.453697502613067627e-01
-1.355755180120468140e-01
-1.333438903093338013e-01
5.907193422317504883e-01
5.019952654838562012e-01
-1.473149776458740234e+00
5.661234259605407715e-01
5.447423458099365234e-01
-1.644525527954101562e+00
-4.010762274265289307e-01
-6.676769852638244629e-01
-9.497291445732116699e-01
6.471598744392395020e-01
-4.628261327743530273e-01
-8.435009121894836426e-01
7.221893072128295898e-01
-1.978584170341491699e+00
-2.804376184940338135e-01
9.429076313972473145e-01
8.785744309425354004e-01
-1.961245685815811157e-01
-1.404589414596557617e+00
-1.077410697937011719e+00
-9.458373785018920898e-01
1.594091802835464478e-01
-1.473282724618911743e-01
-1.394197106361389160e+00
