-5.695312619209289551e-01
-1.782057404518127441e+00
1.128059387207031250e+00
8.762151598930358887e-01
1.033758521080017090e+00
-5.978411808609962463e-02
-7.723180651664733887e-01
-2.999542355537414551e-01
-1.070137262344360352e+00
-1.618378609418869019e-01
1.263516426086425781e+00
-6.138336062431335449e-01
1.765452474355697632e-01
1.356441378593444824e-01
4.282326102256774902e-01
-1.040115430951118469e-01
-4.053464531898498535e-02
-1.041295751929283142e-01
-1.615663528442382812e+00
1.844388842582702637e+00
1.116275072097778320e+00
-2.320113420486450195e+00
1.057237029075622559e+00
4.719313979148864746e-01
-2.397639989852905273e+00
8.625396341085433960e-02
4.363901913166046143e-01
6.236783694475889206e-03
1.360805183649063110e-01
1.417836546897888184e+00
-1.522598385810852051e+00
-1.310439229011535645e+00
-1.737758874893188477e+00
7.916442155838012695e-01
6.025267243385314941e-01
-1.427762210369110107e-01
-4.213432967662811279e-01
-1.605088114738464355e+00
-5.672447085380554199e-01
-9.665071219205856323e-02
4.987052977085113525e-01
-1.262035131454467773e+00
1.240128636360168457e+00
1.448098421096801758e+00
1.318118929862976074e+00
9.932748675346374512e-01
-4.975675940513610840e-01
3.361828088760375977e+00
8.330733180046081543e-01
9.932719469070434570e-01
4.378176927566528320e-01
-4.029110074043273926e-01
1.953132152557373047e+00
-1.284494519233703613e+00
-1.261419337242841721e-02
-2.485388070344924927e-01
5.286198854446411133e-01
-1.328049153089523315e-01
-1.550865769386291504e+00
2.215730190277099609e+00
-2.215609550476074219e+00
1.965347886085510254e+00
-2.274271726608276367e+00
1.255631804466247559e+00
-1.540513634681701660e-01
-2.043087244033813477e+00
-7.974141836166381836e-01
3.815800845623016357e-01
-1.577523469924926758e+00
8.954800367355346680e-01
1.007896065711975098e+00
-1.595628142356872559e+00
1.753227353096008301e+00
3.728372454643249512e-01
-2.503916919231414795e-01
-1.362812519073486328e+00
-1.198143243789672852e+00
-1.176957368850708008e+00
4.734802246093750000e-01
-7.098281383514404297e-01
3.760650455951690674e-01
4.970454052090644836e-02
7.098659276962280273e-01
-1.246676325798034668e+00
5.176578164100646973e-01
-3.706497192382812500e+00
1.873540431261062622e-01
-1.996900200843811035e+00
1.774996995925903320e+00
-3.550582528114318848e-01
-2.049377858638763428e-01
-6.236047148704528809e-01
4.865452945232391357e-01
-6.310886740684509277e-01
8.326331377029418945e-01
-2.030133008956909180e-01
-9.116499423980712891e-01
1.368249893188476562e+00
-8.468696475028991699e-02
6.265740394592285156e-01
6.158088445663452148e-01
3.332559466361999512e-01
-2.927953600883483887e-01
-2.233567386865615845e-01
2.294616460800170898e+00
1.411766648292541504e+00
-2.361630788072943687e-03
7.064105868339538574e-01
-3.913753628730773926e-01
1.781434297561645508e+00
1.370350599288940430e+00
1.769842147827148438e+00
3.493191674351692200e-02
-4.951407015323638916e-01
2.366882085800170898e+00
-3.103471517562866211e+00
1.130000233650207520e+00
8.965119719505310059e-01
-8.829256892204284668e-01
-1.642681002616882324e+00
-4.537994563579559326e-01
8.083515763282775879e-01
-1.465062975883483887e+00
-6.630755066871643066e-01
-1.301349997520446777e+00
1.034183979034423828e+00
-5.716753602027893066e-01
5.602928400039672852e-01
