1.936804890632629395e+00
3.810428678989410400e-01
-5.840013027191162109e-01
2.065944224596023560e-01
9.241634607315063477e-01
2.063561826944351196e-01
1.394307464361190796e-01
-3.596881628036499023e-01
-7.097089290618896484e-01
-1.011691451072692871e+00
7.617675662040710449e-01
2.242267847061157227e+00
1.253009438514709473e+00
2.082242135656997561e-04
3.925437927246093750e-01
-1.524049520492553711e+00
-1.038786411285400391e+00
3.591996729373931885e-01
-3.844427168369293213e-01
-1.666540384292602539e+00
-9.154133796691894531e-01
3.616130650043487549e-01
-8.541889190673828125e-01
-7.837183773517608643e-02
-1.829967617988586426e+00
1.596221566200256348e+00
-1.084334850311279297e+00
-1.438701599836349487e-01
1.194745063781738281e+00
9.688693284988403320e-01
1.645733475685119629e+00
-7.304921150207519531e-01
-1.259510755538940430e+00
2.603433847427368164e+00
7.060941457748413086e-01
5.138240456581115723e-01
1.653200238943099976e-01
-9.458853602409362793e-01
-2.056014299392700195e+00
1.035926818847656250e+00
1.174605250358581543e+00
2.091625928878784180e+00
1.080687046051025391e+00
1.767046749591827393e-01
-3.779223263263702393e-01
5.482646226882934570e-01
-2.600049257278442383e+00
-4.051266014575958252e-01
-2.084104776382446289e+00
-2.878692448139190674e-01
-1.144752383232116699e+00
1.156274676322937012e+00
2.611971274018287659e-02
6.017469763755798340e-01
-7.860824465751647949e-02
5.519606471061706543e-01
-1.632633924484252930e+00
1.863494396209716797e+00
1.508412599563598633e+00
1.945430874824523926e+00
-1.454409211874008179e-01
4.482488706707954407e-02
6.631729751825332642e-02
-6.353725194931030273e-01
-1.580471158027648926e+00
-5.924453735351562500e-01
-8.116634488105773926e-01
5.721692442893981934e-01
6.835211515426635742e-01
-4.026458412408828735e-02
5.939407348632812500e-01
-2.469783276319503784e-01
2.609464526176452637e-01
8.778785467147827148e-01
1.966248273849487305e+00
7.901911139488220215e-01
1.124761700630187988e-01
1.320589184761047363e+00
-1.914317011833190918e+00
-1.764320135116577148e+00
-3.802983164787292480e-01
-6.679494380950927734e-01
-1.662437319755554199e-01
-5.992366075515747070e-01
2.154459238052368164e+00
1.745087265968322754e+00
-8.052502572536468506e-02
-1.394385576248168945e+00
-1.987579762935638428e-01
2.249359488487243652e-01
1.830584764480590820e+00
2.060874938964843750e+00
-1.341153979301452637e+00
-2.013558596372604370e-01
1.759867787361145020e+00
-9.098015427589416504e-01
-1.360822468996047974e-01
-4.992012381553649902e-01
3.904955983161926270e-01
-1.449392676353454590e+00
-3.828667402267456055e-01
1.475178450345993042e-01
4.392369985580444336e-01
7.593102455139160156e-01
-1.678110480308532715e+00
-7.632515430450439453e-01
-1.686206579208374023e+00
-9.035021662712097168e-01
1.061272382736206055e+00
-3.365906000137329102e+00
-1.626307725906372070e+00
-1.468969464302062988e+00
2.107691764831542969e+00
-1.411625862121582031e+00
-1.760690689086914062e+00
-1.130193352699279785e+00
-8.636122345924377441e-01
-1.906185746192932129e-01
-1.197166085243225098e+00
5.021991729736328125e-01
1.945369124412536621e+00
-9.666910767555236816e-01
-3.510186076164245605e-01
1.723119854927062988e+00
-8.713126778602600098e-01
1.116010785102844238e+00
2.185013331472873688e-02
1.710438132286071777e+00
