4.712055325508117676e-01
-4.535925090312957764e-01
-2.539595663547515869e-01
2.786547243595123291e-01
-6.329424977302551270e-01
2.770925685763359070e-02
8.452168703079223633e-01
2.288207858800888062e-01
-1.364958167076110840e+00
2.737407684326171875e-01
7.418491244316101074e-01
-1.050700902938842773e+00
1.231442809104919434e+00
-1.748559474945068359e+00
1.494500517845153809e+00
2.575755715370178223e-01
3.450809121131896973e-01
5.826302170753479004e-01
-7.591318488121032715e-01
1.893468737602233887e+00
-4.993385076522827148e-01
-1.301650404930114746e+00
4.014534652233123779e-01
-1.362856268882751465e+00
2.591079659759998322e-02
-8.238884210586547852e-01
2.115207672119140625e+00
-1.764282464981079102e+00
-1.555513858795166016e+00
1.125461220741271973e+00
2.218842804431915283e-01
1.525208830833435059e+00
-3.620312511920928955e-01
-1.298843741416931152e+00
1.189429759979248047e+00
2.490243196487426758e+00
1.230038762092590332e+00
3.110703453421592712e-02
-2.177105426788330078e+00
-1.042048096656799316e+00
3.749764338135719299e-02
1.402529835700988770e+00
1.331018328666687012e+00
1.680712699890136719e+00
2.947377860546112061e-01
1.911258935928344727e+00
9.370099902153015137e-01
-4.810044169425964355e-01
-3.139999210834503174e-01
1.364061951637268066e+00
-1.471407115459442139e-01
-2.149833679199218750e+00
1.514954924583435059e+00
1.030224084854125977e+00
-8.993287682533264160e-01
-1.868140935897827148e+00
-9.168083071708679199e-01
2.301789045333862305e+00
1.435771107673645020e+00
1.835983633995056152e+00
-8.176788091659545898e-01
-9.464581608772277832e-01
6.782386898994445801e-01
-5.151447057723999023e-01
-2.246339321136474609e-01
-1.392967343330383301e+00
1.789950765669345856e-02
1.474013924598693848e+00
4.146738648414611816e-01
1.693117171525955200e-01
3.579833507537841797e-01
-8.993421792984008789e-01
1.839644432067871094e+00
-7.470035552978515625e-02
8.725016377866268158e-03
-1.308361530303955078e+00
-3.531796455383300781e+00
3.745025098323822021e-01
7.517037987709045410e-01
-1.235471129417419434e+00
1.578302025794982910e+00
-8.696113824844360352e-01
-1.286543130874633789e+00
-2.962959408760070801e-01
7.257016301155090332e-01
9.193525314331054688e-01
-2.062440633773803711e+00
-5.620927214622497559e-01
-2.633382081985473633e-01
7.995110154151916504e-01
4.486507177352905273e-01
-1.195916056632995605e+00
-2.536980807781219482e-01
9.869972467422485352e-01
-1.386042237281799316e-01
1.036056399345397949e+00
-4.971548020839691162e-01
1.337869167327880859e+00
-3.252982378005981445e+00
1.144511938095092773e+00
1.210405707359313965e+00
-9.562680721282958984e-01
-5.341081619262695312e-01
7.358253598213195801e-01
7.588793039321899414e-01
2.400403320789337158e-01
-7.208713889122009277e-01
-6.471186876296997070e-01
1.819167852401733398e+00
8.858394026756286621e-01
-7.732762694358825684e-01
1.339928150177001953e+00
-8.285625576972961426e-01
7.754424214363098145e-02
1.686297357082366943e-01
-5.890681743621826172e-01
-4.086650609970092773e-01
-2.611114740371704102e+00
-5.064505711197853088e-02
-3.829288721084594727e+00
2.257509827613830566e-01
-1.528169989585876465e+00
4.411458373069763184e-01
-5.729126334190368652e-01
-9.628072977066040039e-01
-4.644388258457183838e-01
7.587887048721313477e-01
1.530968308448791504e+00
