-1.788104891777038574e+00
2.449569106101989746e-01
-7.629394531250000000e-01
1.012755781412124634e-01
-1.139902830123901367e+00
2.060920715332031250e+00
-5.432569384574890137e-01
1.802916169166564941e+00
-4.945858120918273926e-01
1.106660217046737671e-01
7.107929587364196777e-01
3.541565239429473877e-01
-8.856140822172164917e-02
-6.910769343376159668e-01
1.519667029380798340e+00
2.110142469406127930e+00
-9.122961163520812988e-01
1.859079599380493164e+00
1.805565595626831055e+00
9.328670799732208252e-03
-1.974363476037979126e-01
-1.675043821334838867e+00
5.383343100547790527e-01
-8.621318638324737549e-02
-1.923481583595275879e+00
-9.584888219833374023e-01
7.822578400373458862e-02
-8.364492058753967285e-01
2.635411918163299561e-01
-2.874583303928375244e-01
1.813253164291381836e-01
-1.842246890068054199e+00
-1.672714114189147949e+00
9.881203770637512207e-01
-8.314931988716125488e-01
-4.471401572227478027e-01
3.914358615875244141e-01
-1.145587205886840820e+00
9.990199655294418335e-02
7.694416493177413940e-02
1.989354491233825684e-01
1.279526472091674805e+00
1.617046833038330078e+00
1.519134454429149628e-02
-2.794924974441528320e+00
1.201093316078186035e+00
1.937837456353008747e-03
-3.949627280235290527e-01
6.491264700889587402e-01
-1.745424389839172363e+00
-1.066619873046875000e+00
3.933821916580200195e-01
7.628000974655151367e-01
2.072350680828094482e-01
-1.908656716346740723e+00
7.590433359146118164e-01
1.563456892967224121e+00
1.602364540100097656e+00
-1.534968137741088867e+00
-1.412732005119323730e+00
-1.453253984451293945e+00
1.827819585800170898e+00
6.328383684158325195e-01
5.879418849945068359e-01
1.126236677169799805e+00
-7.696690559387207031e-01
5.022727251052856445e-01
1.053119182586669922e+00
1.160725951194763184e+00
-1.229096293449401855e+00
3.330825090408325195e+00
5.643734335899353027e-01
5.479914546012878418e-01
9.652301073074340820e-01
5.176569819450378418e-01
-2.356329441070556641e+00
-4.151937067508697510e-01
-1.274752855300903320e+00
-5.020746588706970215e-01
-8.431856036186218262e-01
1.000835776329040527e+00
-1.201677799224853516e+00
3.133486509323120117e-01
2.398584634065628052e-01
-2.144052028656005859e+00
3.439000546932220459e-01
-6.603966951370239258e-01
-7.549936175346374512e-01
-5.186761021614074707e-01
5.017227530479431152e-01
9.449539184570312500e-01
3.069937974214553833e-02
1.160581946372985840e+00
-2.612258493900299072e-01
-7.742856740951538086e-01
1.698114752769470215e+00
2.470479309558868408e-01
-2.206475734710693359e+00
-8.227464556694030762e-01
-3.002982139587402344e-01
2.313205480575561523e+00
-7.440628409385681152e-01
8.311817049980163574e-01
-3.054455220699310303e-01
9.196841716766357422e-01
-7.471818923950195312e-01
1.282141447067260742e+00
-1.547361254692077637e+00
-3.890674710273742676e-01
5.149339437484741211e-01
-1.270142942667007446e-01
-1.831952482461929321e-01
1.172504425048828125e+00
-2.219687849283218384e-01
2.485846579074859619e-01
-3.639900982379913330e-01
-1.141783356666564941e+00
1.074292510747909546e-01
-1.404652297496795654e-01
2.159069061279296875e+00
-2.430439949035644531e+00
7.761813402175903320e-01
-5.194027423858642578e-01
3.143789768218994141e-01
-1.042788863182067871e+00
-1.778774499893188477e+00
-8.606480360031127930e-01
2.260484695434570312e+00
