-8.560985922813415527e-01
3.088804185390472412e-01
-1.424540877342224121e+00
-2.405360937118530273e+00
-8.299002051353454590e-01
6.145104169845581055e-01
2.724688768386840820e+00
1.340004682540893555e+00
5.602251887321472168e-01
-1.263728499412536621e+00
1.890147089958190918e+00
2.006156921386718750e+00
7.563981413841247559e-01
-8.851019293069839478e-02
-3.350094854831695557e-01
7.623606920242309570e-01
2.560234069824218750e-01
2.989619672298431396e-01
-1.125321984291076660e+00
-6.304214000701904297e-01
-1.407419085502624512e+00
-1.216591835021972656e+00
7.759701609611511230e-01
1.524067997932434082e+00
-1.505485415458679199e+00
5.459685921669006348e-01
4.628722369670867920e-02
-1.093564271926879883e+00
1.467859983444213867e+00
5.602488517761230469e-01
1.456420183181762695e+00
-3.452915668487548828e+00
-5.069850087165832520e-01
1.370038866996765137e+00
5.305708646774291992e-01
-1.605018079280853271e-01
-8.220908641815185547e-01
-9.129434227943420410e-01
-4.799101352691650391e-01
-2.107039213180541992e+00
4.895510971546173096e-01
1.354575395584106445e+00
1.297019839286804199e+00
1.772694826126098633e+00
1.020910620689392090e+00
2.685724496841430664e-01
1.697416901588439941e-01
2.976291418075561523e+00
5.914818048477172852e-01
1.033077478408813477e+00
-9.415348172187805176e-01
9.828988909721374512e-01
-7.236713767051696777e-01
-3.423734605312347412e-01
-6.331683993339538574e-01
-1.398916840553283691e-01
1.433207750320434570e+00
-4.033608436584472656e-01
-1.161988735198974609e+00
-6.086621284484863281e-01
-1.535721182823181152e+00
1.975614905357360840e+00
-1.232858657836914062e+00
2.831779718399047852e-01
-7.224755287170410156e-01
-2.629830360412597656e+00
4.073508381843566895e-01
5.756352543830871582e-01
-1.207187175750732422e+00
1.559134244918823242e+00
3.477378487586975098e-01
-2.161136627197265625e+00
1.594843506813049316e+00
-4.099515080451965332e-01
-2.912065088748931885e-01
-1.322376370429992676e+00
1.104368805885314941e+00
-3.187949955463409424e-01
-8.527063727378845215e-01
-2.546170234680175781e+00
-2.439958095550537109e+00
-1.214315176010131836e+00
-1.063518375158309937e-01
-2.596938908100128174e-01
1.818846464157104492e+00
2.075159549713134766e+00
-8.130773901939392090e-01
-6.581143140792846680e-01
-4.302073717117309570e-01
5.960462689399719238e-01
8.429585695266723633e-01
-8.547393083572387695e-01
-1.930031895637512207e+00
1.870895147323608398e+00
6.758694052696228027e-01
2.785316705703735352e+00
1.617140769958496094e+00
6.401286721229553223e-01
-5.486460924148559570e-01
4.725629687309265137e-01
1.573134422302246094e+00
-9.196205139160156250e-01
5.458416342735290527e-01
1.656087636947631836e-01
-1.119008362293243408e-01
2.326436042785644531e-01
-1.974820733070373535e+00
-3.291980922222137451e-01
1.321504473686218262e+00
1.374897480010986328e+00
1.534184962511062622e-01
2.193992853164672852e+00
1.250706672668457031e+00
-1.226328134536743164e+00
-1.099373996257781982e-01
4.689927399158477783e-01
-3.951562345027923584e-01
-9.470528364181518555e-01
-8.832218050956726074e-01
2.757737636566162109e-01
8.958321809768676758e-01
-1.163458704948425293e+00
-3.506543338298797607e-01
-4.400157034397125244e-01
-1.818319857120513916e-01
-3.064609766006469727e+00
3.830883279442787170e-02
-9.196847081184387207e-01
