1.333103328943252563e-01
5.458827614784240723e-01
-2.497385442256927490e-01
-2.980655193328857422e+00
9.790111184120178223e-01
6.484322249889373779e-02
1.023301839828491211e+00
7.434477806091308594e-01
-1.943171471357345581e-01
3.924255371093750000e-01
-9.288830161094665527e-01
1.129831314086914062e+00
-6.650833040475845337e-02
-1.545644104480743408e-01
-7.763186693191528320e-01
3.043823242187500000e-01
7.481654286384582520e-01
-7.240886688232421875e-01
5.710622072219848633e-01
-6.334534287452697754e-02
-9.541109204292297363e-01
3.006239831447601318e-01
1.778395175933837891e-01
1.727726817131042480e+00
-1.577801108360290527e-01
7.085149288177490234e-01
4.317279160022735596e-01
-1.646622419357299805e+00
8.097004294395446777e-01
-8.175289034843444824e-01
1.326083779335021973e+00
-1.225743532180786133e+00
-5.402221083641052246e-01
1.181144714355468750e+00
8.806261420249938965e-01
1.574027180671691895e+00
-2.986124344170093536e-02
-6.967856287956237793e-01
-1.500588536262512207e+00
-4.853179752826690674e-01
6.950317025184631348e-01
-8.921065330505371094e-01
1.091033101081848145e+00
-9.313975572586059570e-01
7.636675834655761719e-01
-2.110705375671386719e+00
8.197434991598129272e-02
1.190461516380310059e+00
8.605426549911499023e-01
-1.129559040069580078e+00
1.773638486862182617e+00
-1.397398352622985840e+00
-2.959733486175537109e+00
7.575004100799560547e-01
8.318486213684082031e-01
2.494240999221801758e+00
-7.509142756462097168e-01
2.333550304174423218e-01
-9.717507362365722656e-01
7.015837430953979492e-01
2.337164133787155151e-01
-6.481092572212219238e-01
2.557561874389648438e+00
1.152552962303161621e+00
1.597428202629089355e+00
-2.379403114318847656e+00
-1.772020161151885986e-01
5.747781693935394287e-02
-6.403108835220336914e-01
1.525658845901489258e+00
-2.122631371021270752e-01
-6.461014151573181152e-01
1.233701586723327637e+00
-3.032110929489135742e-01
-4.511360824108123779e-01
-1.472579836845397949e+00
5.566726326942443848e-01
1.092296719551086426e+00
-1.107719302177429199e+00
-2.863287210464477539e+00
-2.537001371383666992e+00
-1.214407682418823242e+00
-6.975799202919006348e-01
-9.304919242858886719e-01
4.075497150421142578e+00
2.274746179580688477e+00
-2.389225006103515625e+00
9.827708005905151367e-01
-1.857746005058288574e+00
-8.903830051422119141e-01
-6.630536168813705444e-02
-1.248135924339294434e+00
-1.275161266326904297e+00
-1.599128484725952148e+00
5.411831140518188477e-01
7.227997779846191406e-01
4.458805620670318604e-01
-7.504819631576538086e-01
7.327238321304321289e-01
-1.975720077753067017e-01
1.933190822601318359e+00
6.923478245735168457e-01
-1.208096146583557129e+00
1.534591168165206909e-01
1.819594502449035645e+00
-1.194451451301574707e+00
-1.892976164817810059e-01
-1.732238054275512695e+00
2.765269517898559570e+00
-1.191608071327209473e+00
2.148540019989013672e+00
-4.395714998245239258e-01
7.585521340370178223e-01
-1.044128417968750000e+00
4.008517861366271973e-01
-3.744858205318450928e-01
-1.670288145542144775e-01
-1.034521341323852539e+00
-6.454311609268188477e-01
1.387410044670104980e+00
5.722004175186157227e-01
-1.938292503356933594e+00
2.403482675552368164e+00
-7.525539398193359375e-02
3.062680363655090332e-01
-1.286388874053955078e+00
2.155583053827285767e-01
-3.513293266296386719e-01
