1.340825676918029785e+00
1.030783176422119141e+00
3.153842687606811523e-01
4.496079981327056885e-01
1.866200119256973267e-01
1.130260467529296875e+00
5.927593111991882324e-01
2.233522981405258179e-01
-1.181435585021972656e+00
1.152981221675872803e-01
6.509785056114196777e-01
1.287623882293701172e+00
3.715844631195068359e+00
5.982020497322082520e-01
-7.091339826583862305e-01
4.032455384731292725e-01
-4.202746450901031494e-01
1.676468372344970703e+00
-2.870695292949676514e-02
3.196446895599365234e-01
2.296858787536621094e+00
-1.894833564758300781e+00
3.286650180816650391e-01
8.335641026496887207e-01
-1.698953151702880859e+00
-1.791769415140151978e-01
2.565635740756988525e-01
-6.710221767425537109e-01
-1.232954978942871094e+00
6.461358070373535156e-01
-3.462090492248535156e-01
-9.956566095352172852e-01
-9.087883830070495605e-01
2.235149383544921875e+00
-1.211889743804931641e+00
1.167437434196472168e+00
-8.678993582725524902e-01
-1.546768307685852051e+00
-9.911796450614929199e-01
-2.074313640594482422e+00
-1.063499450683593750e+00
-5.318665504455566406e-01
1.645631909370422363e+00
1.307593345642089844e+00
6.851372122764587402e-01
-9.215042591094970703e-01
1.754771173000335693e-01
-8.379576727747917175e-03
8.275982141494750977e-01
2.286370038986206055e+00
-5.666253566741943359e-01
-7.448855042457580566e-01
-1.605360656976699829e-01
5.326877832412719727e-01
3.559963405132293701e-01
-2.159847170114517212e-01
9.035429358482360840e-01
2.820801019668579102e+00
-2.588230669498443604e-01
8.038169145584106445e-01
-1.044242739677429199e+00
-6.190460547804832458e-02
1.952011704444885254e+00
1.135162472724914551e+00
-1.025778055191040039e-02
1.454326152801513672e+00
9.732876420021057129e-01
5.077676177024841309e-01
1.564176082611083984e+00
1.713440269231796265e-01
-1.133448481559753418e+00
3.626434564590454102e+00
-2.352070063352584839e-01
5.195481777191162109e-01
-4.910344779491424561e-01
-2.161117315292358398e+00
2.002826333045959473e-01
-1.882791519165039062e-01
-7.177115678787231445e-01
-1.284728646278381348e+00
-2.094295501708984375e+00
-1.298693418502807617e+00
6.373543739318847656e-01
-1.721928119659423828e-01
1.055946588516235352e+00
-7.646172046661376953e-01
-2.606503963470458984e+00
8.826889395713806152e-01
1.434808373451232910e+00
-1.167281031608581543e+00
1.967763155698776245e-01
-1.284589290618896484e+00
1.233762279152870178e-01
-2.534066140651702881e-01
4.374041259288787842e-01
-7.522676587104797363e-01
-7.068476080894470215e-01
-3.250720500946044922e+00
-1.470525413751602173e-01
-2.043033123016357422e+00
3.254849314689636230e-01
2.414831638336181641e+00
-1.351317882537841797e+00
-1.820087283849716187e-01
-2.867376565933227539e+00
3.880656063556671143e-01
4.102938473224639893e-01
-2.651406824588775635e-01
1.278822183609008789e+00
-8.497408628463745117e-01
-1.165410757064819336e+00
9.938754439353942871e-01
-1.244688272476196289e+00
-1.245322108268737793e+00
2.346108198165893555e+00
-1.217110395431518555e+00
-9.481880664825439453e-01
-2.998640775680541992e+00
-5.732955336570739746e-01
-5.620294213294982910e-01
6.753146052360534668e-01
8.411042094230651855e-01
-1.591864228248596191e+00
-1.854522824287414551e-01
-4.703002870082855225e-01
1.338132262229919434e+00
1.183738335967063904e-01
-8.073195815086364746e-01
