-2.451416730880737305e+00
-1.667674928903579712e-01
-6.365091800689697266e-01
3.749918937683105469e-01
-2.581823587417602539e+00
8.182489871978759766e-01
-5.948196649551391602e-01
6.079875230789184570e-01
1.142703652381896973e+00
-8.665792346000671387e-01
7.521930336952209473e-01
1.087299823760986328e+00
-9.722469449043273926e-01
2.194259911775588989e-01
1.080862522125244141e+00
-2.031958341598510742e+00
3.142532408237457275e-01
2.355507314205169678e-01
1.439578533172607422e+00
6.716766357421875000e-01
-1.257097363471984863e+00
-1.416219711303710938e+00
6.481167078018188477e-01
6.086416244506835938e-01
-1.174558520317077637e+00
-5.958374142646789551e-01
1.720633625984191895e+00
-1.790991306304931641e+00
3.910565748810768127e-02
-4.944778978824615479e-01
-1.121514216065406799e-01
-3.528095722198486328e+00
-2.329275846481323242e+00
-1.939101099967956543e+00
-4.424572587013244629e-01
8.833262324333190918e-01
1.621546268463134766e+00
6.808468699455261230e-01
5.612255334854125977e-01
-4.790127277374267578e-01
-9.695341587066650391e-01
2.421207189559936523e+00
1.703288316726684570e+00
2.788737773895263672e+00
-4.499611854553222656e-01
-1.688619494438171387e+00
-7.618450373411178589e-02
1.363463521003723145e+00
4.570151865482330322e-01
-2.018934726715087891e+00
-9.090740233659744263e-02
-9.285771846771240234e-02
1.834723591804504395e+00
-4.105691611766815186e-01
-7.400859594345092773e-01
1.002304673194885254e+00
3.448632001876831055e+00
-1.669455051422119141e+00
3.129797875881195068e-01
-1.098388209939002991e-01
-5.263125896453857422e-01
2.839981317520141602e+00
-2.155339002609252930e+00
6.066251397132873535e-01
1.767410516738891602e+00
-7.062768340110778809e-01
1.121924996376037598e+00
-5.808249711990356445e-01
9.036784172058105469e-01
6.054138392210006714e-02
-8.960183858871459961e-01
-2.116243362426757812e+00
6.808480024337768555e-01
3.074954450130462646e-01
-1.750956177711486816e+00
-1.169489264488220215e+00
-1.490021824836730957e+00
2.769887447357177734e-01
-5.975444912910461426e-01
-1.614874601364135742e+00
-2.336104363203048706e-01
-2.189582586288452148e+00
-7.250353097915649414e-01
-6.549032926559448242e-01
1.856159687042236328e+00
7.234470248222351074e-01
1.685559451580047607e-01
-5.873650908470153809e-01
-3.358846426010131836e+00
5.975799560546875000e-01
1.261538743972778320e+00
8.085350394248962402e-01
-8.395347595214843750e-01
2.706476449966430664e-01
-1.012206196784973145e+00
-5.321149528026580811e-02
-1.859592944383621216e-01
1.728034257888793945e+00
5.694042444229125977e-01
2.771574497222900391e+00
-1.031377315521240234e+00
-1.293330192565917969e+00
-7.590989470481872559e-01
7.301351428031921387e-01
1.141309857368469238e+00
-3.731596469879150391e-01
-8.773205280303955078e-01
-4.006051421165466309e-01
7.394940853118896484e-01
-7.006279826164245605e-01
8.749020099639892578e-01
3.863415122032165527e-01
6.696727871894836426e-01
1.408209204673767090e+00
-1.131594628095626831e-01
1.062085628509521484e-01
1.964501142501831055e+00
6.719893217086791992e-01
-2.871053218841552734e-01
5.063032507896423340e-01
1.805855154991149902e+00
-1.525948882102966309e+00
2.848021388053894043e-01
-7.290179133415222168e-01
8.036488294601440430e-02
-2.168599128723144531e+00
1.853896498680114746e+00
1.326538324356079102e+00
