-1.508197069168090820e+00
1.045520883053541183e-02
-7.323622107505798340e-01
1.746965795755386353e-01
-1.198718547821044922e+00
1.668454647064208984e+00
-7.302055954933166504e-01
1.768833041191101074e+00
-5.793989896774291992e-01
2.165677249431610107e-01
8.037472367286682129e-01
-7.566219195723533630e-03
1.689279824495315552e-02
-2.829732894897460938e-01
1.590676307678222656e+00
2.292158365249633789e+00
-9.918114542961120605e-01
1.718544006347656250e+00
1.480782151222229004e+00
2.105985134840011597e-01
1.151878312230110168e-01
-1.587467432022094727e+00
8.338909149169921875e-01
-7.601074129343032837e-02
-1.680560588836669922e+00
-1.462466478347778320e+00
-9.445037692785263062e-02
-4.646432101726531982e-01
-6.151994224637746811e-03
-1.887165457010269165e-01
1.001201849430799484e-02
-1.614762902259826660e+00
-1.775236248970031738e+00
1.185513377189636230e+00
-6.662907004356384277e-01
-5.983909368515014648e-01
-7.832849025726318359e-02
-1.236349225044250488e+00
4.876672029495239258e-01
2.237827777862548828e-01
1.348490118980407715e-01
1.286066532135009766e+00
1.623307347297668457e+00
2.102573066949844360e-01
-2.643905878067016602e+00
1.226595997810363770e+00
-1.010547578334808350e-01
-1.924576908349990845e-01
4.021000862121582031e-01
-1.252835512161254883e+00
-1.091248750686645508e+00
1.628260314464569092e-01
1.417557120323181152e+00
2.739854753017425537e-01
-1.698100328445434570e+00
2.710887491703033447e-01
1.573497056961059570e+00
1.713782906532287598e+00
-1.711092948913574219e+00
-8.621281385421752930e-01
-1.405658721923828125e+00
1.284102082252502441e+00
9.075742363929748535e-01
7.146242260932922363e-01
1.347555994987487793e+00
-4.655211567878723145e-01
5.422561764717102051e-01
9.964748620986938477e-01
1.262291908264160156e+00
-1.181322097778320312e+00
3.441553115844726562e+00
8.651461005210876465e-01
5.671435594558715820e-01
9.588434696197509766e-01
8.147299289703369141e-01
-2.405566930770874023e+00
5.874408036470413208e-02
-1.581724047660827637e+00
-6.029320955276489258e-01
-9.316793680191040039e-01
1.288187623023986816e+00
-1.414605259895324707e+00
-2.730309069156646729e-01
3.191887438297271729e-01
-2.200926542282104492e+00
-5.957773327827453613e-02
-4.706678092479705811e-01
-6.313970088958740234e-01
-4.892495870590209961e-01
1.584223061800003052e-01
6.355734467506408691e-01
1.119001433253288269e-01
1.160157322883605957e+00
5.239221826195716858e-02
-4.393004775047302246e-01
1.584371089935302734e+00
2.551825344562530518e-01
-1.958510398864746094e+00
-8.536934852600097656e-01
-1.022605299949645996e-01
2.658832788467407227e+00
-4.737083017826080322e-01
6.883575916290283203e-01
-7.446498274803161621e-01
9.731978178024291992e-01
-4.146887063980102539e-01
1.484772562980651855e+00
-1.449333190917968750e+00
-7.640509605407714844e-01
4.116544127464294434e-01
-4.928783774375915527e-01
-3.371925354003906250e-01
7.570600509643554688e-01
-4.799750745296478271e-01
5.350526571273803711e-01
-7.017511725425720215e-01
-1.095431089401245117e+00
3.532740846276283264e-02
-1.692449152469635010e-01
1.541289210319519043e+00
-2.692014694213867188e+00
9.529473781585693359e-01
-9.850773811340332031e-01
-4.359408095479011536e-02
-1.099113225936889648e+00
-1.762817859649658203e+00
-1.014681100845336914e+00
2.367192506790161133e+00
