9.242551773786544800e-02
-8.413977622985839844e-01
1.284870862960815430e+00
-1.219108626246452332e-01
-1.742503643035888672e-01
-9.342275857925415039e-01
-8.293060660362243652e-01
5.267131924629211426e-01
-1.668422520160675049e-01
-2.755706906318664551e-01
1.430690050125122070e+00
1.893029570579528809e+00
1.567982554435729980e+00
3.928235471248626709e-01
-3.344070315361022949e-01
1.271526575088500977e+00
5.298474431037902832e-01
-4.229440093040466309e-01
-1.457179188728332520e+00
-2.454124018549919128e-02
1.106754064559936523e+00
2.198873162269592285e-01
1.206743597984313965e+00
1.389043569564819336e+00
-6.378005743026733398e-01
8.586557507514953613e-01
-2.185238599777221680e+00
2.369336932897567749e-01
-3.634823560714721680e-01
-9.820217490196228027e-01
1.875083595514297485e-01
-1.741263151168823242e+00
-1.189965128898620605e+00
2.518885135650634766e+00
4.853157103061676025e-01
1.084991693496704102e+00
-1.210614562034606934e+00
1.182118535041809082e+00
-8.696637116372585297e-03
3.811777830123901367e-01
2.224467039108276367e+00
1.248374581336975098e+00
7.769137620925903320e-01
8.655813932418823242e-01
-1.248261809349060059e+00
-4.405469596385955811e-01
-2.109230905771255493e-01
-1.979861617088317871e+00
1.136941432952880859e+00
-6.094629168510437012e-01
5.545365158468484879e-03
9.052913188934326172e-01
7.856880426406860352e-01
-4.280029982328414917e-02
2.512653172016143799e-01
1.730994582176208496e+00
-1.079648062586784363e-01
5.023360848426818848e-01
2.713665366172790527e-01
2.118547856807708740e-01
-4.979218244552612305e-01
-6.446329504251480103e-02
-2.998679399490356445e+00
-9.125247001647949219e-01
1.720924489200115204e-02
-4.627101123332977295e-01
-1.423900295048952103e-02
4.251743555068969727e-01
1.629790961742401123e-01
-1.310170143842697144e-01
-2.514301300048828125e+00
6.813131570816040039e-01
-1.976573020219802856e-01
5.021395087242126465e-01
-9.368114471435546875e-01
-5.744446516036987305e-01
-2.789524570107460022e-02
8.559090495109558105e-01
-2.124557733535766602e+00
-1.847283959388732910e+00
1.224884510040283203e+00
-4.088186323642730713e-01
1.546872138977050781e+00
-1.343950033187866211e+00
4.257447242736816406e+00
1.168834805488586426e+00
1.142323613166809082e+00
-1.261357426643371582e+00
4.586113989353179932e-02
-7.252582907676696777e-01
1.492996692657470703e+00
3.204462528228759766e-01
3.144778311252593994e-01
-4.678926244378089905e-02
-1.825038075447082520e+00
-2.456614017486572266e+00
8.680157065391540527e-01
3.307881355285644531e-01
-3.288951516151428223e-01
2.416315823793411255e-01
-1.546715974807739258e+00
3.754709243774414062e+00
-7.355529069900512695e-01
-3.048382103443145752e-01
-8.807566761970520020e-02
1.209263682365417480e+00
-1.282377958297729492e+00
-1.290613293647766113e+00
1.596936225891113281e+00
-2.700553655624389648e+00
-1.984900951385498047e+00
-1.519366353750228882e-01
7.090405821800231934e-01
-2.252366304397583008e+00
-4.859906435012817383e-01
-8.891339898109436035e-01
-1.207649230957031250e+00
-2.394354581832885742e+00
-2.687382936477661133e+00
2.263253688812255859e+00
-1.816558718681335449e+00
5.399882793426513672e-01
1.417604368180036545e-02
1.552073121070861816e+00
6.440685689449310303e-02
5.441362261772155762e-01
-5.366034507751464844e-01
2.124302625656127930e+00
