-1.228151798248291016e+00
9.590023159980773926e-01
3.318195044994354248e-01
2.745578289031982422e-01
2.908554486930370331e-02
-1.383654952049255371e+00
-4.097229987382888794e-02
-3.108222782611846924e-01
-1.387950181961059570e+00
6.111258864402770996e-01
-2.133578538894653320e+00
8.330972194671630859e-01
5.631639957427978516e-01
7.311820983886718750e-01
-7.478032708168029785e-01
-1.207297146320343018e-01
9.022495746612548828e-01
8.477734923362731934e-01
3.786304295063018799e-01
-1.770803630352020264e-01
-1.009095758199691772e-01
6.820844486355781555e-03
4.489723592996597290e-02
1.163667798042297363e+00
-1.157060623168945312e+00
7.846388965845108032e-02
-1.199480295181274414e+00
4.896256327629089355e-01
2.317692995071411133e+00
-3.944406211376190186e-01
-1.520485639572143555e+00
-9.396252036094665527e-01
-2.261177301406860352e+00
2.969634532928466797e-02
7.332602143287658691e-01
2.384416162967681885e-01
3.482750952243804932e-01
4.249982237815856934e-01
-1.398800127208232880e-02
1.468918442726135254e+00
1.379137039184570312e+00
-1.305180490016937256e-01
2.396220445632934570e+00
1.082054615020751953e+00
1.666036397218704224e-01
5.060953497886657715e-01
-1.157414242625236511e-01
1.414825320243835449e+00
9.478753209114074707e-01
6.151884794235229492e-01
1.218905672430992126e-01
2.878488898277282715e-01
1.540502756834030151e-01
2.061862468719482422e+00
-8.177374601364135742e-01
1.370205163955688477e+00
-1.883535981178283691e+00
9.893164634704589844e-01
-3.077189922332763672e-01
3.640881478786468506e-01
-8.198302984237670898e-01
1.452091336250305176e+00
-2.714071571826934814e-01
1.139373555779457092e-01
1.040240406990051270e+00
2.435535669326782227e+00
5.381118059158325195e-01
-1.230430603027343750e+00
-7.497077584266662598e-01
3.374576866626739502e-01
6.123504042625427246e-01
-2.022678613662719727e+00
1.470862030982971191e+00
6.794399023056030273e-01
-9.985541105270385742e-01
6.733944416046142578e-01
1.185076594352722168e+00
7.873992919921875000e-01
-8.104102611541748047e-01
-3.150403499603271484e-01
1.174167871475219727e+00
-2.496256589889526367e+00
2.440860271453857422e-01
-4.681991040706634521e-01
1.447855353355407715e+00
-1.856642842292785645e+00
7.797599434852600098e-01
-8.024965524673461914e-01
1.545909941196441650e-01
-9.548510909080505371e-01
-8.035782575607299805e-01
1.000160336494445801e+00
-1.707304358482360840e+00
2.906777560710906982e-01
-7.101243734359741211e-01
-6.188703775405883789e-01
-8.623368740081787109e-01
-9.077934026718139648e-01
1.135962724685668945e+00
-1.315135240554809570e+00
1.650593042373657227e+00
7.763397693634033203e-01
-1.197073340415954590e+00
-2.314593791961669922e+00
-2.235751867294311523e+00
1.723838806152343750e+00
-1.528303980827331543e+00
6.601613014936447144e-02
1.132915496826171875e+00
-1.791345596313476562e+00
-5.268449783325195312e-01
-1.833648085594177246e+00
-7.899650335311889648e-01
1.054134726524353027e+00
-1.444986104965209961e+00
-1.793187022209167480e+00
-1.957502216100692749e-01
-4.020974338054656982e-01
-1.128253936767578125e+00
1.187396168708801270e+00
-2.382603883743286133e-01
1.309452772140502930e+00
-1.038430184125900269e-01
4.095329642295837402e-01
-1.588593959808349609e+00
-4.468451738357543945e-01
-2.132856845855712891e-01
1.001813769340515137e+00
