-1.410659313201904297e+00
-9.128157496452331543e-01
-9.481904506683349609e-01
6.616136431694030762e-01
1.261733293533325195e+00
-5.320104584097862244e-02
1.168039202690124512e+00
-1.784987211227416992e+00
-8.034266233444213867e-01
-8.547812700271606445e-01
-1.497124414891004562e-02
8.038584142923355103e-02
-4.575271308422088623e-01
-1.845796465873718262e+00
-5.680319666862487793e-01
-8.673815131187438965e-01
1.601601600646972656e+00
2.267287969589233398e-01
-1.280373692512512207e+00
-1.337159126996994019e-01
9.013949036598205566e-01
-1.325232505798339844e+00
4.987868964672088623e-01
2.684203863143920898e+00
-1.758021712303161621e+00
1.186680436134338379e+00
2.533855438232421875e+00
-2.301396369934082031e+00
-3.474798202514648438e-01
5.693002343177795410e-01
1.739133447408676147e-01
1.439303874969482422e+00
5.743061900138854980e-01
-1.410355448722839355e+00
-1.010650992393493652e+00
1.810236334800720215e+00
7.654184848070144653e-02
-6.248519420623779297e-01
-6.432220935821533203e-01
4.386733472347259521e-01
1.970024853944778442e-01
-1.279386281967163086e+00
2.214853763580322266e+00
-2.726985514163970947e-01
-5.171356201171875000e-01
-1.571911931037902832e+00
4.072240293025970459e-01
-1.916424870491027832e+00
-2.776045799255371094e-01
-3.228841722011566162e-01
9.358212351799011230e-01
-1.388828992843627930e+00
6.028795614838600159e-02
-5.252763628959655762e-02
-9.435923695564270020e-01
1.684953272342681885e-02
-1.498469352722167969e+00
1.255560159683227539e+00
7.786641120910644531e-01
2.682476282119750977e+00
5.016158819198608398e-01
-8.449141383171081543e-01
1.095666766166687012e+00
-3.988429605960845947e-01
-2.511607408523559570e+00
-1.461049616336822510e-01
-1.508519053459167480e-01
1.400293231010437012e+00
-8.257895112037658691e-01
-7.397118210792541504e-02
1.881946027278900146e-01
8.231700211763381958e-02
-1.488039195537567139e-01
-1.930943429470062256e-01
-8.677699565887451172e-01
-1.385062694549560547e+00
-6.003504395484924316e-01
3.925261199474334717e-01
-6.540377736091613770e-01
-1.117484331130981445e+00
-4.005937278270721436e-01
-9.381224513053894043e-01
1.595821499824523926e+00
1.075389862060546875e+00
2.204529285430908203e+00
1.423592090606689453e+00
9.607514142990112305e-01
-2.036596238613128662e-01
-3.072155117988586426e-01
-1.780542582273483276e-01
-1.209127753973007202e-01
-4.965857267379760742e-01
-2.679288983345031738e-01
3.158704042434692383e-01
3.230712413787841797e-01
3.150103688240051270e-01
-5.560945272445678711e-01
4.655639827251434326e-01
8.987492322921752930e-02
1.844259023666381836e+00
-4.898295402526855469e-01
1.951402664184570312e+00
-2.064735442399978638e-01
1.889045536518096924e-01
-1.095964670181274414e+00
5.634932518005371094e-01
-1.394733905792236328e+00
-6.424593925476074219e-01
1.501649737358093262e+00
-4.560485482215881348e-01
1.335906147956848145e+00
1.025324225425720215e+00
-5.306394696235656738e-01
2.822378396987915039e+00
-5.627073049545288086e-01
8.336927890777587891e-01
7.264937162399291992e-01
-1.102559447288513184e+00
-2.822331190109252930e-01
-7.427595257759094238e-01
2.043427944183349609e+00
-1.172803878784179688e+00
1.388800263404846191e+00
-2.173007965087890625e+00
-9.122993946075439453e-01
-2.537196636199951172e+00
1.663043022155761719e+00
-1.351611137390136719e+00
