9.755238294601440430e-01
-1.811719417572021484e+00
2.519495487213134766e-01
2.858089804649353027e-01
-9.088362008333206177e-02
4.645008444786071777e-01
1.042680889368057251e-01
-1.665880322456359863e+00
-1.746493935585021973e+00
-9.737526178359985352e-01
-2.381079047918319702e-01
-2.850857019424438477e+00
-1.145857572555541992e-01
-1.055461406707763672e+00
-1.836761385202407837e-01
-7.677468657493591309e-02
6.541925668716430664e-01
1.597763180732727051e+00
-8.011611104011535645e-01
2.627761363983154297e+00
2.205145359039306641e+00
-3.599982857704162598e-01
2.023445129394531250e+00
7.097673416137695312e-02
-1.658940315246582031e+00
6.009289026260375977e-01
4.883694648742675781e-01
-1.007289528846740723e+00
5.609272718429565430e-01
1.320866227149963379e+00
9.286383390426635742e-01
5.829944610595703125e-01
-5.691456198692321777e-01
-1.083115100860595703e+00
-3.941115140914916992e-01
-7.168918848037719727e-02
1.146850943565368652e+00
2.560186684131622314e-01
4.835970699787139893e-01
-4.184911549091339111e-01
2.298344850540161133e+00
-1.470645666122436523e+00
1.148582696914672852e+00
8.274004459381103516e-01
1.268787980079650879e+00
-3.122220754623413086e+00
-1.987216472625732422e-01
-3.260906934738159180e-01
-5.053287148475646973e-01
1.605997204780578613e+00
-1.128992512822151184e-01
-9.458401799201965332e-01
4.734880328178405762e-01
8.312293887138366699e-01
9.799453020095825195e-01
-5.311579108238220215e-01
-3.911398947238922119e-01
-2.256634712219238281e+00
1.255048632621765137e+00
3.867267370223999023e+00
-1.372920155525207520e+00
-8.321511745452880859e-01
6.182627677917480469e-01
2.386009395122528076e-01
1.466985821723937988e+00
2.201518118381500244e-01
-2.322077006101608276e-02
1.276820063591003418e+00
-2.316473960876464844e+00
-8.441429138183593750e-01
1.923384904861450195e+00
-1.742330789566040039e+00
7.893978357315063477e-01
1.176740407943725586e+00
-9.436957240104675293e-01
-1.314561128616333008e+00
3.640187978744506836e-01
1.064773440361022949e+00
-1.061610698699951172e+00
-4.740723967552185059e-01
4.083699882030487061e-01
-7.195804715156555176e-01
-6.621294617652893066e-01
-5.613715946674346924e-02
1.761236190795898438e+00
-5.874459743499755859e-01
-5.819619894027709961e-01
-6.877589225769042969e-01
4.208745062351226807e-01
-2.427537739276885986e-01
-1.957996189594268799e-01
-6.639105081558227539e-01
8.142449259757995605e-01
-6.272035837173461914e-01
7.106865942478179932e-02
-7.738726139068603516e-01
1.082296013832092285e+00
-1.386281490325927734e+00
5.444156527519226074e-01
2.333130240440368652e-01
1.618025183677673340e+00
1.692379117012023926e+00
-2.765546083450317383e+00
1.440063595771789551e+00
4.079554378986358643e-01
-5.693929791450500488e-01
-4.383580684661865234e-01
3.071706295013427734e-01
2.796832621097564697e-01
-2.990218639373779297e+00
5.506461262702941895e-01
-8.419725298881530762e-02
6.998898983001708984e-01
1.231136083602905273e+00
4.522753655910491943e-01
-5.194099545478820801e-01
-9.220402240753173828e-01
-1.271057605743408203e+00
-1.102007403969764709e-01
-1.134991765022277832e+00
7.653424739837646484e-01
-1.652147531509399414e+00
3.972788751125335693e-01
-1.349637031555175781e+00
-1.249382019042968750e+00
4.060075283050537109e-01
3.187417984008789062e-01
1.003092303872108459e-01
