-8.407177329063415527e-01
1.086919903755187988e+00
3.162734210491180420e-01
2.084398120641708374e-01
1.064417958259582520e+00
-4.749982655048370361e-01
1.678495287895202637e+00
1.583561897277832031e+00
2.097937017679214478e-01
-6.512950062751770020e-01
1.956899642944335938e+00
3.970104753971099854e-01
-1.689559578895568848e+00
-5.251544117927551270e-01
4.101709127426147461e-01
2.291589736938476562e+00
7.738295793533325195e-01
1.361985564231872559e+00
1.387957692146301270e+00
-4.678260385990142822e-01
-5.100656151771545410e-01
-3.146862745285034180e+00
2.258427906781435013e-03
-2.114743441343307495e-01
-2.051472425460815430e+00
-1.262274384498596191e-01
2.299150377511978149e-01
-1.455353260040283203e+00
5.731880664825439453e-01
3.093105852603912354e-01
-2.224739789962768555e-01
-4.378155231475830078e+00
-9.040820002555847168e-01
-2.970105111598968506e-01
6.943346261978149414e-01
-2.741470336914062500e-01
-8.819053769111633301e-01
-6.978136301040649414e-01
-7.761427760124206543e-01
-1.668187260627746582e+00
-5.749125480651855469e-01
1.352715969085693359e+00
2.112206459045410156e+00
6.627722978591918945e-01
-2.984857261180877686e-01
2.989438176155090332e-01
-7.315583825111389160e-01
-4.454736709594726562e-01
1.214067101478576660e+00
-1.735662341117858887e+00
2.374546825885772705e-01
-5.959770679473876953e-01
1.693850755691528320e-01
1.062234282493591309e+00
-2.715404748916625977e+00
5.444387197494506836e-01
8.280671834945678711e-01
7.933321595191955566e-01
-2.293392658233642578e+00
-2.363587141036987305e+00
-9.480575919151306152e-01
2.257620096206665039e+00
-1.151280641555786133e+00
1.501752018928527832e+00
1.149381622672080994e-01
8.196611888706684113e-03
1.463665008544921875e+00
1.142306447029113770e+00
9.340916275978088379e-01
5.959099158644676208e-03
2.481546401977539062e+00
3.829553127288818359e-01
3.516287356615066528e-02
7.161827385425567627e-02
6.491261720657348633e-01
-9.802652001380920410e-01
-1.339466214179992676e+00
-1.067679882049560547e+00
-2.016814351081848145e-01
-9.019548892974853516e-01
-2.060871124267578125e-01
-1.442170739173889160e+00
1.085608482360839844e+00
-8.275049328804016113e-01
-2.951361536979675293e-01
-2.976706922054290771e-01
-1.051861166954040527e+00
9.200030565261840820e-01
-9.994041323661804199e-01
1.527180194854736328e+00
1.474595904350280762e+00
-1.033808827400207520e+00
6.268603801727294922e-01
-4.157607629895210266e-02
-2.638349533081054688e+00
7.420998811721801758e-01
1.512683153152465820e+00
2.161497622728347778e-02
3.425863683223724365e-01
1.844300866127014160e+00
-2.945116460323333740e-01
5.750980973243713379e-02
5.389988422393798828e-01
1.037524223327636719e+00
1.759127616882324219e+00
-3.149597346782684326e-01
-7.364376187324523926e-01
-4.314478933811187744e-01
6.227238178253173828e-01
4.562889784574508667e-02
4.370921254158020020e-01
8.289960622787475586e-01
7.836358547210693359e-01
4.155964255332946777e-01
2.448334693908691406e-01
-5.792531967163085938e-01
-1.527685046195983887e+00
-1.276440978050231934e+00
9.246160984039306641e-01
6.493487209081649780e-02
-3.111405372619628906e+00
-1.343209948390722275e-02
9.848282486200332642e-02
8.221544623374938965e-01
-6.344546675682067871e-01
-2.165693998336791992e+00
8.321341127157211304e-02
1.700637459754943848e+00
