-9.532461166381835938e-01
-1.902675032615661621e-01
1.973578780889511108e-01
-1.798110008239746094e-01
-3.236385583877563477e+00
2.589419484138488770e-01
1.759741187095642090e+00
1.789773702621459961e+00
1.228023290634155273e+00
-1.601559042930603027e+00
-1.266036033630371094e+00
7.678083777427673340e-01
-9.311475753784179688e-01
1.530620098114013672e+00
-9.559922814369201660e-01
5.193139314651489258e-01
7.899290919303894043e-01
1.007858037948608398e+00
-5.544687807559967041e-02
1.349895358085632324e+00
-1.189663529396057129e+00
-1.331586599349975586e+00
7.316373586654663086e-01
4.397748410701751709e-01
-2.804521918296813965e-01
1.049807310104370117e+00
-1.693410277366638184e+00
-1.583434641361236572e-01
4.553546011447906494e-01
2.458809614181518555e+00
-9.725096821784973145e-01
-9.633327722549438477e-01
-4.418013691902160645e-01
1.591256022453308105e+00
-2.384287834167480469e+00
3.851622343063354492e-02
-2.068000078201293945e+00
1.026941061019897461e+00
-3.241014719009399414e+00
-1.898800015449523926e+00
9.100992679595947266e-01
1.449774980545043945e+00
7.336652874946594238e-01
-8.392482995986938477e-01
-9.419597387313842773e-01
-9.998296499252319336e-01
9.652515053749084473e-01
6.202210187911987305e-01
3.136423826217651367e-01
1.260789632797241211e+00
2.965740263462066650e-01
4.945485293865203857e-01
5.650310516357421875e-01
-5.888304114341735840e-01
8.712832331657409668e-01
4.069128930568695068e-01
-8.295515179634094238e-01
-1.069524765014648438e+00
-1.349539279937744141e+00
-7.285484671592712402e-01
-2.991322040557861328e+00
-1.129298686981201172e+00
-1.377030611038208008e+00
9.089493006467819214e-02
2.040102481842041016e+00
-2.857927560806274414e+00
6.552241444587707520e-01
7.853374481201171875e-01
8.613839745521545410e-01
1.251881003379821777e+00
-1.528198122978210449e-01
5.246717333793640137e-01
5.129845738410949707e-01
1.524171710014343262e+00
8.527752161026000977e-01
-1.855263710021972656e-01
3.896900177001953125e+00
-6.970098018646240234e-01
-1.379568696022033691e+00
-2.315931558609008789e+00
2.930061817169189453e-01
-2.453434467315673828e+00
1.537839770317077637e+00
-4.102130979299545288e-02
2.425965309143066406e+00
3.034250810742378235e-02
1.521931409835815430e+00
-8.842614293098449707e-01
-1.860582381486892700e-01
2.469815015792846680e-01
-1.102376103401184082e+00
-2.829168736934661865e-01
-2.605446577072143555e+00
5.425356030464172363e-01
1.216596484184265137e+00
7.517092227935791016e-01
4.139634966850280762e-01
-4.073405861854553223e-01
-4.929332807660102844e-02
2.690904140472412109e-01
1.866979956626892090e+00
-6.427127122879028320e-01
-4.229884743690490723e-01
6.678006649017333984e-01
3.678687512874603271e-01
1.005856841802597046e-01
1.167136952280998230e-01
-1.412582278251647949e+00
-1.453727930784225464e-01
-3.789316177368164062e+00
1.277151703834533691e+00
8.844668865203857422e-01
2.468826532363891602e+00
3.423807024955749512e-01
-4.812960028648376465e-01
-2.603809535503387451e-01
2.549433708190917969e+00
-1.628499925136566162e-01
2.492915838956832886e-01
5.330310761928558350e-02
2.968290448188781738e-01
-1.882174909114837646e-01
-1.937871456146240234e+00
-7.987266182899475098e-01
4.889310300350189209e-01
-1.109860301017761230e+00
-5.144730806350708008e-01
-1.338443607091903687e-01
