-4.382788017392158508e-02
-9.375646114349365234e-01
-1.175128743052482605e-01
4.833383485674858093e-02
-3.374808132648468018e-01
-1.296658813953399658e-01
-2.277084290981292725e-01
3.820319846272468567e-02
2.167957305908203125e+00
-8.800633549690246582e-01
1.553058028221130371e+00
-7.262351512908935547e-01
7.325877547264099121e-01
-8.787493705749511719e-01
2.371376514434814453e+00
-7.500928640365600586e-01
-1.307288706302642822e-01
9.448152184486389160e-01
-3.946817219257354736e-01
1.365010380744934082e+00
-1.796646565198898315e-01
9.664257615804672241e-02
7.323359847068786621e-01
1.273325085639953613e-01
1.099103093147277832e+00
-1.115630745887756348e+00
-4.377043843269348145e-01
-1.851815938949584961e+00
3.782655894756317139e-01
1.855509519577026367e+00
1.641908884048461914e-01
-2.318247556686401367e-01
1.479174643754959106e-01
-1.295741438865661621e+00
5.786095261573791504e-01
1.123784661293029785e+00
8.153349757194519043e-01
-8.450378775596618652e-01
5.229079723358154297e-02
-1.035396218299865723e+00
-1.383455157279968262e+00
-3.727194070816040039e-01
1.872590780258178711e+00
-6.878454089164733887e-01
5.632156729698181152e-01
-6.786615252494812012e-01
-2.413495302200317383e+00
-1.148548841476440430e+00
1.838626861572265625e-01
1.642091393470764160e+00
-6.176883354783058167e-02
-3.123748779296875000e+00
-1.035069227218627930e-01
-1.866584897041320801e+00
-9.728441834449768066e-01
-7.178540825843811035e-01
-5.290835499763488770e-01
1.982297062873840332e+00
7.075697183609008789e-02
1.189878940582275391e+00
-1.575580716133117676e+00
-3.229879736900329590e-01
-1.927146613597869873e-01
2.103571414947509766e+00
2.316382646560668945e+00
-2.180972993373870850e-01
8.036282658576965332e-01
2.243677526712417603e-01
-7.212167382240295410e-01
-4.184850454330444336e-01
4.819019436836242676e-01
1.136473655700683594e+00
1.834669113159179688e+00
1.503730773925781250e+00
1.734752893447875977e+00
-1.316806197166442871e+00
-6.210223436355590820e-01
-2.076749563217163086e+00
1.870134234428405762e+00
-1.096062183380126953e+00
-3.476614654064178467e-01
-1.009943246841430664e+00
-1.660530209541320801e+00
-5.633750557899475098e-02
1.790927767753601074e+00
5.957076549530029297e-01
8.661997914314270020e-01
6.092962622642517090e-01
1.740515589714050293e+00
-4.424678534269332886e-02
6.094123125076293945e-01
-1.172074675559997559e+00
-4.001912847161293030e-02
4.014499485492706299e-01
-1.142033100128173828e+00
-9.659111499786376953e-01
6.365337371826171875e-01
-6.257337331771850586e-01
-1.092444062232971191e+00
1.307048797607421875e+00
-2.633838057518005371e-01
6.293985247611999512e-02
-3.440326154232025146e-01
-1.291305899620056152e+00
1.508692741394042969e+00
5.469214916229248047e-01
1.446393966674804688e+00
-7.815179228782653809e-02
5.471674203872680664e-01
-9.865564852952957153e-02
-3.354150950908660889e-01
1.892789363861083984e+00
-4.877490401268005371e-01
1.738608121871948242e+00
-1.125372171401977539e+00
-8.383485078811645508e-01
-2.645828202366828918e-02
-3.727059066295623779e-01
-1.256907224655151367e+00
-1.026168107986450195e+00
-1.822795510292053223e+00
1.338243782520294189e-01
-5.377753376960754395e-01
-4.040197730064392090e-01
-1.443043947219848633e+00
-2.450133323669433594e+00
-2.552744746208190918e-01
1.435693144798278809e+00
