-8.462622016668319702e-02
-1.576789319515228271e-01
7.079702019691467285e-01
4.492842555046081543e-01
-2.489643335342407227e+00
-1.107377529144287109e+00
2.792881727218627930e-01
5.764721632003784180e-01
7.932633161544799805e-01
6.165882349014282227e-01
7.369206547737121582e-01
-3.566617965698242188e-01
-3.940791785717010498e-01
8.452785015106201172e-02
1.048200964927673340e+00
8.108571767807006836e-01
8.191559314727783203e-01
2.355466127395629883e+00
-1.256406158208847046e-01
-1.271874427795410156e+00
9.456888437271118164e-01
-1.593098044395446777e+00
2.584800422191619873e-01
6.333864331245422363e-01
-1.349278092384338379e+00
-8.642807006835937500e-01
3.399541079998016357e-01
2.270617336034774780e-01
1.492362380027770996e+00
2.044579267501831055e+00
-2.607660770416259766e+00
-1.550356388092041016e+00
-7.114304900169372559e-01
1.417669467628002167e-02
-6.898055076599121094e-01
1.486473798751831055e+00
-1.333168625831604004e+00
-2.162681519985198975e-01
1.115808561444282532e-01
-6.682850718498229980e-01
1.888072609901428223e+00
-4.216681420803070068e-01
1.062366008758544922e+00
-5.368857979774475098e-01
-3.978433609008789062e-01
-6.874780654907226562e-01
5.394430160522460938e-01
1.480176210403442383e+00
-1.312291383743286133e+00
-1.437315940856933594e+00
-9.227114915847778320e-02
-1.072485327720642090e+00
1.599705457687377930e+00
-1.900831937789916992e+00
8.316516131162643433e-02
-1.319802045822143555e+00
-1.331524610519409180e+00
-1.054348587989807129e+00
-8.140990734100341797e-01
2.209618920460343361e-03
-1.040809392929077148e+00
2.508548021316528320e+00
1.530620932579040527e+00
1.707179069519042969e+00
-1.702744364738464355e+00
-2.367166280746459961e+00
6.718312501907348633e-01
3.562678098678588867e-01
-8.333957940340042114e-02
1.122654527425765991e-01
-1.122130990028381348e+00
2.361238002777099609e+00
1.657411336898803711e+00
5.294905900955200195e-01
2.633791208267211914e+00
-2.373725175857543945e+00
1.842581987380981445e+00
-1.215693593025207520e+00
-4.732749760150909424e-01
-1.349581241607666016e+00
2.192548662424087524e-01
-5.461969971656799316e-01
2.594761848449707031e-01
-1.093129515647888184e+00
7.633077502250671387e-01
1.073835611343383789e+00
-1.077139258384704590e+00
-3.473093807697296143e-01
7.599465250968933105e-01
1.916165232658386230e+00
-3.532286882400512695e-01
6.189126372337341309e-01
-1.855102628469467163e-01
1.424149632453918457e+00
4.275874793529510498e-01
6.011264920234680176e-01
2.960242927074432373e-01
4.031479954719543457e-01
5.041803121566772461e-01
-1.067503571510314941e+00
-1.390729546546936035e+00
-2.744433879852294922e-01
-1.362492561340332031e+00
3.870553493499755859e+00
1.568928599357604980e+00
2.049142360687255859e+00
-4.727395176887512207e-01
-3.153958022594451904e-01
-1.285072565078735352e+00
-1.172491073608398438e+00
-5.241535902023315430e-01
1.778770089149475098e+00
-3.156647086143493652e-01
-8.310762047767639160e-01
1.605838984251022339e-01
-3.009590864181518555e+00
3.037716388702392578e+00
7.402064204216003418e-01
-4.955964088439941406e-01
-3.923094272613525391e-01
-2.430141925811767578e+00
1.949478507041931152e+00
-1.651669025421142578e+00
5.679320916533470154e-02
-1.715546399354934692e-01
-2.704413175582885742e+00
-1.223819255828857422e+00
-4.691933095455169678e-01
