-7.865346074104309082e-01
-2.298231840133666992e+00
2.530170977115631104e-01
2.416960746049880981e-01
-2.317559868097305298e-01
-4.578143656253814697e-01
3.947137296199798584e-01
-2.496460974216461182e-01
3.631023168563842773e-01
9.612713456153869629e-01
1.346353650093078613e+00
-8.141881823539733887e-01
9.839940667152404785e-01
5.735892057418823242e-01
1.050731182098388672e+00
1.058997392654418945e+00
-3.570207059383392334e-01
9.014074206352233887e-01
3.004456460475921631e-01
1.451578736305236816e+00
-1.247561693191528320e+00
-2.239880338311195374e-02
9.897300601005554199e-01
1.934959530830383301e+00
8.732352405786514282e-02
-6.394367218017578125e-01
5.270639061927795410e-01
-1.018941164016723633e+00
-1.107730567455291748e-01
2.295505285263061523e+00
-1.020058870315551758e+00
1.885263919830322266e-01
1.321935802698135376e-01
4.795591235160827637e-01
-1.081858277320861816e+00
1.542158842086791992e+00
5.832883715629577637e-01
-9.908481240272521973e-01
-2.640051841735839844e-01
6.089545488357543945e-01
-7.507793307304382324e-01
-6.404135823249816895e-01
1.313513875007629395e+00
4.247474074363708496e-01
6.930531263351440430e-01
6.685382723808288574e-01
-1.465671658515930176e+00
6.709165573120117188e-01
1.067574739456176758e+00
1.695044040679931641e+00
1.203646436333656311e-01
-7.395753264427185059e-01
3.039528727531433105e-01
-2.083350181579589844e+00
-4.922459721565246582e-01
-9.818907976150512695e-01
-9.910131096839904785e-01
-7.730036377906799316e-01
-9.524341225624084473e-01
1.896830320358276367e+00
-8.441403508186340332e-01
6.391957998275756836e-01
-2.538698911666870117e-01
4.359142482280731201e-01
1.000719785690307617e+00
6.942991167306900024e-02
-1.281115889549255371e+00
8.685382008552551270e-01
-5.159770846366882324e-01
-6.099296808242797852e-01
8.481277227401733398e-01
-4.924159049987792969e-01
2.907495796680450439e-01
1.823028326034545898e+00
9.989822506904602051e-01
-2.122839212417602539e+00
2.521525919437408447e-01
-1.588683366775512695e+00
1.558060407638549805e+00
7.246406674385070801e-01
2.788290977478027344e+00
-3.866138756275177002e-01
-7.418954372406005859e-01
-6.005153656005859375e-01
-3.758309781551361084e-01
-1.368215203285217285e+00
6.671427190303802490e-02
-3.762869536876678467e-01
-1.271750479936599731e-01
1.528636813163757324e+00
1.518595337867736816e+00
-5.805954709649085999e-02
-1.484356969594955444e-01
9.278535842895507812e-01
-1.548980951309204102e+00
1.941684819757938385e-02
-7.240017652511596680e-01
-7.625035643577575684e-01
-5.975476503372192383e-01
1.776295900344848633e-01
1.967684268951416016e+00
1.064664483070373535e+00
-1.945663802325725555e-02
5.892784595489501953e-01
1.178339242935180664e+00
-1.090006351470947266e+00
1.109972238540649414e+00
2.341552674770355225e-01
-1.038584262132644653e-01
-1.499424934387207031e+00
-2.138547003269195557e-01
1.503455519676208496e+00
-6.489724516868591309e-01
-4.538831412792205811e-01
-1.424122333526611328e+00
-2.645342111587524414e+00
6.303132176399230957e-01
-2.078079134225845337e-01
-1.054262444376945496e-01
-6.556271910667419434e-01
-9.279364347457885742e-01
-2.360306024551391602e+00
-9.073898196220397949e-01
-3.172686576843261719e+00
-1.593288064002990723e+00
-1.591754108667373657e-01
-1.401776075363159180e+00
1.058462500572204590e+00
