-1.184318304061889648e+00
-1.100617647171020508e-01
2.733944216743111610e-03
-1.028214573860168457e+00
-9.774783849716186523e-01
1.710185408592224121e+00
-8.854053020477294922e-01
1.607318371534347534e-01
-4.249541759490966797e-01
-1.162112355232238770e+00
-1.127316236495971680e+00
-1.938147783279418945e+00
-1.427174806594848633e+00
-6.896408200263977051e-01
7.245026826858520508e-01
-1.661788463592529297e+00
-6.654960513114929199e-01
4.426757991313934326e-01
6.583895534276962280e-02
1.513345003128051758e+00
-7.041760534048080444e-02
-4.305302500724792480e-01
5.741893127560615540e-02
2.064089775085449219e+00
-8.479984998703002930e-01
-1.720822751522064209e-01
-1.009201049804687500e+00
4.707917869091033936e-01
7.843795418739318848e-01
1.246943116188049316e+00
1.221922934055328369e-01
2.851994514465332031e+00
3.085850179195404053e-01
3.901581764221191406e-01
1.947739124298095703e-01
2.187985032796859741e-01
3.571094572544097900e-01
4.428633749485015869e-01
1.210158586502075195e+00
-2.327826991677284241e-02
1.732779979705810547e+00
1.274083703756332397e-01
2.591861248016357422e+00
8.027339577674865723e-01
1.201675832271575928e-01
-1.894537329673767090e+00
-1.971141397953033447e-01
-1.149703487753868103e-01
-1.173247694969177246e-01
-6.904029250144958496e-01
-4.766041338443756104e-01
-1.188098549842834473e+00
6.521916985511779785e-01
1.531214356422424316e+00
-4.725131019949913025e-02
1.621898055076599121e+00
7.666538953781127930e-01
8.954323530197143555e-01
-6.567578911781311035e-01
1.980418086051940918e+00
-2.187258303165435791e-01
-1.717873692512512207e+00
2.858022451400756836e-01
7.638258934020996094e-01
-9.761799126863479614e-03
-1.939062833786010742e+00
1.184945464134216309e+00
-5.303541421890258789e-01
1.113880395889282227e+00
1.405682116746902466e-01
5.284430384635925293e-01
1.462424755096435547e+00
4.993781447410583496e-01
5.963855385780334473e-01
8.946255594491958618e-02
-1.735718369483947754e+00
7.043378800153732300e-02
-2.452936887741088867e+00
-2.391214609146118164e+00
-5.674036741256713867e-01
4.952628612518310547e-01
-2.492451429367065430e+00
7.602865695953369141e-01
-2.000894397497177124e-01
1.664638161659240723e+00
-1.356554865837097168e+00
-5.220095440745353699e-02
1.868083178997039795e-01
-1.165843248367309570e+00
-3.642479181289672852e-01
-2.244671583175659180e-01
-6.813972592353820801e-01
-1.522513508796691895e+00
2.474782057106494904e-02
1.645526051521301270e+00
-8.267281055450439453e-01
-3.194422423839569092e-01
5.177886486053466797e-01
8.322486281394958496e-01
1.995627641677856445e+00
-2.297752380371093750e+00
9.439827799797058105e-01
-6.545567512512207031e-01
6.060555577278137207e-01
-2.091261625289916992e+00
9.889814257621765137e-01
3.711164593696594238e-01
-9.351515173912048340e-01
-4.242861866950988770e-01
-1.099325776100158691e+00
5.255551338195800781e-01
-5.437381267547607422e-01
3.528626561164855957e-01
6.710637211799621582e-01
3.737375736236572266e+00
7.002959251403808594e-01
-4.341715276241302490e-01
-9.276159405708312988e-01
-2.008678391575813293e-02
2.025528192520141602e+00
3.739413022994995117e-01
-1.072682619094848633e+00
-2.285900592803955078e+00
-2.046978950500488281e+00
-8.278125524520874023e-01
5.772542357444763184e-01
-7.180196046829223633e-01
-9.133923649787902832e-01
