3.414976119995117188e+00
-1.188321225345134735e-02
-3.927363157272338867e-01
4.814741313457489014e-01
4.547181725502014160e-01
-6.984012126922607422e-01
3.264855146408081055e-01
-3.745487630367279053e-01
-9.601252675056457520e-01
-2.289792060852050781e+00
1.668273806571960449e+00
2.772369086742401123e-01
-7.412455081939697266e-01
6.692359447479248047e-01
-6.732076406478881836e-01
-1.657925009727478027e+00
-1.858940720558166504e+00
1.334134697914123535e+00
2.737384140491485596e-01
5.476678609848022461e-01
1.314042091369628906e+00
1.647682666778564453e+00
1.126087784767150879e+00
7.066076993942260742e-01
-5.896028280258178711e-01
-8.319885730743408203e-01
-1.417082667350769043e+00
-2.649444937705993652e-01
9.802044034004211426e-01
3.589230179786682129e-01
-1.142513275146484375e+00
9.281607270240783691e-01
2.159514188766479492e+00
-1.187698006629943848e+00
9.584398865699768066e-01
4.117590188980102539e-02
2.957678735256195068e-01
-5.146534442901611328e-01
1.004427909851074219e+00
2.451303042471408844e-02
-1.340966701507568359e+00
-2.646827697753906250e-01
1.098968029022216797e+00
5.197278261184692383e-01
-1.323665142059326172e+00
-1.756583571434020996e+00
-1.871593832969665527e+00
6.094083189964294434e-01
-5.333771109580993652e-01
1.895293295383453369e-01
-2.388486385345458984e+00
-1.299777388572692871e+00
1.158222675323486328e+00
-4.676059484481811523e-01
-1.268036365509033203e-01
1.047391146421432495e-01
5.598753094673156738e-01
1.218171000480651855e+00
8.624095320701599121e-01
8.339682817459106445e-01
-6.226802468299865723e-01
8.412217497825622559e-01
1.164816766977310181e-01
8.215163350105285645e-01
-8.345481753349304199e-01
-2.523636579513549805e+00
-3.029734641313552856e-02
5.404081344604492188e-01
1.001454353332519531e+00
-1.537261843681335449e+00
2.135632038116455078e-01
-1.020982146263122559e+00
-9.786526858806610107e-02
1.606087446212768555e+00
-8.080529570579528809e-01
3.431363403797149658e-01
3.379812538623809814e-01
-2.912935614585876465e-02
-1.565726250410079956e-01
-1.624374628067016602e+00
9.300595521926879883e-02
-1.377009868621826172e+00
4.048965573310852051e-01
2.808145284652709961e+00
2.775912523269653320e+00
1.743925213813781738e+00
-7.091916203498840332e-01
1.632290184497833252e-01
6.869802474975585938e-01
6.790396571159362793e-01
4.442639350891113281e-01
3.187345340847969055e-02
1.139241382479667664e-01
-1.890232563018798828e-01
1.601818680763244629e+00
-7.597202658653259277e-01
5.920392870903015137e-01
-2.976215600967407227e+00
-1.112840771675109863e+00
-1.152783393859863281e+00
-1.876751035451889038e-01
6.081712841987609863e-01
3.254152834415435791e-01
-5.617530941963195801e-01
-2.771070003509521484e+00
1.899632811546325684e+00
1.149427056312561035e+00
-1.012003779411315918e+00
4.912104457616806030e-02
1.181237578392028809e+00
-4.208409488201141357e-01
6.192082762718200684e-01
-2.224858999252319336e+00
-1.135713458061218262e+00
4.562271535396575928e-01
-1.800351023674011230e+00
-9.184372425079345703e-02
-2.573308646678924561e-01
2.456968069076538086e+00
-1.093457460403442383e+00
1.251437664031982422e+00
-3.061561882495880127e-01
-4.591248333454132080e-01
4.496095478534698486e-01
-3.757997155189514160e-01
-1.970018863677978516e+00
-1.292468547821044922e+00
7.882354259490966797e-01
