2.315715551376342773e+00
-1.204882144927978516e+00
3.983970284461975098e-01
4.167007207870483398e-01
-7.595385909080505371e-01
1.411005496978759766e+00
-1.039108633995056152e+00
6.360771059989929199e-01
-7.625158429145812988e-01
-1.234973430633544922e+00
-5.760034918785095215e-02
1.468528747558593750e+00
9.032737612724304199e-01
-1.057621598243713379e+00
2.910249866545200348e-03
-7.470722794532775879e-01
-6.920192241668701172e-01
3.262582063674926758e+00
-1.099726438522338867e+00
-1.358233690261840820e+00
-9.793909639120101929e-02
-2.089284360408782959e-01
-5.455338954925537109e-01
1.861166119575500488e+00
2.695095300674438477e+00
-2.361080199480056763e-01
-1.107130199670791626e-01
-1.208129167556762695e+00
-5.884239673614501953e-01
1.875640392303466797e+00
-3.748490512371063232e-01
1.591972231864929199e+00
-1.375607848167419434e+00
-7.638795375823974609e-01
-1.105597376823425293e+00
2.260832071304321289e+00
-9.432626366615295410e-01
1.612805128097534180e-01
-9.013213515281677246e-01
6.823617815971374512e-01
1.124152183532714844e+00
1.702121853828430176e+00
1.060299634933471680e+00
1.492505431175231934e+00
-3.054048120975494385e-01
-1.363385319709777832e+00
7.365902513265609741e-02
1.131605982780456543e+00
1.765529394149780273e+00
-2.166812717914581299e-01
-1.183510422706604004e-01
-1.672882556915283203e+00
-4.227801859378814697e-01
-1.239993929862976074e+00
-4.171496257185935974e-02
-2.117135673761367798e-01
5.594325065612792969e-02
9.627019762992858887e-01
7.387177348136901855e-01
1.996090173721313477e+00
-1.058724522590637207e+00
-1.114888191223144531e+00
6.673276424407958984e-01
3.509038388729095459e-01
1.586470484733581543e+00
5.678451061248779297e-01
-5.632876157760620117e-01
1.248909011483192444e-01
3.361003398895263672e-01
1.420030236244201660e+00
9.126694798469543457e-01
-7.536884546279907227e-01
9.187209606170654297e-01
1.291350603103637695e+00
1.487024068832397461e+00
-1.775342702865600586e+00
2.281166464090347290e-01
-6.066165566444396973e-01
4.174658954143524170e-01
4.446791410446166992e-01
-2.654047906398773193e-01
-1.061278462409973145e+00
-1.519915461540222168e+00
-9.717814922332763672e-01
-1.019614219665527344e+00
-7.757067084312438965e-01
-1.937191933393478394e-01
-5.109390020370483398e-01
1.008331179618835449e+00
1.064865231513977051e+00
1.957619071006774902e+00
5.709285736083984375e-01
5.293000023812055588e-03
-2.915832698345184326e-01
-1.016921877861022949e+00
-1.111580848693847656e+00
-5.292193889617919922e-01
-1.800763964653015137e+00
-7.889487743377685547e-01
-2.627984762191772461e+00
5.871304273605346680e-01
-4.988197088241577148e-01
-1.983445882797241211e+00
-7.371969819068908691e-01
1.928115725517272949e+00
-1.280814290046691895e+00
6.821066141128540039e-01
1.147869303822517395e-01
1.848120570182800293e+00
-1.858197331428527832e+00
-4.541916251182556152e-01
2.512717247009277344e+00
5.345596671104431152e-01
-3.764997720718383789e-01
8.928324580192565918e-01
-2.243779182434082031e+00
-8.871271014213562012e-01
-1.133481383323669434e+00
-6.594735980033874512e-01
-7.743974924087524414e-01
-9.120178222656250000e-01
-1.961862921714782715e+00
4.493373930454254150e-01
1.217823624610900879e+00
-9.939037561416625977e-01
3.378526568412780762e-01
-1.523146510124206543e+00
2.248163670301437378e-01
