-1.583428531885147095e-01
6.671626567840576172e-01
-1.208452224731445312e+00
-1.372915744781494141e+00
-9.058145880699157715e-01
-7.052428126335144043e-01
6.056535243988037109e-01
1.027386665344238281e+00
-1.032165884971618652e+00
-1.632374078035354614e-01
1.966769695281982422e+00
1.694396376609802246e+00
8.779079318046569824e-01
1.371434211730957031e+00
1.289148807525634766e+00
-1.099406003952026367e+00
9.731493592262268066e-01
-2.822800911962985992e-02
3.507342040538787842e-01
-2.685561180114746094e-01
1.229326426982879639e-01
-2.297279596328735352e+00
-1.849151104688644409e-01
3.110899686813354492e+00
-1.428440809249877930e+00
-5.814236998558044434e-01
5.433798432350158691e-01
-1.255032327026128769e-02
-5.770384892821311951e-02
6.718508005142211914e-01
-1.619005501270294189e-01
-4.314778745174407959e-01
-1.472291499376296997e-01
-5.133287906646728516e-01
-2.267970085144042969e+00
-1.373710274696350098e+00
5.561509132385253906e-01
-9.716976284980773926e-01
-1.245347499847412109e+00
6.406998038291931152e-01
-8.148688077926635742e-02
2.374552726745605469e+00
1.831411004066467285e+00
1.668896973133087158e-01
-3.386240303516387939e-01
2.265815734863281250e+00
-4.981843829154968262e-01
1.550478816032409668e+00
1.760871052742004395e+00
-1.465903401374816895e+00
2.222810238599777222e-01
-1.885241746902465820e+00
-1.549758315086364746e-01
-2.790094017982482910e-01
-1.904429197311401367e+00
-4.498359560966491699e-01
9.129710793495178223e-01
1.572587013244628906e+00
-8.051809072494506836e-01
-8.888737559318542480e-01
-1.275852441787719727e+00
1.688261270523071289e+00
-1.292125463485717773e+00
-2.493491470813751221e-01
4.438903927803039551e-01
-4.980230629444122314e-01
-2.657735943794250488e-01
-7.834474444389343262e-01
7.568413615226745605e-01
1.209856867790222168e+00
-9.163145720958709717e-02
-1.373265385627746582e+00
-2.584202587604522705e-01
-3.060255944728851318e-01
-3.848013281822204590e-01
-2.151170015335083008e+00
-2.160189673304557800e-02
3.214386403560638428e-01
-1.112636104226112366e-01
-1.594355225563049316e+00
2.817309379577636719e+00
2.763169109821319580e-01
1.220384716987609863e+00
-6.589317321777343750e-01
-2.879482507705688477e-02
-1.385411977767944336e+00
1.292417407035827637e+00
3.225885927677154541e-01
-1.033158302307128906e+00
6.286048889160156250e-01
4.560792744159698486e-01
-1.887000054121017456e-01
3.411957025527954102e-01
-1.693616151809692383e+00
-1.334861516952514648e+00
-2.906903922557830811e-01
4.491036415100097656e+00
5.374374985694885254e-01
1.538568973541259766e+00
-2.653898000717163086e-01
-1.423029541969299316e+00
1.269607067108154297e+00
-9.451393038034439087e-02
1.636831521987915039e+00
1.445529818534851074e+00
-1.687605857849121094e+00
-2.140939474105834961e+00
-1.244537159800529480e-02
1.865948438644409180e+00
-1.076064586639404297e+00
-1.414023518562316895e+00
1.000960707664489746e+00
-1.527487516403198242e+00
-2.047815799713134766e+00
7.980840206146240234e-01
-3.207918405532836914e-01
1.511546015739440918e+00
4.271036088466644287e-01
-1.283873677253723145e+00
2.646030485630035400e-01
-1.891322493553161621e+00
-1.630340516567230225e-02
-9.708220362663269043e-01
1.510317087173461914e+00
1.373724788427352905e-01
9.628161191940307617e-01
-1.194183111190795898e+00
-8.772386908531188965e-01
