-7.191076278686523438e-01
-2.088074207305908203e+00
-1.526562094688415527e+00
6.621505022048950195e-01
2.446871519088745117e+00
1.504434585571289062e+00
-4.202779829502105713e-01
-8.477392792701721191e-01
-9.327816218137741089e-02
1.076738834381103516e+00
-7.682138681411743164e-01
4.683720171451568604e-01
1.414917588233947754e+00
-4.789223968982696533e-01
4.427298009395599365e-01
1.373764395713806152e+00
5.600998997688293457e-01
-1.038072466850280762e+00
1.103345602750778198e-01
6.094062328338623047e-01
1.632017374038696289e+00
-1.186316490173339844e+00
1.506767719984054565e-01
1.069312930107116699e+00
-1.783876538276672363e+00
1.512482613325119019e-01
2.278766930103302002e-01
-1.277315378189086914e+00
-4.312103390693664551e-01
-3.326366245746612549e-01
-1.585280299186706543e-01
-4.788724482059478760e-01
-1.627449154853820801e+00
-5.120772719383239746e-01
3.940453007817268372e-02
-1.997439861297607422e+00
7.202339172363281250e-01
-1.039913773536682129e+00
-2.523221671581268311e-01
1.120995134115219116e-01
-4.812047183513641357e-01
7.487438917160034180e-01
1.457333683967590332e+00
-1.107875585556030273e+00
1.021628856658935547e+00
2.080905914306640625e+00
1.671334147453308105e+00
1.116807579994201660e+00
-7.703947424888610840e-01
-1.962466835975646973e+00
1.104416012763977051e+00
-1.284496784210205078e+00
-1.565580070018768311e-01
-2.353800058364868164e+00
-1.339613556861877441e+00
-6.848322749137878418e-01
1.373623371124267578e+00
1.948671221733093262e+00
-4.337604939937591553e-01
1.001122236251831055e+00
-6.589915156364440918e-01
3.597501754760742188e+00
-3.288998842239379883e+00
1.682176709175109863e+00
-2.345996648073196411e-01
-1.622612714767456055e+00
2.197472810745239258e+00
-3.540354669094085693e-01
-1.208178281784057617e+00
-2.645694315433502197e-01
1.872224807739257812e+00
-1.258818745613098145e+00
2.366032004356384277e-01
2.764137983322143555e-01
4.847835004329681396e-01
1.638104319572448730e-01
-1.824890017509460449e+00
-4.145872294902801514e-01
-1.003670930862426758e+00
-9.896227717399597168e-01
-4.664388895034790039e-01
-1.137789115309715271e-01
3.486923456192016602e+00
-1.614156246185302734e+00
4.879933893680572510e-01
9.456478357315063477e-01
-5.185683369636535645e-01
1.392203569412231445e+00
4.973235130310058594e-01
8.333782851696014404e-02
-1.172239184379577637e+00
-1.601559758186340332e+00
-1.936937928199768066e+00
-2.007962465286254883e-01
-1.049774885177612305e+00
-4.177897870540618896e-01
-7.705814242362976074e-01
4.089234173297882080e-01
9.910986423492431641e-01
1.989667057991027832e+00
-1.585951298475265503e-01
-2.302224397659301758e+00
1.448112249374389648e+00
1.102044939994812012e+00
1.644562602043151855e+00
4.151873290538787842e-01
-9.663667082786560059e-01
-5.602540373802185059e-01
1.453661441802978516e+00
-1.160679221153259277e+00
-1.180405259132385254e+00
1.171720325946807861e-01
3.776948451995849609e-01
8.937442302703857422e-01
-2.762387990951538086e-01
1.081305146217346191e+00
3.036019802093505859e-01
-1.643406152725219727e+00
5.591229796409606934e-01
-1.644898056983947754e+00
1.768851280212402344e+00
8.492309451103210449e-01
2.345037460327148438e-02
-3.236664235591888428e-01
-1.869766861200332642e-01
-1.483194231986999512e+00
2.902019023895263672e+00
-1.771252036094665527e+00
