-1.198328137397766113e+00
-2.288689464330673218e-01
1.164241313934326172e+00
3.574678897857666016e-01
1.280507922172546387e+00
1.102737069129943848e+00
6.489173769950866699e-01
8.865866810083389282e-02
9.790650606155395508e-01
-6.483209133148193359e-01
-3.133194446563720703e-01
2.257286310195922852e-01
3.178598403930664062e+00
9.957616329193115234e-01
-3.723511705175042152e-03
-5.155512690544128418e-01
8.376891911029815674e-02
2.391479015350341797e+00
-1.836348026990890503e-01
8.857775330543518066e-01
7.095025777816772461e-01
5.489628911018371582e-01
1.315970301628112793e+00
8.143820166587829590e-01
-1.459814012050628662e-01
6.983653903007507324e-01
3.080288648605346680e+00
1.286707669496536255e-01
-6.886414885520935059e-01
1.736666560173034668e+00
-1.521224379539489746e-01
-5.073363184928894043e-01
2.811870276927947998e-01
-1.709194898605346680e+00
-1.377172589302062988e+00
-7.018253803253173828e-01
-1.410284876823425293e+00
2.661806106567382812e+00
-2.755525588989257812e+00
-7.972306013107299805e-01
-9.240849018096923828e-01
-4.582286477088928223e-01
1.550344586372375488e+00
3.017644643783569336e+00
-9.591049700975418091e-02
-2.139201164245605469e+00
1.336113810539245605e-01
9.452869296073913574e-01
-1.404795289039611816e+00
9.567604213953018188e-02
-1.547327280044555664e+00
-7.342103123664855957e-01
-8.382360935211181641e-01
-1.665987372398376465e+00
1.528251051902770996e+00
-9.450771808624267578e-01
-1.048606872558593750e+00
1.271647930145263672e+00
3.061608672142028809e-01
7.102565765380859375e-01
7.579686045646667480e-01
1.641050457954406738e+00
1.527926206588745117e+00
8.185059428215026855e-01
3.122840225696563721e-01
-9.059796929359436035e-01
-4.639452695846557617e-01
2.564657926559448242e+00
8.262133598327636719e-02
-1.268690228462219238e+00
1.359082460403442383e+00
-2.496044874191284180e+00
-5.819272994995117188e-01
1.013883590698242188e+00
-2.349765896797180176e-01
-8.391031026840209961e-01
2.645606994628906250e-01
1.840256899595260620e-02
6.510093808174133301e-02
-7.054155468940734863e-01
-1.240611001849174500e-01
-3.662729561328887939e-01
-1.818906068801879883e+00
-9.097443222999572754e-01
4.821798503398895264e-01
-1.147854566574096680e+00
2.165201455354690552e-01
-1.428816676139831543e+00
8.329522013664245605e-01
7.932204604148864746e-01
-2.701739370822906494e-01
2.804038226604461670e-01
-1.716247558593750000e+00
6.306651234626770020e-01
4.108240082859992981e-02
2.741750180721282959e-01
1.725216507911682129e+00
-2.896260261535644531e+00
-7.714836001396179199e-01
-6.806782484054565430e-01
-2.374356985092163086e+00
-4.902599155902862549e-01
-2.015496730804443359e+00
8.696823716163635254e-01
6.235287189483642578e-01
2.871517241001129150e-01
-1.814981997013092041e-01
4.682944118976593018e-01
-1.043172404170036316e-01
6.945181488990783691e-01
-6.316019296646118164e-01
-3.258434832096099854e-01
-7.117670178413391113e-01
-5.836797952651977539e-01
-7.303194403648376465e-01
-9.392780065536499023e-02
7.211688756942749023e-01
1.153372824192047119e-01
-9.335273504257202148e-01
4.449513554573059082e-01
-1.202425956726074219e+00
-1.876443743705749512e+00
1.432324051856994629e+00
2.098807543516159058e-01
-7.430528998374938965e-01
-8.970971703529357910e-01
-1.426425933837890625e+00
1.728778958320617676e+00
