-2.707724571228027344e-01
3.994324207305908203e-01
-8.041510581970214844e-01
-3.040607452392578125e+00
6.146244406700134277e-01
3.077382445335388184e-01
3.189761877059936523e+00
3.792557120323181152e-01
8.109022974967956543e-01
-1.141002416610717773e+00
1.761093497276306152e+00
1.138873457908630371e+00
6.934224963188171387e-01
5.782467126846313477e-01
7.577686756849288940e-02
2.045316219329833984e+00
-8.884274214506149292e-02
2.038732022047042847e-01
-1.058904170989990234e+00
2.068634033203125000e-01
-1.485924839973449707e+00
8.988700807094573975e-03
-4.060478508472442627e-01
2.132969141006469727e+00
-1.726735591888427734e+00
-1.762562870979309082e+00
-7.155279815196990967e-02
1.517348766326904297e+00
1.106583103537559509e-01
1.699157238006591797e+00
-1.887856125831604004e+00
-2.266291379928588867e+00
-8.741190657019615173e-03
2.265818357467651367e+00
-1.255984783172607422e+00
-2.825051844120025635e-01
-8.056626915931701660e-01
-9.458788037300109863e-01
6.643271446228027344e-01
-2.504769861698150635e-01
-4.684053659439086914e-01
2.363227367401123047e+00
8.628930449485778809e-01
1.556663870811462402e+00
-1.159991145133972168e+00
-1.727727353572845459e-01
-8.053198456764221191e-01
3.186424016952514648e+00
-7.698065638542175293e-01
9.286680221557617188e-01
1.095636248588562012e+00
-6.407396197319030762e-01
2.286976724863052368e-01
-9.795737862586975098e-01
2.472944706678390503e-01
-1.937567114830017090e+00
1.265224218368530273e+00
1.798308193683624268e-01
-2.055689573287963867e+00
4.265424311161041260e-01
-1.140983104705810547e+00
2.063895940780639648e+00
-5.068916082382202148e-01
1.701901435852050781e+00
1.648858308792114258e+00
-8.297225832939147949e-01
-2.201256453990936279e-01
6.439867615699768066e-01
1.766663230955600739e-02
-2.053645700216293335e-01
-4.830376505851745605e-01
-8.459498882293701172e-01
-1.495976597070693970e-01
-6.127960681915283203e-01
6.432362198829650879e-01
-1.347461819648742676e+00
6.008144617080688477e-01
6.862007826566696167e-02
5.228571295738220215e-01
-3.459565639495849609e+00
5.821253731846809387e-02
-1.408345580101013184e+00
-3.526082634925842285e-01
-1.012912750244140625e+00
1.455052733421325684e+00
1.154616400599479675e-01
-5.198317766189575195e-01
6.461943984031677246e-01
9.808787703514099121e-01
-1.140345335006713867e+00
-4.013912379741668701e-01
-1.050014495849609375e+00
-1.455176711082458496e+00
4.504106640815734863e-01
-1.598793119192123413e-01
1.091620445251464844e+00
4.687963724136352539e-01
6.069186925888061523e-01
5.891678333282470703e-01
8.788948655128479004e-01
1.177468061447143555e+00
-3.310740292072296143e-01
-7.998481392860412598e-01
1.851341366767883301e+00
1.691182494163513184e+00
-7.782397866249084473e-01
9.345173239707946777e-01
9.594798684120178223e-01
1.549958348274230957e+00
-1.488974928855895996e+00
-2.229207515716552734e+00
-4.922693371772766113e-01
-1.638206243515014648e+00
-1.654756784439086914e+00
2.803334236145019531e+00
2.901017069816589355e-01
4.547038078308105469e-01
-1.337450623512268066e+00
-2.879611253738403320e+00
1.669311404228210449e+00
1.246071457862854004e+00
-8.475947380065917969e-01
-1.401187926530838013e-01
-6.928810477256774902e-02
2.478990554809570312e-01
-2.530240774154663086e+00
-2.609755396842956543e-01
4.103097692131996155e-02
