1.841389387845993042e-01
2.392885684967041016e-01
-1.867191344499588013e-01
-7.026473879814147949e-01
-2.425739765167236328e+00
-1.038692712783813477e+00
7.005919814109802246e-01
-4.735658168792724609e-01
-8.516069650650024414e-01
1.106051564216613770e+00
-1.117315053939819336e+00
-1.710846662521362305e+00
-1.033951520919799805e+00
-1.084303498268127441e+00
-4.254152476787567139e-01
-2.095963239669799805e+00
-7.032650709152221680e-01
-9.484242796897888184e-01
7.815647125244140625e-01
1.485759973526000977e+00
-2.924331091344356537e-02
-1.746982336044311523e-01
1.400406360626220703e+00
5.279227495193481445e-01
-2.811349332332611084e-01
7.849836349487304688e-01
4.289128780364990234e-01
4.179939925670623779e-01
-3.334313333034515381e-01
-5.055593252182006836e-01
-1.045602440834045410e+00
-3.111844062805175781e+00
-7.513558864593505859e-01
1.787787318229675293e+00
-1.678502857685089111e-01
1.143510460853576660e+00
-7.146730422973632812e-01
2.461866617202758789e+00
-1.310932040214538574e-01
2.117498159408569336e+00
9.204157590866088867e-01
1.314115405082702637e+00
2.103648185729980469e+00
-5.067532062530517578e-01
4.953675270080566406e-01
-4.329599440097808838e-01
-2.830335199832916260e-01
2.282658100128173828e+00
1.996629983186721802e-01
1.078535914421081543e+00
-1.266408920288085938e+00
-3.594998121261596680e-01
1.307621240615844727e+00
5.982861518859863281e-01
1.329702854156494141e+00
1.323793530464172363e+00
8.275864124298095703e-01
3.562765717506408691e-01
-2.118222713470458984e+00
1.509845137596130371e+00
2.123079448938369751e-01
-1.846039175987243652e+00
-7.589678764343261719e-01
-1.367694616317749023e+00
1.156512856483459473e+00
2.021521329879760742e-01
2.254905223846435547e+00
7.787563800811767578e-01
6.241296529769897461e-01
-1.708442717790603638e-01
7.462139725685119629e-01
3.253912687301635742e+00
5.488017797470092773e-01
1.905441582202911377e-01
-4.464284181594848633e-01
2.907010614871978760e-01
-4.767612516880035400e-01
9.595863819122314453e-01
3.061448782682418823e-02
-2.300369739532470703e+00
-3.359605550765991211e+00
-2.035202234983444214e-01
8.834639787673950195e-01
-7.398477196693420410e-01
1.585655808448791504e+00
4.416510760784149170e-01
4.324680864810943604e-01
2.032669305801391602e+00
-8.449379205703735352e-01
-2.752981483936309814e-01
5.958618596196174622e-02
-6.289075613021850586e-01
1.968639642000198364e-01
7.287701368331909180e-01
4.883416891098022461e-01
-1.817239880561828613e+00
1.474941015243530273e+00
-4.658641517162322998e-01
1.980304241180419922e+00
2.363232851028442383e+00
-1.406403899192810059e+00
6.266564130783081055e-01
-2.562729418277740479e-01
-8.702064156532287598e-01
5.647521615028381348e-01
1.222797393798828125e+00
-1.332194954156875610e-01
4.398044049739837646e-01
1.150293126702308655e-01
-1.505505323410034180e+00
-5.803872346878051758e-01
-1.589346528053283691e+00
-7.965657114982604980e-01
7.828606963157653809e-01
-1.697291135787963867e-01
-1.177625417709350586e+00
-4.958096146583557129e-02
-2.598902463912963867e+00
5.385468602180480957e-01
4.481707140803337097e-02
1.910738587379455566e+00
-9.873071312904357910e-02
-2.237784862518310547e+00
-2.256807804107666016e+00
-6.787003278732299805e-01
-7.230863571166992188e-01
-3.341525793075561523e-01
-2.668297290802001953e+00
