-2.673430144786834717e-01
-4.832239151000976562e-01
-1.119843199849128723e-01
4.985188543796539307e-01
-3.802138566970825195e-01
-3.055075407028198242e-01
2.645133733749389648e+00
7.838819026947021484e-01
9.306163340806961060e-02
-2.364222288131713867e+00
1.240035533905029297e+00
2.142475247383117676e-01
-8.274073600769042969e-01
-4.565386101603507996e-02
5.704553425312042236e-02
-3.275978803634643555e+00
-9.674475789070129395e-01
2.225899845361709595e-01
2.024055868387222290e-01
-6.889074444770812988e-01
1.996411681175231934e+00
2.044666707515716553e-01
-8.085591197013854980e-01
1.545096188783645630e-01
-3.212385892868041992e+00
1.966238856315612793e+00
-4.618196785449981689e-01
5.445609688758850098e-01
6.767585277557373047e-01
1.238058924674987793e+00
3.626599311828613281e-01
-7.828531265258789062e-01
-1.071178436279296875e+00
1.673323810100555420e-01
6.006705760955810547e-01
1.399714231491088867e+00
-8.227936625480651855e-01
-1.598217934370040894e-01
-1.657572746276855469e+00
-6.970806047320365906e-03
1.098923206329345703e+00
1.140960693359375000e+00
8.633056879043579102e-01
5.073474645614624023e-01
1.387963056564331055e+00
8.366290926933288574e-01
2.233041524887084961e-01
1.407968163490295410e+00
-7.789376378059387207e-01
8.856009840965270996e-01
-8.099279999732971191e-01
1.908287107944488525e-01
-1.736317425966262817e-01
3.362179696559906006e-01
-1.620407819747924805e+00
1.579636812210083008e+00
4.057189822196960449e-01
-4.611693620681762695e-01
1.912782073020935059e+00
2.759192705154418945e+00
-8.312051892280578613e-01
-4.384143650531768799e-01
-7.886177897453308105e-01
8.166970014572143555e-01
-1.208939433097839355e+00
1.992716550827026367e+00
-2.054142057895660400e-01
-1.332699298858642578e+00
1.038975834846496582e+00
-1.080308675765991211e+00
1.216068029403686523e+00
-3.433090686798095703e+00
4.837188124656677246e-01
6.291066408157348633e-01
1.164268732070922852e+00
3.223023116588592529e-01
-8.531554043292999268e-02
4.404466152191162109e-01
-1.073645591735839844e+00
-2.084237098693847656e+00
3.504800498485565186e-01
-3.691298246383666992e+00
1.891765713691711426e+00
4.650393426418304443e-01
1.372634887695312500e+00
7.103285789489746094e-01
5.263987183570861816e-01
2.894844114780426025e-01
-2.050139605998992920e-01
-8.725761175155639648e-01
-2.400759935379028320e+00
8.044182658195495605e-01
-5.764960050582885742e-01
-3.690654933452606201e-01
-3.602821826934814453e-01
-5.722590684890747070e-01
-1.579400897026062012e-01
-1.108431100845336914e+00
-5.124529004096984863e-01
1.002954721450805664e+00
-6.254903674125671387e-01
-2.441588044166564941e-01
5.425640940666198730e-01
1.294622540473937988e+00
1.462612152099609375e+00
-1.168970465660095215e+00
-2.022264599800109863e-01
6.170985102653503418e-01
-3.369096815586090088e-01
-2.176913022994995117e+00
9.494804143905639648e-01
-7.361090183258056641e-01
1.743016958236694336e+00
-2.193415164947509766e-02
-1.296017408370971680e+00
-8.864232897758483887e-01
-3.546497523784637451e-01
2.382367610931396484e+00
-2.609934806823730469e-01
-2.534577846527099609e-01
-9.019460678100585938e-01
1.516469478607177734e+00
1.516335904598236084e-01
-1.355041503906250000e+00
-7.887837886810302734e-01
-2.761086225509643555e+00
2.007699251174926758e+00
-3.921131491661071777e-01
