6.492305546998977661e-02
-1.589895963668823242e+00
6.686469316482543945e-01
-2.086618840694427490e-01
8.592378497123718262e-01
-1.054140090942382812e+00
-8.898929953575134277e-01
3.858573138713836670e-01
4.919793307781219482e-01
-7.608035206794738770e-01
7.163100242614746094e-01
7.846588492393493652e-01
-1.824234962463378906e+00
-2.024005174636840820e+00
1.432897567749023438e+00
2.499824464321136475e-01
-1.173704504966735840e+00
1.011897802352905273e+00
-4.002355337142944336e-01
7.262845635414123535e-01
8.780582547187805176e-01
-1.407989412546157837e-01
-1.083355396986007690e-01
-8.631719946861267090e-01
-8.147238940000534058e-02
2.767024338245391846e-01
9.985582530498504639e-02
-1.990498602390289307e-01
-6.278553009033203125e-01
4.465513229370117188e-01
2.549484014511108398e+00
3.604152053594589233e-02
-8.545576333999633789e-01
-2.150089740753173828e+00
4.158409535884857178e-01
-5.709921717643737793e-01
-5.264587998390197754e-01
7.306838780641555786e-02
-1.169172286987304688e+00
6.028665900230407715e-01
-1.041741490364074707e+00
-1.045337691903114319e-01
1.250377416610717773e+00
2.444797754287719727e+00
-7.053883075714111328e-01
1.143239498138427734e+00
3.912243247032165527e-01
2.996115386486053467e-01
1.034288525581359863e+00
3.440823554992675781e-01
-1.157745361328125000e+00
-1.197561502456665039e+00
1.245449781417846680e+00
1.240938901901245117e+00
1.172430634498596191e+00
-1.140088558197021484e+00
-5.071183443069458008e-01
4.347749650478363037e-01
1.236155908554792404e-02
1.571121454238891602e+00
1.438419818878173828e+00
-8.738607764244079590e-01
6.955817341804504395e-01
-3.455891311168670654e-01
9.069930911064147949e-01
4.255225658416748047e-01
-3.769439412280917168e-03
3.773964196443557739e-02
-8.605961203575134277e-01
-8.156664371490478516e-01
6.569257378578186035e-01
6.820383667945861816e-01
-1.304359793663024902e+00
6.911438107490539551e-01
1.540934324264526367e+00
-1.442450642585754395e+00
4.944148957729339600e-01
1.524114012718200684e+00
-1.400833487510681152e+00
-2.149089813232421875e+00
1.241268515586853027e+00
-5.479339957237243652e-01
9.117655754089355469e-01
3.800310194492340088e-01
2.467535734176635742e+00
-1.432173609733581543e+00
-2.141445130109786987e-01
-2.252414971590042114e-01
-1.067374706268310547e+00
-6.049309372901916504e-01
2.535547971725463867e+00
-9.991421699523925781e-01
-7.469437122344970703e-01
1.269474267959594727e+00
1.040164709091186523e+00
-1.274593830108642578e+00
-7.373146414756774902e-01
1.166014745831489563e-01
2.233389139175415039e+00
-8.909933567047119141e-01
8.972995877265930176e-01
6.532914638519287109e-01
-2.888313233852386475e-01
-6.919575333595275879e-01
2.989928722381591797e-01
1.057303786277770996e+00
-1.594162225723266602e+00
-1.111471176147460938e+00
-1.003249958157539368e-01
-1.007316112518310547e+00
1.462265491485595703e+00
-9.596741795539855957e-01
8.062958717346191406e-01
1.102780342102050781e+00
3.089291334152221680e+00
-3.633308708667755127e-01
-1.425824403762817383e+00
-1.654548287391662598e+00
-3.185249567031860352e-01
-9.373500347137451172e-01
1.732949018478393555e+00
1.252886295318603516e+00
-3.296517610549926758e+00
-1.252526760101318359e+00
-1.765174984931945801e+00
-6.837026448920369148e-04
-4.490284994244575500e-02
-1.554119467735290527e+00
