-1.425165414810180664e+00
2.260370552539825439e-02
1.068254470825195312e+00
1.691738814115524292e-01
-6.813221573829650879e-01
-2.196552515029907227e+00
-4.401916265487670898e-01
-1.339057445526123047e+00
-1.106600522994995117e+00
-2.359094768762588501e-01
-9.686159342527389526e-02
3.358169078826904297e+00
3.807297348976135254e-01
-1.519189596176147461e+00
1.522165238857269287e-01
2.329959630966186523e+00
-1.730935692787170410e+00
2.722286939620971680e+00
1.225281059741973877e-01
-1.644173145294189453e+00
9.350973963737487793e-01
7.004183530807495117e-01
8.409785628318786621e-01
1.254017829895019531e+00
-2.721436977386474609e+00
4.543079435825347900e-01
-1.310727000236511230e+00
-9.554670006036758423e-02
-1.989200562238693237e-01
3.326359093189239502e-01
-1.442627012729644775e-01
1.711075663566589355e+00
-9.588266611099243164e-01
1.202138543128967285e+00
1.284921646118164062e+00
-3.222522735595703125e-01
3.005506396293640137e-01
-1.978790462017059326e-01
1.355833888053894043e+00
-2.078780412673950195e+00
1.112250566482543945e+00
3.101239502429962158e-01
1.286098241806030273e+00
-2.291756309568881989e-02
-1.387865543365478516e+00
-2.746621072292327881e-01
-4.042606353759765625e-01
-2.193272560834884644e-01
1.593645095825195312e+00
2.133626341819763184e-01
1.363399744033813477e+00
-1.023594975471496582e+00
1.833569705486297607e-01
1.415045738220214844e+00
-6.434698104858398438e-01
1.097345232963562012e+00
1.340525746345520020e+00
2.010085344314575195e+00
-1.288960129022598267e-01
-4.522401392459869385e-01
1.858444929122924805e+00
-6.977744102478027344e-01
1.134971603751182556e-01
-1.850942373275756836e+00
-9.193713665008544922e-01
-1.245105147361755371e+00
1.339883923530578613e+00
-4.584299027919769287e-01
-4.526188671588897705e-01
-9.840065836906433105e-01
-5.388367772102355957e-01
6.756815314292907715e-01
9.780774116516113281e-01
4.417234957218170166e-01
1.305865287780761719e+00
1.718040108680725098e+00
6.612651348114013672e-01
4.231148362159729004e-01
9.799204468727111816e-01
-1.921057343482971191e+00
4.592007398605346680e-01
-3.574976623058319092e-01
6.150400638580322266e-01
2.116910368204116821e-01
2.058751344680786133e+00
-1.140422463417053223e+00
-1.186833739280700684e+00
-1.576022863388061523e+00
-1.826248407363891602e+00
-8.518198728561401367e-01
6.776141524314880371e-01
-1.018802285194396973e+00
-1.381469368934631348e+00
1.267367124557495117e+00
-1.799875259399414062e+00
-1.799530982971191406e+00
3.167745769023895264e-01
-2.043309450149536133e+00
2.549537420272827148e+00
-2.031621932983398438e+00
7.893730998039245605e-01
-3.334979712963104248e-01
-6.269207000732421875e-01
1.310601681470870972e-01
-5.744220614433288574e-01
2.937070131301879883e-01
-2.119807481765747070e+00
4.781714379787445068e-01
-2.207163423299789429e-01
-3.258701801300048828e+00
-2.927986383438110352e-01
-1.074361279606819153e-01
-3.283400833606719971e-01
1.302233219146728516e+00
5.184758901596069336e-01
9.662668108940124512e-01
1.522326588630676270e+00
-8.328625559806823730e-01
-1.861257910728454590e+00
1.210850000381469727e+00
1.128989338874816895e+00
3.568086922168731689e-01
-8.738739490509033203e-01
8.076766133308410645e-01
-6.233722567558288574e-01
-3.421093821525573730e-01
-5.179985165596008301e-01
-5.591983199119567871e-01
