5.418781042098999023e-01
-6.551947444677352905e-02
8.419806361198425293e-01
-1.441545039415359497e-01
5.261983275413513184e-01
-3.625872135162353516e-01
-6.839185357093811035e-01
4.597623646259307861e-01
-2.158062934875488281e+00
8.901570439338684082e-01
1.406388640403747559e+00
1.122226476669311523e+00
-7.246766090393066406e-01
-1.101791381835937500e+00
-4.833660423755645752e-01
2.465767264366149902e-01
-1.270057559013366699e+00
6.060072779655456543e-01
-1.933489680290222168e+00
-1.677681207656860352e+00
5.094756484031677246e-01
-6.053952574729919434e-01
2.573798656463623047e+00
8.822102546691894531e-01
-1.812688410282135010e-01
1.623601675033569336e+00
1.031274199485778809e+00
3.212987899780273438e+00
4.543321132659912109e-01
-7.037561852484941483e-03
-1.536307930946350098e+00
-2.118434667587280273e+00
1.139636397361755371e+00
1.162581801414489746e+00
-1.869248747825622559e-01
5.699549317359924316e-01
-1.298002123832702637e+00
3.486216962337493896e-01
7.528583407402038574e-01
2.551626205444335938e+00
-5.387180447578430176e-01
5.972276329994201660e-01
2.226336002349853516e+00
2.022332549095153809e-01
-5.038622617721557617e-01
-2.868133306503295898e+00
2.076450347900390625e+00
-5.275384187698364258e-01
-4.718983545899391174e-04
4.905119836330413818e-01
-7.565295696258544922e-01
-3.354027271270751953e-01
-3.550108969211578369e-01
-5.424932241439819336e-01
1.598646640777587891e-01
1.504836320877075195e+00
-1.331369429826736450e-01
1.245857357978820801e+00
2.169343233108520508e+00
1.733986288309097290e-02
-6.307315826416015625e-01
-3.478697836399078369e-01
-1.793123334646224976e-01
-2.031498670578002930e+00
-1.072794318199157715e+00
5.505034327507019043e-01
-1.567674756050109863e+00
-1.887490749359130859e-01
9.989714622497558594e-01
-8.176621049642562866e-02
7.202507853507995605e-01
1.002568960189819336e+00
7.260745763778686523e-01
1.507455348968505859e+00
1.205678343772888184e+00
-1.667485684156417847e-01
-2.950620055198669434e-01
1.557984828948974609e+00
-1.113236665725708008e+00
-2.720476686954498291e-01
1.561884880065917969e+00
2.544977515935897827e-02
-7.961656898260116577e-02
-4.809628427028656006e-01
1.737497299909591675e-01
-4.133585095405578613e-01
6.146584749221801758e-01
4.420148432254791260e-01
-9.375507831573486328e-01
-1.312382578849792480e+00
-4.122467041015625000e-01
-6.746587157249450684e-01
-1.877171695232391357e-01
6.331938505172729492e-02
1.509179115295410156e+00
-2.542820453643798828e+00
-4.446252882480621338e-01
-1.269590497016906738e+00
-9.159101843833923340e-01
-1.467426180839538574e+00
-9.173741340637207031e-01
7.196938991546630859e-01
1.205764651298522949e+00
1.646045744419097900e-01
2.073998600244522095e-01
5.829941630363464355e-01
3.789263665676116943e-01
8.793875575065612793e-01
5.605054497718811035e-01
-1.624513864517211914e+00
-7.360301017761230469e-01
-2.966815531253814697e-01
2.741869390010833740e-01
5.363534390926361084e-02
-6.940306425094604492e-01
-2.413040161132812500e+00
-7.275591492652893066e-01
2.206146955490112305e+00
-2.109002113342285156e+00
-1.470212936401367188e+00
2.128929644823074341e-02
-9.383416175842285156e-01
-6.566512584686279297e-02
2.543986141681671143e-01
-9.490265846252441406e-01
7.567194104194641113e-01
-1.293723940849304199e+00
-1.855060696601867676e+00
