6.941368579864501953e-01
-4.293076694011688232e-01
-4.611449539661407471e-01
2.212876528501510620e-01
3.078881800174713135e-01
-3.333933115005493164e+00
3.481683731079101562e-01
8.843420147895812988e-01
-9.260883331298828125e-01
-6.658524740487337112e-03
3.872033357620239258e-01
-5.693522691726684570e-01
-4.956576526165008545e-01
-6.726527214050292969e-01
-4.065405428409576416e-01
1.445811986923217773e+00
-1.773895621299743652e-01
7.248120903968811035e-01
-1.898638844490051270e+00
5.477607846260070801e-01
5.043016672134399414e-01
-7.863137722015380859e-01
-1.392727017402648926e+00
-2.006094217300415039e+00
-8.064181208610534668e-01
-4.501627385616302490e-01
2.367592811584472656e+00
3.779413104057312012e-01
2.256236314773559570e+00
-1.294198751449584961e+00
-9.441845417022705078e-01
1.535082101821899414e+00
-2.026864528656005859e+00
1.807254195213317871e+00
1.319177031517028809e+00
8.176241070032119751e-02
-9.912724047899246216e-02
-6.521691679954528809e-01
1.598776690661907196e-02
1.272313356399536133e+00
2.282433032989501953e+00
7.004565000534057617e-01
1.115495681762695312e+00
1.113147139549255371e+00
-2.834263801574707031e+00
5.959057211875915527e-01
-7.122365292161703110e-03
4.159770011901855469e-01
3.054506778717041016e-01
2.125024557113647461e+00
5.385828018188476562e-01
-7.610361576080322266e-01
-3.658747673034667969e-01
1.167032241821289062e+00
3.720560371875762939e-01
1.471407294273376465e+00
1.819302558898925781e+00
8.132038712501525879e-01
-5.925930738449096680e-01
1.573250293731689453e+00
1.088767766952514648e+00
2.797931730747222900e-01
2.078090608119964600e-01
-3.843922615051269531e-01
-3.285773992538452148e-01
-1.036264821887016296e-01
1.562628269195556641e+00
7.178407907485961914e-01
6.177399754524230957e-01
9.166977554559707642e-02
-1.738919377326965332e+00
-1.334854722023010254e+00
6.766063570976257324e-01
1.135147690773010254e+00
2.918184995651245117e-01
-7.903254628181457520e-01
-3.054246604442596436e-01
6.742181181907653809e-01
-3.887480497360229492e-01
-1.486683249473571777e+00
3.725496292114257812e+00
-2.599277794361114502e-01
1.257553339004516602e+00
1.507527381181716919e-01
2.046489000320434570e+00
-1.265423297882080078e-01
-4.555662870407104492e-01
-1.589739680290222168e+00
-1.070755600929260254e+00
5.900201797485351562e-01
-8.063165098428726196e-02
3.817861676216125488e-01
-5.204092264175415039e-01
1.953655481338500977e+00
-1.061412215232849121e+00
-3.783471286296844482e-01
-8.282187581062316895e-01
-1.096545338630676270e+00
2.876839399337768555e+00
5.426778923720121384e-03
2.519207239151000977e+00
-1.571617364883422852e+00
-2.115436553955078125e+00
3.851931393146514893e-01
3.497788012027740479e-01
-1.030085802078247070e+00
-5.814760327339172363e-01
-3.091847419738769531e+00
-7.601987719535827637e-01
-3.827005147933959961e+00
-3.337317109107971191e-01
6.086270213127136230e-01
-1.045055031776428223e+00
5.930092334747314453e-01
-8.127725720405578613e-01
-1.889406800270080566e+00
1.035140082240104675e-01
-3.691678047180175781e-01
-2.586460113525390625e+00
-8.713410496711730957e-01
-7.653375267982482910e-01
-1.081260204315185547e+00
-1.047375082969665527e+00
1.232785940170288086e+00
-1.977136880159378052e-01
-1.510616093873977661e-01
4.752618819475173950e-02
2.507307529449462891e-01
