-7.846803069114685059e-01
4.828784167766571045e-01
-1.283668875694274902e+00
4.613628685474395752e-01
-1.721422821283340454e-01
2.633005380630493164e+00
-5.549535751342773438e-01
-7.327063083648681641e-01
3.030646145343780518e-01
-2.713907063007354736e-01
-7.369460538029670715e-03
1.055423378944396973e+00
1.095689892768859863e+00
-3.678013682365417480e-01
4.047205150127410889e-01
1.472774624824523926e+00
-7.471042275428771973e-01
-1.934850096702575684e+00
5.462301969528198242e-01
3.882603943347930908e-01
-1.621533274650573730e+00
-7.224578261375427246e-01
-9.793610125780105591e-02
1.912925124168395996e+00
-9.654237031936645508e-01
-4.484077095985412598e-01
4.457215964794158936e-02
-1.995374202728271484e+00
1.774557232856750488e+00
2.103659152984619141e+00
9.689768552780151367e-01
-3.120906352996826172e-01
5.157794952392578125e-01
-8.090126514434814453e-01
-7.797165513038635254e-01
8.994029164314270020e-01
-4.251733720302581787e-01
8.597525954246520996e-01
-2.552495718002319336e+00
-1.661666184663772583e-01
2.325686514377593994e-01
1.975877165794372559e+00
8.817684054374694824e-01
1.205515384674072266e+00
-4.050055444240570068e-01
1.323837518692016602e+00
8.676669597625732422e-01
-1.472133100032806396e-01
-1.272623062133789062e+00
-8.593861460685729980e-01
-1.043393373489379883e+00
-2.824598550796508789e-01
1.736920475959777832e+00
-1.370369672775268555e+00
-6.918729096651077271e-02
8.738644123077392578e-01
-1.502026081085205078e+00
2.071073770523071289e+00
1.069847226142883301e+00
1.298520445823669434e+00
6.046682000160217285e-01
-8.800421357154846191e-01
3.148988246917724609e+00
-1.460789680480957031e+00
-7.359576225280761719e-01
-2.996348440647125244e-01
-1.328017234802246094e+00
2.897840976715087891e+00
4.479055404663085938e-01
6.984343528747558594e-01
-1.324581027030944824e+00
-5.903366208076477051e-01
-9.556171894073486328e-01
1.735467195510864258e+00
5.080956220626831055e-01
4.521114230155944824e-01
-4.276718199253082275e-01
7.263249754905700684e-01
2.676357030868530273e-01
-5.029266476631164551e-01
6.533312797546386719e-01
-1.486535549163818359e+00
-7.927228808403015137e-01
-1.024180769920349121e+00
5.107898712158203125e-01
-2.783044800162315369e-02
-1.381882786750793457e+00
-8.614478111267089844e-01
-2.147402048110961914e+00
3.697199225425720215e-01
-9.861838221549987793e-01
-8.651003837585449219e-01
-7.495614886283874512e-02
-6.608670949935913086e-01
1.653855204582214355e+00
-1.017619490623474121e+00
-6.524744033813476562e-01
6.013064384460449219e-01
-1.876592636108398438e+00
7.349343895912170410e-01
5.793977379798889160e-01
-1.149275712668895721e-02
-3.713036477565765381e-01
1.056524038314819336e+00
-1.923072576522827148e+00
1.785303354263305664e-01
7.398127317428588867e-01
1.406119912862777710e-01
1.157851696014404297e+00
-1.291391849517822266e+00
-2.148583829402923584e-01
2.032603263854980469e+00
-2.154719829559326172e+00
-6.177984476089477539e-01
8.367623686790466309e-01
-1.113352537155151367e+00
3.434360027313232422e-01
-5.961949825286865234e-01
6.988084316253662109e-01
2.785276770591735840e-01
-3.039070129394531250e+00
9.447421431541442871e-01
7.370606660842895508e-01
1.418868899345397949e+00
-9.667533636093139648e-01
1.514459013938903809e+00
-3.448779582977294922e-01
-1.597463011741638184e+00
