2.168541193008422852e+00
-8.184363245964050293e-01
-3.202915191650390625e-01
4.062182307243347168e-01
7.534006237983703613e-01
-1.075979351997375488e+00
2.318279445171356201e-01
6.830849051475524902e-01
3.556529581546783447e-01
-1.967306137084960938e+00
1.347532272338867188e+00
-3.097753286361694336e+00
3.358097970485687256e-01
-4.474483132362365723e-01
1.348293781280517578e+00
-7.173855304718017578e-01
-1.211946964263916016e+00
1.097722768783569336e+00
-1.080200791358947754e+00
-6.960762143135070801e-01
-8.699463605880737305e-01
-1.492742538452148438e+00
-2.096280336380004883e+00
1.958775520324707031e+00
1.647639870643615723e+00
-1.499110609292984009e-01
-9.092898368835449219e-01
-2.890241742134094238e-01
8.208764195442199707e-01
3.954382538795471191e-01
-2.854232549667358398e+00
5.972400307655334473e-01
-1.887328505516052246e+00
4.845561087131500244e-01
1.242006301879882812e+00
2.069597005844116211e+00
-9.300537705421447754e-01
-2.215866893529891968e-01
2.247396230697631836e+00
-3.891722857952117920e-01
2.023744106292724609e+00
-2.841093242168426514e-01
9.282959103584289551e-01
2.022381782531738281e+00
3.106109499931335449e-01
-1.360418319702148438e+00
1.458968400955200195e+00
2.015994310379028320e+00
-6.463492512702941895e-01
1.694935917854309082e+00
-7.962848544120788574e-01
-7.693336606025695801e-01
4.160233438014984131e-01
5.243115499615669250e-02
1.190651178359985352e+00
-1.105704307556152344e+00
5.510860085487365723e-01
1.993770003318786621e+00
4.289078712463378906e-01
2.945838212966918945e+00
-2.557430863380432129e-01
-1.757583022117614746e+00
2.153632164001464844e+00
-1.876686513423919678e-01
-8.851535916328430176e-01
-1.110932826995849609e+00
1.997025609016418457e+00
7.652109265327453613e-01
5.241495966911315918e-01
6.257406473159790039e-01
9.843068718910217285e-01
1.158452272415161133e+00
-2.093799114227294922e+00
1.029117822647094727e+00
1.152129650115966797e+00
-1.162198662757873535e+00
2.494577646255493164e+00
1.415469497442245483e-01
-6.507205963134765625e-01
-6.975176930427551270e-01
3.912071585655212402e-01
1.410955637693405151e-01
6.063042879104614258e-01
-5.880386233329772949e-01
8.754972219467163086e-01
-2.140259504318237305e+00
9.081809222698211670e-02
-7.657646536827087402e-01
-1.255171418190002441e+00
2.541443705558776855e-01
-5.784617066383361816e-01
-1.815838664770126343e-01
-5.815873742103576660e-01
1.061696290969848633e+00
3.683944642543792725e-01
3.230426907539367676e-01
-1.835521161556243896e-01
-1.773920655250549316e+00
1.257390022277832031e+00
4.240973293781280518e-01
-3.010127544403076172e-01
-1.895813494920730591e-01
-2.429973602294921875e+00
4.269721806049346924e-01
1.251925230026245117e+00
-4.131641089916229248e-01
4.579761028289794922e-01
-1.114781141281127930e+00
-9.596123099327087402e-01
-3.595136880874633789e+00
2.142622232437133789e+00
8.573685884475708008e-01
4.835403263568878174e-01
-4.184158146381378174e-01
4.807252883911132812e-01
-9.862815141677856445e-01
5.195047855377197266e-01
-2.151662826538085938e+00
-1.965652942657470703e+00
-7.740241885185241699e-01
-6.625256538391113281e-01
-1.208935022354125977e+00
-1.573217988014221191e+00
2.848596572875976562e-01
-6.282013654708862305e-01
6.008468866348266602e-01
-1.139756917953491211e+00
4.245534911751747131e-02
