9.342955797910690308e-02
-3.218656301498413086e+00
-7.813125848770141602e-01
-1.289720982313156128e-01
4.138803482055664062e-01
-1.198955416679382324e+00
3.982278704643249512e-01
-3.578618466854095459e-01
-6.209661364555358887e-01
-3.783292770385742188e-01
4.862044751644134521e-01
1.267312169075012207e+00
-2.148179292678833008e+00
1.442629218101501465e+00
-7.629621028900146484e-01
-8.718172311782836914e-01
-5.509542226791381836e-01
5.566380620002746582e-01
-1.650087952613830566e+00
6.079428791999816895e-01
-1.302052021026611328e+00
-3.849814534187316895e-01
1.776524484157562256e-01
-9.414990246295928955e-02
2.147479504346847534e-01
5.067408680915832520e-01
7.303161025047302246e-01
6.378301978111267090e-01
1.350654959678649902e-01
-9.311632812023162842e-02
-9.126465916633605957e-01
-4.818916320800781250e-01
1.204252123832702637e+00
6.345955133438110352e-01
-7.287688851356506348e-01
1.686718583106994629e+00
-6.760811209678649902e-01
1.127406120300292969e+00
-6.722146272659301758e-01
1.218930244445800781e+00
3.532275259494781494e-01
2.253219127655029297e+00
1.380976200103759766e+00
1.113366484642028809e-01
-7.663374543190002441e-01
2.456367462873458862e-01
-3.951932489871978760e-01
9.407539619132876396e-04
-1.099674105644226074e+00
-1.225371122360229492e+00
6.336304545402526855e-02
-1.244159817695617676e+00
8.548576235771179199e-01
1.105440855026245117e+00
1.428829580545425415e-01
1.889265418052673340e+00
2.483746968209743500e-03
1.151227712631225586e+00
4.214074909687042236e-01
9.895582795143127441e-01
2.884425520896911621e-01
-2.207073688507080078e+00
4.446657001972198486e-01
-9.400290846824645996e-01
8.688182830810546875e-01
1.071228623390197754e+00
8.782586455345153809e-01
-1.338583350181579590e+00
1.753658413887023926e+00
7.300560474395751953e-01
9.662402272224426270e-01
-4.193832725286483765e-02
-2.304923534393310547e+00
7.623301744461059570e-01
6.070259809494018555e-01
-3.002052307128906250e-01
1.611675471067428589e-01
1.727913379669189453e+00
1.139157652854919434e+00
3.119370937347412109e-01
2.367695808410644531e+00
3.173228725790977478e-02
-4.981282949447631836e-01
1.258741378784179688e+00
1.117360830307006836e+00
1.963799715042114258e+00
9.827984571456909180e-01
3.191586136817932129e-01
-1.429771065711975098e+00
-1.157066106796264648e+00
-1.177862048149108887e+00
-1.638167262077331543e+00
-4.038686156272888184e-01
8.613759875297546387e-01
1.371425986289978027e+00
-3.242241144180297852e-01
-8.705194592475891113e-01
-1.100124955177307129e+00
6.108584627509117126e-02
-1.774585604667663574e+00
3.105213642120361328e-01
-1.166477426886558533e-01
1.622972488403320312e+00
3.587932288646697998e-01
-1.725341439247131348e+00
2.096737146377563477e+00
-6.259459257125854492e-01
-6.874256730079650879e-01
7.076616883277893066e-01
-9.278480410575866699e-01
-1.897037148475646973e+00
-1.559761166572570801e+00
-7.575436234474182129e-01
-1.764497280120849609e+00
7.639458775520324707e-01
-2.953792333602905273e+00
-1.823683857917785645e+00
5.592403411865234375e-01
1.364680647850036621e+00
1.360028237104415894e-02
-8.429782390594482422e-01
2.075824737548828125e+00
9.128432720899581909e-02
-1.492735385894775391e+00
-1.113649368286132812e+00
1.071247339248657227e+00
-1.076115489006042480e+00
-4.728241860866546631e-01
