2.475154697895050049e-01
-1.857265472412109375e+00
-6.168874502182006836e-01
1.872966289520263672e-01
3.201209008693695068e-02
-1.276284754276275635e-01
-2.882260978221893311e-01
-5.386915802955627441e-01
-2.855710029602050781e+00
4.383352398872375488e-01
-4.626678824424743652e-01
-1.794692873954772949e+00
-6.384000778198242188e-01
-1.347181797027587891e+00
-7.011995464563369751e-02
1.129531860351562500e+00
-6.245649456977844238e-01
3.921327292919158936e-01
-2.473718166351318359e+00
-9.906122088432312012e-01
1.782738566398620605e+00
1.301798582077026367e+00
-1.143885970115661621e+00
1.896397590637207031e+00
-2.264163047075271606e-01
1.766378283500671387e+00
9.049156904220581055e-01
-1.268112182617187500e+00
-2.346932172775268555e+00
-7.483844161033630371e-01
-2.205781787633895874e-01
-4.686624109745025635e-01
1.472622394561767578e+00
1.092815771698951721e-01
-9.614618867635726929e-02
1.259406089782714844e+00
-1.541239976882934570e+00
1.091096997261047363e+00
-4.704876840114593506e-01
7.930556535720825195e-01
1.307143449783325195e+00
9.156491607427597046e-02
1.850817084312438965e+00
7.332615852355957031e-01
1.725637197494506836e+00
3.812276422977447510e-01
7.990825176239013672e-01
3.653464317321777344e-01
5.665872097015380859e-01
-8.942244052886962891e-01
-5.073979496955871582e-01
-1.651028633117675781e+00
-1.866752058267593384e-01
-1.238884091377258301e+00
-1.169437170028686523e+00
1.196080684661865234e+00
7.738478183746337891e-01
7.117783427238464355e-01
1.662271618843078613e+00
3.727572441101074219e+00
4.704963862895965576e-01
-6.561054587364196777e-01
1.007823348045349121e+00
1.613919258117675781e+00
2.831305265426635742e-01
-1.599278151988983154e-01
1.913912773132324219e+00
8.914550542831420898e-01
-2.255436331033706665e-01
-1.749987006187438965e+00
-2.037454843521118164e-01
-1.448212146759033203e+00
1.806516051292419434e+00
1.110271573066711426e+00
3.814053535461425781e-01
-6.803873777389526367e-01
-2.563261687755584717e-01
-6.063274145126342773e-01
6.367728114128112793e-01
-3.991412520408630371e-01
-1.905543327331542969e+00
4.204130768775939941e-01
4.511620849370956421e-02
5.593506693840026855e-01
6.966294646263122559e-01
-6.314936280250549316e-01
9.184144735336303711e-01
-2.893301844596862793e-01
-3.824274539947509766e-01
-1.461802423000335693e-01
-3.646324276924133301e-01
-1.003296375274658203e+00
-7.653571963310241699e-01
-9.056540578603744507e-02
4.012841880321502686e-01
-2.436152219772338867e+00
1.444461494684219360e-01
2.770872116088867188e-01
-1.621599793434143066e-01
4.473460018634796143e-01
7.786721587181091309e-01
4.920345731079578400e-03
1.615502595901489258e+00
-1.987889260053634644e-01
-1.470007419586181641e+00
-3.387539181858301163e-03
-1.883055329322814941e+00
4.355911016464233398e-01
-4.753741621971130371e-01
-1.379555344581604004e+00
9.594285488128662109e-02
3.000752210617065430e+00
-2.230552673339843750e+00
2.570904970169067383e+00
-6.825637817382812500e-01
-4.715894460678100586e-01
2.410003542900085449e-01
4.382120370864868164e-01
-3.979841470718383789e-01
-9.990416765213012695e-01
-3.627601265907287598e-01
4.261385649442672729e-02
-1.210684061050415039e+00
-3.992660939693450928e-01
-8.296498060226440430e-01
-1.739823102951049805e+00
-1.336949229240417480e+00
2.202245473861694336e+00
