-2.493558228015899658e-01
8.301895856857299805e-01
-9.031314402818679810e-02
-4.544739797711372375e-02
1.469844579696655273e+00
-1.354983448982238770e+00
2.338018268346786499e-01
-7.824893593788146973e-01
-1.142053961753845215e+00
8.256044387817382812e-01
-4.337120354175567627e-01
-4.265243113040924072e-01
-1.736108958721160889e-01
-2.299809932708740234e+00
2.337294578552246094e+00
2.286915630102157593e-01
1.117177605628967285e+00
-3.871451914310455322e-01
-1.836596131324768066e+00
2.780139744281768799e-01
9.624988436698913574e-01
1.033081412315368652e+00
2.445500046014785767e-01
4.525518417358398438e-01
-1.220935702323913574e+00
-1.772522926330566406e+00
1.848971396684646606e-01
-3.760350346565246582e-01
8.798729181289672852e-01
1.656062364578247070e+00
-2.426672697067260742e+00
8.387011885643005371e-01
-1.109924197196960449e+00
7.183986902236938477e-01
9.419708251953125000e-01
-7.231723070144653320e-01
-5.428733825683593750e-01
3.912730813026428223e-01
-1.265671014785766602e+00
-1.861846804618835449e+00
1.508613348007202148e+00
7.941277623176574707e-01
2.733088254928588867e+00
8.418664336204528809e-01
-1.567221283912658691e-01
-6.329205036163330078e-01
1.064605489373207092e-01
2.313823699951171875e+00
-7.628121376037597656e-01
9.929506182670593262e-01
2.450384378433227539e+00
-1.171984672546386719e+00
1.956151723861694336e-01
-1.487540841102600098e+00
-3.628244698047637939e-01
1.255232930183410645e+00
-3.625544905662536621e-01
3.836773931980133057e-01
-1.111885070800781250e+00
1.602683424949645996e+00
-4.210650324821472168e-01
6.688898205757141113e-01
1.265780776739120483e-01
1.022322654724121094e+00
1.381243586540222168e+00
9.365384578704833984e-01
1.380402684211730957e+00
-1.319276332855224609e+00
-1.600502133369445801e-01
-9.688071608543395996e-01
-2.260788083076477051e-01
1.935405731201171875e+00
2.461817026138305664e+00
-1.220018148422241211e+00
-1.464147329330444336e+00
-8.038341403007507324e-01
2.187325656414031982e-01
-9.221783876419067383e-01
-1.081066131591796875e-01
-3.019885778427124023e+00
-1.733415007591247559e+00
-7.150357961654663086e-01
-3.865360319614410400e-01
-8.985745906829833984e-01
1.521801829338073730e+00
-2.429138720035552979e-01
-2.249642312526702881e-01
7.304210662841796875e-01
-1.601499557495117188e+00
-2.521843016147613525e-01
3.898045122623443604e-01
-1.169466614723205566e+00
8.061701059341430664e-02
1.418453931808471680e+00
9.799658507108688354e-02
-8.843809962272644043e-01
3.436080217361450195e+00
1.122264385223388672e+00
7.648581266403198242e-01
9.489455074071884155e-02
6.734222173690795898e-01
1.296623468399047852e+00
1.196941375732421875e+00
-1.479067087173461914e+00
-3.469052016735076904e-01
5.984708070755004883e-01
-8.538724184036254883e-01
8.999634981155395508e-01
-7.418308854103088379e-01
-1.721149533987045288e-01
-7.559813857078552246e-01
-1.337631344795227051e+00
-5.397650599479675293e-01
-2.425384759902954102e+00
-1.992854624986648560e-01
-1.146434783935546875e+00
-5.226495862007141113e-01
7.006534934043884277e-01
-2.014758437871932983e-01
5.510614514350891113e-01
-2.065793752670288086e+00
-7.190775275230407715e-01
-9.674679040908813477e-01
-1.457186818122863770e+00
5.201690271496772766e-02
9.729751944541931152e-02
-9.835595488548278809e-01
1.587836623191833496e+00
