1.247174859046936035e+00
1.821470618247985840e+00
1.617019295692443848e+00
-7.730980217456817627e-02
4.680888056755065918e-01
1.244449257850646973e+00
1.487036585807800293e+00
-3.965354859828948975e-01
1.399910926818847656e+00
-5.698814392089843750e-01
-4.778124988079071045e-01
9.825965762138366699e-01
1.897297054529190063e-02
-4.471547305583953857e-01
-1.355319380760192871e+00
-6.547458767890930176e-01
1.194931566715240479e-01
1.657580494880676270e+00
-8.866988420486450195e-01
2.099983930587768555e+00
1.314538598060607910e+00
1.010895013809204102e+00
2.480531692504882812e+00
-4.636361077427864075e-02
-1.089939102530479431e-01
-8.386026024818420410e-01
-9.248704314231872559e-01
2.471551895141601562e-01
-4.467151686549186707e-02
-3.363871276378631592e-01
8.816876411437988281e-01
2.962887287139892578e-01
-2.276445273309946060e-03
-2.924835205078125000e+00
1.990732312202453613e+00
1.299021989107131958e-01
-5.733479857444763184e-01
1.234313249588012695e+00
1.002233982086181641e+00
-3.545412123203277588e-01
-4.712553918361663818e-01
-1.399276107549667358e-01
1.651000380516052246e+00
-1.408496737480163574e+00
1.480068415403366089e-01
-2.280080795288085938e+00
7.432022094726562500e-01
-7.557746767997741699e-01
2.030989825725555420e-01
3.181868791580200195e-02
-1.966557651758193970e-01
-1.941431879997253418e+00
3.866735100746154785e-01
4.998946487903594971e-01
2.375563383102416992e+00
-9.749695658683776855e-03
-9.772288799285888672e-01
-1.165849685668945312e+00
1.394483685493469238e+00
1.201822638511657715e+00
-5.441288352012634277e-01
-2.060517966747283936e-01
1.215841174125671387e+00
-8.657618165016174316e-01
3.041902780532836914e-01
1.038543343544006348e+00
1.803778558969497681e-01
1.353761672973632812e+00
-3.998967409133911133e-01
-1.612787127494812012e+00
6.164698004722595215e-01
-5.043496489524841309e-01
-8.000662326812744141e-01
1.194598793983459473e+00
7.832323014736175537e-02
-1.161326885223388672e+00
-1.734904408454895020e+00
-2.536216080188751221e-01
-1.968034029006958008e+00
-1.586927771568298340e-01
2.195317596197128296e-01
-6.712833046913146973e-01
4.854180216789245605e-01
-1.719954490661621094e+00
1.433743476867675781e+00
7.852252125740051270e-01
7.244544476270675659e-02
-1.240939021110534668e+00
-2.156137228012084961e-01
-1.656227231025695801e+00
-1.678017377853393555e+00
3.118240237236022949e-01
-3.111903667449951172e+00
-1.536350727081298828e+00
1.659855127334594727e+00
-1.601815342903137207e+00
1.252458333969116211e+00
-7.160515189170837402e-01
-2.486973106861114502e-01
6.300083994865417480e-01
-1.766005992889404297e+00
1.715706586837768555e+00
-2.250667847692966461e-02
6.646006107330322266e-01
3.219931364059448242e+00
-3.716015219688415527e-01
-9.665777087211608887e-01
-6.683902144432067871e-01
1.311086654663085938e+00
-2.333140850067138672e+00
-6.930488348007202148e-01
-1.663966774940490723e+00
-1.967195048928260803e-02
-1.317390322685241699e+00
-1.330824971199035645e+00
2.470372021198272705e-01
2.704023122787475586e-01
-5.361726880073547363e-01
-1.414390087127685547e+00
9.634862542152404785e-01
-2.670627534389495850e-01
1.720894128084182739e-01
-5.702162384986877441e-01
-1.568787336349487305e+00
-9.607651233673095703e-01
1.449047088623046875e+00
1.330307126045227051e-01
1.660497188568115234e+00
