4.998122155666351318e-01
-6.777894217520952225e-03
5.576831102371215820e-01
-3.679957687854766846e-01
2.822647809982299805e+00
-6.527398228645324707e-01
1.191284537315368652e+00
-1.706470131874084473e+00
-2.914002895355224609e+00
1.096051692962646484e+00
2.034909725189208984e+00
7.925233840942382812e-01
-1.928006291389465332e+00
-1.602140069007873535e+00
2.088226079940795898e-01
-2.679606974124908447e-01
-3.557015359401702881e-01
-3.827231228351593018e-01
-5.109698772430419922e-01
-1.792599409818649292e-01
1.203567758202552795e-01
5.041422247886657715e-01
-4.507662951946258545e-01
1.233322739601135254e+00
-3.459607064723968506e-01
2.190871953964233398e+00
4.778269231319427490e-01
-3.364588320255279541e-01
-1.354874491691589355e+00
5.734667927026748657e-02
-2.170531749725341797e+00
-2.923618853092193604e-01
-4.288878440856933594e-01
-5.691359043121337891e-01
-2.669690251350402832e-01
2.662415802478790283e-01
-1.342170834541320801e-01
8.445280790328979492e-01
-7.988509535789489746e-01
4.811783432960510254e-01
2.704876959323883057e-01
2.987257957458496094e+00
1.754705786705017090e+00
3.593520164489746094e+00
-7.970300316810607910e-02
-1.976506590843200684e+00
1.178752407431602478e-01
2.811766862869262695e-01
-5.844892263412475586e-01
-1.103555560111999512e+00
2.157486975193023682e-01
-8.846656084060668945e-01
-7.005363237112760544e-03
1.237713992595672607e-01
-5.101855397224426270e-01
4.583011269569396973e-01
-1.143727064132690430e+00
8.560351133346557617e-01
1.644728183746337891e+00
3.766508996486663818e-01
-2.052947729825973511e-01
-7.348816096782684326e-02
1.585349917411804199e+00
1.018798723816871643e-01
1.075414419174194336e+00
-6.897473335266113281e-01
-8.698823451995849609e-01
-8.373553752899169922e-01
6.678656935691833496e-01
-3.200744986534118652e-01
6.228289101272821426e-03
5.884296894073486328e-01
3.548537194728851318e-01
5.111876726150512695e-01
-2.391534596681594849e-01
3.430302441120147705e-01
5.206875801086425781e-01
2.665290832519531250e+00
-2.588743865489959717e-01
-1.338849067687988281e+00
3.286024034023284912e-01
2.268477916717529297e+00
-6.755229830741882324e-01
-1.133831292390823364e-01
-9.039014577865600586e-02
-2.014234304428100586e+00
-7.631481289863586426e-01
-8.117852210998535156e-01
5.879115462303161621e-01
-9.996790885925292969e-01
4.204204678535461426e-01
-1.114143729209899902e+00
-6.220347285270690918e-01
8.818897604942321777e-01
7.889500260353088379e-01
-1.567100763320922852e+00
-8.091624975204467773e-01
-2.081388473510742188e+00
8.992465138435363770e-01
-1.750959515571594238e+00
-2.379728108644485474e-01
-4.328901171684265137e-01
-5.791308879852294922e-01
2.183001786470413208e-01
-5.395013093948364258e-01
3.921115398406982422e-02
6.146041750907897949e-01
1.167020678520202637e+00
1.509789228439331055e+00
9.961866140365600586e-01
-2.663792610168457031e+00
1.432421058416366577e-01
9.544568657875061035e-01
7.192474603652954102e-01
9.203184843063354492e-01
-1.100578904151916504e+00
-1.327216506004333496e+00
4.810270965099334717e-01
-1.746017336845397949e+00
1.851861029863357544e-01
1.393128871917724609e+00
-3.190240859985351562e-01
8.366963863372802734e-01
1.438219398260116577e-01
-1.569293856620788574e+00
1.706865191459655762e+00
-1.769108772277832031e+00
-1.044336631894111633e-01
