-7.684683203697204590e-01
-1.602931857109069824e+00
6.309966444969177246e-01
3.260448575019836426e-01
1.656372696161270142e-01
-1.550303697586059570e+00
2.531331181526184082e-01
3.727819919586181641e-01
1.876840293407440186e-01
-4.911614656448364258e-01
-1.380576372146606445e+00
2.146745443344116211e+00
1.436546087265014648e+00
-7.207906991243362427e-02
-1.024187922477722168e+00
9.988029599189758301e-01
2.984462678432464600e-01
3.063226938247680664e-01
5.843728184700012207e-01
-1.410904765129089355e+00
-5.691518187522888184e-01
-1.474120855331420898e+00
-2.972612977027893066e-01
1.680108308792114258e+00
-1.733093112707138062e-01
1.562886714935302734e+00
-3.119952976703643799e-01
-1.272155761718750000e+00
5.657063722610473633e-01
-1.896168291568756104e-01
-2.029516220092773438e+00
1.406534481793642044e-02
-7.762212753295898438e-01
1.701509207487106323e-01
-1.173438429832458496e+00
2.536338806152343750e+00
1.059145212173461914e+00
4.010789096355438232e-01
7.869248390197753906e-01
-4.954499006271362305e-01
-1.670127153396606445e+00
4.030550718307495117e-01
2.029952764511108398e+00
1.867956757545471191e+00
-6.013019680976867676e-01
2.646405935287475586e+00
-4.425705969333648682e-01
1.023623943328857422e+00
5.818334221839904785e-02
-1.302854657173156738e+00
-6.807622313499450684e-01
4.106512665748596191e-01
3.694439828395843506e-01
-2.513701200485229492e+00
-1.041521787643432617e+00
-3.288488136604428291e-03
4.000599682331085205e-01
2.375726222991943359e+00
1.876040995121002197e-01
-9.196037650108337402e-01
-1.685483098030090332e+00
1.115498900413513184e+00
-3.716748952865600586e-01
-9.990713745355606079e-02
4.501065313816070557e-01
-1.089027404785156250e+00
-9.749456644058227539e-01
-2.006467580795288086e-01
1.327289104461669922e+00
1.888971805572509766e+00
-1.027663707733154297e+00
-1.342877030372619629e+00
6.670007854700088501e-02
4.783813655376434326e-01
-7.188983261585235596e-02
-1.002781391143798828e+00
-8.683701157569885254e-01
-2.382210269570350647e-02
-2.382033765316009521e-01
-1.463928725570440292e-02
5.436980128288269043e-01
-2.806945562362670898e+00
2.131210327148437500e+00
7.584591209888458252e-02
-2.442380428314208984e+00
-9.706276655197143555e-01
-1.565671563148498535e-01
6.881678104400634766e-02
1.710226655006408691e+00
1.887432098388671875e+00
2.328407764434814453e+00
-5.234869122505187988e-01
2.524152696132659912e-01
1.148123145103454590e+00
-1.329594492912292480e+00
1.926238179206848145e+00
1.221475824713706970e-01
2.346307188272476196e-01
-1.314403295516967773e+00
-2.674798481166362762e-02
-8.924796581268310547e-01
8.696650266647338867e-01
8.356956243515014648e-01
-3.630010485649108887e-01
4.121479690074920654e-01
1.252696990966796875e+00
-8.694432377815246582e-01
-3.420106470584869385e-01
2.510079383850097656e+00
-2.315373182296752930e+00
-7.736571431159973145e-01
1.662125349044799805e+00
3.957228660583496094e-01
-9.799575209617614746e-01
1.037271618843078613e+00
-1.126304864883422852e+00
1.593599796295166016e+00
-5.113995075225830078e-01
-3.662739694118499756e-01
1.890356540679931641e-01
-2.116825103759765625e+00
-8.047072887420654297e-01
1.357828229665756226e-01
-1.044729590415954590e+00
-7.059185504913330078e-01
-1.684137225151062012e+00
-1.284138202667236328e+00
1.341144204139709473e+00
