6.028619408607482910e-01
-1.087857604026794434e+00
8.575376272201538086e-01
-1.013622641563415527e+00
-1.363655447959899902e+00
-1.078592300415039062e+00
-1.413891315460205078e-01
-7.891879081726074219e-01
7.842292785644531250e-01
-2.494724988937377930e+00
8.331456780433654785e-02
-8.164267539978027344e-01
2.890049219131469727e-01
-1.898448348045349121e+00
1.342151761054992676e+00
4.707791209220886230e-01
-9.084897488355636597e-02
9.560325741767883301e-01
8.368657231330871582e-01
2.921149492263793945e+00
-1.335843324661254883e+00
7.045624256134033203e-01
-7.719408273696899414e-01
3.583545386791229248e-01
-1.429150581359863281e+00
-1.997359693050384521e-01
3.170742690563201904e-01
-1.363642811775207520e-01
-7.845211625099182129e-01
9.148849248886108398e-01
-1.249488353729248047e+00
-1.137151241302490234e+00
-2.064098834991455078e+00
-1.397413730621337891e+00
6.439739465713500977e-01
1.543276309967041016e+00
-1.830971956253051758e+00
-2.869973182678222656e-01
-1.166284799575805664e+00
-4.196558892726898193e-01
5.268912911415100098e-01
9.072087407112121582e-01
1.728926181793212891e+00
1.437903285026550293e+00
4.292693734169006348e-01
1.141316667199134827e-01
-5.369571447372436523e-01
1.134559750556945801e+00
8.829059600830078125e-01
-1.217017173767089844e+00
3.384225964546203613e-01
-1.095012903213500977e+00
-2.638733386993408203e-01
6.268550157546997070e-01
2.430291026830673218e-01
6.227244734764099121e-01
8.014389872550964355e-02
5.582039356231689453e-01
-1.197553873062133789e+00
2.152976274490356445e+00
1.366407632827758789e+00
-1.042308006435632706e-02
1.072571277618408203e-01
2.241596460342407227e+00
6.233342289924621582e-01
-1.396903157234191895e+00
5.430462360382080078e-01
9.912117719650268555e-01
-1.381016850471496582e+00
-7.176078557968139648e-01
1.545130088925361633e-02
1.025812745094299316e+00
3.269223928451538086e+00
8.270725011825561523e-01
-4.887142479419708252e-01
-1.727402806282043457e+00
6.836480498313903809e-01
-9.273954033851623535e-01
1.031838178634643555e+00
-2.974775791168212891e+00
-8.351109027862548828e-01
9.672912955284118652e-01
2.488855719566345215e-01
5.748087167739868164e-01
2.469025135040283203e+00
3.993109166622161865e-01
-2.475767850875854492e+00
2.000503778457641602e+00
-3.643595576286315918e-01
2.258660793304443359e+00
2.564540505409240723e-01
-3.527275323867797852e+00
1.069561600685119629e+00
2.789966166019439697e-01
3.895235061645507812e-01
1.378003716468811035e+00
1.400863885879516602e+00
-4.967126548290252686e-01
-6.325082778930664062e-01
1.487887464463710785e-02
4.947273805737495422e-02
-7.057606577873229980e-01
-1.605230689048767090e+00
-3.120149672031402588e-02
1.322457551956176758e+00
-1.929908692836761475e-01
-7.139685153961181641e-01
3.653999865055084229e-01
1.205421328544616699e+00
1.191296935081481934e+00
-2.285947322845458984e+00
1.274019122123718262e+00
-1.959017276763916016e+00
-1.401400864124298096e-01
-1.933680176734924316e-01
1.264811277389526367e+00
-6.738888621330261230e-01
-1.513381022959947586e-02
1.310692429542541504e+00
-4.673115909099578857e-01
-1.004500746726989746e+00
3.639713525772094727e-01
1.439227350056171417e-02
-2.042316198348999023e+00
-6.449664235115051270e-01
-1.565625518560409546e-01
-2.089666575193405151e-01
-1.109150052070617676e+00
