-7.656986117362976074e-01
1.602320432662963867e+00
-7.655464410781860352e-01
-3.078016996383666992e+00
-6.220969557762145996e-01
-5.782312154769897461e-01
3.357750773429870605e-01
1.479987382888793945e+00
1.087187409400939941e+00
3.866998255252838135e-01
-1.489215642213821411e-01
1.574261426925659180e+00
-1.646602511405944824e+00
1.817758917808532715e+00
-1.309673666954040527e+00
1.892461180686950684e-01
2.514842525124549866e-02
-8.310332298278808594e-01
1.449766874313354492e+00
1.131625995039939880e-01
-1.078261852264404297e+00
-7.723294496536254883e-01
6.401410698890686035e-01
2.018688201904296875e+00
-3.293030261993408203e-01
6.420221328735351562e-01
-3.333801627159118652e-01
-1.675591915845870972e-01
9.964854121208190918e-01
-4.251847565174102783e-01
8.464959263801574707e-01
-1.126453876495361328e+00
-3.819377720355987549e-01
2.723678827285766602e+00
-2.025441080331802368e-01
4.481052458286285400e-01
-1.372972846031188965e+00
-6.894663572311401367e-01
-1.500935673713684082e+00
-1.253908514976501465e+00
-5.681044459342956543e-01
-2.469797283411026001e-01
9.463309049606323242e-01
-2.882047593593597412e-01
8.652863502502441406e-01
-5.236054658889770508e-01
4.994750320911407471e-01
1.783775329589843750e+00
2.754661738872528076e-01
4.852067530155181885e-01
1.473224043846130371e+00
-1.039158940315246582e+00
-1.696714878082275391e+00
7.067078351974487305e-01
1.243478894233703613e+00
2.928106546401977539e+00
9.446992874145507812e-01
-4.429981112480163574e-01
-1.748777866363525391e+00
1.012555360794067383e+00
-7.999734878540039062e-01
-1.799695044755935669e-01
8.224989771842956543e-01
1.526672840118408203e+00
3.094296932220458984e+00
-2.065425157546997070e+00
-4.894385635852813721e-01
-3.905126154422760010e-01
3.646868765354156494e-01
1.967347741127014160e+00
-1.892492026090621948e-01
-4.629974067211151123e-02
1.243321180343627930e+00
-2.176288366317749023e-01
4.008214771747589111e-01
-7.322952151298522949e-01
2.225631713867187500e+00
1.429930090904235840e+00
-1.045744657516479492e+00
-3.282509565353393555e+00
-2.084264516830444336e+00
-2.725083351135253906e+00
3.667173385620117188e-01
-1.119852900505065918e+00
2.400684118270874023e+00
1.151664137840270996e+00
-6.739751696586608887e-01
-3.974823355674743652e-01
-1.005117893218994141e+00
-1.585631847381591797e+00
-2.883406877517700195e+00
-2.458647191524505615e-01
-2.083304643630981445e+00
-3.268635272979736328e-01
3.703947365283966064e-01
1.864897757768630981e-01
3.138578534126281738e-01
-8.183470964431762695e-01
1.109358906745910645e+00
1.815148711204528809e+00
2.547917604446411133e+00
6.762233376502990723e-01
-7.987653017044067383e-01
1.391084641218185425e-01
2.784376144409179688e+00
-1.220421344041824341e-01
1.301169514656066895e+00
-1.544377803802490234e+00
3.682135045528411865e-01
-2.091146707534790039e+00
6.465232968330383301e-01
3.952205479145050049e-01
1.199934244155883789e+00
-1.826578497886657715e+00
1.099230885505676270e+00
-1.046659231185913086e+00
3.163393139839172363e-01
-1.519298434257507324e+00
-3.811500668525695801e-01
1.102293059229850769e-01
-5.044521689414978027e-01
-1.063445210456848145e+00
-3.811026737093925476e-02
-1.299463510513305664e+00
6.035370230674743652e-01
-1.817338705062866211e+00
-1.113492771983146667e-01
-1.546906590461730957e+00
