2.063567876815795898e+00
-1.046234130859375000e+00
-1.537288546562194824e+00
9.119455814361572266e-01
1.157164216041564941e+00
-8.404780626296997070e-01
-9.472042322158813477e-01
7.980855107307434082e-01
-1.550218939781188965e+00
-6.207211613655090332e-01
-5.088826641440391541e-02
-8.795586824417114258e-01
2.892099380493164062e+00
-5.246167778968811035e-01
7.948855757713317871e-01
2.835720181465148926e-01
-3.988468945026397705e-01
-1.055953860282897949e+00
-1.189654588699340820e+00
1.278329968452453613e+00
5.061779618263244629e-01
-1.902806401252746582e+00
3.491529524326324463e-01
5.282246693968772888e-02
4.483988583087921143e-01
5.626869201660156250e-01
2.510267198085784912e-01
-6.301738619804382324e-01
-1.268006563186645508e+00
2.551907300949096680e-01
-9.659779667854309082e-01
-6.705935597419738770e-01
2.750748991966247559e-01
-5.452839136123657227e-01
1.294019341468811035e+00
-6.142541766166687012e-01
-6.041478738188743591e-02
1.302612781524658203e+00
-9.147254228591918945e-01
3.968186676502227783e-01
-1.023717880249023438e+00
-5.473005175590515137e-01
1.898175239562988281e+00
2.169928312301635742e+00
8.555754423141479492e-01
2.927314519882202148e+00
3.693937063217163086e-01
-2.298997789621353149e-01
6.347940564155578613e-01
3.191716074943542480e-01
-1.078895181417465210e-01
-2.699806213378906250e+00
1.673926711082458496e+00
-2.935628294944763184e-01
8.535777330398559570e-01
-2.005830287933349609e+00
4.619482755661010742e-01
4.985860586166381836e-01
1.116780281066894531e+00
3.053206920623779297e+00
-1.139343619346618652e+00
2.028861641883850098e-01
-2.175367116928100586e+00
3.254516124725341797e+00
-3.617820143699645996e-01
-3.589766025543212891e-01
1.521607756614685059e+00
3.912030458450317383e-01
-1.789008855819702148e+00
-3.811737000942230225e-01
3.504603803157806396e-01
-7.803998589515686035e-01
1.988000035285949707e+00
5.512472391128540039e-01
1.953131556510925293e+00
-1.767517805099487305e+00
-1.134588241577148438e+00
-1.654033422470092773e+00
1.347247838973999023e+00
-2.280808985233306885e-01
-7.561448812484741211e-01
-1.504227161407470703e+00
-5.161969065666198730e-01
-1.224662065505981445e+00
-1.375329047441482544e-01
-1.236953854560852051e+00
-1.024440765380859375e+00
3.201693892478942871e-01
7.881580591201782227e-01
1.410942316055297852e+00
6.705517172813415527e-01
-2.581327915191650391e+00
-1.478431463241577148e+00
1.778797745704650879e+00
1.265055298805236816e+00
1.290496587753295898e+00
1.575582385063171387e+00
7.686665654182434082e-01
-8.727555721998214722e-02
1.067763686180114746e+00
-1.174541831016540527e+00
-5.491126775741577148e-01
9.507111907005310059e-01
1.473274268209934235e-02
5.308521389961242676e-01
9.138832241296768188e-02
-2.000649690628051758e+00
2.546099126338958740e-01
1.251120120286941528e-01
-1.912050366401672363e+00
-3.817136287689208984e-01
-9.045918583869934082e-01
-1.063060164451599121e+00
5.178380012512207031e-01
-7.154058218002319336e-01
-1.249918222427368164e+00
3.989878594875335693e-01
-5.305113196372985840e-01
-1.410324811935424805e+00
-4.071524441242218018e-01
-4.592198729515075684e-01
-3.955511152744293213e-01
-8.165668845176696777e-01
-1.782098889350891113e+00
-7.018780112266540527e-01
9.785606861114501953e-01
1.570896863937377930e+00
1.372795701026916504e+00
