-9.438930451869964600e-02
2.988806366920471191e-01
-1.299031853675842285e+00
-4.346971213817596436e-01
8.836323618888854980e-01
5.693148970603942871e-01
-5.885764360427856445e-01
-8.255798369646072388e-02
5.556680560111999512e-01
3.181640625000000000e+00
1.421091854572296143e-01
-9.002775549888610840e-01
1.178646206855773926e+00
6.019777059555053711e-01
5.922936797142028809e-01
-4.252744317054748535e-01
-3.937853276729583740e-01
1.109133005142211914e+00
2.191153019666671753e-01
-5.669869184494018555e-01
1.523037910461425781e+00
-1.009735465049743652e+00
-7.425338625907897949e-01
-4.605744779109954834e-01
-5.420877933502197266e-01
3.409632444381713867e-01
3.498858213424682617e-01
-4.472687840461730957e-02
9.969813227653503418e-01
1.704005956649780273e+00
-5.681260824203491211e-01
-9.047547578811645508e-01
3.589523434638977051e-01
1.295434355735778809e+00
-3.348163366317749023e-01
2.624222934246063232e-01
-1.451890587806701660e+00
-7.253887057304382324e-01
-2.597804367542266846e-01
1.307119131088256836e+00
-1.537334024906158447e-01
-3.636511564254760742e-01
1.634474277496337891e+00
5.008677244186401367e-01
4.897747337818145752e-01
2.931308746337890625e-01
-1.934304833412170410e-01
-1.018023371696472168e+00
6.015323996543884277e-01
2.558328866958618164e+00
-5.660806894302368164e-01
-7.466269135475158691e-01
-1.628317356109619141e+00
-9.039455056190490723e-01
3.673244714736938477e-01
1.673205137252807617e+00
-7.511186599731445312e-01
-1.360204577445983887e+00
-1.598456859588623047e+00
1.704196214675903320e+00
3.553812801837921143e-01
7.136804461479187012e-01
5.494379997253417969e-02
4.295552074909210205e-01
-4.028090536594390869e-01
6.825639605522155762e-01
-7.638188600540161133e-01
2.275762110948562622e-01
5.545710325241088867e-01
-1.128724455833435059e+00
2.075180560350418091e-01
-9.542048573493957520e-01
2.203994035720825195e+00
1.483222365379333496e+00
-1.485433697700500488e+00
1.337236881256103516e+00
6.314436793327331543e-01
-1.074481606483459473e+00
-1.141996622085571289e+00
-8.071622252464294434e-01
1.428170800209045410e+00
-1.108085870742797852e+00
-2.324197143316268921e-01
1.969535946846008301e-01
1.115384340286254883e+00
1.908973813056945801e+00
1.915955096483230591e-01
-2.294370174407958984e+00
-1.146661162376403809e+00
-1.673115730285644531e+00
1.259925723075866699e+00
-1.565059870481491089e-01
-1.432108759880065918e+00
7.903457880020141602e-01
-1.263220667839050293e+00
-7.633787989616394043e-01
7.309061288833618164e-01
6.024254560470581055e-01
-3.838801980018615723e-01
9.240502864122390747e-02
4.754325449466705322e-01
-1.746588587760925293e+00
5.407156944274902344e-01
-2.814753651618957520e-01
-4.320267140865325928e-01
1.226056575775146484e+00
-7.036234736442565918e-01
-8.560037016868591309e-01
1.945232510566711426e+00
-3.059319496154785156e+00
-1.417752861976623535e+00
6.070361733436584473e-01
-4.424704015254974365e-01
4.712374210357666016e-01
3.389724791049957275e-01
1.548313498497009277e+00
1.807251572608947754e+00
2.318197935819625854e-01
-1.398252695798873901e-01
-1.963301301002502441e-01
-1.593680977821350098e+00
-1.758469104766845703e+00
8.348003625869750977e-01
-9.008814692497253418e-01
-1.516079068183898926e+00
6.484385728836059570e-01
-3.193813085556030273e+00
1.558820366859436035e+00
