4.097322523593902588e-01
-3.192299127578735352e+00
1.616197109222412109e+00
8.433224558830261230e-01
6.740303039550781250e-01
3.272933661937713623e-01
2.955711781978607178e-01
1.437278985977172852e+00
4.213777780532836914e-01
-2.065311744809150696e-02
-7.359119653701782227e-01
6.703758835792541504e-01
5.710825696587562561e-02
-8.481878042221069336e-01
7.741648554801940918e-01
-2.718083858489990234e-01
-7.820331454277038574e-01
1.380483627319335938e+00
1.900858432054519653e-01
2.153939247131347656e+00
-1.126396059989929199e+00
6.865763664245605469e-01
-7.590772509574890137e-01
-6.457549333572387695e-01
8.782932758331298828e-01
4.854548573493957520e-01
-6.347270607948303223e-01
-1.124054312705993652e+00
6.752735376358032227e-01
1.445903658866882324e+00
2.003839910030364990e-01
2.548660635948181152e-01
9.705399279482662678e-04
1.116430163383483887e+00
3.715496510267257690e-03
1.821421504020690918e+00
-4.726037383079528809e-01
-4.827526807785034180e-01
3.998773992061614990e-01
2.078123241662979126e-01
-1.827252864837646484e+00
-6.068052053451538086e-01
1.428778767585754395e+00
9.695444107055664062e-01
3.258144140243530273e+00
-7.464445829391479492e-01
7.361894249916076660e-01
-1.903314352035522461e+00
2.325969219207763672e+00
-1.139372467994689941e+00
-1.531910181045532227e+00
-1.753561645746231079e-01
-4.605014026165008545e-01
4.823022186756134033e-01
1.430961132049560547e+00
2.295715093612670898e+00
-6.509954929351806641e-01
6.443923115730285645e-01
1.180675983428955078e+00
-3.734267950057983398e-01
-1.235063653439283371e-02
-1.219122886657714844e+00
6.098988056182861328e-01
-1.374032020568847656e+00
1.489200890064239502e-01
-8.295593261718750000e-01
-8.793230056762695312e-01
-4.835292696952819824e-01
6.567758321762084961e-01
-7.512421011924743652e-01
2.292874455451965332e-01
-1.735257506370544434e+00
-1.507127523422241211e+00
1.177545309066772461e+00
-1.259141921997070312e+00
-2.708241939544677734e+00
-5.079176425933837891e-01
1.408817529678344727e+00
-8.558261394500732422e-01
-4.521027505397796631e-01
1.120123386383056641e+00
-5.275245308876037598e-01
-6.373234987258911133e-01
1.343216776847839355e+00
1.705911993980407715e+00
2.243453979492187500e+00
-7.496901601552963257e-02
4.524939879775047302e-02
-2.578292369842529297e+00
-1.654205620288848877e-01
8.319699764251708984e-02
-1.076875090599060059e+00
-1.047729253768920898e+00
-1.465883731842041016e+00
7.945695519447326660e-02
-1.448235988616943359e+00
1.154948472976684570e+00
4.100300967693328857e-01
-6.329773664474487305e-01
-5.668010115623474121e-01
6.382301449775695801e-01
9.283438324928283691e-01
1.038987413048744202e-01
9.161580204963684082e-01
-7.882234454154968262e-01
-7.893213033676147461e-01
-3.615321516990661621e-01
-1.861003875732421875e+00
1.713317513465881348e+00
-1.656460881233215332e+00
6.365887522697448730e-01
6.598018407821655273e-01
-8.095146417617797852e-01
-3.372532427310943604e-01
-1.153001785278320312e+00
1.556953191757202148e+00
2.877682447433471680e-01
-7.029926180839538574e-01
2.046658515930175781e+00
-1.473287940025329590e+00
-1.124930024147033691e+00
-1.607178568840026855e+00
1.566495746374130249e-01
-8.803613185882568359e-01
-1.154793500900268555e+00
7.261013388633728027e-01
3.641247749328613281e-01
-6.420002579689025879e-01
