1.610655426979064941e+00
-4.949330985546112061e-01
-3.123957216739654541e-01
7.125738859176635742e-01
2.034985065460205078e+00
-3.613400161266326904e-01
-2.338366024196147919e-02
1.637857317924499512e+00
-1.799569368362426758e+00
6.136014461517333984e-01
-6.685167551040649414e-01
4.939928054809570312e-01
3.234979808330535889e-01
-1.836043596267700195e+00
-2.822294235229492188e-01
-2.229359298944473267e-01
-4.658272266387939453e-01
1.338468790054321289e+00
7.436003684997558594e-01
6.842346787452697754e-01
7.184013128280639648e-01
6.235314011573791504e-01
6.602313518524169922e-01
-7.158666104078292847e-02
-2.395829111337661743e-01
1.006054401397705078e+00
-4.465554952621459961e-01
-4.417327046394348145e-01
-3.111669421195983887e-01
-1.296744793653488159e-01
7.446168065071105957e-01
-6.016972064971923828e-01
-1.756478667259216309e+00
-3.061509132385253906e+00
4.181784987449645996e-01
-1.002937793731689453e+00
2.244613647460937500e+00
1.152697324752807617e+00
-8.836954236030578613e-01
-2.624655663967132568e-01
3.226305484771728516e+00
2.325112521648406982e-01
1.367969155311584473e+00
3.006838858127593994e-01
3.188541829586029053e-01
2.760909125208854675e-02
2.673003673553466797e+00
-9.454427659511566162e-02
2.289653539657592773e+00
-1.392740249633789062e+00
-7.969179004430770874e-02
-2.541767835617065430e+00
-1.673994421958923340e+00
9.493786096572875977e-01
-8.549312949180603027e-01
2.514750063419342041e-01
-6.713475584983825684e-01
-6.528131365776062012e-01
-3.392111957073211670e-01
-5.915913581848144531e-01
-1.182501763105392456e-01
3.479519784450531006e-01
-2.010028511285781860e-01
-1.237897753715515137e+00
8.872759342193603516e-01
-2.236672639846801758e+00
-1.707121849060058594e+00
1.540369272232055664e+00
-2.466409683227539062e+00
2.097429037094116211e-01
-3.032775223255157471e-01
9.428633004426956177e-02
5.216236114501953125e-01
7.302169799804687500e-01
4.260343611240386963e-01
-3.512950420379638672e+00
-2.659749031066894531e+00
-7.522950172424316406e-01
9.301489591598510742e-01
1.388679146766662598e-01
-1.657353758811950684e+00
3.651306927204132080e-01
1.195169091224670410e+00
-2.999615482985973358e-02
3.594119787216186523e+00
1.435646891593933105e+00
-3.809056282043457031e-01
-5.955716967582702637e-02
1.005170941352844238e+00
3.956499993801116943e-01
1.062105298042297363e+00
-2.182649135589599609e+00
6.828059256076812744e-02
3.132065236568450928e-01
-9.327942728996276855e-01
-7.874391078948974609e-01
-1.093273043632507324e+00
1.495708703994750977e+00
8.583742380142211914e-01
-1.146883368492126465e+00
-9.630111455917358398e-01
1.728482365608215332e+00
-3.235110938549041748e-01
-2.625779509544372559e-01
-1.315908193588256836e+00
-1.507517695426940918e+00
-1.276552557945251465e+00
-8.551332354545593262e-01
4.047807157039642334e-01
-3.057027101516723633e+00
1.726448416709899902e+00
-2.004000663757324219e+00
1.870268464088439941e+00
4.728999733924865723e-02
-3.588480353355407715e-01
-1.358246445655822754e+00
-1.776098459959030151e-01
-1.093653678894042969e+00
1.328073978424072266e+00
7.734422087669372559e-01
3.835746943950653076e-01
4.625754058361053467e-01
2.162597656250000000e+00
-2.714127004146575928e-01
3.868079185485839844e-01
-6.012001037597656250e-01
1.289394259452819824e+00
-9.191009998321533203e-01
