-1.975584626197814941e+00
2.409161478281021118e-01
-1.361121088266372681e-01
-9.231231212615966797e-01
-1.606567859649658203e+00
1.748553633689880371e+00
-2.951975353062152863e-02
5.702716708183288574e-01
-9.812647104263305664e-01
-3.462046384811401367e-01
-1.335112929344177246e+00
-2.149224281311035156e+00
-2.423550367355346680e+00
-1.129736900329589844e+00
4.551904201507568359e-01
-1.728764772415161133e+00
1.373130921274423599e-02
-2.654047608375549316e-01
-1.756009906530380249e-01
1.604379296302795410e+00
-1.725264042615890503e-01
-5.308997035026550293e-01
1.842986196279525757e-01
6.907535791397094727e-01
-1.109234809875488281e+00
1.050456643104553223e+00
3.258515596389770508e-01
4.385566711425781250e-02
1.131474494934082031e+00
9.873073101043701172e-01
3.124425113201141357e-01
2.770601511001586914e+00
6.249602437019348145e-01
4.176270663738250732e-01
-9.648166596889495850e-02
5.222118496894836426e-01
5.733872056007385254e-01
1.351420164108276367e+00
1.184192061424255371e+00
-2.024484872817993164e-01
1.580057501792907715e+00
1.684414744377136230e+00
2.526331424713134766e+00
9.973421692848205566e-02
9.741578698158264160e-01
-1.396828413009643555e+00
3.225731849670410156e-01
-5.782470107078552246e-01
2.972596287727355957e-01
-7.062696218490600586e-01
-6.662714481353759766e-01
-6.550346612930297852e-01
-5.898473262786865234e-01
7.956710457801818848e-01
-3.009855449199676514e-01
2.547072649002075195e+00
9.937565922737121582e-01
3.302450105547904968e-02
-5.471242070198059082e-01
1.030986785888671875e+00
-8.183966279029846191e-01
-1.312192916870117188e+00
-4.787092208862304688e-01
4.462852478027343750e-01
3.669058382511138916e-01
-2.178325891494750977e+00
1.020438194274902344e+00
-1.151267409324645996e+00
1.000934600830078125e+00
2.629888653755187988e-01
6.926530003547668457e-01
1.457017064094543457e+00
8.802229762077331543e-01
7.312549948692321777e-01
-1.035592630505561829e-01
-7.332707047462463379e-01
-3.955131862312555313e-03
-1.871428847312927246e+00
-1.574078679084777832e+00
-8.816452622413635254e-01
-5.803383588790893555e-01
-1.438906788825988770e+00
9.709225296974182129e-01
-3.658752441406250000e-01
1.213278770446777344e+00
-1.034335851669311523e+00
7.661557197570800781e-01
1.587313562631607056e-01
-1.859070658683776855e+00
4.680688679218292236e-01
-1.346391797065734863e+00
-9.433462619781494141e-01
-1.484955787658691406e+00
-4.751541614532470703e-01
1.221337318420410156e+00
-6.944280266761779785e-01
-3.436584472656250000e-01
5.170170068740844727e-01
1.785843968391418457e+00
1.749307990074157715e+00
-3.012624263763427734e+00
-2.298154532909393311e-01
5.147473812103271484e-01
4.669487476348876953e-01
-1.920737385749816895e+00
1.005679726600646973e+00
7.689423561096191406e-01
-9.753436446189880371e-01
1.496787071228027344e-01
-7.967224717140197754e-01
-1.325516402721405029e-01
-3.206497728824615479e-01
7.974862456321716309e-01
1.149540185928344727e+00
2.835392236709594727e+00
2.882449626922607422e-01
-8.447628617286682129e-01
-2.330389320850372314e-01
1.622616499662399292e-01
2.610339641571044922e+00
9.427743554115295410e-01
-1.312167167663574219e+00
-2.062225818634033203e+00
-2.229334354400634766e+00
-1.050007581710815430e+00
-7.865881547331809998e-03
-9.534153342247009277e-01
-6.806626915931701660e-01
