-1.621927261352539062e+00
1.855993121862411499e-01
-1.510020256042480469e+00
4.614031910896301270e-01
-1.317698955535888672e+00
-1.067859232425689697e-01
1.438794583082199097e-01
5.028595924377441406e-01
8.665426373481750488e-01
-1.431225657463073730e+00
-8.184884190559387207e-01
-1.295756176114082336e-02
2.818784952163696289e+00
3.833650648593902588e-01
-4.260121583938598633e-01
-2.781334519386291504e-01
-1.408265531063079834e-01
1.852465867996215820e+00
4.063980281352996826e-01
1.415088415145874023e+00
-5.422574877738952637e-01
4.940417110919952393e-01
-1.140687227249145508e+00
2.536574840545654297e+00
-1.533069968223571777e+00
1.755046010017395020e+00
-3.444839417934417725e-01
-2.530807971954345703e+00
1.565764546394348145e+00
4.526444971561431885e-01
2.986867129802703857e-01
-5.075714588165283203e-01
4.607025384902954102e-01
9.498676657676696777e-01
-8.682394623756408691e-01
2.394003421068191528e-01
5.523806810379028320e-01
1.672253459692001343e-01
-1.145536422729492188e+00
-7.418193221092224121e-01
3.689544200897216797e-01
-9.386453893966972828e-04
1.671026229858398438e+00
-9.969261884689331055e-01
7.124400734901428223e-01
7.749788761138916016e-01
-3.805245161056518555e-01
-4.007142484188079834e-01
1.824486970901489258e+00
8.574528098106384277e-01
6.769058704376220703e-01
-1.414733976125717163e-01
5.258252024650573730e-01
-1.074549198150634766e+00
-6.806787848472595215e-01
1.244657635688781738e+00
1.599172055721282959e-01
-9.600151777267456055e-01
8.484575897455215454e-02
-6.921218633651733398e-01
-4.308337867259979248e-01
1.834401726722717285e+00
3.351636826992034912e-01
-3.076758682727813721e-01
1.790535170584917068e-03
1.299751162528991699e+00
-7.638323307037353516e-01
-1.969143003225326538e-01
9.629045128822326660e-01
9.773010015487670898e-02
1.515110135078430176e+00
-1.214169979095458984e+00
3.026166200637817383e+00
6.739034056663513184e-01
-2.268531560897827148e+00
2.997691929340362549e-01
-9.096460342407226562e-01
-7.396789789199829102e-01
-2.513088464736938477e+00
3.055331669747829437e-02
9.131446480751037598e-01
-1.935699939727783203e+00
5.520934462547302246e-01
1.577534437179565430e+00
-3.554118052124977112e-02
1.435064077377319336e+00
-5.602092146873474121e-01
-2.192467689514160156e+00
-8.363347053527832031e-01
-3.019405715167522430e-02
-2.000572858378291130e-03
-6.348558068275451660e-01
-2.086692571640014648e+00
9.886345267295837402e-01
-1.234057784080505371e+00
-2.710253298282623291e-01
1.461618304252624512e+00
-1.149820312857627869e-01
-1.329012274742126465e+00
1.352926135063171387e+00
-1.465601921081542969e+00
-4.418134987354278564e-01
1.595081925392150879e+00
1.555667757987976074e+00
1.045653939247131348e+00
-8.752335309982299805e-01
6.953734755516052246e-01
-8.109914064407348633e-01
3.087295293807983398e+00
-6.333227753639221191e-01
-1.763557314872741699e+00
9.322917461395263672e-01
1.203600391745567322e-01
8.303872346878051758e-01
-1.384382724761962891e+00
3.208997845649719238e-01
8.596171736717224121e-01
-2.205980420112609863e-01
3.823270797729492188e-01
-1.447890758514404297e+00
-6.138863563537597656e-01
-2.198381900787353516e+00
-3.219254016876220703e-01
-2.084778070449829102e+00
-3.610398769378662109e-01
-2.568068742752075195e+00
-1.744695425033569336e+00
3.629032969474792480e-01
