1.860957622528076172e+00
-4.712771177291870117e-01
-7.231151461601257324e-01
-2.762835741043090820e+00
9.064101576805114746e-01
-3.778733015060424805e-01
5.898569822311401367e-01
2.279216289520263672e+00
-1.005958437919616699e+00
5.811891555786132812e-01
-4.233639836311340332e-01
-8.962258696556091309e-02
1.536139488220214844e+00
-2.895461618900299072e-01
5.831642150878906250e-01
1.903011083602905273e+00
-3.326900601387023926e-01
2.518486231565475464e-02
-2.669453859329223633e+00
1.230789661407470703e+00
1.366842389106750488e+00
-3.588461577892303467e-01
-1.811341285705566406e+00
-4.016148447990417480e-01
-1.524483323097229004e+00
1.493096590042114258e+00
6.443241834640502930e-01
-5.421267747879028320e-01
5.084549188613891602e-01
9.928468465805053711e-01
-3.877767026424407959e-01
-3.060873270034790039e+00
-1.048704862594604492e+00
-1.681989133358001709e-01
1.254314064979553223e+00
1.683077216148376465e+00
4.221971631050109863e-01
5.824530720710754395e-01
-3.417513072490692139e-01
-1.322905302047729492e+00
1.513542652130126953e+00
1.307559728622436523e+00
1.333440542221069336e+00
-7.971615344285964966e-02
3.703294554725289345e-03
-7.296857833862304688e-01
8.980081677436828613e-01
1.137209653854370117e+00
1.243540525436401367e+00
-1.780400514602661133e+00
-4.965293705463409424e-01
-1.021229624748229980e+00
-6.430827975273132324e-01
1.902133226394653320e-02
2.026653528213500977e+00
1.084100842475891113e+00
-7.713137865066528320e-01
-2.422948777675628662e-01
-1.085629940032958984e+00
7.970298528671264648e-01
-1.115064620971679688e-01
-9.092323780059814453e-01
1.371939539909362793e+00
-4.588817358016967773e-01
2.663478374481201172e+00
-1.021575570106506348e+00
1.448751330375671387e+00
7.484691739082336426e-01
-2.255555868148803711e+00
-5.328764319419860840e-01
2.124213725328445435e-01
8.365154266357421875e-01
1.478280544281005859e+00
-3.095839619636535645e-01
-4.043298661708831787e-01
6.132656931877136230e-01
-3.030387461185455322e-01
3.642067611217498779e-01
1.101405620574951172e+00
-2.588709592819213867e+00
-3.110519170761108398e+00
1.375676512718200684e+00
-1.401367783546447754e+00
-6.152583956718444824e-01
2.614990234375000000e+00
-8.649768829345703125e-01
7.825092077255249023e-01
4.098446071147918701e-01
-1.311566710472106934e+00
3.176482319831848145e-01
5.957573652267456055e-01
-2.413741350173950195e+00
5.140599608421325684e-01
6.772953867912292480e-01
2.886282801628112793e-01
9.573553204536437988e-01
7.333298921585083008e-01
2.370400577783584595e-01
1.772371530532836914e-01
4.197494089603424072e-01
8.455715775489807129e-01
-7.555249929428100586e-01
1.951584219932556152e-01
-1.609926104545593262e+00
2.934651970863342285e-01
2.998758852481842041e-01
-9.082193970680236816e-01
-2.547529637813568115e-01
2.218471527099609375e+00
9.231746196746826172e-01
-1.385219395160675049e-01
1.311516910791397095e-01
-1.048923850059509277e+00
9.400302916765213013e-02
6.743956804275512695e-01
-1.254233419895172119e-01
-3.132891654968261719e-01
5.080323815345764160e-01
-3.006105661392211914e+00
9.182859659194946289e-01
-2.166273072361946106e-02
-2.691997528076171875e+00
1.990374177694320679e-01
-1.685802936553955078e+00
-7.321795225143432617e-01
-1.209980964660644531e+00
1.552997708320617676e+00
-5.760894417762756348e-01
