-1.877067208290100098e+00
3.705894649028778076e-01
2.072227001190185547e-02
3.681618273258209229e-01
-1.086219310760498047e+00
-4.928524792194366455e-01
2.216659069061279297e+00
2.722514607012271881e-02
-1.115099310874938965e+00
-5.066698193550109863e-01
9.301611781120300293e-02
1.543346881866455078e+00
-1.807561874389648438e+00
-2.488344669342041016e+00
2.448843955993652344e+00
1.457965612411499023e+00
-8.707601428031921387e-01
1.655969500541687012e+00
9.112349152565002441e-01
3.521659374237060547e-01
8.795171380043029785e-01
3.055812120437622070e-01
2.592219710350036621e-01
1.946522951126098633e+00
-2.492622852325439453e+00
2.689360380172729492e-01
-1.378405570983886719e+00
-4.752464890480041504e-01
1.775149405002593994e-01
1.236198663711547852e+00
-4.458826035261154175e-02
-1.548752188682556152e-01
-1.559208869934082031e+00
5.843586921691894531e-01
5.271949172019958496e-01
-3.399176895618438721e-01
3.369020462036132812e+00
-1.607903122901916504e+00
-2.108459234237670898e+00
-4.140140533447265625e+00
-8.107613325119018555e-01
1.595397472381591797e+00
2.006652116775512695e+00
3.995028138160705566e-02
-1.545270919799804688e+00
1.968316316604614258e+00
-6.260477304458618164e-01
1.320309758186340332e+00
1.102324366569519043e+00
1.144340753555297852e+00
6.271767616271972656e-01
3.698717951774597168e-01
-2.710442543029785156e+00
-9.352979660034179688e-01
-6.171043515205383301e-01
-2.942744195461273193e-01
2.814255952835083008e+00
-3.369728922843933105e-01
-3.689182400703430176e-01
-6.929617524147033691e-01
7.487100362777709961e-01
1.636321187019348145e+00
-4.764893651008605957e-01
-7.658923268318176270e-01
-4.081952869892120361e-01
-2.476944476366043091e-01
1.470125317573547363e+00
-1.432679176330566406e+00
-1.534752994775772095e-01
1.106824040412902832e+00
4.741660058498382568e-01
3.638914600014686584e-02
1.405231833457946777e+00
1.090690046548843384e-01
8.888257741928100586e-01
-1.143935918807983398e+00
2.707236632704734802e-02
-4.539297893643379211e-02
1.344057798385620117e+00
-1.568217992782592773e+00
-2.549244761466979980e-01
-1.769373059272766113e+00
1.265193343162536621e+00
-1.704772412776947021e-01
-5.409679412841796875e-01
6.262679398059844971e-02
-2.525052428245544434e-01
-9.841411113739013672e-01
-1.274482846260070801e+00
4.189406037330627441e-01
2.020775318145751953e+00
-1.248779058456420898e+00
-3.308247923851013184e-01
-1.708594679832458496e+00
-2.569419860839843750e+00
-1.250795841217041016e+00
1.479584097862243652e+00
7.317762374877929688e-01
-2.776932716369628906e-02
-1.285906434059143066e-01
-4.051835089921951294e-02
-1.213282793760299683e-01
4.908229708671569824e-01
1.826388001441955566e+00
2.295913934707641602e+00
-3.615403920412063599e-02
-2.304678678512573242e+00
-3.617852926254272461e-02
1.067303299903869629e+00
3.965077996253967285e-01
7.682203054428100586e-01
2.567856609821319580e-01
-1.528792232275009155e-01
-1.005570173263549805e+00
5.662183761596679688e-01
-5.655388832092285156e-01
4.636419415473937988e-01
-2.156886458396911621e-01
-1.304234981536865234e+00
-9.508412331342697144e-02
-1.428469061851501465e+00
-1.628034114837646484e-01
1.045867681503295898e+00
-1.378391385078430176e+00
1.196719408035278320e-01
1.358869671821594238e-01
-6.769090890884399414e-01
-6.076244711875915527e-01
