1.530675411224365234e+00
-7.326429486274719238e-01
2.515789866447448730e-01
4.767900407314300537e-01
9.415122866630554199e-01
-2.241554111242294312e-01
6.170351505279541016e-01
-2.766374945640563965e-01
-2.486100673675537109e+00
-5.810739099979400635e-02
1.771826982498168945e+00
2.327153682708740234e-01
7.788845300674438477e-01
-1.749990820884704590e+00
2.177237123250961304e-01
7.657127976417541504e-01
-5.489086508750915527e-01
-1.695384263992309570e+00
-1.372511863708496094e+00
6.564611792564392090e-01
1.285177588462829590e+00
1.084848046302795410e-01
1.782260656356811523e+00
2.229307144880294800e-01
-1.174085974693298340e+00
3.546765772625803947e-03
2.614840269088745117e+00
-1.456351399421691895e+00
-2.167605459690093994e-01
-2.461052536964416504e-01
1.518447548151016235e-01
1.000026464462280273e+00
-7.399682402610778809e-01
8.086071163415908813e-02
-1.801977992057800293e+00
-4.773441702127456665e-02
1.298794150352478027e-01
6.268440186977386475e-02
-1.840722411870956421e-01
2.889425158500671387e-01
4.209068775177001953e+00
1.152604579925537109e+00
1.098398447036743164e+00
6.008298322558403015e-02
9.480097889900207520e-01
5.804073214530944824e-01
-9.109134078025817871e-01
3.759361803531646729e-01
1.499162673950195312e+00
-9.896382689476013184e-02
-5.483438968658447266e-01
-3.457785844802856445e-01
-5.622225999832153320e-01
-1.905866742134094238e+00
-6.814599037170410156e-01
1.208252549171447754e+00
-1.441600441932678223e+00
-9.612140059471130371e-01
4.113708138465881348e-01
2.188156127929687500e+00
-1.819645524024963379e+00
-2.209236472845077515e-01
-2.724728882312774658e-01
1.595327258110046387e+00
-4.722658991813659668e-01
-2.500389814376831055e+00
-2.707450389862060547e-01
1.008549332618713379e+00
-4.482569694519042969e-01
-8.229561895132064819e-02
4.994492828845977783e-01
3.539635241031646729e-02
5.605992674827575684e-01
7.717664241790771484e-01
-2.841137945652008057e-01
8.136501312255859375e-01
-4.670402705669403076e-01
1.189541339874267578e+00
1.593501567840576172e+00
-3.143571317195892334e-01
-1.369959235191345215e+00
1.013575077056884766e+00
-5.574581623077392578e-01
-1.594848781824111938e-01
5.202832818031311035e-01
-2.129631519317626953e+00
-3.202779889106750488e-01
-1.914354115724563599e-01
-1.155401945114135742e+00
7.567880153656005859e-01
7.068781852722167969e-01
-2.054976224899291992e+00
2.371420383453369141e+00
-2.445710450410842896e-01
-6.426022648811340332e-01
3.634779453277587891e-01
-1.048708677291870117e+00
3.234801888465881348e-01
5.041117072105407715e-01
-1.516184210777282715e+00
1.260314822196960449e+00
-2.157535701990127563e-01
6.099895834922790527e-01
1.982493281364440918e+00
-4.620848596096038818e-02
1.169427394866943359e+00
-3.119304478168487549e-01
-9.176390171051025391e-01
1.287106752395629883e+00
-5.829586982727050781e-01
1.327284574508666992e-01
1.805232092738151550e-02
3.393651247024536133e-01
-1.043507099151611328e+00
-4.289070665836334229e-01
-2.141708135604858398e+00
-5.005962252616882324e-01
-1.013825654983520508e+00
4.630230963230133057e-01
-1.046096608042716980e-01
8.589463233947753906e-01
-3.729198217391967773e+00
2.064391374588012695e+00
-1.880121469497680664e+00
-1.397706151008605957e+00
2.028343081474304199e-01
-1.550203204154968262e+00
9.971392154693603516e-01
