2.727838456630706787e-01
-6.038222908973693848e-01
7.195040583610534668e-01
-1.298697471618652344e+00
6.246096268296241760e-02
5.107588768005371094e-01
9.606993198394775391e-02
-9.288148880004882812e-01
-4.788229167461395264e-01
1.518710404634475708e-01
2.660405933856964111e-01
1.937830567359924316e+00
2.035346031188964844e+00
3.388192951679229736e-01
-7.083562016487121582e-01
-1.091097474098205566e+00
1.057750880718231201e-01
1.283208131790161133e+00
8.060189485549926758e-01
3.972091376781463623e-01
9.005802124738693237e-02
2.592371702194213867e-01
2.859915494918823242e-01
1.354255914688110352e+00
-5.750254392623901367e-01
2.525531351566314697e-01
-7.458636760711669922e-01
-1.187203407287597656e+00
1.067972779273986816e+00
9.849315881729125977e-02
-2.141789674758911133e+00
-4.153166294097900391e+00
-8.770971894264221191e-01
1.136791467666625977e+00
9.570910595357418060e-03
1.730581521987915039e+00
3.257915973663330078e-01
-4.231839179992675781e-01
-6.358838677406311035e-01
2.777882814407348633e-01
1.690587639808654785e+00
1.641992688179016113e+00
1.699846267700195312e+00
4.205211997032165527e-01
-6.901272535324096680e-01
2.150923609733581543e-01
-5.360819101333618164e-01
7.995708584785461426e-01
-2.142804861068725586e-01
-9.156086444854736328e-01
1.261256575584411621e+00
-9.209173321723937988e-01
-1.743950963020324707e+00
1.329752922058105469e+00
-1.557100653648376465e+00
1.308809995651245117e+00
1.573285818099975586e+00
4.437185823917388916e-01
1.823379158973693848e+00
-7.533087134361267090e-01
-4.661942422389984131e-01
7.626115679740905762e-01
7.876579761505126953e-01
-1.143073558807373047e+00
-1.621892690658569336e+00
-2.021750450134277344e+00
1.486373782157897949e+00
1.147185325622558594e+00
-1.469847440719604492e+00
-3.335226178169250488e-01
-4.506581127643585205e-01
1.935961723327636719e+00
-5.117347836494445801e-01
-6.260929107666015625e-01
-1.312646985054016113e+00
-1.281502723693847656e+00
-1.586499333381652832e+00
2.587018013000488281e-01
-5.721271038055419922e-01
-3.282903909683227539e+00
-9.584022760391235352e-01
1.152851954102516174e-01
1.865764498710632324e+00
-1.629859566688537598e+00
3.075627088546752930e+00
8.439312577247619629e-01
-1.511072874069213867e+00
-6.525971740484237671e-02
-2.063772201538085938e+00
-4.241077303886413574e-01
1.606276750564575195e+00
-4.736029207706451416e-01
1.160511612892150879e+00
-4.202224016189575195e-01
-4.303703904151916504e-01
4.202666580677032471e-01
2.129148960113525391e+00
-1.140305280685424805e+00
6.993123888969421387e-01
-1.280682682991027832e+00
-2.064291983842849731e-01
1.297920495271682739e-01
-1.208994626998901367e+00
4.026942849159240723e-01
-1.449544548988342285e+00
-5.806019157171249390e-02
-9.601702094078063965e-01
3.000343404710292816e-02
3.167588114738464355e-01
-1.269693255424499512e+00
-4.205216839909553528e-02
3.623498976230621338e-01
3.811248540878295898e-01
2.746865749359130859e+00
2.733344137668609619e-01
-6.931055784225463867e-01
-7.287441492080688477e-01
-7.588282823562622070e-01
-1.860225796699523926e+00
1.407194018363952637e+00
3.197201013565063477e+00
-1.665021896362304688e+00
1.854008555412292480e+00
5.777905583381652832e-01
-2.291442155838012695e-01
3.478635251522064209e-01
-3.271940350532531738e-02
3.736812174320220947e-01
