1.950625300407409668e+00
-1.676161438226699829e-01
8.614933490753173828e-01
-2.494542360305786133e+00
-1.376254320144653320e+00
-3.481056392192840576e-01
1.315926790237426758e+00
1.449361920356750488e+00
-2.232385873794555664e+00
-9.631644487380981445e-01
1.613621115684509277e+00
1.954588651657104492e+00
3.046686410903930664e+00
-4.931806623935699463e-01
-2.617500424385070801e-01
-1.431386470794677734e+00
-7.944709658622741699e-01
1.061789274215698242e+00
-7.033181786537170410e-01
1.349993143230676651e-02
-6.972182542085647583e-02
-2.738698720932006836e-01
1.063801646232604980e+00
3.860822439193725586e+00
-7.517744302749633789e-01
-1.180914789438247681e-02
-1.841382384300231934e+00
-9.953437447547912598e-01
-5.254721045494079590e-01
1.367635607719421387e+00
-1.443954348564147949e+00
-1.639678955078125000e+00
-5.219467282295227051e-01
-9.130329489707946777e-01
1.018925011157989502e-01
1.646184325218200684e+00
-9.904643893241882324e-01
6.862044930458068848e-01
-1.910639554262161255e-01
-1.017176032066345215e+00
-1.087123900651931763e-01
-1.030836701393127441e+00
1.593502283096313477e+00
4.006883203983306885e-01
2.308876812458038330e-01
-7.791703343391418457e-01
-1.443603336811065674e-01
1.374009132385253906e+00
-5.976566076278686523e-01
6.915222406387329102e-01
1.167807340621948242e+00
-3.662963807582855225e-01
2.163552045822143555e+00
1.596760988235473633e+00
5.142734050750732422e-01
-8.498861193656921387e-01
7.730686664581298828e-01
7.645902037620544434e-01
7.786257863044738770e-01
1.214359998703002930e+00
7.822298407554626465e-01
-8.034274578094482422e-01
3.339252471923828125e-01
-5.794188976287841797e-01
-1.057787537574768066e+00
-2.785535335540771484e+00
7.893228530883789062e-01
8.437150716781616211e-01
6.387757658958435059e-01
8.756333589553833008e-02
1.470592260360717773e+00
2.747075319290161133e+00
3.586435616016387939e-01
-5.692053437232971191e-01
-6.898061037063598633e-01
-6.531793475151062012e-01
-4.123820662498474121e-01
-7.152718901634216309e-01
-2.149031877517700195e+00
-9.412765502929687500e-01
-5.442545190453529358e-02
4.328502714633941650e-01
7.783445119857788086e-01
-5.386939644813537598e-01
2.513511896133422852e+00
2.030409872531890869e-01
-3.533037900924682617e-01
1.650234460830688477e+00
-1.634579181671142578e+00
-2.023650854825973511e-01
3.560004532337188721e-01
-1.436014652252197266e+00
1.349231451749801636e-01
5.772968530654907227e-01
1.074053883552551270e+00
-7.237839698791503906e-01
9.564175605773925781e-01
-1.334714174270629883e+00
1.643736660480499268e-01
4.049527049064636230e-01
1.382521986961364746e+00
4.795577526092529297e-01
-2.284429788589477539e+00
-1.089026927947998047e+00
-5.384357273578643799e-02
4.710915982723236084e-01
3.541216552257537842e-01
6.911348104476928711e-01
-1.874782592058181763e-01
-1.639874219894409180e+00
-1.237147927284240723e+00
-1.071701049804687500e+00
-1.936731576919555664e+00
-1.868339300155639648e+00
2.472815990447998047e+00
-1.403849840164184570e+00
2.527160644531250000e-01
-2.440374135971069336e+00
-2.682345867156982422e+00
-1.744962781667709351e-01
1.024817861616611481e-02
8.388237655162811279e-02
1.644199252128601074e+00
5.528709888458251953e-01
-4.907274842262268066e-01
-4.471213221549987793e-01
3.772426247596740723e-01
-3.357882499694824219e-01
