1.192567348480224609e+00
6.818107515573501587e-02
6.291207075119018555e-01
4.408183693885803223e-01
3.355944752693176270e-01
8.302542567253112793e-01
1.577741503715515137e+00
6.992018818855285645e-01
-1.302822947502136230e+00
-2.221293896436691284e-01
2.066518306732177734e+00
1.108147740364074707e+00
-3.141620457172393799e-01
-8.325123190879821777e-01
-1.468321800231933594e+00
1.753434896469116211e+00
-1.542975544929504395e+00
-4.429769888520240784e-02
3.596747815608978271e-01
3.727316856384277344e-01
-2.005048990249633789e+00
2.646235823631286621e-01
-8.528791666030883789e-01
7.737488746643066406e-01
-5.913016796112060547e-01
-3.485097885131835938e-01
-1.513496398925781250e+00
-6.868001073598861694e-02
6.913616061210632324e-01
-3.233826160430908203e-01
-4.349871873855590820e-01
-9.196200221776962280e-02
-2.538480043411254883e+00
3.982044756412506104e-01
-2.030920505523681641e+00
2.359544992446899414e+00
-3.075587153434753418e-01
5.335251688957214355e-01
-8.839226961135864258e-01
-4.877429604530334473e-01
5.852721333503723145e-01
8.423162102699279785e-01
1.355190634727478027e+00
9.373275041580200195e-01
-1.498306263238191605e-02
2.555286169052124023e+00
5.728542804718017578e-03
1.919773459434509277e+00
2.977600336074829102e+00
8.356580734252929688e-01
5.212677717208862305e-01
-4.179727137088775635e-01
-4.676433652639389038e-02
4.676351845264434814e-01
2.790248990058898926e-01
3.656713366508483887e-01
2.927422046661376953e+00
-2.020583152770996094e+00
-2.511632442474365234e+00
-9.758038520812988281e-01
-1.749659895896911621e+00
2.309805870056152344e+00
-1.134136393666267395e-01
6.550204753875732422e-01
1.367974132299423218e-01
-2.800726890563964844e+00
4.641075134277343750e-01
5.979328751564025879e-01
-1.649428606033325195e+00
3.222222924232482910e-01
4.178431034088134766e-01
-1.830469489097595215e+00
2.840754985809326172e+00
3.694641590118408203e-02
1.840666383504867554e-01
-1.864412307739257812e+00
-2.391357123851776123e-01
-2.138853549957275391e+00
6.658814549446105957e-01
-1.928347826004028320e+00
-8.812218159437179565e-02
-2.019536018371582031e+00
4.836290478706359863e-01
-1.216198086738586426e+00
9.379443526268005371e-01
1.497636735439300537e-01
-2.490975141525268555e+00
-6.857560873031616211e-01
-1.900821328163146973e-01
-5.057148933410644531e-01
-4.095041379332542419e-02
-7.232014536857604980e-01
-1.745071887969970703e+00
9.440037608146667480e-01
-7.683899402618408203e-01
3.202630206942558289e-02
4.681000113487243652e-01
3.307677507400512695e-01
-1.882285833358764648e+00
1.156127214431762695e+00
2.010733604431152344e+00
2.095406353473663330e-01
-3.370245397090911865e-01
-2.984336912631988525e-01
5.635343790054321289e-01
-2.062877178192138672e+00
1.078062430024147034e-01
-1.449980735778808594e+00
1.994579672813415527e+00
2.024666786193847656e+00
-1.664324641227722168e+00
1.143939375877380371e+00
1.042535752058029175e-01
-4.300082102417945862e-03
6.769470572471618652e-01
1.292750835418701172e+00
1.698369383811950684e+00
-5.913779735565185547e-01
-2.528899908065795898e+00
1.524982452392578125e+00
5.459647998213768005e-02
-1.496616899967193604e-01
-1.106249690055847168e+00
-2.694960311055183411e-02
-2.413450181484222412e-01
1.472843050956726074e+00
-1.836280703544616699e+00
-3.589955270290374756e-01
