2.527817785739898682e-01
-8.606623858213424683e-02
-6.527481600642204285e-03
7.449764013290405273e-01
5.848420262336730957e-01
-1.528524518013000488e+00
2.305305600166320801e-01
-2.960835397243499756e-01
9.501894116401672363e-01
-1.364050626754760742e+00
7.383350729942321777e-01
-3.378865495324134827e-02
1.349970579147338867e+00
-2.564554452896118164e+00
1.604962468147277832e+00
1.436850190162658691e+00
5.931401848793029785e-01
9.684020280838012695e-01
1.324824333190917969e+00
4.500780701637268066e-01
-4.807621836662292480e-01
2.229842662811279297e+00
1.746044874191284180e+00
-7.087147980928421021e-02
-2.818761110305786133e+00
-1.404969990253448486e-01
-2.136664152145385742e+00
3.176031410694122314e-01
9.673336148262023926e-01
1.537228703498840332e+00
-2.482864618301391602e+00
-5.708978772163391113e-01
-5.419151857495307922e-02
-1.207449436187744141e+00
-7.949683070182800293e-01
7.947314977645874023e-01
-3.162691593170166016e-01
3.702249750494956970e-02
-1.171587109565734863e+00
-3.095873594284057617e+00
1.766363739967346191e+00
4.969147443771362305e-01
1.422002077102661133e+00
6.416652202606201172e-01
-1.084959626197814941e+00
1.152000784873962402e+00
-1.706852316856384277e+00
1.691175699234008789e+00
-4.279067516326904297e-01
5.368003249168395996e-01
2.507117986679077148e-01
5.957069993019104004e-01
4.692730009555816650e-01
-1.333558917045593262e+00
-1.751517355442047119e-01
-8.397857546806335449e-01
2.342260181903839111e-01
3.123714923858642578e-01
-3.250703096389770508e+00
2.076689958572387695e+00
-9.817695617675781250e-01
1.850320696830749512e+00
-1.070563197135925293e+00
7.622137665748596191e-01
6.299155354499816895e-01
-1.131911635398864746e+00
5.958676338195800781e-01
1.510466814041137695e+00
1.694179773330688477e+00
1.236170887947082520e+00
-5.606030821800231934e-01
3.983572423458099365e-01
8.528862595558166504e-01
9.623543918132781982e-02
-4.012840688228607178e-01
-2.244412422180175781e+00
8.935500383377075195e-01
-4.152559638023376465e-01
-6.208177804946899414e-01
-1.997195959091186523e+00
3.353468179702758789e-01
-6.151079535484313965e-01
1.342548966407775879e+00
-7.383611798286437988e-01
1.132150888442993164e+00
-1.332230329513549805e+00
1.061395525932312012e+00
-4.345496743917465210e-02
1.525247097015380859e-01
7.447000741958618164e-01
2.588551640510559082e-01
-2.211597681045532227e+00
-2.336995154619216919e-01
-2.239219248294830322e-01
-1.128312587738037109e+00
-5.513882040977478027e-01
1.113202214241027832e+00
1.859247088432312012e+00
-8.468742966651916504e-01
-1.163694620132446289e+00
-7.158605754375457764e-02
-9.280866011977195740e-03
4.314325153827667236e-01
9.923578500747680664e-01
-8.183164894580841064e-02
8.045397996902465820e-01
2.452852576971054077e-01
-1.369244337081909180e+00
-1.015918970108032227e+00
2.544501125812530518e-01
-9.506912827491760254e-01
3.268597841262817383e+00
2.025855779647827148e+00
-2.813707828521728516e+00
1.148647546768188477e+00
-6.668719053268432617e-01
2.688252210617065430e+00
-1.096354007720947266e+00
-1.780581474304199219e+00
-3.914580345153808594e-01
-1.396765470504760742e+00
1.242950201034545898e+00
-1.042337775230407715e+00
-9.483957886695861816e-01
-2.595864236354827881e-01
-9.901890158653259277e-01
-1.171166777610778809e+00
-1.337332576513290405e-01
