9.046410769224166870e-02
7.267082482576370239e-02
-1.966377198696136475e-01
-4.418062865734100342e-01
3.695482611656188965e-01
-1.454574584960937500e+00
1.291503459215164185e-01
1.514069557189941406e+00
-1.028657052665948868e-02
-1.094229221343994141e+00
-5.770749449729919434e-01
-2.896604776382446289e+00
-1.024419426918029785e+00
-1.931573867797851562e+00
1.078128576278686523e+00
-1.204000234603881836e+00
7.328328490257263184e-01
2.068974733352661133e+00
-6.490812897682189941e-01
1.481558203697204590e+00
5.331972837448120117e-01
-1.599846124649047852e+00
5.417274236679077148e-01
8.168627619743347168e-01
-3.131705522537231445e+00
1.546195864677429199e+00
6.195340752601623535e-01
-8.786937594413757324e-01
9.450909495353698730e-01
1.563231229782104492e+00
6.200691461563110352e-01
4.007501006126403809e-01
-7.363264560699462891e-01
-8.423958420753479004e-01
1.506511926651000977e+00
1.369204279035329819e-02
-6.931815743446350098e-01
4.465727806091308594e-01
1.409585714340209961e+00
-1.579029321670532227e+00
5.212014913558959961e-01
1.856958508491516113e+00
6.411108374595642090e-01
1.886689960956573486e-01
-1.746411681175231934e+00
1.586619377136230469e+00
1.566791772842407227e+00
1.600340127944946289e+00
9.611268341541290283e-02
1.701600670814514160e+00
-1.569499850273132324e+00
-5.173069834709167480e-01
-3.130845725536346436e-01
1.565731883049011230e+00
4.249973893165588379e-01
-7.036993503570556641e-01
3.447633266448974609e+00
3.796020746231079102e-01
-1.612146347761154175e-01
1.805656433105468750e+00
-1.264745712280273438e+00
1.938654035329818726e-01
-2.189007759094238281e+00
1.640909194946289062e+00
-3.637019693851470947e-01
-1.194312423467636108e-02
-7.806865572929382324e-01
2.114180564880371094e+00
-6.601785421371459961e-01
1.054453253746032715e-01
-6.863726675510406494e-02
-1.433776259422302246e+00
-2.810257673263549805e-01
-2.386288344860076904e-01
-1.458888173103332520e+00
-6.890225410461425781e-01
-6.669148206710815430e-01
2.229677438735961914e+00
-5.722413063049316406e-01
-2.344825267791748047e+00
-7.575311660766601562e-01
-1.462368726730346680e+00
6.301806122064590454e-02
-9.851503968238830566e-01
-1.309920549392700195e+00
2.514644145965576172e+00
-1.641774773597717285e+00
-4.793179631233215332e-01
1.967257112264633179e-01
9.511887431144714355e-01
-2.186476707458496094e+00
1.068582057952880859e+00
-1.219088435173034668e+00
6.263793110847473145e-01
-2.056354045867919922e+00
7.096248269081115723e-01
1.648154139518737793e+00
-7.529211044311523438e-01
3.373678624629974365e-01
1.194223880767822266e+00
2.504112422466278076e-01
-1.314526081085205078e+00
1.408939659595489502e-01
1.607070446014404297e+00
1.324701309204101562e+00
1.487442970275878906e+00
2.384045273065567017e-01
-1.518824100494384766e-01
3.493582308292388916e-01
-7.095687985420227051e-01
-4.918455481529235840e-01
-1.936659216880798340e-02
1.773291707038879395e+00
1.671588301658630371e+00
-1.230829834938049316e+00
9.987428188323974609e-01
2.248625755310058594e+00
-6.530576944351196289e-01
2.283935248851776123e-02
-7.561373710632324219e-01
-1.736558556556701660e+00
-4.617160856723785400e-01
-2.152790784835815430e+00
-4.791640043258666992e-01
-9.423408508300781250e-01
-2.191385984420776367e+00
3.382474780082702637e-01
3.810409307479858398e-01
