-1.784045577049255371e+00
-8.113309741020202637e-01
-4.437455534934997559e-02
3.191747665405273438e-01
-5.534332245588302612e-02
-5.430307388305664062e-01
1.924159079790115356e-01
2.164255142211914062e+00
6.197199821472167969e-01
6.585397124290466309e-01
1.161508202552795410e+00
6.675766706466674805e-01
2.817597985267639160e-01
-1.972269296646118164e+00
-8.038792610168457031e-01
-8.820489645004272461e-01
-7.075983881950378418e-01
1.696295261383056641e+00
1.401890397071838379e+00
2.039080619812011719e+00
-1.387827396392822266e+00
-4.920843541622161865e-01
3.145016133785247803e-01
7.097196578979492188e-01
-2.836136102676391602e+00
1.319915056228637695e-01
1.428519487380981445e+00
-1.164572119712829590e+00
-7.388323545455932617e-02
1.046955108642578125e+00
1.372387051582336426e+00
3.980507701635360718e-02
7.870379686355590820e-01
-1.008209466934204102e+00
-2.239179611206054688e+00
2.169415473937988281e+00
1.060961484909057617e+00
-3.708033859729766846e-01
1.101498723030090332e+00
-1.014763355255126953e+00
1.098474562168121338e-01
-1.294671535491943359e+00
1.474424242973327637e+00
-9.458258152008056641e-01
-1.943786144256591797e-01
9.461210966110229492e-01
-2.606865406036376953e+00
5.189805030822753906e-01
6.635954380035400391e-01
-6.361894011497497559e-01
1.578735113143920898e+00
-1.832293629646301270e+00
-2.663627564907073975e-01
-2.099751710891723633e+00
-4.039801657199859619e-01
-6.680619120597839355e-01
-2.961167991161346436e-01
1.216696858406066895e+00
1.067617177963256836e+00
-1.050433754920959473e+00
-1.087467193603515625e+00
9.134856462478637695e-01
-5.543123483657836914e-01
5.600931122899055481e-02
6.339365243911743164e-01
2.694979012012481689e-01
-9.311113953590393066e-01
4.570363461971282959e-01
4.926201999187469482e-01
-3.204027116298675537e-01
1.342887639999389648e+00
-2.390886068344116211e+00
3.276660442352294922e+00
1.472226232290267944e-01
-8.318393826484680176e-01
-2.685181617736816406e+00
-1.147472977638244629e+00
-1.373697817325592041e-01
7.805694360285997391e-03
-7.910535931587219238e-01
-5.733203887939453125e-01
-2.476232051849365234e+00
1.601001501083374023e+00
2.146166712045669556e-01
-4.544108510017395020e-01
1.174097537994384766e+00
-3.328657150268554688e-01
2.397129386663436890e-01
1.604424476623535156e+00
2.757085323333740234e+00
-1.343331694602966309e+00
8.794431388378143311e-02
-2.965898513793945312e+00
8.792425394058227539e-01
3.959852084517478943e-02
3.414498865604400635e-01
-9.217738509178161621e-01
8.369740098714828491e-02
-5.175078511238098145e-01
-3.372267484664916992e-01
9.163025617599487305e-01
-6.304539740085601807e-02
2.293848544359207153e-01
1.352852582931518555e+00
3.732612729072570801e-01
-4.800628721714019775e-01
-4.168077558279037476e-02
-9.195315651595592499e-03
1.303732156753540039e+00
6.845235079526901245e-02
-2.250857353210449219e+00
1.756214976310729980e+00
7.129849195480346680e-01
2.111824750900268555e+00
-2.645979821681976318e-01
-2.098123550415039062e+00
3.113606870174407959e-01
-3.608040511608123779e-01
-9.022445678710937500e-01
8.047235012054443359e-01
1.065786838531494141e+00
-2.734082043170928955e-01
-1.791207790374755859e-01
-5.593298673629760742e-01
-5.252932906150817871e-01
-1.771160840988159180e+00
-2.676849663257598877e-01
4.402801990509033203e-01
