-6.157968044281005859e-01
9.782201647758483887e-01
-3.421122673898935318e-04
-9.423146247863769531e-01
-3.593858480453491211e-01
2.717958211898803711e+00
-3.247591555118560791e-01
8.521339297294616699e-01
-8.984610438346862793e-01
-1.176433324813842773e+00
2.496032565832138062e-01
-3.328510224819183350e-01
-7.753737568855285645e-01
-1.402635693550109863e+00
9.285191893577575684e-01
-1.830428004264831543e+00
-7.814441919326782227e-01
7.656459808349609375e-01
1.820900887250900269e-01
4.392269253730773926e-01
-7.501624226570129395e-01
-8.659164905548095703e-01
6.333827227354049683e-02
1.990686058998107910e+00
-8.757023811340332031e-01
2.686293050646781921e-02
-7.849928140640258789e-01
6.140806674957275391e-01
2.920003235340118408e-01
1.893251657485961914e+00
-1.945922970771789551e-01
2.603517770767211914e+00
4.120775461196899414e-01
5.038537383079528809e-01
-9.526513218879699707e-01
2.689129114151000977e-01
6.073453426361083984e-01
6.096448898315429688e-01
8.123651146888732910e-01
-1.041190028190612793e-01
1.831711173057556152e+00
1.567572355270385742e-01
2.520570755004882812e+00
1.407040119171142578e+00
-5.446321964263916016e-01
-1.178351879119873047e+00
-8.638019561767578125e-01
6.111616641283035278e-02
-1.529166698455810547e-01
-2.178723573684692383e+00
-5.589174628257751465e-01
-6.459166407585144043e-01
-3.019443452358245850e-01
7.224649786949157715e-01
-6.208224892616271973e-01
1.485968232154846191e+00
7.573320269584655762e-01
1.568205237388610840e+00
-3.044717013835906982e-01
9.878262877464294434e-01
-2.404847145080566406e-01
-5.597388148307800293e-01
6.081029176712036133e-01
7.283750772476196289e-01
-2.749994397163391113e-01
-3.741965293884277344e+00
5.985276699066162109e-01
-1.385772675275802612e-01
1.543663740158081055e+00
3.204427659511566162e-01
5.216165781021118164e-01
1.561292171478271484e+00
6.763515472412109375e-01
6.077793836593627930e-01
6.398912072181701660e-01
-2.008889198303222656e+00
3.201388120651245117e-01
-2.558139085769653320e+00
-1.859941363334655762e+00
-4.670484364032745361e-01
4.438996016979217529e-01
-2.161434650421142578e+00
1.497210115194320679e-01
-3.865860402584075928e-01
7.569455504417419434e-01
-1.958325862884521484e+00
-1.008748412132263184e+00
-3.959367275238037109e-01
-8.566548824310302734e-01
7.296133041381835938e-01
4.388186037540435791e-01
-1.712724208831787109e+00
-1.061592578887939453e+00
-3.195814788341522217e-01
1.562643289566040039e+00
-1.511497795581817627e-01
-3.654482364654541016e-01
2.573982477188110352e-01
-7.928336411714553833e-02
6.727126240730285645e-01
-2.851576328277587891e+00
1.936779022216796875e-01
-7.126249670982360840e-01
8.496508002281188965e-01
-1.945684194564819336e+00
4.790712296962738037e-01
1.041372060775756836e+00
-5.140069127082824707e-01
9.658531546592712402e-01
4.020435810089111328e-01
-8.519728183746337891e-01
7.707993984222412109e-01
-1.900037527084350586e-01
-2.715650796890258789e-01
3.950726270675659180e+00
2.477859407663345337e-01
2.282067760825157166e-02
-8.305612206459045410e-01
-5.569585561752319336e-01
2.190924167633056641e+00
1.630849540233612061e-01
-1.441718816757202148e+00
-8.673568367958068848e-01
-7.091369032859802246e-01
-8.200328946113586426e-01
6.854726076126098633e-01
-8.171499371528625488e-01
-9.544122219085693359e-01
