-1.319696903228759766e-01
-7.896361351013183594e-01
2.297411262989044189e-01
4.247834086418151855e-01
-4.726053774356842041e-01
1.168670654296875000e+00
-8.260300159454345703e-01
6.277121901512145996e-01
2.307173311710357666e-01
9.927037358283996582e-01
5.889485478401184082e-01
-1.898665428161621094e-01
-1.550021290779113770e+00
-7.358378171920776367e-02
-5.985442548990249634e-02
-3.128463029861450195e-01
-2.534694373607635498e-01
9.839197993278503418e-01
2.199243009090423584e-02
1.406171679496765137e+00
2.109806239604949951e-01
1.167099550366401672e-01
6.365498900413513184e-01
-1.285519748926162720e-01
-1.536457300186157227e+00
2.887284457683563232e-01
-1.129157423973083496e+00
4.035545289516448975e-01
1.344540715217590332e+00
2.032080888748168945e+00
-9.784089922904968262e-01
2.390842586755752563e-01
7.540621161460876465e-01
-6.517949700355529785e-01
-2.516558408737182617e+00
4.317521154880523682e-01
-9.815048575401306152e-01
-1.651295065879821777e+00
6.544223427772521973e-01
4.158823192119598389e-01
4.927909672260284424e-01
-7.508497834205627441e-01
1.785381913185119629e+00
1.069479823112487793e+00
-8.504775762557983398e-01
6.809058785438537598e-01
1.804932057857513428e-01
2.671469449996948242e+00
5.502956360578536987e-02
2.416584968566894531e+00
-7.588962912559509277e-01
-4.624907672405242920e-01
1.395818233489990234e+00
1.062714576721191406e+00
-2.424558699131011963e-01
-6.993517875671386719e-01
-6.859067082405090332e-01
-1.209314823150634766e+00
2.212942838668823242e-01
2.923811674118041992e+00
-1.165505170822143555e+00
1.616145014762878418e+00
1.105520606040954590e+00
4.660178720951080322e-01
1.434866189956665039e+00
1.675246000289916992e+00
-7.324095964431762695e-01
3.938206471502780914e-03
6.547116041183471680e-01
-1.279304265975952148e+00
2.851902842521667480e-01
-1.901441693305969238e+00
-8.753247261047363281e-01
9.429999589920043945e-01
1.166836544871330261e-01
-1.877198457717895508e+00
1.680227637290954590e+00
3.931486606597900391e-01
-1.260468363761901855e-01
1.149592623114585876e-01
-3.000196814537048340e-02
-5.384764671325683594e-01
-1.278291106224060059e+00
-4.744791686534881592e-01
-5.295411348342895508e-01
-1.314746379852294922e+00
-7.988883852958679199e-01
1.599126905202865601e-01
1.275703310966491699e+00
2.076128959655761719e+00
9.488186240196228027e-01
-2.112643241882324219e+00
-5.885980129241943359e-01
-3.367497920989990234e-01
2.242048829793930054e-01
-1.272993803024291992e+00
-9.152875542640686035e-01
1.901415884494781494e-01
5.316883325576782227e-01
2.260823696851730347e-01
4.137397110462188721e-01
-5.782902240753173828e-01
1.029668897390365601e-01
-7.193993031978607178e-02
1.283319711685180664e+00
1.134291887283325195e-01
-2.755094289779663086e+00
-1.971541717648506165e-02
-1.178915500640869141e+00
-9.314236640930175781e-01
-1.325073242187500000e+00
1.204138398170471191e+00
-9.459726810455322266e-01
-6.104302406311035156e-01
1.179438829421997070e+00
-3.535249829292297363e-01
3.639401793479919434e-01
1.783757209777832031e-01
-1.884492278099060059e+00
-1.637134790420532227e+00
6.337359547615051270e-02
-6.556891798973083496e-01
7.318085432052612305e-01
-9.583299756050109863e-01
-1.871273159980773926e+00
-3.543573319911956787e-01
-1.039264798164367676e+00
3.061029911041259766e+00
