-4.590493142604827881e-01
-1.918587684631347656e+00
9.356954693794250488e-01
6.948365569114685059e-01
3.007856309413909912e-01
-7.380970120429992676e-01
-2.587667405605316162e-01
-3.081727027893066406e-01
1.169321894645690918e+00
8.655751124024391174e-03
-1.533586502075195312e+00
-8.653357028961181641e-01
-8.560026884078979492e-01
-7.144041061401367188e-01
9.795032143592834473e-01
3.543823063373565674e-01
1.469269514083862305e+00
3.442595005035400391e-01
-2.243279695510864258e+00
1.787854909896850586e+00
1.299170732498168945e+00
-3.387373983860015869e-01
-1.452143862843513489e-02
1.299722313880920410e+00
-5.187283158302307129e-01
9.349057078361511230e-01
-4.180555641651153564e-01
3.741649910807609558e-02
-8.563252091407775879e-01
2.124726027250289917e-01
-9.786109328269958496e-01
-1.558736711740493774e-01
-1.794853687286376953e+00
-6.516877412796020508e-01
-1.320955038070678711e+00
2.039641380310058594e+00
7.324365973472595215e-01
1.617825746536254883e+00
-1.332963407039642334e-01
-4.205306172370910645e-01
-2.142126560211181641e+00
1.191076934337615967e-01
1.607770085334777832e+00
1.351903796195983887e+00
-3.212694823741912842e-01
1.909587383270263672e+00
1.744357645511627197e-01
1.409961748868227005e-02
-1.259112834930419922e+00
2.857125401496887207e-01
2.949388623237609863e-01
6.801289319992065430e-01
-9.330337047576904297e-01
1.522555798292160034e-01
-6.671545654535293579e-02
-8.770678043365478516e-01
4.396701455116271973e-01
1.770969510078430176e+00
3.013486146926879883e+00
-9.659529663622379303e-03
-1.475757122039794922e+00
-1.153307199478149414e+00
1.903892993927001953e+00
3.596042990684509277e-01
-8.512428402900695801e-02
-1.732880234718322754e+00
6.346900463104248047e-01
-8.322725296020507812e-01
-7.193369418382644653e-02
1.060494542121887207e+00
-8.098278641700744629e-01
-6.191961169242858887e-01
2.163619967177510262e-03
8.577098846435546875e-01
1.216398835182189941e+00
-2.707309246063232422e+00
1.156213045120239258e+00
-6.158038377761840820e-01
-4.850524365901947021e-01
1.290571391582489014e-01
-5.953695178031921387e-01
-1.815075516700744629e+00
-3.193488121032714844e-01
-6.043210029602050781e-01
8.248897194862365723e-01
-9.414537549018859863e-01
-7.470719218254089355e-01
7.492335438728332520e-01
1.799706667661666870e-01
3.026610851287841797e+00
1.494308829307556152e+00
-3.423788785934448242e+00
-5.802367925643920898e-01
-4.488749802112579346e-02
1.214920401573181152e+00
5.420196056365966797e-01
-3.046360425651073456e-02
-1.117812275886535645e+00
-1.786315083503723145e+00
1.065842390060424805e+00
-8.843671083450317383e-01
1.727690219879150391e+00
6.955195665359497070e-01
-1.275924801826477051e+00
1.480646610260009766e+00
-1.802705973386764526e-01
-1.275855064392089844e+00
-1.694331169128417969e-01
3.100064992904663086e+00
-2.121047258377075195e+00
-2.886997163295745850e-01
1.629254817962646484e+00
-3.809763789176940918e-01
4.470296800136566162e-01
5.465555936098098755e-02
-4.850247204303741455e-01
1.391985774040222168e+00
6.554167866706848145e-01
-5.984290242195129395e-01
-7.413145899772644043e-01
-2.008792161941528320e+00
-9.986606240272521973e-01
-8.177429437637329102e-01
8.403845876455307007e-02
-9.195459485054016113e-01
-2.733649969100952148e+00
1.032469511032104492e+00
1.737509131431579590e+00
