-1.019610285758972168e+00
8.822243809700012207e-01
-2.142676115036010742e+00
1.855846345424652100e-01
-2.344831943511962891e+00
1.861720830202102661e-01
-1.763958573341369629e+00
-5.914515256881713867e-01
7.543084025382995605e-01
-2.555289983749389648e+00
-3.167285621166229248e-01
-3.936001360416412354e-01
3.693095445632934570e-01
-8.497411608695983887e-01
-1.136562347412109375e+00
1.042827129364013672e+00
-7.055896520614624023e-01
1.267472624778747559e+00
1.622474670410156250e+00
9.618200659751892090e-01
-1.968056321144104004e+00
-2.948414683341979980e-01
2.240940928459167480e-01
-3.539582788944244385e-01
-5.798865556716918945e-01
2.793209314346313477e+00
6.780589222908020020e-01
-1.213783621788024902e+00
-7.968146800994873047e-01
-5.711570978164672852e-01
-1.407389879226684570e+00
3.961804211139678955e-01
-6.082895994186401367e-01
1.185726761817932129e+00
8.342967368662357330e-03
9.736685156822204590e-01
-7.174910902976989746e-01
2.195246696472167969e+00
-1.565492630004882812e+00
-1.049728393554687500e-01
1.895638108253479004e+00
-5.460824966430664062e-01
1.057752847671508789e+00
2.377919912338256836e+00
-5.677541494369506836e-01
3.783757984638214111e-01
-2.825754880905151367e-01
1.554961919784545898e+00
5.034253597259521484e-01
1.892618775367736816e+00
-1.339772462844848633e+00
-4.734638035297393799e-01
-1.240555644035339355e+00
-2.022937536239624023e-01
1.402043819427490234e+00
2.402549982070922852e+00
1.694319963455200195e+00
-4.073387384414672852e-01
-1.312125325202941895e+00
-6.064238548278808594e-01
-1.707627177238464355e-01
-9.786854386329650879e-01
-1.599996805191040039e+00
8.387724161148071289e-01
4.162011742591857910e-01
-1.141798138618469238e+00
-7.681531310081481934e-01
2.675518274307250977e+00
1.429569721221923828e+00
-4.755001068115234375e-01
1.736551672220230103e-01
-5.509965866804122925e-02
1.857826948165893555e+00
1.318054318428039551e+00
-8.218787312507629395e-01
9.871990233659744263e-02
2.304226011037826538e-01
-6.382455825805664062e-01
-2.761751115322113037e-01
-1.173136472702026367e+00
4.883019328117370605e-01
-4.144627451896667480e-01
3.042739629745483398e+00
-3.988662064075469971e-01
-1.237851023674011230e+00
-1.389094352722167969e+00
2.204666286706924438e-02
-1.804054856300354004e+00
-1.274195790290832520e+00
1.706743091344833374e-01
-1.033202528953552246e+00
-6.712586283683776855e-01
-3.376916795969009399e-02
1.993541002273559570e+00
1.411197185516357422e+00
9.055721163749694824e-01
2.490253448486328125e-01
-9.910362362861633301e-01
1.883089184761047363e+00
2.114558935165405273e+00
1.791737914085388184e+00
-8.834802508354187012e-01
1.982230842113494873e-01
1.292118191719055176e+00
2.401026010513305664e+00
-8.798897862434387207e-01
-8.630707859992980957e-01
-1.580223679542541504e+00
-2.025965213775634766e+00
-1.274801373481750488e+00
3.748604953289031982e-01
1.087156534194946289e+00
1.411763787269592285e+00
2.960008382797241211e-02
6.026577353477478027e-01
-8.358899354934692383e-01
3.061894178390502930e-01
-2.621042542159557343e-03
1.318382143974304199e+00
1.900404572486877441e+00
-2.154403686523437500e+00
9.799569845199584961e-01
-3.768126010894775391e+00
-1.944794416427612305e+00
-9.182442724704742432e-02
-6.148971319198608398e-01
-8.178323507308959961e-01
-1.992740631103515625e+00
