-1.322815895080566406e+00
-4.788191020488739014e-01
1.150165915489196777e+00
9.782524108886718750e-01
-1.673122048377990723e-01
1.228603813797235489e-02
-4.509532749652862549e-01
8.098693937063217163e-02
2.622031688690185547e+00
-1.026556134223937988e+00
5.072393268346786499e-02
7.728159427642822266e-02
-7.672309279441833496e-01
-2.600452862679958344e-02
4.611379206180572510e-01
-7.851528003811836243e-03
-8.246242254972457886e-02
-9.209469556808471680e-01
-1.414629459381103516e+00
3.258983612060546875e+00
9.453896880149841309e-01
4.548652470111846924e-01
4.975690841674804688e-01
-2.433844208717346191e-01
-4.745659530162811279e-01
-7.939229607582092285e-01
7.531261444091796875e-01
-8.339650630950927734e-01
9.376353025436401367e-01
7.396726012229919434e-01
-5.694251656532287598e-01
-7.093751430511474609e-01
-3.095882534980773926e-01
4.395912587642669678e-01
-1.630819082260131836e+00
1.579421877861022949e+00
2.205929517745971680e+00
1.837495118379592896e-01
5.582571625709533691e-01
-1.661134481430053711e+00
3.826966285705566406e-01
-9.779649972915649414e-02
1.354832172393798828e+00
-4.061461985111236572e-01
-2.809047400951385498e-01
7.886230349540710449e-01
-2.546909093856811523e+00
2.456892013549804688e+00
8.403897285461425781e-01
1.648751258850097656e+00
-1.081410050392150879e+00
-1.863967537879943848e+00
1.470373392105102539e+00
-8.692960143089294434e-01
-6.165558695793151855e-01
-1.282774686813354492e+00
6.256144493818283081e-02
5.324212908744812012e-01
-1.376575231552124023e-01
1.185171008110046387e+00
-1.833808660507202148e+00
-5.560302734375000000e-01
1.384062319993972778e-01
3.346461057662963867e+00
1.606874346733093262e+00
6.433547139167785645e-01
-1.570449620485305786e-01
7.180656194686889648e-01
1.401622891426086426e+00
-1.860674917697906494e-01
-1.208718344569206238e-01
3.027766384184360504e-02
1.741593241691589355e+00
7.447016835212707520e-01
-2.769018113613128662e-01
-3.453154325485229492e+00
-1.235106706619262695e+00
-2.379837989807128906e+00
3.580676913261413574e-01
-1.248518466949462891e+00
-6.122680306434631348e-01
-9.986551403999328613e-01
-1.117724776268005371e+00
-1.299963951110839844e+00
6.981096267700195312e-01
-1.254615068435668945e+00
1.021196126937866211e+00
1.805764913558959961e+00
4.716466069221496582e-01
1.055163979530334473e+00
5.504724383354187012e-01
-2.514697015285491943e-01
-6.084911227226257324e-01
-3.525887727737426758e-01
1.689168453216552734e+00
-7.356056571006774902e-01
-7.880563139915466309e-01
2.423332691192626953e+00
-5.254490971565246582e-01
-1.472788929939270020e+00
6.729595065116882324e-01
6.229432225227355957e-01
1.060005903244018555e+00
6.825147271156311035e-01
1.756496787071228027e+00
1.155536532402038574e+00
-6.446919441223144531e-01
-2.755586206912994385e-01
4.895087182521820068e-01
-1.011999323964118958e-01
1.693766713142395020e-01
1.517406463623046875e+00
-1.178993225097656250e+00
-7.219792604446411133e-01
-3.494618535041809082e-01
-2.128184318542480469e+00
-9.061477184295654297e-01
9.553129673004150391e-01
-3.409114480018615723e-01
-2.905900001525878906e+00
-5.933297872543334961e-01
-1.318313837051391602e+00
8.488464951515197754e-01
-2.329859137535095215e-01
-8.855770826339721680e-01
-2.248946905136108398e+00
-2.062070369720458984e+00
5.362371802330017090e-01
