6.236506700515747070e-01
4.592362344264984131e-01
3.103390932083129883e-01
7.415851205587387085e-02
7.083880901336669922e-01
2.442169189453125000e+00
-9.151867628097534180e-01
-2.818963527679443359e-01
-1.735251784324645996e+00
-1.083860993385314941e+00
9.984977245330810547e-01
-9.879648685455322266e-01
2.668394088745117188e+00
1.432524062693119049e-03
-6.304017901420593262e-01
-5.941036939620971680e-01
-1.103832006454467773e+00
1.548649549484252930e+00
9.364355206489562988e-01
1.627176254987716675e-01
-3.697384893894195557e-02
-1.453897953033447266e-01
1.612447500228881836e+00
-1.439993381500244141e+00
-1.611385822296142578e+00
2.507090568542480469e-01
1.577141642570495605e+00
4.457220733165740967e-01
-2.544171571731567383e+00
-3.992642760276794434e-01
2.543635070323944092e-01
-2.150519847869873047e+00
-1.118867397308349609e+00
1.470729947090148926e+00
-4.531578123569488525e-01
2.199850797653198242e+00
2.128588408231735229e-01
-1.695795953273773193e-01
-1.973239421844482422e+00
1.127920746803283691e+00
1.348275065422058105e+00
1.162911772727966309e+00
1.537160396575927734e+00
3.882400393486022949e-01
-1.088498473167419434e+00
1.873452544212341309e+00
-1.101364731788635254e+00
2.907886505126953125e+00
8.854136466979980469e-01
7.286195158958435059e-01
-9.974835813045501709e-02
-3.143803834915161133e+00
-1.217777132987976074e+00
-1.374127984046936035e+00
-1.910820454359054565e-01
-3.114382624626159668e-01
1.009731769561767578e+00
4.165505170822143555e-01
3.723622858524322510e-01
-2.133311033248901367e-01
-5.183614492416381836e-01
3.564442992210388184e-01
1.529739022254943848e+00
9.755365848541259766e-01
1.099180340766906738e+00
-1.768683910369873047e+00
2.531168937683105469e+00
1.711434602737426758e+00
1.825958609580993652e+00
-1.015808820724487305e+00
3.032294213771820068e-01
1.821118712425231934e+00
2.677259743213653564e-01
1.266461491584777832e+00
9.045087099075317383e-01
-6.043795347213745117e-01
-7.528929710388183594e-01
-1.883643865585327148e+00
1.126502513885498047e+00
1.592228710651397705e-01
-1.055906414985656738e+00
-4.234002232551574707e-01
4.024235904216766357e-01
-4.026811122894287109e-01
1.124993920326232910e+00
-1.325361728668212891e+00
-3.090715408325195312e+00
-2.373876810073852539e+00
8.242128491401672363e-01
-2.284893989562988281e-01
2.682501792907714844e+00
-1.557289361953735352e+00
-4.665328562259674072e-01
-9.460228681564331055e-01
-4.259153604507446289e-01
5.095306634902954102e-01
1.035710215568542480e+00
-1.705800890922546387e+00
-1.760385036468505859e+00
2.980586588382720947e-01
-4.625936448574066162e-01
-5.902898311614990234e-01
-8.494159579277038574e-01
4.443325400352478027e-01
8.354970812797546387e-01
-8.524204492568969727e-01
-2.533605098724365234e-01
-1.779579520225524902e-01
1.342441082000732422e+00
8.302574753761291504e-01
-4.344751238822937012e-01
9.435032606124877930e-01
-1.643220037221908569e-01
-1.263817429542541504e+00
6.139119714498519897e-02
-8.905322551727294922e-01
-1.790363192558288574e-01
-4.047730267047882080e-01
2.845882773399353027e-01
9.718816727399826050e-02
-1.462808847427368164e+00
-1.360266566276550293e+00
-7.678756713867187500e-01
-1.025417923927307129e+00
-4.979248642921447754e-01
-1.264886975288391113e+00
1.509602546691894531e+00
-1.115249395370483398e+00
