7.258118987083435059e-01
2.394393235445022583e-01
-1.564674973487854004e-01
2.950002253055572510e-01
-2.137907296419143677e-01
5.595253109931945801e-01
-9.859501719474792480e-01
6.579306721687316895e-01
-8.132544904947280884e-02
-1.277061820030212402e+00
-8.674806952476501465e-01
1.979722142219543457e+00
1.975110054016113281e+00
-1.119826197624206543e+00
9.089291095733642578e-01
2.443642728030681610e-02
-1.071007728576660156e+00
-1.332381814718246460e-01
3.040183102712035179e-03
2.317243628203868866e-02
9.146417379379272461e-01
-3.862338364124298096e-01
2.635705173015594482e-01
3.583893299102783203e+00
1.152889966964721680e+00
7.783026248216629028e-02
-1.303137540817260742e+00
1.377285420894622803e-01
-9.617589116096496582e-01
7.955819964408874512e-01
7.870248556137084961e-01
1.251369595527648926e+00
-8.998108506202697754e-01
-3.525118231773376465e-01
-8.004085421562194824e-01
1.495648026466369629e+00
-4.750416278839111328e-01
5.289853215217590332e-01
5.948317050933837891e-01
1.144237875938415527e+00
8.051876723766326904e-02
-1.154625296592712402e+00
2.088685750961303711e+00
6.995996832847595215e-01
4.211114048957824707e-01
-1.584547638893127441e+00
5.259702801704406738e-01
-9.766951203346252441e-01
1.326934218406677246e+00
9.944728612899780273e-01
-5.252104401588439941e-01
-1.617754340171813965e+00
7.438138723373413086e-01
-1.008694171905517578e+00
-6.804881691932678223e-01
-1.572237610816955566e-01
2.113508224487304688e+00
5.612234473228454590e-01
6.004935503005981445e-02
3.519938707351684570e+00
-1.099980711936950684e+00
-6.109199523925781250e-01
-1.557087302207946777e-01
3.075349926948547363e-01
4.094800949096679688e-01
5.820321440696716309e-01
-2.551928758621215820e-01
8.373995423316955566e-01
-1.086639523506164551e+00
-4.294517636299133301e-01
4.301171898841857910e-01
1.970870494842529297e+00
-5.418438911437988281e-01
6.233887672424316406e-01
-8.953864574432373047e-01
3.002223968505859375e-01
-7.656834274530410767e-02
-1.680906057357788086e+00
-6.497052311897277832e-01
-5.073530673980712891e-01
6.454361081123352051e-01
-2.160847663879394531e+00
-3.011545538902282715e-02
7.404998689889907837e-02
1.396809220314025879e+00
-1.325414061546325684e+00
1.319335579872131348e+00
9.238882660865783691e-01
1.717748999595642090e+00
-1.493590116500854492e+00
-3.690055906772613525e-01
9.084373116493225098e-01
1.164845973253250122e-01
-1.341514348983764648e+00
8.974347114562988281e-01
-6.288862228393554688e-01
-9.218620061874389648e-01
2.933760881423950195e-01
-2.763579189777374268e-01
-1.042834222316741943e-01
1.051946878433227539e+00
5.773605704307556152e-01
-1.576425671577453613e+00
-1.539969086647033691e+00
-9.833424687385559082e-01
-5.963100194931030273e-01
-2.347543537616729736e-01
1.001562476158142090e-01
2.517269551753997803e-01
-1.989687085151672363e+00
2.138562202453613281e-01
2.948306798934936523e-01
-1.389766335487365723e+00
6.620786190032958984e-01
7.278634905815124512e-01
-1.240800142288208008e+00
-7.007271051406860352e-01
-4.301473200321197510e-01
-5.318861603736877441e-01
-4.052447080612182617e-01
-6.184616684913635254e-02
1.692160725593566895e+00
-1.002325534820556641e+00
-5.600571036338806152e-01
-1.643653035163879395e+00
-2.682582378387451172e+00
-1.884060978889465332e+00
9.422381222248077393e-02
