-6.153597235679626465e-01
-2.565897464752197266e+00
9.762215018272399902e-01
9.630905985832214355e-01
1.306963920593261719e+00
3.181490898132324219e-01
2.016562968492507935e-01
-4.473557770252227783e-01
-1.266709566116333008e-01
-6.383082866668701172e-01
1.766901910305023193e-01
-1.291142940521240234e+00
2.104029357433319092e-01
-5.776025652885437012e-01
7.025304436683654785e-01
7.673016190528869629e-01
6.428367495536804199e-01
-7.316603660583496094e-01
-3.913589119911193848e-01
1.691939115524291992e+00
-6.741060614585876465e-01
1.276114434003829956e-01
7.286056876182556152e-01
1.651653170585632324e+00
1.127858534455299377e-01
5.276236534118652344e-01
1.244901061058044434e+00
-1.777792930603027344e+00
3.503244817256927490e-01
4.492003321647644043e-01
8.414087295532226562e-01
6.271499991416931152e-01
-1.069059148430824280e-01
4.365207254886627197e-01
-3.470260202884674072e-01
2.434820175170898438e+00
2.757501363754272461e+00
-1.195590868592262268e-01
3.597636818885803223e-01
6.651054620742797852e-01
8.232527971267700195e-01
-6.757098436355590820e-01
1.576203823089599609e+00
-1.795107126235961914e-01
1.228072404861450195e+00
-7.136842012405395508e-01
-8.279773592948913574e-01
4.828501865267753601e-02
2.042048931121826172e+00
1.343976736068725586e+00
1.182595133781433105e+00
-1.573307275772094727e+00
-4.305011332035064697e-01
-1.490165829658508301e+00
2.934720814228057861e-01
3.549843430519104004e-01
-1.465466141700744629e+00
-6.988398432731628418e-01
-1.343259215354919434e+00
1.221079349517822266e+00
-6.890394687652587891e-01
-1.220535874366760254e+00
-4.523830115795135498e-02
8.564305305480957031e-01
-1.523771405220031738e+00
3.106582164764404297e-01
-1.135034918785095215e+00
1.666063785552978516e+00
-1.339096307754516602e+00
-1.080723851919174194e-01
9.798794388771057129e-01
-2.666717919055372477e-04
-5.846097469329833984e-01
1.325335025787353516e+00
-1.027487516403198242e+00
-1.818703651428222656e+00
-4.276826083660125732e-01
-1.124532699584960938e+00
1.031525969505310059e+00
4.677350819110870361e-02
5.606570839881896973e-01
1.171662330627441406e+00
-6.908113360404968262e-01
-4.259387850761413574e-01
1.958146810531616211e+00
-8.466832041740417480e-01
2.211119979619979858e-01
7.390313148498535156e-01
-1.032732009887695312e+00
1.421078562736511230e+00
1.443147301673889160e+00
-1.323858976364135742e+00
-1.517119765281677246e+00
-9.362584352493286133e-01
-8.885277509689331055e-01
-1.215965867042541504e+00
-2.138367271982133389e-04
-7.773801684379577637e-01
-9.215908050537109375e-01
-1.332603454589843750e+00
3.891584873199462891e-01
1.392303109169006348e+00
-1.539069175720214844e+00
1.400869369506835938e+00
5.955721735954284668e-01
-1.029537200927734375e+00
-7.676017880439758301e-01
-1.243753194808959961e+00
-4.056188464164733887e-02
-2.485418558120727539e+00
2.447868347167968750e+00
9.554969668388366699e-01
9.632473587989807129e-01
8.266875743865966797e-01
-2.037666797637939453e+00
-1.248206973075866699e+00
5.492168664932250977e-01
-3.344580531120300293e-01
8.500016331672668457e-01
3.421616852283477783e-01
1.733984708786010742e+00
-2.892954111099243164e+00
-5.024520754814147949e-01
-2.022843122482299805e+00
-1.228766679763793945e+00
-5.040476322174072266e-01
-1.233626723289489746e+00
-4.968625307083129883e-01
