-1.112452507019042969e+00
1.428933739662170410e+00
4.091900587081909180e-01
3.128035068511962891e-01
4.462588429450988770e-01
-1.691454201936721802e-01
4.111733138561248779e-01
-6.162503957748413086e-01
7.581056356430053711e-01
-1.975568413734436035e+00
1.064818445593118668e-02
2.442286968231201172e+00
4.697006642818450928e-01
-1.149743080139160156e+00
1.226988434791564941e+00
1.117267727851867676e+00
-2.301347017288208008e+00
2.115050107240676880e-01
2.675422132015228271e-01
1.709415555000305176e+00
9.587230086326599121e-01
-5.258585214614868164e-01
3.211543560028076172e-01
9.031153321266174316e-01
-1.141590401530265808e-01
-5.178539752960205078e-01
-6.756146550178527832e-01
-7.503728568553924561e-02
-1.624134555459022522e-02
3.037313222885131836e+00
7.131786942481994629e-01
2.361623764038085938e+00
-5.054217204451560974e-02
1.136755824089050293e+00
-2.176965713500976562e+00
1.121483922004699707e+00
-8.582090735435485840e-01
-1.782873272895812988e-01
-2.411492168903350830e-01
-3.830108940601348877e-01
-1.856561303138732910e-01
9.451633095741271973e-01
1.610933542251586914e+00
-1.415114700794219971e-01
-1.845037341117858887e-01
-1.621000915765762329e-01
-2.040169000625610352e+00
5.162665620446205139e-02
-3.666408956050872803e-01
1.068156242370605469e+00
-9.469299316406250000e-01
-1.324172973632812500e+00
2.529546499252319336e+00
-4.681246578693389893e-01
-2.038497328758239746e-01
-2.695937156677246094e-01
-7.501708865165710449e-01
3.663161396980285645e-01
4.394428431987762451e-01
4.085147976875305176e-01
-2.107986509799957275e-01
1.858923956751823425e-02
1.856222391128540039e+00
-1.092807173728942871e+00
7.421723604202270508e-01
-1.258342146873474121e+00
7.250954508781433105e-01
1.907194375991821289e+00
1.820098459720611572e-01
-4.090954735875129700e-02
2.343355178833007812e+00
-3.594633936882019043e-01
-5.621054768562316895e-01
1.693176746368408203e+00
-5.638099908828735352e-01
-1.677097678184509277e+00
1.111378893256187439e-01
-5.939994454383850098e-01
-1.037139534950256348e+00
-7.884173393249511719e-01
-7.581561803817749023e-02
-6.402128338813781738e-01
-6.357881426811218262e-01
6.217501163482666016e-01
1.099933266639709473e+00
1.056645154953002930e+00
1.075882554054260254e+00
4.783574640750885010e-01
8.576400876045227051e-01
1.566761136054992676e+00
1.737069845199584961e+00
2.054448366165161133e+00
1.153133869171142578e+00
-1.220019340515136719e+00
3.554264605045318604e-01
-1.179198980331420898e+00
-1.428132057189941406e+00
5.397945642471313477e-01
-5.852892994880676270e-01
-3.846442699432373047e+00
1.013759613037109375e+00
-1.113159298896789551e+00
-2.533357620239257812e+00
-1.142704963684082031e+00
-1.187961220741271973e+00
3.523435592651367188e-01
-8.938844799995422363e-01
-1.396826028823852539e+00
-8.165075182914733887e-01
-6.719440817832946777e-01
-4.736962914466857910e-01
6.619284152984619141e-01
-1.490007042884826660e+00
-6.431228518486022949e-01
-1.026899367570877075e-01
-1.689098477363586426e+00
2.925488054752349854e-01
-2.250938653945922852e+00
-2.512905001640319824e-01
-1.979483962059020996e+00
1.169484019279479980e+00
3.066448271274566650e-01
6.144825220108032227e-01
-9.195266962051391602e-01
-4.639407396316528320e-01
-3.732532560825347900e-01
-1.363584160804748535e+00
2.270077019929885864e-01
