-4.054835438728332520e-01
-7.438864707946777344e-01
6.376617550849914551e-01
6.740362644195556641e-01
1.748254060745239258e+00
-2.446753345429897308e-02
-7.562984824180603027e-01
7.859271764755249023e-01
6.131507083773612976e-02
-5.995284020900726318e-02
-9.264950752258300781e-01
3.602218627929687500e+00
-2.284852266311645508e-01
-2.256873846054077148e+00
3.952077031135559082e-01
1.502000927925109863e+00
5.141086578369140625e-01
6.109544634819030762e-01
-1.616241693496704102e+00
-8.118330836296081543e-01
1.058931425213813782e-01
1.441821306943893433e-01
-6.498088240623474121e-01
1.496302604675292969e+00
4.769474864006042480e-01
1.201611161231994629e+00
-8.409031033515930176e-01
-2.857653796672821045e-01
5.157831907272338867e-01
-1.955176889896392822e-01
-2.896852791309356689e-01
-7.932561635971069336e-01
-2.257672309875488281e+00
1.960186511278152466e-01
-2.047827005386352539e+00
1.269687652587890625e+00
-2.114265710115432739e-01
1.860019922256469727e+00
1.403953552246093750e+00
-4.112020507454872131e-02
3.364955425262451172e+00
-1.250328779220581055e+00
1.066602349281311035e+00
1.433267116546630859e+00
-5.511400699615478516e-01
9.737381339073181152e-01
1.971788525581359863e+00
1.055381745100021362e-01
-5.667359828948974609e-01
-1.304060578346252441e+00
4.050484895706176758e-01
-1.816129326820373535e+00
-8.781856894493103027e-01
-5.175426006317138672e-01
2.543166279792785645e-01
3.331625461578369141e-01
-6.160255074501037598e-01
1.256370663642883301e+00
2.053167104721069336e+00
-1.110046982765197754e+00
-7.938867211341857910e-01
-7.530467510223388672e-01
-1.325488090515136719e+00
-4.633385837078094482e-01
1.138314127922058105e+00
-1.687890052795410156e+00
7.019876837730407715e-01
2.532090663909912109e+00
3.364977538585662842e-01
2.746548950672149658e-01
-1.967145130038261414e-02
2.965548336505889893e-01
1.910282298922538757e-02
1.634529978036880493e-01
4.879397153854370117e-01
-1.773312449455261230e+00
-3.020573854446411133e+00
9.656999260187149048e-02
-8.090724796056747437e-02
-2.295891046524047852e+00
-1.225784897804260254e+00
5.027378201484680176e-01
2.103638410568237305e+00
-1.222388148307800293e+00
7.564103603363037109e-01
1.364409804344177246e+00
-2.156538963317871094e+00
1.461209416389465332e+00
-1.086611032485961914e+00
1.619506835937500000e+00
1.647840976715087891e+00
5.523469448089599609e-01
1.621377915143966675e-01
-6.812316775321960449e-01
-1.992999315261840820e+00
-1.031977891921997070e+00
-8.404498696327209473e-01
-3.130051791667938232e-01
-1.049473047256469727e+00
-1.168768405914306641e+00
-5.232207775115966797e-01
1.962014555931091309e+00
-1.709371805191040039e+00
-2.210296988487243652e-01
-7.862320542335510254e-01
-9.289468526840209961e-01
-3.286721467971801758e+00
-1.278232097625732422e+00
2.716008186340332031e+00
-2.488660335540771484e+00
-2.060446292161941528e-01
6.539363265037536621e-01
5.362970829010009766e-01
2.330237329006195068e-01
2.459500730037689209e-01
3.310928642749786377e-01
-1.004912018775939941e+00
-1.736981034278869629e+00
7.073403596878051758e-01
2.592023611068725586e+00
3.647541403770446777e-01
-4.428246244788169861e-02
4.902257621288299561e-01
5.531343221664428711e-01
-2.026637792587280273e-01
-1.038068056106567383e+00
3.246280848979949951e-01
1.755369424819946289e+00
