-9.951050579547882080e-02
-2.581268548965454102e+00
3.765083551406860352e-01
7.174492478370666504e-01
3.052484989166259766e-01
8.572338819503784180e-01
3.015903830528259277e-01
-3.701209723949432373e-01
-1.764427185058593750e+00
-1.898357510566711426e+00
-6.176067590713500977e-01
-2.489406615495681763e-01
9.562273621559143066e-01
-2.351048707962036133e+00
-1.063161969184875488e+00
5.660746097564697266e-01
1.293849229812622070e+00
-5.278899073600769043e-01
-1.857397913932800293e+00
2.040762901306152344e+00
6.192278265953063965e-01
-7.429041266441345215e-01
2.622607707977294922e+00
1.258337378501892090e+00
1.084904894232749939e-01
8.971741795539855957e-01
2.191748857498168945e+00
-1.003381133079528809e+00
5.753344893455505371e-01
2.700705230236053467e-01
3.788483440876007080e-01
2.459797263145446777e-01
2.979690134525299072e-01
8.209490776062011719e-01
-1.239240884780883789e+00
2.872118651866912842e-01
1.240139603614807129e+00
3.567834496498107910e-01
-4.487043321132659912e-01
-1.489931225776672363e+00
2.374848604202270508e+00
-5.839239358901977539e-01
1.521554827690124512e+00
1.441558480262756348e+00
-3.794199228286743164e-01
-2.422464847564697266e+00
-6.267216056585311890e-02
7.434611320495605469e-01
6.124222874641418457e-01
-1.757421642541885376e-01
9.242153167724609375e-02
-9.473074674606323242e-01
-5.969003438949584961e-01
-4.651062488555908203e-01
7.615966796875000000e-01
1.185761928558349609e+00
2.384879440069198608e-01
-1.755721569061279297e+00
5.823186635971069336e-01
3.887482583522796631e-01
-1.007993102073669434e+00
2.819012880325317383e+00
-1.143739596009254456e-01
-1.468896716833114624e-01
-2.388020992279052734e+00
-8.163878917694091797e-01
2.346670478582382202e-01
2.145432949066162109e+00
-1.649612188339233398e+00
-1.277236580848693848e+00
6.932862401008605957e-01
-8.622940182685852051e-01
9.420985579490661621e-01
2.911846637725830078e-01
-1.857090592384338379e+00
-3.239688873291015625e-01
-3.300605773925781250e+00
-4.994767308235168457e-01
-1.322730898857116699e+00
-6.322938948869705200e-02
4.815989434719085693e-01
6.303927302360534668e-01
3.413383066654205322e-01
2.822427451610565186e-01
1.253003478050231934e+00
-7.216635346412658691e-01
1.745291501283645630e-01
3.077080249786376953e-01
1.702255845069885254e+00
1.861472249031066895e+00
1.179728388786315918e+00
-1.248296499252319336e+00
1.135891079902648926e-01
-1.607372283935546875e+00
-7.501683235168457031e-01
-6.647663116455078125e-01
8.957768678665161133e-01
-2.945395112037658691e-01
9.856305718421936035e-01
-1.034808039665222168e+00
1.342051506042480469e+00
7.039449214935302734e-01
-9.797258973121643066e-01
1.885186672210693359e+00
-2.001792043447494507e-01
9.605094045400619507e-02
-2.336331367492675781e+00
-1.405604362487792969e+00
2.256344556808471680e+00
5.048471689224243164e-01
2.635999917984008789e+00
-7.441211342811584473e-01
-1.605627983808517456e-01
2.045895099639892578e+00
-2.025815010070800781e+00
-2.237975835800170898e+00
-1.277390003204345703e+00
-8.462764620780944824e-01
-5.680985450744628906e-01
-7.333887219429016113e-01
6.832811236381530762e-02
-5.227509140968322754e-01
1.543866753578186035e+00
-2.191454358398914337e-02
-3.780167102813720703e-01
4.503075480461120605e-01
-1.245542049407958984e+00
-3.963052928447723389e-01
