-7.821708917617797852e-01
1.419250369071960449e-01
4.110844433307647705e-02
1.487617492675781250e-01
-8.038352727890014648e-01
-1.012968182563781738e+00
-4.153941199183464050e-02
2.214979887008666992e+00
8.890694975852966309e-01
2.642093002796173096e-01
1.177162289619445801e+00
-2.492156744003295898e+00
-2.388615369796752930e+00
3.645360171794891357e-01
-1.675352573394775391e+00
5.269551873207092285e-01
-5.367261767387390137e-01
1.044012427330017090e+00
-4.742610454559326172e-01
-6.407825350761413574e-01
3.694793581962585449e-01
-1.415065526962280273e+00
-3.919300436973571777e-01
-1.238774180412292480e+00
-2.235897183418273926e-01
1.222087860107421875e+00
1.228042364120483398e+00
1.675300836563110352e+00
1.314582109451293945e+00
6.664736270904541016e-01
5.342351794242858887e-01
8.359423279762268066e-01
-2.146347522735595703e+00
1.736522912979125977e+00
-1.504846096038818359e+00
9.781528711318969727e-01
-2.245896868407726288e-02
-1.405172228813171387e+00
-1.375420331954956055e+00
-2.819377779960632324e-01
1.953624725341796875e+00
-7.231417298316955566e-01
1.255656719207763672e+00
1.144059970974922180e-01
-1.254615664482116699e+00
1.578426212072372437e-01
1.625309348106384277e+00
8.539941310882568359e-01
5.999999642372131348e-01
2.105230569839477539e+00
-1.324558258056640625e+00
-4.131706058979034424e-01
7.598013035021722317e-04
8.243501186370849609e-01
-1.699769794940948486e-01
8.881655335426330566e-01
3.299084901809692383e+00
-6.898513436317443848e-01
7.134084701538085938e-01
-8.550289869308471680e-01
-1.002342343330383301e+00
-7.063320279121398926e-02
-1.331174522638320923e-01
4.556556046009063721e-02
2.422928959131240845e-01
-1.048146724700927734e+00
4.251056909561157227e-01
1.656787514686584473e+00
1.196619629859924316e+00
-3.646868765354156494e-01
-1.337387919425964355e+00
3.789271712303161621e-01
3.387854993343353271e-01
1.750832557678222656e+00
2.045626163482666016e+00
-1.643477320671081543e+00
1.946912407875061035e+00
1.123976349830627441e+00
-1.755608081817626953e+00
-6.999075412750244141e-01
2.492002487182617188e+00
-1.866506598889827728e-02
1.364020824432373047e+00
1.188762187957763672e+00
1.488642334938049316e+00
-1.006884932518005371e+00
-2.425903677940368652e-01
-2.992106914520263672e+00
-1.813840866088867188e+00
1.341473698616027832e+00
-1.323477745056152344e+00
4.785543978214263916e-01
-9.499863982200622559e-01
1.080485954880714417e-01
2.443515807390213013e-01
8.790220618247985840e-01
-4.673691689968109131e-01
-2.424478292465209961e+00
-5.253982543945312500e-02
1.423040986061096191e+00
1.501945614814758301e+00
-2.198725938796997070e+00
-5.347172021865844727e-01
9.270457029342651367e-01
1.682830095291137695e+00
-5.122471973299980164e-02
2.902106344699859619e-01
-1.431347370147705078e+00
-1.133961796760559082e+00
-3.704706907272338867e+00
1.171230226755142212e-01
6.488351821899414062e-01
-4.026622697710990906e-02
1.000227093696594238e+00
-1.177210450172424316e+00
-1.057989120483398438e+00
7.223570346832275391e-01
3.389989733695983887e-01
-2.245960570871829987e-02
-3.629730641841888428e-01
-1.300503373146057129e+00
-1.222399711608886719e+00
-1.480330705642700195e+00
-1.056915998458862305e+00
-4.459419548511505127e-01
-1.336563348770141602e+00
-9.286489486694335938e-01
-7.563050836324691772e-02
