-1.674160063266754150e-01
-1.847402900457382202e-01
-5.465984940528869629e-01
-9.004664421081542969e-02
2.454354427754878998e-02
-8.347882032394409180e-01
-5.043690800666809082e-01
1.941933393478393555e+00
1.282488584518432617e+00
-5.299491882324218750e-01
-4.429734647274017334e-01
-1.371025443077087402e-01
3.147634267807006836e+00
7.645174860954284668e-02
1.311608910560607910e+00
-7.124487310647964478e-03
-2.984434366226196289e-01
1.457059741020202637e+00
5.721780061721801758e-01
2.779109776020050049e-01
8.981655836105346680e-01
-1.191194415092468262e+00
-5.459932684898376465e-01
1.695804119110107422e+00
9.665964171290397644e-03
1.255110651254653931e-01
-1.289755821228027344e+00
-1.868180751800537109e+00
9.240618944168090820e-01
1.487356662750244141e+00
-6.283327937126159668e-01
3.813357651233673096e-02
-6.004009842872619629e-01
5.615222454071044922e-01
2.155497856438159943e-02
4.723614752292633057e-01
-9.601153731346130371e-01
-2.157806873321533203e+00
-1.153774857521057129e+00
2.521178126335144043e-01
-9.772499799728393555e-01
9.419961571693420410e-01
1.709182024002075195e+00
-2.596730589866638184e-01
9.019267559051513672e-01
1.235710263252258301e+00
-6.842327117919921875e-02
-5.991816520690917969e-01
2.013119935989379883e+00
1.189520359039306641e+00
4.448877274990081787e-01
-8.647760748863220215e-02
9.776804447174072266e-01
-6.295740604400634766e-01
-6.079366803169250488e-01
-7.368304729461669922e-01
-9.003188014030456543e-01
-6.405180096626281738e-01
-2.665576934814453125e-01
9.994260668754577637e-01
-1.291317701339721680e+00
1.778413534164428711e+00
1.426652789115905762e+00
4.131097793579101562e-01
7.647317051887512207e-01
-2.480519413948059082e-01
-1.235287070274353027e+00
-4.863434135913848877e-01
1.391399025917053223e+00
5.490205883979797363e-01
3.139297366142272949e-01
-1.345262527465820312e+00
1.571548104286193848e+00
9.769070148468017578e-01
-7.561545968055725098e-01
5.721595287322998047e-01
9.430732727050781250e-01
-8.521257638931274414e-01
-1.398365378379821777e+00
-2.285042032599449158e-02
1.382236361503601074e+00
-2.178480863571166992e+00
-1.464743018150329590e+00
3.363608121871948242e-01
-1.713652312755584717e-01
6.942453980445861816e-01
-1.123253069818019867e-02
-1.030575394630432129e+00
-5.410331487655639648e-01
-9.189561009407043457e-01
1.735845208168029785e+00
-8.756570219993591309e-01
-7.124507427215576172e-01
1.183876633644104004e+00
5.838975906372070312e-01
4.547954797744750977e-01
1.030328869819641113e+00
2.427778095006942749e-01
-1.209722995758056641e+00
4.092079102993011475e-01
-2.904828190803527832e-01
-1.209881454706192017e-01
1.173660635948181152e+00
1.187776327133178711e+00
1.255600303411483765e-01
3.305633962154388428e-01
8.184644579887390137e-01
-8.932063579559326172e-01
2.183705091476440430e+00
-3.349831700325012207e-01
-2.794294357299804688e+00
7.160340249538421631e-02
-9.454330205917358398e-01
3.398112058639526367e-01
-4.166825413703918457e-01
4.916051402688026428e-02
2.466532945632934570e+00
-8.168674111366271973e-01
-9.578976631164550781e-01
-1.976445078849792480e+00
-6.455965638160705566e-01
-1.906215786933898926e+00
-2.599918842315673828e+00
-1.791886448860168457e+00
-1.382327914237976074e+00
-1.569123268127441406e+00
-2.160264492034912109e+00
1.596393108367919922e+00
