1.630299687385559082e+00
-9.142708182334899902e-01
8.655096292495727539e-01
3.252533674240112305e-01
-3.823832795023918152e-02
-7.463765740394592285e-01
-9.956634640693664551e-01
7.895200699567794800e-02
1.218505024909973145e+00
-1.248610377311706543e+00
-1.809034824371337891e+00
-3.749979734420776367e+00
-9.532151222229003906e-01
-1.216855287551879883e+00
1.516239166259765625e+00
4.214372634887695312e-01
7.005815207958221436e-02
5.780339837074279785e-01
-1.241863846778869629e+00
4.661568403244018555e-01
7.222216129302978516e-01
5.764603018760681152e-01
5.653943419456481934e-01
-5.842625349760055542e-02
1.989594697952270508e-01
-2.060884684324264526e-01
2.598057091236114502e-01
1.537876129150390625e+00
1.970177173614501953e+00
1.730332076549530029e-01
-1.492415785789489746e+00
-2.260859161615371704e-01
-5.221119523048400879e-01
-1.790942192077636719e+00
4.695819914340972900e-01
2.532962083816528320e+00
7.301121950149536133e-02
-3.971655368804931641e-01
-1.935111641883850098e+00
-2.179493427276611328e+00
2.508665561676025391e+00
-1.623409390449523926e+00
1.379738926887512207e+00
-1.552621126174926758e+00
1.647378206253051758e-01
-1.581490874290466309e+00
1.049909710884094238e+00
1.066137433052062988e+00
-6.437475085258483887e-01
9.636595845222473145e-01
8.751949667930603027e-01
-6.435270905494689941e-01
5.773848891258239746e-01
-1.359030306339263916e-01
1.112635493278503418e+00
-1.794857263565063477e+00
7.062429189682006836e-01
-8.603081703186035156e-01
-1.543561518192291260e-01
1.833854913711547852e+00
-1.983352661132812500e+00
-9.352310299873352051e-01
2.237978219985961914e+00
5.481168627738952637e-01
-1.186366081237792969e+00
-2.784209549427032471e-01
1.331539154052734375e+00
1.410498619079589844e+00
-1.212075874209403992e-01
-1.187328577041625977e+00
4.147839844226837158e-01
1.181314587593078613e+00
1.233479857444763184e+00
4.825077354907989502e-01
-1.398601830005645752e-01
-1.370342135429382324e+00
-1.806572377681732178e-01
-3.598316311836242676e-01
-9.386859536170959473e-01
-2.817425727844238281e+00
1.108892634510993958e-01
2.971465289592742920e-01
8.481273651123046875e-01
-3.428284525871276855e-01
4.611473560333251953e+00
1.030122995376586914e+00
4.400309920310974121e-01
1.535187482833862305e+00
-9.700246453285217285e-01
3.096938133239746094e-01
-4.940252304077148438e-01
-1.363091945648193359e+00
-5.182803273200988770e-01
-4.042663574218750000e-01
-3.248832225799560547e-01
-1.026412844657897949e+00
1.110412120819091797e+00
7.342307567596435547e-01
-3.213071227073669434e-01
-6.500300168991088867e-01
-1.408822059631347656e+00
1.150285840034484863e+00
-1.992048859596252441e+00
3.597008287906646729e-01
9.127689003944396973e-01
1.607298851013183594e+00
-9.967582821846008301e-01
-9.884251356124877930e-01
9.574729204177856445e-01
-1.507700443267822266e+00
1.253701210021972656e+00
1.130898296833038330e-01
1.210277795791625977e+00
8.369357883930206299e-02
-2.487704157829284668e-01
-7.641940712928771973e-01
1.937101840972900391e+00
1.035991758108139038e-01
8.773446679115295410e-01
7.992213368415832520e-01
-4.919931292533874512e-01
1.366545706987380981e-01
-1.566755533218383789e+00
-1.715752363204956055e+00
-9.195646047592163086e-01
-3.535035252571105957e-01
-5.620622634887695312e-01
-5.991029143333435059e-01
