1.356443643569946289e+00
3.731863200664520264e-01
4.896947741508483887e-01
8.794189095497131348e-01
8.170863986015319824e-01
5.541935563087463379e-01
-3.112591505050659180e-01
-5.998224020004272461e-01
-4.063628196716308594e+00
-1.082244753837585449e+00
1.511611342430114746e+00
7.100154757499694824e-01
1.508367300033569336e+00
-1.381488919258117676e+00
3.340225219726562500e-01
1.290682792663574219e+00
4.508967399597167969e-01
-2.151741236448287964e-01
-2.073605298995971680e+00
4.945708215236663818e-01
-6.012394428253173828e-01
-1.682497620582580566e+00
2.777488470077514648e+00
1.193677663803100586e+00
-1.012229800224304199e+00
5.315093994140625000e-01
2.496436834335327148e+00
4.680095016956329346e-01
-7.126478552818298340e-01
1.574613571166992188e+00
-8.694676160812377930e-01
2.030448764562606812e-01
-1.285885095596313477e+00
-2.638993263244628906e-01
-1.334253191947937012e+00
7.663981914520263672e-01
6.438423395156860352e-01
6.332931667566299438e-02
-9.424803256988525391e-01
-2.179246097803115845e-01
2.322761535644531250e+00
-1.664183616638183594e+00
1.219149947166442871e+00
2.475566148757934570e+00
1.029022455215454102e+00
7.569038271903991699e-01
-1.498354196548461914e+00
1.176735877990722656e+00
2.425275444984436035e-01
8.486021757125854492e-01
8.290806412696838379e-01
-4.938904643058776855e-01
1.035645723342895508e+00
-2.085920050740242004e-02
-7.354500293731689453e-01
-1.158661365509033203e+00
2.131648540496826172e+00
-1.681549698114395142e-01
8.441271781921386719e-01
1.955601096153259277e+00
-1.113342642784118652e+00
1.156897664070129395e+00
1.895295381546020508e-01
9.610243141651153564e-02
-1.775516152381896973e+00
-2.083343982696533203e+00
-1.673018813133239746e+00
2.773180961608886719e+00
-1.239170193672180176e+00
-4.039615094661712646e-01
2.228729724884033203e+00
-1.277530074119567871e+00
5.491067767143249512e-01
4.015343487262725830e-01
9.617462754249572754e-01
1.660664528608322144e-01
7.495025992393493652e-01
-4.358532130718231201e-01
2.420119382441043854e-02
-9.943241477012634277e-01
1.421928882598876953e+00
2.250497192144393921e-01
-1.116827487945556641e+00
-1.441471815109252930e+00
6.201407313346862793e-01
-1.566398501396179199e+00
-1.290576100349426270e+00
-8.642642498016357422e-01
-1.302878558635711670e-01
-2.145725116133689880e-02
6.584979295730590820e-01
-2.282570838928222656e+00
1.782049983739852905e-01
1.932837516069412231e-01
1.222562074661254883e+00
-1.273154497146606445e+00
-7.534885406494140625e-02
-1.675888299942016602e-01
-1.316707730293273926e+00
-1.502999901771545410e+00
8.588100075721740723e-01
3.432073891162872314e-01
-3.703652143478393555e+00
1.411408543586730957e+00
2.846039533615112305e-01
4.137915074825286865e-01
-3.706029057502746582e-01
-1.266946315765380859e+00
1.146023988723754883e+00
1.656649351119995117e+00
-1.673732697963714600e-02
1.403807282447814941e+00
-1.235963344573974609e+00
-1.043552279472351074e+00
2.773236036300659180e-01
-1.288448095321655273e+00
2.215532958507537842e-01
-2.222990274429321289e+00
-8.569787740707397461e-01
-2.070398092269897461e+00
1.293144941329956055e+00
-8.152145147323608398e-01
7.487217783927917480e-01
-6.957871913909912109e-01
-5.328366756439208984e-01
1.099962115287780762e+00
-5.518638491630554199e-01
-9.680409729480743408e-02
