-9.792984127998352051e-01
-3.823616802692413330e-01
6.948532462120056152e-01
-1.388360619544982910e+00
-1.455855846405029297e+00
6.956214904785156250e-01
6.580372452735900879e-01
-3.177406489849090576e-01
1.018553137779235840e+00
-1.653748154640197754e-01
1.757814884185791016e+00
1.332074880599975586e+00
1.706026434898376465e+00
1.519274711608886719e+00
-4.797373414039611816e-01
-9.625814557075500488e-01
-7.366332411766052246e-02
1.441139459609985352e+00
1.348758220672607422e+00
1.327348232269287109e+00
-4.594165980815887451e-01
2.707555890083312988e-01
1.661522090435028076e-01
9.512002468109130859e-01
-1.358875155448913574e+00
1.998752355575561523e-01
-1.989535540342330933e-01
-7.771580219268798828e-01
1.648660659790039062e+00
6.628075838088989258e-01
-2.443737745285034180e+00
-4.938578128814697266e+00
-9.012883305549621582e-01
7.584493756294250488e-01
-1.114959955215454102e+00
1.300826907157897949e+00
-1.086316034197807312e-01
-1.542392969131469727e+00
-6.731931567192077637e-01
-7.413855791091918945e-01
-3.839115202426910400e-01
2.191810369491577148e+00
1.761157393455505371e+00
7.980685830116271973e-01
9.308703988790512085e-02
2.856838226318359375e+00
-4.065787196159362793e-01
1.302883386611938477e+00
-6.570646762847900391e-01
-2.528010904788970947e-01
1.032104969024658203e+00
-8.383743762969970703e-01
-1.091587901115417480e+00
7.448586821556091309e-01
-1.864788532257080078e+00
4.060567021369934082e-01
2.713453769683837891e+00
-4.191389083862304688e-01
1.316175341606140137e+00
-9.431036114692687988e-01
-7.151865363121032715e-01
2.155388116836547852e+00
-1.005228161811828613e+00
-3.749272525310516357e-01
-4.662382602691650391e-01
-1.699529886245727539e+00
1.645705819129943848e+00
1.087062507867813110e-01
-1.504247426986694336e+00
4.134258925914764404e-01
-6.661527752876281738e-01
1.446806192398071289e+00
6.781700253486633301e-01
-8.313342928886413574e-01
-8.122112154960632324e-01
-1.717259883880615234e+00
-1.532984495162963867e+00
-4.080702066421508789e-01
-1.378277242183685303e-01
-3.153264045715332031e+00
-1.085554838180541992e+00
-1.208433628082275391e+00
1.796495318412780762e+00
-1.794934511184692383e+00
1.751371979713439941e+00
3.898245692253112793e-01
-1.063058495521545410e+00
-8.517301082611083984e-01
-1.540247678756713867e+00
2.412972301244735718e-01
6.285095214843750000e-01
-5.988170504570007324e-01
7.204719185829162598e-01
1.918720901012420654e-01
-6.211901307106018066e-01
1.125166535377502441e+00
2.054214954376220703e+00
-6.181432008743286133e-01
9.343478083610534668e-01
3.187015652656555176e-01
-8.812408447265625000e-01
-5.995172262191772461e-01
-4.490956962108612061e-01
9.497714042663574219e-01
4.430397748947143555e-01
-4.164215177297592163e-02
-4.271707832813262939e-01
4.418016374111175537e-01
-4.143198728561401367e-01
-4.075457155704498291e-01
-8.577578067779541016e-01
1.469742894172668457e+00
7.288644909858703613e-01
2.065209388732910156e+00
2.981447577476501465e-01
-7.441342473030090332e-01
-1.508181691169738770e-01
-4.550101235508918762e-02
-1.933669686317443848e+00
3.372966349124908447e-01
2.121679067611694336e+00
-1.321867227554321289e+00
1.491569042205810547e+00
-5.100896954536437988e-01
-3.882092237472534180e-01
-8.246052265167236328e-01
4.062885046005249023e-01
5.537627339363098145e-01
