-9.467699527740478516e-01
-1.077910065650939941e+00
-3.277481198310852051e-01
2.049156427383422852e-01
1.490567903965711594e-02
-3.415911793708801270e-01
2.472474813461303711e+00
-1.805417299270629883e+00
1.013533830642700195e+00
-3.315654993057250977e-01
-1.126405969262123108e-01
6.018999814987182617e-01
-2.030260086059570312e+00
5.284112095832824707e-01
1.412000417709350586e+00
4.411832615733146667e-02
7.003698348999023438e-01
5.233154818415641785e-02
4.928493797779083252e-01
3.399826288223266602e+00
-1.892313361167907715e+00
-4.567381143569946289e-01
1.686187386512756348e+00
1.650807499885559082e+00
-7.267811894416809082e-01
4.794069230556488037e-01
9.009377360343933105e-01
-2.496114492416381836e+00
1.926886558532714844e+00
3.870493173599243164e-01
5.407543182373046875e-01
8.856575489044189453e-01
-4.356954991817474365e-01
1.500079333782196045e-01
-2.444352388381958008e+00
-3.508078455924987793e-01
9.152609705924987793e-01
-2.444903373718261719e+00
-9.717235565185546875e-01
-5.577275753021240234e-01
-7.900195121765136719e-01
-8.248108439147472382e-03
1.914767861366271973e+00
-8.375731110572814941e-01
-9.599182605743408203e-01
-4.864564165472984314e-02
-4.820385575294494629e-01
-1.779485225677490234e+00
1.130026817321777344e+00
-4.168031513690948486e-01
-3.308296576142311096e-02
-2.565668344497680664e+00
2.060618400573730469e+00
-1.918306708335876465e+00
-1.312047481536865234e+00
6.384401917457580566e-01
1.094523370265960693e-01
-3.702495396137237549e-01
1.003898620605468750e+00
8.697986006736755371e-01
-1.785685420036315918e+00
1.746890544891357422e-01
-1.600344181060791016e+00
1.351266264915466309e+00
3.166335821151733398e-01
3.890177607536315918e-01
-7.000369429588317871e-01
7.592833638191223145e-01
3.934335708618164062e-01
-9.229851365089416504e-01
8.077229261398315430e-01
-5.391263961791992188e-01
1.678890705108642578e+00
1.098607182502746582e+00
7.529828548431396484e-01
-1.161090373992919922e+00
-1.332733154296875000e+00
9.529523253440856934e-01
3.656597435474395752e-01
3.886416256427764893e-01
-1.961039751768112183e-01
-1.040217995643615723e+00
1.631989359855651855e+00
5.689736604690551758e-01
1.274029016494750977e+00
9.080334305763244629e-01
-4.927157759666442871e-01
5.128146614879369736e-03
1.210803627967834473e+00
1.392509460449218750e+00
-1.024546146392822266e+00
-2.784576416015625000e-01
-7.945495247840881348e-01
5.327109098434448242e-01
4.346775114536285400e-01
1.835111141204833984e+00
-1.888900995254516602e-01
-1.612735033035278320e+00
-9.697358012199401855e-01
5.692882537841796875e-01
2.281539291143417358e-01
-1.318732500076293945e+00
2.439992666244506836e+00
3.183917105197906494e-01
-7.564020752906799316e-01
-9.652650356292724609e-01
-6.284306049346923828e-01
-2.972590923309326172e-01
1.251020789146423340e+00
-4.368089735507965088e-01
-1.093292981386184692e-01
6.983838230371475220e-02
9.168853610754013062e-02
1.233200430870056152e+00
-1.216764926910400391e+00
-2.288449287414550781e+00
6.626678705215454102e-01
-4.268424510955810547e-01
-1.961687654256820679e-01
-2.833385020494461060e-02
2.124996930360794067e-01
-7.058966755867004395e-01
-1.092942804098129272e-01
-9.798743724822998047e-01
-9.237700104713439941e-01
-2.309820890426635742e+00
1.945395469665527344e-01
1.120250374078750610e-01
