-1.265743017196655273e+00
-1.855979681015014648e+00
3.586799502372741699e-01
3.921488821506500244e-01
8.973965048789978027e-01
-4.464817345142364502e-01
1.018016457557678223e+00
-2.042652219533920288e-01
1.680571027100086212e-02
2.541113853454589844e+00
-1.249643206596374512e+00
6.296743154525756836e-01
1.438245415687561035e+00
-4.481360018253326416e-01
-6.805890202522277832e-01
5.061268061399459839e-02
8.655154109001159668e-01
1.155486464500427246e+00
6.939537525177001953e-01
1.243695139884948730e+00
-3.555946648120880127e-01
-8.437206149101257324e-01
-1.279767155647277832e+00
9.014856219291687012e-01
-6.968053579330444336e-01
5.204393863677978516e-01
9.925103187561035156e-01
4.244585633277893066e-01
-1.005249738693237305e+00
5.871635079383850098e-01
-8.431669473648071289e-01
2.724868357181549072e-01
-9.263074994087219238e-01
2.784565091133117676e-01
-1.586263328790664673e-01
2.409770727157592773e+00
-6.177988052368164062e-01
-1.524940133094787598e+00
5.504102706909179688e-01
-4.861602187156677246e-01
-1.625387310981750488e+00
-1.449780344963073730e+00
1.625407934188842773e+00
3.031814336776733398e+00
1.311829805374145508e+00
9.033684134483337402e-01
7.873414754867553711e-01
1.507852435111999512e+00
-3.476696312427520752e-01
-1.308089971542358398e+00
-1.130842924118041992e+00
-1.201718330383300781e+00
-8.224644064903259277e-01
-5.976561903953552246e-01
1.177934780716896057e-01
-3.303541243076324463e-01
8.549225926399230957e-01
3.016560792922973633e+00
1.278762340545654297e+00
8.163517117500305176e-01
-1.709376275539398193e-01
-1.239684820175170898e+00
6.399569511413574219e-01
-6.268737912178039551e-01
2.397562742233276367e+00
4.518012404441833496e-01
-9.627176523208618164e-01
3.033105516806244850e-03
-1.459562420845031738e+00
9.760063290596008301e-01
-2.089832574129104614e-01
-1.483157157897949219e+00
9.401875138282775879e-01
1.085414409637451172e+00
-1.807726025581359863e-01
-2.528710842132568359e+00
1.877257823944091797e-01
-1.691931128501892090e+00
4.448097646236419678e-01
-7.398538589477539062e-01
7.347942590713500977e-01
-6.036275625228881836e-01
-2.640636637806892395e-02
8.399631977081298828e-01
-2.628295421600341797e+00
9.712454676628112793e-01
4.279488921165466309e-01
-2.736381888389587402e-01
-6.254260540008544922e-01
9.454061388969421387e-01
6.894637346267700195e-01
-3.558018803596496582e-01
-1.292344927787780762e+00
1.062809467315673828e+00
-6.748161911964416504e-01
-7.966964244842529297e-01
-1.531060189008712769e-01
1.445935606956481934e+00
-1.327714800834655762e+00
9.179213047027587891e-01
-1.366855263710021973e+00
1.644643545150756836e+00
-1.464738845825195312e+00
-1.841895341873168945e+00
1.475657224655151367e+00
2.151955477893352509e-02
2.808263599872589111e-01
-1.813372135162353516e+00
1.623677134513854980e+00
-1.327489018440246582e+00
-2.898507192730903625e-02
1.737130284309387207e+00
-6.915071606636047363e-01
3.553331196308135986e-01
5.175053477287292480e-01
5.425050258636474609e-01
9.402375817298889160e-01
1.350648999214172363e+00
3.038044869899749756e-01
-1.969185471534729004e+00
-2.459256887435913086e+00
-1.645245552062988281e+00
-2.832452058792114258e-01
-3.174108505249023438e+00
-2.939015626907348633e-01
-1.716608285903930664e+00
-1.176115751266479492e+00
2.399442434310913086e+00
