-8.281092345714569092e-02
5.461230874061584473e-01
1.874570399522781372e-01
-2.761640846729278564e-01
-2.530541658401489258e+00
8.815165162086486816e-01
2.681861877441406250e+00
4.584150314331054688e-01
-3.423099756240844727e+00
-1.028324127197265625e+00
5.825416445732116699e-01
7.764640450477600098e-01
2.055761098861694336e+00
-1.620707511901855469e+00
8.267960697412490845e-02
-6.508576869964599609e-01
-8.773700594902038574e-01
9.364125132560729980e-01
-1.742554455995559692e-01
-1.776037388481199741e-03
-1.614605545997619629e+00
6.500539183616638184e-01
-1.328937888145446777e+00
2.411904573440551758e+00
-2.391323566436767578e+00
1.057241797447204590e+00
2.028587460517883301e-01
-2.663037180900573730e-01
3.729939162731170654e-01
8.602992296218872070e-01
-2.419245004653930664e+00
-1.129347920417785645e+00
1.279659420251846313e-01
-1.028370141983032227e+00
1.569537222385406494e-01
1.107446193695068359e+00
-4.877746403217315674e-01
6.162902712821960449e-01
1.994462728500366211e+00
-1.768136143684387207e+00
1.398676484823226929e-01
-1.684944272041320801e+00
8.619170188903808594e-01
2.532458066940307617e+00
-1.721287608146667480e+00
1.070423483848571777e+00
-4.615315198898315430e-01
2.411557674407958984e+00
-1.066223382949829102e+00
-1.443468809127807617e+00
-9.183664917945861816e-01
-6.801952123641967773e-01
1.410533070564270020e+00
-4.293291270732879639e-01
-9.032213091850280762e-01
1.068013668060302734e+00
7.498912215232849121e-01
-1.771598756313323975e-01
-9.364065527915954590e-01
9.733567237854003906e-01
1.691405057907104492e+00
1.930842876434326172e+00
-2.664896488189697266e+00
-6.864050030708312988e-01
-1.411878913640975952e-01
-2.139986038208007812e+00
4.775962233543395996e-01
4.697363674640655518e-01
1.419213414192199707e+00
4.310283660888671875e-01
-4.863514006137847900e-02
4.073363542556762695e-01
1.650758981704711914e+00
7.735917568206787109e-01
-3.951382264494895935e-02
-1.909165382385253906e+00
1.311437189579010010e-01
1.528163254261016846e-01
-3.690414726734161377e-01
-9.357272386550903320e-01
-2.358133345842361450e-01
-9.118293970823287964e-02
2.437221288681030273e+00
-3.908479809761047363e-01
-5.410943180322647095e-02
-5.247469991445541382e-02
-1.179226756095886230e+00
-1.246121287345886230e+00
-1.550290226936340332e+00
1.392617821693420410e+00
-1.686671078205108643e-01
-1.845703721046447754e+00
-1.837078213691711426e+00
1.213102817535400391e+00
-4.437662959098815918e-01
9.549813866615295410e-01
2.452742338180541992e+00
-1.731084227561950684e+00
1.893976211547851562e+00
9.281305670738220215e-01
5.395827889442443848e-01
-9.429664015769958496e-01
-1.210553526878356934e+00
1.449279785156250000e+00
2.258615493774414062e+00
1.640920281410217285e+00
-8.929993957281112671e-02
8.876417875289916992e-01
4.929580688476562500e-01
-9.004585742950439453e-01
-7.096416354179382324e-01
1.953469753265380859e+00
-1.133474349975585938e+00
-1.760461449623107910e+00
-5.908388495445251465e-01
5.548347234725952148e-01
8.959628343582153320e-01
-2.000819921493530273e+00
-2.279326438903808594e+00
-1.910528987646102905e-01
-1.635271191596984863e+00
4.544178247451782227e-01
1.981208205223083496e+00
1.509893536567687988e+00
-1.538703497499227524e-02
7.328242659568786621e-01
-1.341076493263244629e+00
3.376081585884094238e-02
