-2.540506601333618164e+00
3.584861755371093750e-01
-6.125432625412940979e-02
-1.827468872070312500e-01
-7.456597685813903809e-01
-7.066102027893066406e-01
1.847373098134994507e-01
1.730822205543518066e+00
1.369914531707763672e+00
2.212099879980087280e-01
1.203302145004272461e+00
-1.090295791625976562e+00
-3.576929569244384766e+00
-6.399839520454406738e-01
1.273103713989257812e+00
-9.846106767654418945e-01
-6.242468357086181641e-01
9.715055823326110840e-01
2.183104038238525391e+00
-4.794665277004241943e-01
7.503846883773803711e-01
-8.181867599487304688e-01
-1.649086833000183105e+00
-2.232191264629364014e-01
-2.336694002151489258e+00
-7.998905777931213379e-01
1.760910034179687500e+00
-1.460803300142288208e-01
1.291906118392944336e+00
-3.811834156513214111e-01
-2.806943058967590332e-01
1.326418042182922363e+00
-2.337767362594604492e+00
8.274080753326416016e-01
2.027330398559570312e+00
9.063221514225006104e-02
1.236488968133926392e-01
-2.211783409118652344e+00
6.026996374130249023e-01
-1.876486182212829590e+00
-1.297439575195312500e+00
1.039406299591064453e+00
1.787904381752014160e+00
-1.432194262742996216e-01
1.651381850242614746e+00
1.177424073219299316e+00
-2.647168636322021484e-01
2.462808609008789062e+00
-1.258401393890380859e+00
2.185486793518066406e+00
2.136070251464843750e+00
-7.479571551084518433e-02
4.199815094470977783e-01
-1.043658018112182617e+00
7.704098820686340332e-01
1.987260431051254272e-01
2.693024873733520508e+00
-1.125340342521667480e+00
2.234238624572753906e+00
1.729833036661148071e-01
-1.930437684059143066e+00
2.676246166229248047e+00
-7.560288310050964355e-01
-4.497543442994356155e-03
9.008898735046386719e-01
-1.531899441033601761e-02
-1.767694763839244843e-02
3.525548875331878662e-01
-1.487739920616149902e+00
1.874751150608062744e-01
2.147877067327499390e-01
2.305983155965805054e-01
5.290995240211486816e-01
-7.690054178237915039e-01
-1.739466190338134766e+00
-6.757681369781494141e-01
-1.269612193107604980e+00
8.696466088294982910e-01
-1.409152984619140625e+00
-2.680530786514282227e+00
-1.194865584373474121e+00
-3.950512111186981201e-01
1.448039293289184570e+00
-5.987898707389831543e-01
2.169982194900512695e+00
-5.603062734007835388e-02
9.009481072425842285e-01
9.239481091499328613e-01
2.194090336561203003e-01
-6.964638233184814453e-01
-7.710018754005432129e-01
-1.779417276382446289e+00
2.232179492712020874e-01
3.050976693630218506e-01
-7.251392602920532227e-01
-4.835101217031478882e-02
1.580213427543640137e+00
-5.228744745254516602e-01
1.452043533325195312e+00
1.504797101020812988e+00
1.236857995390892029e-01
2.599753379821777344e+00
-1.439433842897415161e-01
1.308292150497436523e+00
2.053158998489379883e+00
8.672140836715698242e-01
-2.904870033264160156e+00
1.906684339046478271e-01
1.066596865653991699e+00
-9.338024258613586426e-01
8.359655141830444336e-01
-1.275456666946411133e+00
-3.094462677836418152e-02
-2.741171836853027344e+00
-1.334578633308410645e+00
-1.512770533561706543e+00
-7.096396684646606445e-01
8.796505928039550781e-01
-2.692901194095611572e-01
7.694836258888244629e-01
-1.057505488395690918e+00
-1.054362773895263672e+00
-6.132227778434753418e-01
-1.864064216613769531e+00
2.825973927974700928e-01
-1.019848108291625977e+00
1.712892949581146240e-01
-1.436357855796813965e+00
