1.405690331012010574e-03
2.909212708473205566e-01
4.147736430168151855e-01
1.983851641416549683e-01
1.979588508605957031e+00
-4.138603806495666504e-01
1.417059779167175293e+00
9.309768676757812500e-01
-4.556298255920410156e-01
-5.575410127639770508e-01
2.572274506092071533e-01
-1.615735888481140137e-01
-1.522131919860839844e+00
-1.363906383514404297e+00
2.104664295911788940e-01
2.218851804733276367e+00
1.140376091003417969e+00
1.015598535537719727e+00
9.261138439178466797e-01
-3.538439869880676270e-01
1.125366613268852234e-01
-3.022890567779541016e+00
1.286385357379913330e-01
-3.434404497966170311e-03
-1.424412131309509277e+00
1.742173731327056885e-01
2.609805464744567871e-01
-2.059795618057250977e+00
2.930436655879020691e-02
-2.442392855882644653e-01
5.240712761878967285e-01
-3.846920728683471680e+00
-9.122313261032104492e-01
-7.504275441169738770e-01
1.703194260597229004e+00
9.691163897514343262e-02
-2.394874691963195801e-01
1.642630994319915771e-01
-9.990858435630798340e-01
-1.126973986625671387e+00
1.066502451896667480e+00
7.775804400444030762e-01
2.101112365722656250e+00
1.715126484632492065e-01
-3.148377537727355957e-01
-1.966744780540466309e+00
-5.214304924011230469e-01
-9.797004461288452148e-01
1.586448431015014648e+00
-1.950677394866943359e+00
4.755408763885498047e-01
-1.123425722122192383e+00
-5.004105567932128906e-01
1.746518135070800781e+00
-2.336254119873046875e+00
1.239806056022644043e+00
-7.247609645128250122e-02
1.331206440925598145e+00
-1.260036826133728027e+00
-2.084280014038085938e+00
-5.407742857933044434e-01
4.993455410003662109e-01
5.800139307975769043e-01
1.154499888420104980e+00
-5.318225622177124023e-01
-5.160161480307579041e-02
1.594231843948364258e+00
1.883918285369873047e+00
6.398044824600219727e-01
-5.060272812843322754e-01
2.836411952972412109e+00
8.792211413383483887e-01
-1.024975538253784180e+00
3.865483403205871582e-01
-4.562113434076309204e-02
-8.611663579940795898e-01
-1.843498110771179199e+00
-7.783226370811462402e-01
-6.335722208023071289e-01
-9.460026621818542480e-01
-3.458819687366485596e-01
-3.186439573764801025e-01
8.426828384399414062e-01
-6.665974259376525879e-01
1.255344033241271973e+00
7.152882963418960571e-02
-1.228927969932556152e+00
1.761803507804870605e+00
-1.554217815399169922e+00
1.005608320236206055e+00
2.380032062530517578e+00
-1.260205388069152832e+00
8.968701958656311035e-01
-8.633604049682617188e-01
-2.227319955825805664e+00
2.019105404615402222e-01
1.554110527038574219e+00
-3.872944712638854980e-01
3.206615895032882690e-02
1.032965898513793945e+00
-1.113497558981180191e-02
5.231356024742126465e-01
-1.260591596364974976e-01
6.971499323844909668e-01
7.178981900215148926e-01
-2.373203784227371216e-01
-1.255773425102233887e+00
-8.877362012863159180e-01
1.123578548431396484e+00
-7.445566058158874512e-01
1.617762327194213867e+00
-3.553346097469329834e-01
7.893169522285461426e-01
1.216451883316040039e+00
-4.548636823892593384e-02
-1.483844816684722900e-01
-2.251248121261596680e+00
-1.664884686470031738e+00
1.515185475349426270e+00
6.461267471313476562e-01
-2.158201456069946289e+00
-6.332187056541442871e-01
4.240728914737701416e-01
1.069292545318603516e+00
-5.685756206512451172e-01
-1.477391004562377930e+00
4.966728761792182922e-02
1.563939929008483887e+00
