6.832961440086364746e-01
-1.946758985519409180e+00
1.258322149515151978e-01
-9.735136479139328003e-02
8.759342432022094727e-01
1.709219217300415039e+00
1.298506855964660645e+00
-1.293607503175735474e-01
2.319985389709472656e+00
-4.569514393806457520e-01
1.053157806396484375e+00
-3.329079747200012207e-01
3.672764301300048828e-01
-7.175257802009582520e-01
-3.050768673419952393e-01
-7.453331351280212402e-01
-8.195239901542663574e-01
4.478705823421478271e-01
-7.878624200820922852e-01
2.085180521011352539e+00
1.838461458683013916e-01
6.271939277648925781e-01
-9.525121748447418213e-02
2.159792900085449219e+00
-2.274542808532714844e+00
-1.298782378435134888e-01
-6.368982195854187012e-01
1.359057903289794922e+00
-8.322024345397949219e-01
1.098296999931335449e+00
-1.585717916488647461e+00
1.654886752367019653e-01
-2.720686793327331543e-01
-1.082608103752136230e+00
-6.601384282112121582e-01
5.415363907814025879e-01
-5.090501904487609863e-01
-3.413102030754089355e-01
1.094711661338806152e+00
-1.712461948394775391e+00
9.583358168601989746e-01
1.190202236175537109e+00
1.142930865287780762e+00
-9.683259576559066772e-02
-4.225622415542602539e-01
4.097427427768707275e-01
-2.608784437179565430e+00
3.775678873062133789e-01
3.627370893955230713e-01
-1.288674831390380859e+00
3.163683712482452393e-01
-2.986565232276916504e-01
-6.630295515060424805e-01
-5.850524902343750000e-01
-7.931594252586364746e-01
3.128407001495361328e-01
3.729256689548492432e-01
3.925250470638275146e-01
2.192604690790176392e-01
1.184202551841735840e+00
6.778621673583984375e-01
2.586589753627777100e-01
-9.818593859672546387e-01
-1.399138927459716797e+00
1.105983853340148926e+00
2.919354438781738281e-01
6.271959543228149414e-01
-5.963225364685058594e-01
1.398497462272644043e+00
2.044091224670410156e+00
2.294097095727920532e-01
-2.031171560287475586e+00
5.527855157852172852e-01
1.439772963523864746e+00
1.488238930702209473e+00
4.702774882316589355e-01
1.956768393516540527e+00
-8.021105527877807617e-01
1.854382276535034180e+00
3.673168420791625977e-01
4.621395766735076904e-01
-2.658422708511352539e+00
-4.859556853771209717e-01
-1.315351009368896484e+00
-6.184024214744567871e-01
1.391893744468688965e+00
-2.991524636745452881e-01
-3.204216241836547852e+00
1.374064087867736816e+00
-1.150437593460083008e+00
5.521281361579895020e-01
2.473434433341026306e-02
-1.023562669754028320e+00
-8.329975008964538574e-01
5.303988456726074219e-01
-1.594288825988769531e+00
5.366661548614501953e-01
6.278472393751144409e-02
-1.333216950297355652e-02
8.455159068107604980e-01
-8.938687443733215332e-01
-5.709914863109588623e-02
3.977111577987670898e-01
-2.010282576084136963e-01
2.774557769298553467e-01
1.681587696075439453e+00
1.386429429054260254e+00
-1.487526893615722656e+00
7.748486995697021484e-01
-1.820562243461608887e+00
1.042010188102722168e-01
1.535123705863952637e+00
-7.987466454505920410e-01
-3.022231757640838623e-01
6.032403707504272461e-01
-1.518771767616271973e+00
8.061492443084716797e-02
-6.526005864143371582e-01
-5.428898930549621582e-01
-1.278696775436401367e+00
-3.067160844802856445e+00
1.121156573295593262e+00
-2.524518966674804688e-01
-2.532701253890991211e+00
-1.061541676521301270e+00
1.393944025039672852e+00
5.136896967887878418e-01
1.192126631736755371e+00
