8.964375853538513184e-01
1.159717202186584473e+00
-2.941889464855194092e-01
1.809231489896774292e-01
5.637582540512084961e-01
-1.575248956680297852e+00
-1.788678288459777832e+00
-1.083441853523254395e+00
-4.388642609119415283e-01
-1.518376708030700684e+00
-4.006413817405700684e-01
2.066481828689575195e+00
1.042069077491760254e+00
-1.663488268852233887e+00
1.044808506965637207e+00
9.205971360206604004e-01
-2.065751075744628906e+00
1.310686707496643066e+00
1.446963787078857422e+00
2.065369486808776855e-01
-1.547805309295654297e+00
1.258248925209045410e+00
1.069897770881652832e+00
7.382923364639282227e-01
-6.893455982208251953e-01
1.987042546272277832e+00
-1.226442098617553711e+00
7.210765033960342407e-02
-9.276249408721923828e-01
4.310612082481384277e-01
-1.099040031433105469e+00
7.213172316551208496e-01
-3.871033191680908203e-01
1.123623967170715332e+00
1.201107800006866455e-01
5.487507581710815430e-01
-7.659393548965454102e-01
-1.280425667762756348e+00
1.076613783836364746e+00
-2.485027074813842773e+00
1.850290060043334961e+00
-3.507045805454254150e-01
1.508228302001953125e+00
2.630852460861206055e+00
-1.633441075682640076e-02
-2.804690837860107422e+00
2.096660668030381203e-03
5.357012748718261719e-01
2.969300150871276855e-01
1.827363848686218262e+00
1.322721958160400391e+00
-8.629239797592163086e-01
1.279174447059631348e+00
6.330703496932983398e-01
-8.132447600364685059e-01
-3.689742684364318848e-01
2.897118031978607178e-01
2.808479785919189453e+00
3.387723267078399658e-01
2.373436689376831055e+00
1.611376762390136719e+00
8.185247778892517090e-01
8.558548688888549805e-01
8.272637128829956055e-01
7.650295495986938477e-01
-1.530191063880920410e+00
-1.637782454490661621e+00
2.567251682281494141e+00
7.307546138763427734e-01
-8.017819374799728394e-02
1.937066763639450073e-01
9.042781591415405273e-01
-7.434317469596862793e-01
-2.762281000614166260e-01
1.391742229461669922e+00
-1.062144279479980469e+00
8.399765491485595703e-01
-1.200684607028961182e-01
7.110949754714965820e-01
-2.551356554031372070e+00
7.156203389167785645e-01
5.871452093124389648e-01
-3.163155615329742432e-01
-5.355141162872314453e-01
3.502147197723388672e+00
-2.589420318603515625e+00
-1.780259966850280762e+00
1.069927453994750977e+00
3.101532161235809326e-01
1.637958884239196777e+00
-4.792640507221221924e-01
-1.784861564636230469e+00
5.469079017639160156e-01
1.138064384460449219e+00
-1.831823706626892090e+00
-1.022355556488037109e+00
1.048707127571105957e+00
-9.553496241569519043e-01
-1.964768886566162109e+00
-4.607239067554473877e-01
-2.549289464950561523e+00
5.461608767509460449e-01
2.003601491451263428e-01
-5.405686497688293457e-01
-1.414281487464904785e+00
-3.402041196823120117e-01
-1.119864106178283691e+00
3.408955931663513184e-01
-9.897500276565551758e-01
-1.169117927551269531e+00
-7.629526257514953613e-01
6.118284463882446289e-01
-1.886282086372375488e+00
-2.408084869384765625e+00
-2.390099167823791504e-01
1.384639143943786621e+00
-6.243401169776916504e-01
-5.554808378219604492e-01
-1.875658750534057617e+00
5.704123377799987793e-01
7.435718774795532227e-01
8.573314547538757324e-01
-4.368384480476379395e-01
-1.418851017951965332e+00
2.867060601711273193e-01
-6.727546453475952148e-01
-4.114600121974945068e-01
-8.356618285179138184e-01
