2.318566143512725830e-01
-1.868762731552124023e+00
2.974486351013183594e-01
6.134058237075805664e-01
8.279591202735900879e-01
-1.253602623939514160e+00
-2.849171757698059082e-01
-6.463480591773986816e-01
-1.950445771217346191e+00
1.777522206306457520e+00
4.474306106567382812e-01
1.061696529388427734e+00
-7.803643941879272461e-01
-1.349272847175598145e+00
1.239688917994499207e-01
1.475129008293151855e+00
1.220874667167663574e+00
1.288238286972045898e+00
-6.286935210227966309e-01
5.912190675735473633e-01
8.959643542766571045e-03
7.575743198394775391e-01
7.545849680900573730e-01
9.825288653373718262e-01
-1.515427708625793457e+00
8.017593622207641602e-01
-3.385642468929290771e-01
-2.120826005935668945e+00
1.169932126998901367e+00
3.559086322784423828e-01
8.527842350304126740e-03
2.117318809032440186e-01
-1.144471168518066406e+00
1.047130703926086426e+00
-1.221123576164245605e+00
2.302843630313873291e-01
1.969573259353637695e+00
-2.056838035583496094e+00
7.399420440196990967e-02
8.144659399986267090e-01
2.625412225723266602e+00
-1.171479940414428711e+00
1.884008884429931641e+00
-1.357013583183288574e+00
-9.197330474853515625e-01
-4.840117990970611572e-01
-2.053884267807006836e+00
9.464169740676879883e-01
-1.019485816359519958e-01
-7.954379320144653320e-01
5.309163331985473633e-01
4.265511333942413330e-01
-4.064027161803096533e-04
-9.569008946418762207e-01
-4.565738737583160400e-01
1.456612825393676758e+00
-2.900667786598205566e-01
8.214757442474365234e-01
-3.075916506350040436e-02
2.059894800186157227e+00
-1.398565530776977539e+00
1.254718422889709473e+00
3.577802479267120361e-01
-7.715217471122741699e-01
-1.000410199165344238e+00
-1.987382411956787109e+00
-1.841182470321655273e+00
6.000617742538452148e-01
5.115596055984497070e-01
-9.980973601341247559e-01
2.196338176727294922e+00
-1.204671502113342285e+00
-9.096380472183227539e-01
1.021498560905456543e+00
7.290349006652832031e-01
-6.941156983375549316e-01
-2.032844722270965576e-01
1.280624270439147949e+00
3.195590674877166748e-01
4.432089626789093018e-02
1.156481027603149414e+00
6.068557500839233398e-01
4.667121171951293945e-01
-3.731734752655029297e-01
1.508869051933288574e+00
9.392455220222473145e-03
-1.296570301055908203e+00
-6.914651989936828613e-01
-6.658954620361328125e-01
-1.398869901895523071e-01
1.252313613891601562e+00
1.196381330490112305e+00
-3.420889005064964294e-02
-6.612029075622558594e-01
-7.423517107963562012e-01
-5.085126161575317383e-01
-2.372689098119735718e-01
-1.961098313331604004e+00
1.252046346664428711e+00
-8.372249603271484375e-01
2.020881414413452148e+00
1.228278398513793945e+00
-1.249604821205139160e+00
1.611618399620056152e+00
-9.697632789611816406e-01
-4.811601936817169189e-01
-6.474725157022476196e-02
-8.821070790290832520e-01
8.568691611289978027e-01
-7.801418304443359375e-01
2.118436545133590698e-01
1.905938535928726196e-01
-3.514351546764373779e-01
-1.388265565037727356e-02
-1.053163170814514160e+00
-3.591726064682006836e+00
-2.538815736770629883e-01
-2.751991033554077148e+00
-4.328073263168334961e-01
7.499045729637145996e-01
1.627730011940002441e+00
-5.216708779335021973e-01
1.301427841186523438e+00
-3.874164074659347534e-02
-9.625174999237060547e-01
5.619492530822753906e-01
-1.867244601249694824e+00
1.408412933349609375e+00
