3.257557004690170288e-02
-4.807087481021881104e-01
6.823800802230834961e-01
4.673312902450561523e-01
8.594410419464111328e-01
5.562385916709899902e-01
-5.188422203063964844e-01
-2.308973789215087891e+00
-1.549641728401184082e+00
-1.620843768119812012e+00
-1.931405067443847656e+00
-1.701864719390869141e+00
-6.378355026245117188e-01
-1.254458427429199219e+00
-1.405023097991943359e+00
-1.295804619789123535e+00
3.513405919075012207e-01
2.186987549066543579e-01
-3.720798790454864502e-01
2.841518163681030273e+00
1.255279541015625000e+00
-1.255641937255859375e+00
2.657184600830078125e-01
1.922519326210021973e+00
1.226241230964660645e+00
-5.149537920951843262e-01
4.468550980091094971e-01
-5.672684907913208008e-01
-9.331490397453308105e-01
1.281754493713378906e+00
-3.354097604751586914e-01
6.784593462944030762e-01
-1.106647372245788574e+00
-1.705475211143493652e+00
2.741932272911071777e-01
1.319660544395446777e-01
-2.643125653266906738e-01
1.812960028648376465e+00
-6.992703676223754883e-01
-9.882044792175292969e-02
1.090385437011718750e+00
-9.577183723449707031e-01
9.812014102935791016e-01
1.991623401641845703e+00
1.012040972709655762e+00
-8.528214693069458008e-01
1.120247483253479004e+00
-2.044398069381713867e+00
1.127252459526062012e+00
1.170586347579956055e+00
1.694509387016296387e-01
8.049540966749191284e-02
8.522340059280395508e-01
2.895916223526000977e+00
-1.265817761421203613e+00
-5.599560737609863281e-01
1.657351553440093994e-01
1.851096153259277344e+00
1.329532146453857422e+00
2.054930686950683594e+00
4.824417531490325928e-01
-1.180134654045104980e+00
-1.874166846275329590e+00
6.600124835968017578e-01
6.210649013519287109e-01
2.036522701382637024e-02
-7.232864499092102051e-01
8.300179839134216309e-01
-3.858070969581604004e-01
-9.978125095367431641e-01
8.364298939704895020e-01
-5.800954103469848633e-01
1.628051280975341797e+00
1.924446374177932739e-01
-2.255687713623046875e+00
-5.460624098777770996e-01
-9.004465937614440918e-01
1.567478299140930176e+00
-2.061105251312255859e+00
-1.157788991928100586e+00
-8.051359653472900391e-01
-1.805080056190490723e+00
1.140444636344909668e+00
-1.038497924804687500e+00
2.189711570739746094e+00
-8.058453202247619629e-01
1.062085032463073730e+00
5.862739682197570801e-01
2.103914171457290649e-01
-1.238657355308532715e+00
-7.647737264633178711e-01
-2.255252122879028320e+00
-2.051384210586547852e+00
-6.660150289535522461e-01
5.461642146110534668e-01
1.933584660291671753e-01
-1.435410510748624802e-02
-9.277533888816833496e-01
3.531985580921173096e-01
9.239748716354370117e-01
9.509972929954528809e-01
2.687109947204589844e+00
-9.820928424596786499e-02
-8.504518270492553711e-01
3.225386738777160645e-01
2.337864190340042114e-01
-3.851122260093688965e-01
-5.247469618916511536e-02
2.936106443405151367e+00
-1.216634392738342285e+00
1.537956237792968750e+00
-1.082058787345886230e+00
9.957292079925537109e-01
2.132614850997924805e+00
-1.075691804289817810e-01
-1.003324627876281738e+00
6.909585595130920410e-01
-4.924204349517822266e-01
-6.031959056854248047e-01
2.443002015352249146e-01
-1.521151978522539139e-02
9.623841941356658936e-02
-8.870177268981933594e-01
-1.342516660690307617e+00
-1.343707799911499023e+00
4.066381454467773438e-01
1.712260007858276367e+00
-1.830314546823501587e-01
