3.739431500434875488e-01
-2.109842538833618164e+00
-9.569088816642761230e-01
1.998928338289260864e-01
1.007595658302307129e+00
4.346121251583099365e-01
1.507058382034301758e+00
8.656750321388244629e-01
7.330507040023803711e-01
-6.113870739936828613e-01
5.931580811738967896e-02
-1.940096616744995117e+00
7.249392271041870117e-01
6.475749015808105469e-01
6.881451010704040527e-01
5.958243012428283691e-01
-1.395124316215515137e+00
6.694306731224060059e-01
1.783799529075622559e-01
1.147752285003662109e+00
-9.054324626922607422e-01
3.644683957099914551e-01
-7.134605646133422852e-01
9.810159802436828613e-01
-3.319085240364074707e-01
-1.128649473190307617e+00
3.682588636875152588e-01
-2.373471736907958984e+00
-2.588313341140747070e+00
-2.948929090052843094e-03
-6.881112605333328247e-02
9.377579689025878906e-01
9.893218874931335449e-01
-9.103953838348388672e-01
1.097033381462097168e+00
1.420581102371215820e+00
-1.191141843795776367e+00
1.559895873069763184e+00
-1.580639630556106567e-01
4.777826368808746338e-01
-2.333520650863647461e+00
5.742225646972656250e-01
1.459710717201232910e+00
6.529740691184997559e-01
-2.243883162736892700e-01
1.766834378242492676e+00
5.362121462821960449e-01
4.325583577156066895e-01
8.197212815284729004e-01
-1.346968293190002441e+00
-1.211299419403076172e+00
-2.134222030639648438e+00
2.392879575490951538e-01
-2.387539148330688477e+00
-4.092579185962677002e-01
-1.304765462875366211e+00
1.522675037384033203e+00
2.060136318206787109e+00
1.299097776412963867e+00
1.593416213989257812e+00
-5.870402976870536804e-02
-7.782278656959533691e-01
3.189212977886199951e-01
1.033547043800354004e+00
7.661060094833374023e-01
2.102431535720825195e+00
1.339674949645996094e+00
-3.812812864780426025e-01
9.744995832443237305e-01
-5.858309864997863770e-01
2.329959720373153687e-01
-3.742429912090301514e-01
1.361085057258605957e+00
1.089795470237731934e+00
4.882960021495819092e-02
-2.165030241012573242e+00
6.349494457244873047e-01
-1.065624117851257324e+00
2.057738304138183594e+00
-6.925427317619323730e-01
1.540956377983093262e+00
-1.262772679328918457e+00
-5.719375014305114746e-01
2.540818788111209869e-02
-1.754020303487777710e-01
-6.149130463600158691e-01
-8.946783542633056641e-01
-1.311761856079101562e+00
1.050516486167907715e+00
1.087560132145881653e-01
-9.855011701583862305e-01
5.269302427768707275e-02
-9.291064739227294922e-01
1.101359248161315918e+00
-4.945792853832244873e-01
-1.565987825393676758e+00
4.158584475517272949e-01
1.251075387001037598e+00
-5.378188490867614746e-01
-1.003629490733146667e-01
3.329878747463226318e-01
-7.753404378890991211e-01
7.000496387481689453e-01
-1.205338001251220703e+00
1.901175022125244141e+00
-2.189551115036010742e+00
-2.103216171264648438e+00
-1.179818987846374512e+00
1.300731420516967773e+00
2.662481665611267090e-01
1.118189096450805664e+00
2.992619752883911133e+00
-1.059759616851806641e+00
1.017606496810913086e+00
9.724796414375305176e-01
-1.575328350067138672e+00
4.797764495015144348e-02
-1.117623925209045410e+00
-1.556879639625549316e+00
-1.350370049476623535e+00
-1.282470226287841797e-01
-8.199749588966369629e-01
-5.381038784980773926e-01
-1.430332422256469727e+00
-8.851147890090942383e-01
-1.855530619621276855e+00
6.931843161582946777e-01
1.517850995063781738e+00
