4.299930036067962646e-01
4.036501348018646240e-01
-3.227115571498870850e-01
4.823236465454101562e-01
1.096400737762451172e+00
-7.034070491790771484e-01
-1.838668823242187500e+00
-2.070748805999755859e-01
-1.037168502807617188e+00
-7.579470276832580566e-01
-1.737903475761413574e+00
4.108436703681945801e-01
-1.136562943458557129e+00
-1.702334284782409668e+00
1.180137395858764648e+00
4.020255506038665771e-01
-3.980584070086479187e-02
7.727168500423431396e-02
8.907102346420288086e-01
1.074828147888183594e+00
2.730977237224578857e-01
1.375884175300598145e+00
-5.267483592033386230e-01
2.233406782150268555e+00
-6.960366368293762207e-01
8.102933764457702637e-01
-1.101017713546752930e+00
8.439265191555023193e-02
8.107290863990783691e-01
-4.317760169506072998e-01
-4.489736557006835938e-01
-5.400458574295043945e-01
-1.661398530006408691e+00
-9.665864109992980957e-01
8.433684110641479492e-01
-7.464860677719116211e-01
8.644462823867797852e-01
-1.543291330337524414e+00
-6.632872223854064941e-01
-2.723104715347290039e+00
1.411639571189880371e+00
3.856971561908721924e-01
2.193424224853515625e+00
4.817145466804504395e-01
-5.347777605056762695e-01
-2.626521110534667969e+00
4.202491343021392822e-01
2.739036321640014648e+00
2.493389844894409180e-01
3.554870128631591797e+00
5.040532350540161133e-01
-4.716121256351470947e-01
-8.961276412010192871e-01
-4.549453258514404297e-01
2.292722463607788086e-01
2.087097913026809692e-01
5.048178434371948242e-01
6.627947092056274414e-01
-1.032650232315063477e+00
3.041327714920043945e+00
9.975445866584777832e-01
-2.622917890548706055e-01
1.670459508895874023e+00
5.106667876243591309e-01
1.291285991668701172e+00
1.107573866844177246e+00
7.854634523391723633e-02
5.588626861572265625e-01
5.812702775001525879e-01
1.781001448631286621e+00
1.416355013847351074e+00
1.839675784111022949e+00
-1.078231692314147949e+00
3.611785173416137695e-01
-8.301333189010620117e-01
-2.395879030227661133e+00
1.616324901580810547e+00
-6.169726252555847168e-01
6.569910049438476562e-01
-2.520228147506713867e+00
9.971257448196411133e-01
-1.446468710899353027e+00
9.076392054557800293e-01
-8.963392376899719238e-01
1.439747810363769531e+00
-2.261868864297866821e-01
9.452700614929199219e-01
1.416322946548461914e+00
-3.540986180305480957e-01
-2.772431969642639160e-01
1.542988777160644531e+00
-1.055892586708068848e+00
1.472763180732727051e+00
-4.379012286663055420e-01
-3.812360167503356934e-01
-2.997673511505126953e+00
1.415951609611511230e+00
-8.416622877120971680e-02
-1.497904896736145020e+00
7.573750615119934082e-01
-3.178407847881317139e-01
1.188942193984985352e+00
-2.921040654182434082e-01
-4.622832536697387695e-01
6.937927603721618652e-01
3.067907094955444336e-01
-2.043354511260986328e+00
-4.148733913898468018e-01
-1.673609852790832520e+00
-2.347974777221679688e+00
1.167584061622619629e+00
-2.314973592758178711e+00
-1.541638493537902832e+00
-1.402179718017578125e+00
6.668187975883483887e-01
6.727834939956665039e-01
-2.928868234157562256e-01
1.164232254028320312e+00
-1.210938811302185059e+00
-1.307761549949645996e+00
-3.811502754688262939e-01
-1.205054074525833130e-01
-5.570028424263000488e-01
-3.103622436523437500e+00
6.383129954338073730e-01
3.917080461978912354e-01
-2.050569534301757812e+00
9.575034677982330322e-02
