-2.381815761327743530e-01
1.006700173020362854e-01
-4.243761301040649414e-01
1.815965324640274048e-01
3.905180394649505615e-01
-1.193202137947082520e+00
-1.123660802841186523e+00
-1.023107886314392090e+00
5.463993549346923828e-02
-1.715099692344665527e+00
-2.119184970855712891e+00
6.335698366165161133e-01
3.657810017466545105e-02
-2.011590003967285156e+00
1.065721750259399414e+00
6.248182654380798340e-01
-8.320764899253845215e-01
8.287549018859863281e-01
9.608489871025085449e-01
1.617826581001281738e+00
-1.266341328620910645e+00
1.632233023643493652e+00
5.176603794097900391e-01
1.300602257251739502e-01
-1.050047278404235840e+00
2.961050987243652344e+00
4.453902840614318848e-01
-1.357182025909423828e+00
-1.946052908897399902e-01
-6.709442138671875000e-01
1.387462317943572998e-01
3.740653097629547119e-01
-9.032257646322250366e-02
-3.633887469768524170e-01
1.449735164642333984e+00
7.563189268112182617e-01
9.540171176195144653e-02
-1.482569932937622070e+00
6.173836588859558105e-01
-3.015198230743408203e+00
2.156862497329711914e+00
-5.075649619102478027e-01
1.543141603469848633e+00
1.635239720344543457e+00
7.510286569595336914e-01
-2.878047466278076172e+00
1.000349640846252441e+00
1.083940640091896057e-02
1.128902196884155273e+00
1.731658339500427246e+00
1.564328670501708984e+00
-1.134540557861328125e+00
-3.240751624107360840e-01
7.110012769699096680e-01
-9.897879958152770996e-01
6.706609725952148438e-01
-3.956255018711090088e-01
2.066946029663085938e+00
7.369658350944519043e-01
1.597412347793579102e+00
1.831420421600341797e+00
6.443156301975250244e-02
6.061052680015563965e-01
1.108347892761230469e+00
4.684943556785583496e-01
-8.109351992607116699e-01
-8.510279655456542969e-01
1.789125919342041016e+00
-2.808776795864105225e-01
-3.589503467082977295e-01
3.298033028841018677e-03
1.322204172611236572e-01
-3.765056133270263672e-01
-3.555665612220764160e-01
2.754165232181549072e-02
-1.512407898902893066e+00
-9.177970290184020996e-01
4.161208868026733398e-01
3.908917605876922607e-01
-2.697158098220825195e+00
-6.457437276840209961e-01
1.407764434814453125e+00
2.051533758640289307e-01
-6.276602745056152344e-01
4.648144245147705078e+00
-1.754791855812072754e+00
-1.582332372665405273e+00
7.023619413375854492e-01
-4.051917195320129395e-01
1.761404037475585938e+00
-2.488128989934921265e-01
-1.779186367988586426e+00
-4.673902690410614014e-02
1.436576992273330688e-01
-1.626344203948974609e+00
-7.485749721527099609e-01
1.435236334800720215e+00
-3.150234222412109375e-01
-1.258301615715026855e+00
5.156505703926086426e-01
-2.683295488357543945e+00
-8.886364102363586426e-02
3.966746330261230469e-01
5.051613785326480865e-03
-7.219569683074951172e-01
-3.559866249561309814e-01
-2.587507486343383789e+00
-2.147999405860900879e-01
5.030208826065063477e-02
-2.106832027435302734e+00
1.602586388587951660e+00
-4.318627342581748962e-02
-7.296620607376098633e-01
-5.848698019981384277e-01
-2.183933496475219727e+00
3.053368091583251953e+00
-1.188926458358764648e+00
2.620787620544433594e-01
-4.906119704246520996e-01
1.544292092323303223e+00
1.716493725776672363e+00
5.763392522931098938e-02
-1.728523522615432739e-01
-1.943663120269775391e+00
1.981285214424133301e-01
-8.901287913322448730e-01
6.865630149841308594e-01
-4.063866138458251953e-01
