-1.821811676025390625e+00
2.577255964279174805e-01
-2.181157171726226807e-01
-1.036084294319152832e+00
-9.553684592247009277e-01
1.038300156593322754e+00
-5.234745740890502930e-01
4.226919412612915039e-01
-1.352524876594543457e+00
-7.918864488601684570e-02
-6.883101463317871094e-01
-7.335816025733947754e-01
-1.820997476577758789e+00
-5.209419131278991699e-01
1.324018001556396484e+00
-1.545089364051818848e+00
-1.209011301398277283e-01
5.310965180397033691e-01
-2.513591349124908447e-01
3.798381388187408447e-01
1.786270737648010254e-02
1.462096869945526123e-01
-1.925167590379714966e-01
1.743350028991699219e+00
-1.627206921577453613e+00
-7.116531487554311752e-03
-9.533032178878784180e-01
6.819249987602233887e-01
1.991852283477783203e+00
1.010342955589294434e+00
-8.075270056724548340e-01
2.577384471893310547e+00
5.763692259788513184e-01
1.483671188354492188e+00
1.736540645360946655e-01
1.432058960199356079e-01
2.006111443042755127e-01
4.094527959823608398e-01
1.958149433135986328e+00
1.121129170060157776e-01
1.978448271751403809e+00
4.769440591335296631e-01
2.531633138656616211e+00
8.779843449592590332e-01
-7.955453395843505859e-01
-5.161994099617004395e-01
-7.163215875625610352e-01
-3.628656864166259766e-01
1.155582591891288757e-01
-9.086219668388366699e-01
-5.173735022544860840e-01
-5.890033245086669922e-01
6.901121884584426880e-02
7.940210700035095215e-01
-7.708159089088439941e-01
3.144238233566284180e+00
4.003561735153198242e-01
4.330131411552429199e-01
-1.905379414558410645e+00
8.488421440124511719e-01
-5.330694317817687988e-01
-8.980776369571685791e-02
-9.124996662139892578e-01
3.358145356178283691e-01
-5.935280025005340576e-02
-2.089508771896362305e+00
9.222557544708251953e-01
-1.170205473899841309e+00
1.351796746253967285e+00
-2.492692917585372925e-01
4.657694138586521149e-03
6.875367760658264160e-01
1.219121932983398438e+00
6.862878799438476562e-01
8.568318933248519897e-02
-1.486632943153381348e+00
9.772804379463195801e-02
-1.871387243270874023e+00
-2.402910470962524414e+00
-9.324593544006347656e-01
1.480373591184616089e-01
-2.188837528228759766e+00
1.334078311920166016e+00
-5.583511590957641602e-01
1.159326195716857910e+00
-9.692803621292114258e-01
-1.157975867390632629e-01
-8.665415644645690918e-01
-8.798821568489074707e-01
-2.893721461296081543e-01
-7.639022469520568848e-01
3.549055457115173340e-01
-1.820115447044372559e+00
6.664393544197082520e-01
3.804916739463806152e-01
-4.861198067665100098e-01
-3.834824264049530029e-01
1.178669929504394531e+00
1.939669728279113770e+00
1.865477561950683594e+00
-1.319207549095153809e+00
5.896536707878112793e-01
-3.621744737029075623e-02
6.420223712921142578e-01
-2.969390869140625000e+00
6.151058673858642578e-01
-2.070444822311401367e-01
-9.772615432739257812e-01
-2.406071275472640991e-01
-1.391887426376342773e+00
-5.941764265298843384e-02
-1.619805991649627686e-01
5.137245059013366699e-01
1.125062823295593262e+00
3.409207820892333984e+00
2.103096246719360352e-01
-2.340056151151657104e-01
-8.086266517639160156e-01
-8.006318211555480957e-01
3.347142696380615234e+00
2.419028878211975098e-01
-7.911656498908996582e-01
-1.846097469329833984e+00
-9.838118553161621094e-01
-9.429997205734252930e-01
9.607652425765991211e-01
-1.123257040977478027e+00
-5.913976430892944336e-01
