8.175111413002014160e-01
-7.858091592788696289e-01
9.668949842453002930e-01
-1.345152616500854492e+00
-1.163326978683471680e+00
8.561388254165649414e-01
6.245818734169006348e-01
-7.776072621345520020e-01
1.091141581535339355e+00
-4.046958684921264648e-01
1.113028764724731445e+00
-3.410616219043731689e-01
2.570759534835815430e+00
1.028888940811157227e+00
-2.178872078657150269e-01
-8.557597994804382324e-01
-3.408440351486206055e-01
1.049963474273681641e+00
4.913821220397949219e-01
2.209108114242553711e+00
5.674442648887634277e-01
2.515798620879650116e-02
3.894289433956146240e-01
8.076269626617431641e-01
-2.742775976657867432e-01
-4.916316270828247070e-01
4.286720156669616699e-01
-6.138358116149902344e-01
3.230244815349578857e-01
6.953063011169433594e-01
-2.165116310119628906e+00
-4.526554107666015625e+00
-1.022138357162475586e+00
-8.007488399744033813e-02
-5.256516933441162109e-01
1.161253929138183594e+00
-7.869898676872253418e-01
-9.530115127563476562e-01
-8.044248819351196289e-01
-3.423444628715515137e-01
-1.677998006343841553e-01
1.915925621986389160e+00
1.657794356346130371e+00
1.102449655532836914e+00
7.396363019943237305e-01
1.783372282981872559e+00
-1.693330109119415283e-01
1.601920008659362793e+00
-6.296617388725280762e-01
-1.616606265306472778e-01
1.036690831184387207e+00
-1.956170797348022461e+00
-9.554533362388610840e-01
1.039137840270996094e+00
-1.505981802940368652e+00
-6.724559664726257324e-01
2.050907135009765625e+00
9.626132249832153320e-01
2.373296976089477539e+00
7.950525283813476562e-01
-1.270484477281570435e-01
-2.138267606496810913e-01
1.159592986106872559e+00
1.562865363666787744e-04
-1.418579518795013428e-01
-1.657815337181091309e+00
1.996462583541870117e+00
4.998648166656494141e-01
-1.726450324058532715e+00
2.741293609142303467e-01
-2.543877363204956055e-01
2.014986276626586914e+00
4.385289549827575684e-01
-4.826321899890899658e-01
-4.873701035976409912e-01
-2.248461008071899414e+00
-1.686633110046386719e+00
-1.487238287925720215e+00
-7.582339644432067871e-02
-2.981804609298706055e+00
-8.962764739990234375e-01
-7.138798236846923828e-01
-2.602572441101074219e-01
-1.792387723922729492e+00
2.410238981246948242e+00
-6.494618654251098633e-01
-1.195243716239929199e+00
-1.284717768430709839e-01
-1.964545130729675293e+00
-9.421358257532119751e-02
1.572474718093872070e+00
-2.038930416107177734e+00
1.416634321212768555e+00
-3.871135711669921875e-01
1.196059346199035645e+00
7.098554372787475586e-01
2.196371793746948242e+00
-2.474425584077835083e-01
-2.726488411426544189e-01
3.170839548110961914e-01
-9.647224545478820801e-01
-2.187483161687850952e-01
-5.531921386718750000e-01
-1.345748156309127808e-01
5.759164094924926758e-01
8.794085383415222168e-01
5.626396834850311279e-02
8.719068765640258789e-01
-1.581805199384689331e-01
1.035969518125057220e-02
-4.730843305587768555e-01
1.167439818382263184e+00
-6.251292228698730469e-01
1.817915916442871094e+00
7.464060783386230469e-01
-3.262685239315032959e-01
-3.482670187950134277e-01
3.708820641040802002e-01
-1.519082665443420410e+00
-9.715604186058044434e-01
1.757964611053466797e+00
-2.176011800765991211e+00
8.938936591148376465e-01
-1.531565308570861816e+00
-6.987566947937011719e-01
-6.181425452232360840e-01
5.173543095588684082e-01
9.997031092643737793e-01
