1.033562660217285156e+00
1.218993186950683594e+00
-5.775829553604125977e-01
1.091032177209854126e-01
-5.118972063064575195e-01
1.493543863296508789e+00
1.159798264503479004e+00
8.628093004226684570e-01
-3.947761058807373047e-01
-6.291289627552032471e-02
-4.106389284133911133e-01
1.348820686340332031e+00
3.367245197296142578e+00
-3.713075160980224609e+00
-1.544648289680480957e+00
-1.827089488506317139e-01
-1.354259014129638672e+00
-2.879664003849029541e-01
-1.044934034347534180e+00
6.708233356475830078e-01
-2.303930521011352539e+00
-4.694224596023559570e-01
-6.842414736747741699e-01
8.695636391639709473e-01
-9.883972257375717163e-02
1.061992570757865906e-01
-1.052611112594604492e+00
-6.213982701301574707e-01
4.972643554210662842e-01
5.595594048500061035e-01
-1.769208788871765137e+00
-4.373153746128082275e-01
1.076400950551033020e-01
7.771727442741394043e-01
4.231131076812744141e-01
-9.617334231734275818e-03
-1.483082294464111328e+00
1.139123439788818359e+00
-9.537455439567565918e-01
1.440273284912109375e+00
5.485516786575317383e-01
-2.501040101051330566e-01
1.597301840782165527e+00
1.249633193016052246e+00
-8.931791186332702637e-01
-2.069423913955688477e+00
-6.856656074523925781e-01
1.793402314186096191e+00
-9.358062148094177246e-01
-2.103278875350952148e+00
6.335356831550598145e-01
-1.498070716857910156e+00
-3.992410600185394287e-01
3.613039851188659668e-01
4.364444911479949951e-01
-1.066076874732971191e+00
2.620870828628540039e+00
3.235314846038818359e+00
-8.678824305534362793e-01
2.491601467132568359e+00
9.754332154989242554e-02
-4.391160607337951660e-01
1.446233540773391724e-01
3.080159425735473633e-01
-1.605202257633209229e-01
-3.200521469116210938e+00
7.516750097274780273e-01
1.831905007362365723e+00
1.632557153701782227e+00
1.622570633888244629e+00
2.349741756916046143e-01
2.924655199050903320e+00
1.233985304832458496e+00
9.211618900299072266e-01
-4.141538143157958984e-01
-6.560694575309753418e-01
1.568243384361267090e+00
-5.642189383506774902e-01
-6.447623372077941895e-01
-2.472417831420898438e+00
-4.351613223552703857e-01
-2.789513468742370605e-01
1.008073464035987854e-01
1.023128747940063477e+00
8.185131549835205078e-01
-1.324154496192932129e+00
-2.580191373825073242e+00
-1.649001538753509521e-01
-1.621197819709777832e+00
2.652867436408996582e-01
2.560685873031616211e+00
-3.371650695800781250e+00
-7.762359380722045898e-01
1.368886884301900864e-02
5.543376803398132324e-01
1.664104938507080078e+00
1.011186122894287109e+00
-5.425871610641479492e-01
5.157038569450378418e-01
9.834198355674743652e-01
6.750490665435791016e-01
-8.982228040695190430e-01
-1.300415754318237305e+00
-2.550535798072814941e-01
1.545364141464233398e+00
-2.519082427024841309e-01
-1.356544494628906250e+00
2.695941030979156494e-01
6.613535881042480469e-01
-2.074102908372879028e-01
-1.067965507507324219e+00
1.222787976264953613e+00
-5.223568677902221680e-01
-7.361559867858886719e-01
5.242391824722290039e-01
-6.344373226165771484e-01
5.232836604118347168e-01
-1.507593274116516113e+00
-1.019375205039978027e+00
6.183247314766049385e-04
-8.332286477088928223e-01
5.282886028289794922e-01
2.659611105918884277e-01
1.850104331970214844e-01
-1.412817537784576416e-01
2.119513154029846191e-01
-3.908855020999908447e-01
-1.615649819374084473e+00
