7.516046166419982910e-01
-4.283343553543090820e-01
5.759000182151794434e-01
2.692746184766292572e-02
-2.465722151100635529e-02
1.578006744384765625e+00
-1.108709692955017090e+00
5.537149310111999512e-01
7.211982011795043945e-01
1.563554763793945312e+00
1.565569519996643066e+00
1.065618515014648438e+00
9.590588212013244629e-01
-2.022457838058471680e+00
2.006292492151260376e-01
1.359375596046447754e+00
-1.758865833282470703e+00
1.305866122245788574e+00
3.332796394824981689e-01
6.803421676158905029e-02
3.674048483371734619e-01
-8.405565470457077026e-02
-1.323594897985458374e-02
-7.857275605201721191e-01
-6.023568511009216309e-01
-5.869434475898742676e-01
-1.139644011855125427e-01
7.525256276130676270e-01
1.290539860725402832e+00
1.130175352096557617e+00
-1.342220544815063477e+00
-9.209786057472229004e-01
1.758188486099243164e+00
3.879818618297576904e-01
6.733260303735733032e-02
2.499015927314758301e-01
-1.909537911415100098e-01
2.982475459575653076e-01
-1.221414446830749512e+00
2.844655513763427734e+00
-2.202722579240798950e-01
-8.560181260108947754e-01
2.365094661712646484e+00
-7.872259616851806641e-01
7.978818565607070923e-02
-4.527326226234436035e-01
3.956821560859680176e-01
3.815364837646484375e-01
-4.007296562194824219e-01
1.132152199745178223e+00
-1.937708556652069092e-01
-1.743197202682495117e+00
4.372027814388275146e-01
-8.985231518745422363e-01
-2.258342504501342773e+00
-5.494647473096847534e-02
4.377387166023254395e-01
8.143830895423889160e-01
2.418125122785568237e-01
1.194705843925476074e+00
-1.872612953186035156e+00
2.107991456985473633e+00
-7.773533463478088379e-01
-2.629242539405822754e-01
-4.011397659778594971e-01
3.202822506427764893e-01
-1.635868906974792480e+00
-1.547803759574890137e+00
-2.295041233301162720e-01
-3.725169599056243896e-01
-2.794786095619201660e-01
-1.769911408424377441e+00
7.989981174468994141e-01
1.698133111000061035e+00
1.285674571990966797e+00
-9.728704690933227539e-01
1.103933215141296387e+00
-6.733337640762329102e-01
-7.181427478790283203e-01
-2.607293426990509033e-01
8.312970399856567383e-01
-1.422216057777404785e+00
5.041033625602722168e-01
1.390113681554794312e-01
-2.599823474884033203e+00
-2.268821001052856445e-01
-2.017586946487426758e+00
2.083239890635013580e-02
-1.189453721046447754e+00
1.143889501690864563e-01
-1.291888505220413208e-01
5.478905439376831055e-01
-6.683985590934753418e-01
8.021622300148010254e-01
9.592929482460021973e-01
-5.705434679985046387e-01
-4.168444573879241943e-01
-1.012264013290405273e+00
-1.356713294982910156e+00
1.277866959571838379e+00
-4.093483090400695801e-01
1.019209995865821838e-01
3.990011513233184814e-01
1.108562469482421875e+00
9.298922419548034668e-01
-9.699954986572265625e-01
1.921380639076232910e+00
-6.409183144569396973e-01
6.585960984230041504e-01
-2.642306566238403320e+00
-1.307289719581604004e+00
8.508770465850830078e-01
-9.244608283042907715e-01
-8.375405073165893555e-01
2.590333111584186554e-02
-2.800848722457885742e+00
2.150097608566284180e+00
-1.025135815143585205e-01
-3.886256515979766846e-01
2.165247201919555664e+00
-1.042428731918334961e+00
1.221101641654968262e+00
6.915050148963928223e-01
-1.280690431594848633e+00
-1.229849576950073242e+00
-9.072460979223251343e-02
5.463809967041015625e-01
3.948468863964080811e-01
