4.703317880630493164e-01
5.539828166365623474e-02
-1.287658452987670898e+00
-1.284701704978942871e+00
2.134885787963867188e-01
-6.305250525474548340e-01
3.975411653518676758e-01
6.138577461242675781e-01
-1.987557172775268555e+00
-9.130201488733291626e-02
1.911236047744750977e-01
1.613217353820800781e+00
7.198976874351501465e-01
4.838251769542694092e-01
9.895431399345397949e-01
-1.293590188026428223e+00
1.488759279251098633e+00
-3.196386396884918213e-01
-1.079826280474662781e-01
-3.291383087635040283e-01
5.736057162284851074e-01
-2.008372783660888672e+00
-7.918376475572586060e-02
3.263692617416381836e+00
-8.907502889633178711e-01
-9.284027665853500366e-02
6.168464422225952148e-01
-8.557584285736083984e-01
-5.013832449913024902e-01
1.798803731799125671e-02
6.738701462745666504e-01
6.282527744770050049e-02
6.535143125802278519e-03
-7.199295759201049805e-01
-1.081498265266418457e+00
-9.927908182144165039e-01
1.194999814033508301e+00
-2.327821254730224609e-01
-1.539876818656921387e+00
1.095361948013305664e+00
1.534800648689270020e+00
2.044123172760009766e+00
1.933768630027770996e+00
-6.183671951293945312e-01
-5.873678326606750488e-01
8.331245183944702148e-02
-1.449090689420700073e-01
8.890243172645568848e-01
2.206755161285400391e+00
-1.943776726722717285e+00
4.617992341518402100e-01
-2.002594947814941406e+00
-1.053198337554931641e+00
1.614426970481872559e-01
-1.569604039192199707e+00
3.039995431900024414e-01
-6.682999432086944580e-02
1.914527773857116699e+00
7.505808491259813309e-03
-1.074071526527404785e+00
-1.026343703269958496e+00
4.074274301528930664e-01
-8.964337408542633057e-02
-6.434500813484191895e-01
-5.703001022338867188e-01
-5.944828987121582031e-01
-1.101227849721908569e-01
-3.686452656984329224e-02
5.100657343864440918e-01
7.217966318130493164e-01
8.980312198400497437e-02
-8.742192983627319336e-01
-9.804508686065673828e-01
-3.741292953491210938e-01
-1.231905817985534668e+00
-1.854782462120056152e+00
-6.103647947311401367e-01
1.042748212814331055e+00
-5.433115959167480469e-01
-1.732010126113891602e+00
2.403064489364624023e+00
1.642746567726135254e+00
1.477081775665283203e+00
-4.132434129714965820e-01
1.308344006538391113e+00
-8.897039294242858887e-01
1.088181734085083008e+00
8.748661279678344727e-01
-1.838755369186401367e+00
2.894715070724487305e-01
1.055870771408081055e+00
-2.216377556324005127e-01
3.531917631626129150e-01
-2.410696268081665039e+00
-1.139570951461791992e+00
-7.434380054473876953e-01
4.688873291015625000e+00
1.112264990806579590e-01
1.554654359817504883e+00
-1.205761075019836426e+00
-1.246735572814941406e+00
1.516799569129943848e+00
-7.277074456214904785e-01
1.372804045677185059e+00
3.794854581356048584e-01
-1.708620429039001465e+00
-2.927732706069946289e+00
-6.044728159904479980e-01
2.777387380599975586e+00
-2.070604324340820312e+00
-1.290437877178192139e-01
-1.918008923530578613e-01
-1.247458219528198242e+00
-1.006292939186096191e+00
8.219790458679199219e-02
2.802470624446868896e-01
6.597591042518615723e-01
9.579791128635406494e-02
-5.855755805969238281e-01
1.317180395126342773e+00
-6.352812051773071289e-01
-4.871181547641754150e-01
-3.648182451725006104e-01
1.941838860511779785e+00
2.539971470832824707e-01
1.560342669486999512e+00
-1.046337127685546875e+00
-9.579285383224487305e-01
