-1.890726923942565918e+00
7.462444305419921875e-01
2.034313827753067017e-01
-2.487414628267288208e-01
-1.896411776542663574e-01
3.894705176353454590e-01
7.372515201568603516e-01
1.925835490226745605e+00
6.986054778099060059e-01
1.654887646436691284e-01
2.151632070541381836e+00
1.387487649917602539e-01
-2.515887022018432617e+00
-1.328574180603027344e+00
1.513808131217956543e+00
-7.696321010589599609e-01
-6.968457102775573730e-01
1.448902964591979980e+00
1.961428880691528320e+00
-1.421490311622619629e+00
1.028127297759056091e-01
-7.869766950607299805e-01
-1.733592152595520020e+00
-9.672795236110687256e-02
-2.517440080642700195e+00
-9.330173730850219727e-01
1.684640765190124512e+00
-2.845319211483001709e-01
1.264374971389770508e+00
-1.906651407480239868e-01
-4.139386415481567383e-01
7.540801167488098145e-01
-2.159985065460205078e+00
8.988564610481262207e-01
1.187167882919311523e+00
1.918123215436935425e-01
3.004392683506011963e-01
-2.389251232147216797e+00
2.640098333358764648e-01
-1.721048951148986816e+00
-1.457980871200561523e+00
9.554362893104553223e-01
2.123950719833374023e+00
2.020643502473831177e-01
8.941031098365783691e-01
2.068793773651123047e+00
-9.874129295349121094e-01
2.354751586914062500e+00
-1.234253168106079102e+00
5.695273280143737793e-01
2.116215705871582031e+00
4.492355883121490479e-01
-3.686720728874206543e-01
-1.800376653671264648e+00
-4.754554014652967453e-03
-1.502550840377807617e-01
1.936464190483093262e+00
-7.733052968978881836e-01
2.151440858840942383e+00
-7.712038755416870117e-01
-1.665153145790100098e+00
4.041814804077148438e+00
-8.750984072685241699e-01
-1.347155193798243999e-03
3.233255445957183838e-01
-1.179417729377746582e+00
-1.971134170889854431e-02
4.194761216640472412e-01
-1.386982440948486328e+00
2.793661355972290039e-01
3.026717528700828552e-02
-2.178173065185546875e-01
9.798086881637573242e-01
-9.635868668556213379e-01
-1.074005484580993652e+00
-1.427919864654541016e+00
-1.327552080154418945e+00
6.371607184410095215e-01
-1.008829951286315918e+00
-2.442031860351562500e+00
-1.198984503746032715e+00
7.850753515958786011e-02
8.991720080375671387e-01
-8.039702177047729492e-01
1.926031589508056641e+00
-5.002220869064331055e-01
-2.583522498607635498e-01
4.128850400447845459e-01
8.186399340629577637e-01
-1.477744132280349731e-01
3.840352892875671387e-01
-2.216565132141113281e+00
4.608157277107238770e-01
5.383183434605598450e-02
-1.018857479095458984e+00
7.621539235115051270e-01
1.559170365333557129e+00
-1.963765919208526611e-01
1.046439886093139648e+00
2.172873318195343018e-01
-2.078882306814193726e-01
2.257011651992797852e+00
-6.161343306303024292e-02
1.695459246635437012e+00
1.759077548980712891e+00
2.099452540278434753e-02
-2.716627359390258789e+00
7.388498783111572266e-01
2.259872674942016602e+00
3.276615738868713379e-01
-4.660262167453765869e-02
-3.302887976169586182e-01
-4.884845912456512451e-01
-3.134507179260253906e+00
-1.147460341453552246e+00
-1.817912101745605469e+00
-3.262902498245239258e-01
1.242296576499938965e+00
-9.219577908515930176e-01
1.320593118667602539e+00
-1.087850570678710938e+00
-1.519831299781799316e+00
1.202517032623291016e+00
-2.584612369537353516e-01
3.405966237187385559e-02
-6.904512643814086914e-01
5.332255735993385315e-02
-9.369868040084838867e-01
