-2.451652050018310547e+00
-2.078420162200927734e+00
9.558988213539123535e-01
4.825963079929351807e-01
1.474596500396728516e+00
2.313696146011352539e-01
-3.837536871433258057e-01
-9.759419560432434082e-01
6.428742408752441406e-02
7.429733276367187500e-01
3.596632741391658783e-03
-2.035144567489624023e-01
1.408407211303710938e+00
8.856325149536132812e-01
7.324123382568359375e-01
-7.369575649499893188e-02
1.690687239170074463e-01
1.658695936203002930e+00
-1.568159580230712891e+00
6.849246025085449219e-01
1.817964464426040649e-01
-1.591801524162292480e+00
-3.885648399591445923e-02
1.028148293495178223e+00
-1.790389716625213623e-01
-1.213997006416320801e+00
-1.031042695045471191e+00
-6.994622945785522461e-01
-2.296427965164184570e+00
7.724511623382568359e-01
-6.093076467514038086e-01
7.259000539779663086e-01
-1.330827474594116211e+00
1.176080584526062012e+00
-7.137251496315002441e-01
1.779523372650146484e+00
1.282455086708068848e+00
7.079417705535888672e-01
1.057814359664916992e+00
-3.011201024055480957e-01
-5.484926700592041016e-01
3.445217907428741455e-01
1.685035943984985352e+00
1.574502944946289062e+00
-1.521062254905700684e+00
-1.684239983558654785e+00
4.165674373507499695e-02
-1.501281976699829102e+00
1.446014642715454102e+00
1.530189156532287598e+00
1.754107475280761719e-01
-7.920522093772888184e-01
1.426288247108459473e+00
1.632022857666015625e+00
6.448842287063598633e-01
-2.441246956586837769e-01
-9.956021308898925781e-01
2.171385049819946289e+00
7.512884140014648438e-01
1.527657985687255859e+00
-1.974328398704528809e+00
-2.692715883255004883e+00
-2.851923704147338867e-01
-2.681437015533447266e+00
2.312865406274795532e-01
7.365165948867797852e-01
-8.843988180160522461e-01
1.194854736328125000e+00
3.292988538742065430e-01
1.767129302024841309e+00
-3.819315135478973389e-01
7.714330404996871948e-02
-4.300332665443420410e-01
1.177041605114936829e-02
1.168876811861991882e-01
3.442501649260520935e-02
-4.831244349479675293e-01
1.211886644363403320e+00
1.336144804954528809e+00
3.883491456508636475e-01
1.835033178329467773e+00
-1.193730235099792480e+00
1.368345141410827637e+00
3.706545233726501465e-01
2.040924072265625000e+00
1.546316027641296387e+00
-7.165171951055526733e-02
-4.156819581985473633e-01
1.013238072395324707e+00
1.710681468248367310e-01
1.356899142265319824e+00
-1.705691099166870117e+00
-6.557145118713378906e-01
-4.031767696142196655e-02
2.769220173358917236e-01
-1.620416045188903809e-01
1.026410698890686035e+00
1.499859809875488281e+00
-1.895580530166625977e+00
3.275640606880187988e-01
-1.862389594316482544e-01
7.560366392135620117e-01
-1.901488065719604492e+00
-3.653562664985656738e-01
-7.250245809555053711e-01
8.765701055526733398e-01
-9.728035330772399902e-02
-5.468625575304031372e-02
-6.936880946159362793e-01
-2.530299186706542969e+00
-1.025257706642150879e+00
-1.708418726921081543e+00
-8.536008596420288086e-01
-3.598641455173492432e-01
1.730642557144165039e+00
-9.495599269866943359e-01
1.294415473937988281e+00
-1.196231484413146973e+00
-1.503075242042541504e+00
-7.497982382774353027e-01
-3.306005299091339111e-01
4.768800735473632812e-01
-1.507464170455932617e+00
-1.566753983497619629e+00
-1.026932954788208008e+00
-1.663104742765426636e-01
-1.582417935132980347e-01
-1.392589807510375977e+00
