-1.110107541084289551e+00
1.172746539115905762e+00
1.168424367904663086e+00
-2.398437261581420898e-01
2.632087767124176025e-01
6.711637377738952637e-01
3.210282564163208008e+00
-1.992291331291198730e+00
-2.964819669723510742e-01
8.680515289306640625e-01
1.252221822738647461e+00
2.101847171783447266e+00
-4.480756446719169617e-02
-3.165761828422546387e-01
4.617475569248199463e-01
-1.178307533264160156e+00
-1.025072216987609863e+00
1.440178632736206055e+00
1.604737520217895508e+00
-2.351416826248168945e+00
1.494980096817016602e+00
4.755809605121612549e-01
6.201739907264709473e-01
3.495277762413024902e-01
-2.186017274856567383e+00
5.876417160034179688e-01
7.478202581405639648e-01
-5.311136841773986816e-01
-2.138891935348510742e+00
2.729637145996093750e+00
8.473991155624389648e-01
-2.248177289962768555e+00
9.323107004165649414e-01
-1.243683457374572754e+00
2.363878786563873291e-01
-1.127874493598937988e+00
-2.623333036899566650e-01
4.439169913530349731e-02
-1.470821261405944824e+00
-1.348381191492080688e-01
-1.797690510749816895e+00
1.131795868277549744e-01
1.733090400695800781e+00
2.035742998123168945e+00
3.062897920608520508e-01
1.220944166183471680e+00
-1.024016261100769043e+00
2.596385240554809570e+00
-2.618950605392456055e-01
7.982432842254638672e-01
-6.000310182571411133e-01
-6.008686423301696777e-01
2.006827890872955322e-01
9.268276095390319824e-01
1.194388046860694885e-01
9.591783285140991211e-01
-1.286981225013732910e+00
-4.808329939842224121e-01
2.747833728790283203e-01
-1.566884517669677734e+00
-1.517208218574523926e+00
2.560766935348510742e+00
-5.670127868652343750e-01
1.219507098197937012e+00
6.176218390464782715e-01
-1.877665758132934570e+00
-7.775053977966308594e-01
-9.033627510070800781e-01
-1.261896729469299316e+00
1.058272600173950195e+00
-1.219871163368225098e+00
-2.146045207977294922e+00
4.697315692901611328e-01
5.752990245819091797e-01
1.461012959480285645e+00
-1.084840297698974609e+00
4.937557280063629150e-01
1.258437633514404297e+00
5.813713669776916504e-01
-7.980501651763916016e-02
1.183041095733642578e+00
-1.834620237350463867e+00
4.871485531330108643e-01
-7.933940291404724121e-01
1.079448580741882324e+00
2.281380742788314819e-01
-6.413071155548095703e-01
-8.908157944679260254e-01
3.373136818408966064e-01
-1.809056997299194336e+00
6.894489526748657227e-01
-6.467466950416564941e-01
-1.547740817070007324e+00
1.236709237098693848e+00
-5.569875240325927734e-01
4.661653935909271240e-01
7.178812026977539062e-01
-8.146148920059204102e-01
1.423360228538513184e+00
-9.187444448471069336e-01
-1.201456785202026367e+00
2.437322437763214111e-01
-1.075992584228515625e+00
5.929270386695861816e-01
1.647805213928222656e+00
-1.343477249145507812e+00
-3.513837158679962158e-01
-1.048549532890319824e+00
-7.020775079727172852e-01
7.066103219985961914e-01
-7.354051470756530762e-01
-1.596453487873077393e-01
-7.878854870796203613e-01
8.929488062858581543e-02
2.836948037147521973e-01
-2.797758877277374268e-01
1.437554717063903809e+00
1.219734191894531250e+00
-1.722355365753173828e+00
5.797834396362304688e-01
-1.565315127372741699e+00
4.687083363533020020e-01
6.396151185035705566e-01
1.027072787284851074e+00
-9.158645868301391602e-01
3.825100064277648926e-01
-2.331411838531494141e+00
-4.226529896259307861e-01
