2.804204225540161133e+00
4.085159674286842346e-02
-1.359872460365295410e+00
-2.057965546846389771e-01
3.820496797561645508e-01
1.852209448814392090e+00
7.635662555694580078e-01
1.673728942871093750e+00
-2.026148796081542969e+00
5.497152209281921387e-01
2.323726892471313477e+00
2.788872122764587402e-01
7.649040222167968750e-02
-2.375628471374511719e+00
1.559158682823181152e+00
2.800529301166534424e-01
-8.602449297904968262e-01
-7.731308341026306152e-01
-3.489127457141876221e-01
5.079309940338134766e-01
2.194577455520629883e-01
-1.489877253770828247e-01
5.570536255836486816e-01
-6.739977002143859863e-02
-1.893311291933059692e-01
2.786276638507843018e-01
4.469309747219085693e-01
1.324983984231948853e-01
-8.255614638328552246e-01
-5.939821600914001465e-01
-2.975696697831153870e-02
-2.497845172882080078e+00
1.490750670433044434e+00
6.861845254898071289e-01
-8.190016960725188255e-04
1.596725225448608398e+00
1.708382725715637207e+00
1.093460798263549805e+00
-2.818035840988159180e+00
3.965029716491699219e-01
4.061978757381439209e-01
3.126680850982666016e-01
1.245449781417846680e+00
1.479139447212219238e+00
1.598358750343322754e-01
-4.822145700454711914e-01
1.041761755943298340e+00
-4.448049962520599365e-01
-2.769365608692169189e-01
1.676075220108032227e+00
1.758456826210021973e+00
-2.049046516418457031e+00
1.137098431587219238e+00
2.742232382297515869e-01
-1.093584522604942322e-01
-4.694208502769470215e-01
4.393089115619659424e-01
1.251363277435302734e+00
8.888251185417175293e-01
4.083413481712341309e-01
1.552700549364089966e-01
9.775581955909729004e-02
8.328656554222106934e-01
3.933738470077514648e-01
8.200579881668090820e-01
-3.425023078918457031e+00
-6.642704606056213379e-01
-1.033690929412841797e+00
-1.937554717063903809e+00
4.286185204982757568e-01
5.169246196746826172e-01
-4.314914345741271973e-02
-2.681176960468292236e-01
1.025504618883132935e-01
2.169122695922851562e+00
-1.345879197120666504e+00
-1.472776979207992554e-01
-1.531788825988769531e+00
2.747556269168853760e-01
-6.129094958305358887e-01
8.532862663269042969e-01
-5.627539157867431641e-01
3.856139630079269409e-02
-9.052980691194534302e-02
1.727768898010253906e+00
-8.469456434249877930e-01
-2.671578884124755859e+00
-1.629421353340148926e+00
9.349893331527709961e-01
-1.321289837360382080e-01
-4.981102943420410156e-01
-3.060928106307983398e+00
-1.410846590995788574e+00
4.236281290650367737e-02
-1.326321840286254883e+00
1.951659470796585083e-01
1.196222782135009766e+00
1.029611706733703613e+00
-2.772148847579956055e+00
-2.138056039810180664e+00
-7.900161147117614746e-01
2.865631580352783203e+00
-1.397237896919250488e+00
8.996457457542419434e-01
1.540278792381286621e+00
1.108072400093078613e-01
3.299471437931060791e-01
3.714417815208435059e-01
9.863256216049194336e-01
3.319734632968902588e-01
-3.389291167259216309e-01
3.713693320751190186e-01
-1.343621492385864258e+00
-1.330339312553405762e+00
-1.235001206398010254e+00
9.931759238243103027e-01
1.166855454444885254e+00
-9.741390943527221680e-01
-2.201875686645507812e+00
4.868861138820648193e-01
-2.227512747049331665e-02
-1.589990258216857910e+00
1.009621143341064453e+00
-1.450021505355834961e+00
-3.902925252914428711e-01
-1.632767438888549805e+00
2.525999307632446289e+00
2.434674501419067383e-01
