-2.042149782180786133e+00
2.679474949836730957e-01
-4.066267982125282288e-02
-3.448352098464965820e+00
-1.140010952949523926e+00
8.371571302413940430e-01
1.124329343438148499e-01
1.806165218353271484e+00
4.024485945701599121e-01
-5.975796580314636230e-01
8.416852355003356934e-01
-5.953835844993591309e-01
-5.626348853111267090e-01
1.487150073051452637e+00
-9.695011973381042480e-01
2.618173360824584961e+00
5.070166587829589844e-01
-3.395819067955017090e-01
5.622732043266296387e-01
1.039147138595581055e+00
-7.232893705368041992e-01
-1.822363436222076416e-01
5.055785179138183594e-01
8.029229044914245605e-01
-1.394105911254882812e+00
5.089181065559387207e-01
-4.732807576656341553e-01
-1.315358638763427734e+00
8.409606814384460449e-01
1.765190005302429199e+00
-1.559992074966430664e+00
-4.769615173339843750e+00
-2.526841461658477783e-01
-1.071305871009826660e+00
-3.601080775260925293e-01
-1.141380548477172852e+00
-8.096344470977783203e-01
-5.211552381515502930e-01
-6.974106431007385254e-01
-6.848352551460266113e-01
4.087994992733001709e-01
1.089626550674438477e+00
1.675694584846496582e+00
4.209169149398803711e-01
4.975295960903167725e-01
5.185261368751525879e-01
7.176732420921325684e-01
1.746624231338500977e+00
3.802278280258178711e+00
1.110187917947769165e-01
2.246396988630294800e-01
-6.468228697776794434e-01
-5.142324790358543396e-02
-7.466547489166259766e-01
8.383277654647827148e-01
7.770491838455200195e-01
1.482219099998474121e+00
-4.135299101471900940e-02
7.862871289253234863e-01
-7.710981369018554688e-01
-4.503381848335266113e-01
1.551942110061645508e+00
-1.331502795219421387e+00
1.403135895729064941e+00
1.572497636079788208e-01
-1.052187323570251465e+00
3.725612759590148926e-01
-1.258252739906311035e+00
-8.015289306640625000e-01
1.087499141693115234e+00
4.397720694541931152e-01
-1.934509992599487305e+00
1.486167192459106445e+00
-7.920861244201660156e-01
-2.756423473358154297e+00
-6.638622879981994629e-01
-1.031259298324584961e+00
2.264377176761627197e-01
3.824150562286376953e-01
-3.446503400802612305e+00
-1.192465782165527344e+00
-1.019755840301513672e+00
5.338208675384521484e-01
-6.807076930999755859e-01
2.833396196365356445e-01
1.407080173492431641e+00
-9.891742467880249023e-01
2.889748513698577881e-01
-9.514248371124267578e-01
2.079393863677978516e+00
1.299930810928344727e-01
-8.891224265098571777e-01
-1.846690177917480469e+00
-1.690041460096836090e-02
1.069639444351196289e+00
-6.003713607788085938e-02
2.211943626403808594e+00
3.780507147312164307e-01
-3.833833038806915283e-01
3.894672989845275879e-01
2.174572229385375977e+00
5.324785709381103516e-01
1.339618206024169922e+00
7.730988860130310059e-01
9.190063476562500000e-01
-2.776937782764434814e-01
-7.160149812698364258e-01
-4.087040424346923828e-01
4.973455071449279785e-01
-1.942125558853149414e+00
7.514613270759582520e-01
4.722372591495513916e-01
-3.486102223396301270e-01
-1.048758253455162048e-01
1.208755493164062500e+00
-3.977266550064086914e-01
-1.333125978708267212e-01
2.647073194384574890e-02
-2.257909774780273438e-01
1.578843444585800171e-01
2.296716928482055664e+00
-3.587071299552917480e-01
3.775046467781066895e-01
-6.092290878295898438e-01
2.728288769721984863e-01
-1.627792716026306152e+00
7.317931056022644043e-01
-1.670589327812194824e+00
