-2.342231750488281250e+00
-1.323724269866943359e+00
-1.477715075016021729e-01
5.978493094444274902e-01
5.156862139701843262e-01
4.270688891410827637e-01
2.127916812896728516e-01
-1.791799813508987427e-01
-1.248041510581970215e+00
9.535149931907653809e-01
-3.980832695960998535e-01
2.710069715976715088e-01
-3.686088621616363525e-01
1.152224302291870117e+00
-2.820594608783721924e-01
1.527938842773437500e-01
8.371870219707489014e-02
1.318316102027893066e+00
2.722455859184265137e-01
1.558974623680114746e+00
-2.181670665740966797e+00
2.442832887172698975e-01
1.420009136199951172e+00
-1.216467469930648804e-01
-1.010792255401611328e+00
2.341023087501525879e-02
2.237081289291381836e+00
2.370738238096237183e-01
4.600099325180053711e-01
-2.868596613407135010e-01
4.947530478239059448e-02
-3.994944989681243896e-01
1.063771128654479980e+00
3.961064517498016357e-01
-1.704796552658081055e+00
2.379087924957275391e+00
-1.071017742156982422e+00
-1.927530407905578613e+00
-8.628025650978088379e-01
1.016368389129638672e+00
-7.017888128757476807e-02
1.962661296129226685e-01
1.789530038833618164e+00
1.234627589583396912e-01
4.253130257129669189e-01
1.125997066497802734e+00
1.315323710441589355e-01
5.315366983413696289e-01
5.990240573883056641e-01
7.320537567138671875e-01
5.101004838943481445e-01
-1.589225172996520996e+00
-3.263830244541168213e-01
-2.058764696121215820e-01
-5.615476965904235840e-01
2.240078151226043701e-01
3.350695967674255371e-01
-1.302339792251586914e+00
-2.095779895782470703e+00
7.104277610778808594e-01
-5.228193402290344238e-01
3.276949644088745117e+00
-3.004344999790191650e-01
5.017932057380676270e-01
1.614203900098800659e-01
-5.531317591667175293e-01
-1.256664246320724487e-01
8.697014451026916504e-01
4.457047581672668457e-01
-5.572912693023681641e-01
7.966578602790832520e-01
-3.070414781570434570e+00
-1.978672444820404053e-01
1.190017104148864746e+00
6.477589011192321777e-01
2.934727370738983154e-01
-3.485469520092010498e-01
9.453268349170684814e-02
2.276362657546997070e+00
1.179734110832214355e+00
5.168460607528686523e-01
-1.357279181480407715e+00
5.978779792785644531e-01
-4.020553231239318848e-01
-6.733285188674926758e-01
-1.271998763084411621e+00
-1.020749807357788086e+00
-1.780827522277832031e+00
9.031210839748382568e-02
2.266902685165405273e+00
1.285212039947509766e+00
-1.427235484123229980e+00
-1.273385047912597656e+00
-6.148692369461059570e-01
-1.485533833503723145e+00
2.033894881606101990e-02
6.824008822441101074e-01
-1.073267817497253418e+00
-7.840424776077270508e-01
-2.379182100296020508e+00
-6.376884877681732178e-02
-2.516352236270904541e-01
8.470150828361511230e-02
1.713868021965026855e+00
5.007239580154418945e-01
3.485705852508544922e-01
-2.200587749481201172e+00
-6.459963321685791016e-01
4.408104121685028076e-01
-4.061355888843536377e-01
9.876832365989685059e-01
2.142631530761718750e+00
5.054144859313964844e-01
-5.251167342066764832e-02
-9.691135883331298828e-01
-2.073375940322875977e+00
8.144553899765014648e-01
-6.337377429008483887e-01
5.372230410575866699e-01
4.927976727485656738e-01
-2.202879667282104492e+00
-1.025042295455932617e+00
2.510068178176879883e+00
-9.435568451881408691e-01
-1.246122956275939941e+00
-2.562453225255012512e-02
-3.378163278102874756e-01
-2.218752354383468628e-01
