1.336917757987976074e+00
-4.943564832210540771e-01
-4.886729717254638672e-01
1.572356373071670532e-01
5.147722363471984863e-01
1.118527531623840332e+00
-1.539207339286804199e+00
1.746886074542999268e-01
8.978268504142761230e-01
-1.251590490341186523e+00
-9.242832660675048828e-02
-9.111627936363220215e-01
1.142834663391113281e+00
-1.613773822784423828e+00
9.720156788825988770e-01
-8.649512529373168945e-01
6.687570810317993164e-01
4.594981670379638672e-01
2.147805452346801758e+00
-1.157452836632728577e-01
9.408303499221801758e-01
-2.644506692886352539e+00
1.527911424636840820e+00
-3.276682496070861816e-01
-1.998866200447082520e+00
-1.382087707519531250e+00
2.154075622558593750e+00
-6.936638355255126953e-01
-4.478148818016052246e-01
6.107685565948486328e-01
3.847522195428609848e-03
-2.599747180938720703e+00
-1.048666715621948242e+00
-1.791087031364440918e+00
4.454649090766906738e-01
9.377190470695495605e-01
-2.252660512924194336e+00
4.834017455577850342e-01
9.586569666862487793e-02
-1.358129143714904785e+00
-7.262613773345947266e-01
2.335215508937835693e-01
1.886739134788513184e+00
9.945445060729980469e-01
-1.038402557373046875e+00
3.443576574325561523e+00
-1.000719547271728516e+00
3.028694726526737213e-02
1.873894333839416504e+00
-4.589160680770874023e-01
9.342538118362426758e-01
1.113165467977523804e-01
-9.841211438179016113e-01
3.890660703182220459e-01
1.146635055541992188e+00
1.389534831047058105e+00
-1.253757327795028687e-01
-1.468242853879928589e-01
5.249217152595520020e-03
8.488759994506835938e-01
-1.219660878181457520e+00
-9.970530867576599121e-01
2.991652786731719971e-01
2.237383842468261719e+00
4.260326623916625977e-01
-7.251057028770446777e-01
4.423923492431640625e-01
-5.968335866928100586e-01
-2.592758893966674805e+00
1.500665992498397827e-01
1.772016286849975586e+00
2.526966094970703125e+00
6.853710860013961792e-02
6.611984372138977051e-01
-1.296480894088745117e+00
-1.066154479980468750e+00
-1.395480275154113770e+00
-1.499111890792846680e+00
7.528207898139953613e-01
-1.683412194252014160e-01
2.828185856342315674e-01
5.818810462951660156e-01
-7.865719795227050781e-01
-1.877620100975036621e+00
2.600586891174316406e+00
-7.921904325485229492e-01
-2.502534389495849609e+00
-1.870913803577423096e-01
-1.455116122961044312e-01
-1.386750042438507080e-01
-8.708903566002845764e-03
-1.431910991668701172e+00
-8.588656783103942871e-01
-2.365185737609863281e+00
2.234397888183593750e+00
-2.135643213987350464e-01
-2.386471815407276154e-02
7.667834758758544922e-01
-3.157293498516082764e-01
1.765611648559570312e+00
4.244906902313232422e-01
1.606020480394363403e-01
-9.651592373847961426e-01
1.693702936172485352e-01
3.208013057708740234e+00
4.499808549880981445e-01
7.189717143774032593e-02
1.196270823478698730e+00
3.514811098575592041e-01
5.008951574563980103e-02
-1.716899573802947998e-01
7.419991493225097656e-01
-6.995844841003417969e-01
-1.637383580207824707e+00
2.310486555099487305e+00
-1.801856875419616699e+00
-1.661211609840393066e+00
1.557477936148643494e-02
-1.244078755378723145e+00
-4.743953347206115723e-01
-9.326421618461608887e-01
-4.264210462570190430e-01
1.393520236015319824e+00
-1.599794149398803711e+00
-1.518217027187347412e-01
-3.026560544967651367e-01
1.141996860504150391e+00
1.498804926872253418e+00
