8.912795186042785645e-01
-1.926368236541748047e+00
-7.413834333419799805e-02
5.048789978027343750e-01
1.502180695533752441e+00
-6.326206326484680176e-01
-1.597027927637100220e-01
-1.863448917865753174e-01
-2.544921338558197021e-01
6.090593934059143066e-01
2.363498359918594360e-01
-6.443184018135070801e-01
4.660111963748931885e-01
-1.560383558273315430e+00
-4.018795788288116455e-01
-4.374419450759887695e-01
-4.175346791744232178e-01
1.534502148628234863e+00
-4.868327975273132324e-01
-3.002775609493255615e-01
-2.253021746873855591e-01
-9.441232681274414062e-01
2.136810868978500366e-01
1.836242079734802246e+00
-9.508396387100219727e-01
3.707737028598785400e-01
-2.656102776527404785e-01
-9.426858425140380859e-01
-1.179533720016479492e+00
1.820515245199203491e-01
-1.344028711318969727e+00
1.621155619621276855e+00
6.427973508834838867e-01
6.240296363830566406e-01
-1.425061821937561035e+00
3.454705476760864258e+00
6.775977611541748047e-01
1.296368986368179321e-01
-8.314006924629211426e-01
3.989952206611633301e-01
8.797396719455718994e-02
-4.900829195976257324e-01
1.798260569572448730e+00
1.409680247306823730e+00
-7.592876553535461426e-01
7.671447992324829102e-01
-1.675955653190612793e+00
8.333030343055725098e-01
-9.080455899238586426e-01
-6.817374825477600098e-01
9.127536416053771973e-01
-1.226364135742187500e+00
1.554736018180847168e+00
-1.690550088882446289e+00
3.685047626495361328e-01
-1.248043537139892578e+00
1.803983300924301147e-01
2.229032516479492188e+00
1.944578528404235840e+00
-6.666789650917053223e-01
7.422599792480468750e-01
-1.811671495437622070e+00
1.794955253601074219e+00
2.736556529998779297e-01
-2.560441195964813232e-01
-2.055035829544067383e+00
-4.413406550884246826e-01
-8.463867008686065674e-02
5.135430097579956055e-01
1.199327707290649414e+00
-7.178820371627807617e-01
-8.550366163253784180e-01
-3.927920162677764893e-01
1.170657873153686523e+00
2.416559159755706787e-01
-1.982525825500488281e+00
8.587403297424316406e-01
-7.442568540573120117e-01
1.244640722870826721e-01
-5.349528789520263672e-01
5.047453641891479492e-01
-7.984495759010314941e-01
1.192828536033630371e+00
4.390388727188110352e-02
6.042095422744750977e-01
-3.599380254745483398e-01
5.858318880200386047e-02
7.829251289367675781e-01
-3.553445264697074890e-02
1.234907984733581543e+00
2.433478832244873047e+00
-5.683013200759887695e-01
-4.304096996784210205e-01
1.082588911056518555e+00
-6.699935793876647949e-01
2.239644229412078857e-01
-1.830296277999877930e+00
-4.693883061408996582e-01
-3.534440755844116211e+00
-1.261220693588256836e+00
-7.407792806625366211e-01
8.348576426506042480e-01
5.807238817214965820e-01
-4.227322936058044434e-01
5.785622596740722656e-01
1.005911588668823242e+00
2.199072539806365967e-01
5.103495717048645020e-01
3.355482578277587891e+00
-2.227745056152343750e+00
-2.070666074752807617e+00
1.764819383621215820e+00
8.491935133934020996e-01
-3.409828841686248779e-01
2.365383863449096680e+00
-6.268782019615173340e-01
6.656332612037658691e-01
-1.917194962501525879e+00
1.642819792032241821e-01
-1.943131387233734131e-01
-1.502354025840759277e+00
-1.093747615814208984e+00
1.145673632621765137e+00
-3.667853772640228271e-01
-7.714588046073913574e-01
-1.534467816352844238e+00
-7.509604096412658691e-01
-4.870083034038543701e-01
