9.789376854896545410e-01
-3.017793875187635422e-03
1.103890612721443176e-01
7.317224144935607910e-02
-1.210624337196350098e+00
-1.160219162702560425e-01
-8.395842313766479492e-01
-8.440185785293579102e-01
-1.997871249914169312e-01
-2.175887584686279297e+00
1.156967759132385254e+00
-1.135571837425231934e+00
1.162148863077163696e-01
-9.163573980331420898e-01
8.791953325271606445e-01
-1.600293815135955811e-01
9.718022942543029785e-01
1.757727384567260742e+00
-3.631629347801208496e-01
1.737567305564880371e+00
-1.016762971878051758e+00
2.766373455524444580e-01
3.699882030487060547e-01
-8.560541868209838867e-01
-2.722739577293395996e-01
-6.782647967338562012e-01
1.148254275321960449e+00
1.046482920646667480e-01
2.115580737590789795e-01
8.947269916534423828e-01
4.482536315917968750e-01
-1.410196542739868164e+00
4.521707892417907715e-01
-1.784173846244812012e+00
-1.944566369056701660e+00
5.361209511756896973e-01
-1.699807763099670410e+00
5.195855498313903809e-01
-1.286169290542602539e+00
-6.501872837543487549e-02
-1.763659238815307617e+00
1.259030580520629883e+00
1.984815955162048340e+00
1.696222543716430664e+00
6.762621998786926270e-01
1.660827279090881348e+00
6.579760909080505371e-01
-1.097184538841247559e+00
3.528773486614227295e-01
7.439383268356323242e-01
-4.171520769596099854e-01
-2.264704227447509766e+00
8.646357655525207520e-01
1.201833486557006836e+00
-1.501127034425735474e-01
-5.678332448005676270e-01
-6.730477213859558105e-01
5.562301874160766602e-01
-5.144727230072021484e-01
2.847492456436157227e+00
3.643518388271331787e-01
-2.762303054332733154e-01
-1.769289135932922363e+00
5.193116068840026855e-01
2.208825826644897461e+00
-1.342122316360473633e+00
-2.703414559364318848e-01
-1.228824257850646973e+00
-1.439080119132995605e+00
3.763690888881683350e-01
4.696570932865142822e-01
-5.055608972907066345e-02
1.687452077865600586e+00
9.565905332565307617e-01
-5.436077713966369629e-01
-1.426441311836242676e+00
7.458316087722778320e-01
2.046030163764953613e-01
-1.751291036605834961e+00
-6.466891169548034668e-01
1.227741122245788574e+00
1.601992487907409668e+00
-2.831185102462768555e+00
7.746212482452392578e-01
1.889599204063415527e+00
-3.391855478286743164e+00
1.178108334541320801e+00
-1.742790579795837402e+00
2.651319503784179688e+00
1.464526295661926270e+00
-8.911463618278503418e-02
-8.761385083198547363e-01
-1.190724372863769531e+00
1.039699673652648926e+00
7.103171944618225098e-01
9.655812382698059082e-01
1.294927239418029785e+00
4.161060154438018799e-01
-2.101956605911254883e-01
-9.116116911172866821e-02
-1.308846831321716309e+00
5.887400507926940918e-01
-9.718487858772277832e-01
-2.443616650998592377e-02
2.661634206771850586e+00
-1.845262765884399414e+00
-1.056877374649047852e+00
-5.838363766670227051e-01
1.567612290382385254e+00
-1.165129065513610840e+00
2.285550981760025024e-01
-8.807353377342224121e-01
-7.206363677978515625e-01
2.125137299299240112e-01
9.672331213951110840e-01
-3.504194021224975586e-01
1.959875464439392090e+00
6.340610980987548828e-01
1.595850735902786255e-01
-1.162214428186416626e-01
-2.346513032913208008e+00
4.409073293209075928e-01
-3.480507731437683105e-01
-2.300176620483398438e+00
-1.012340426445007324e+00
5.828181505203247070e-01
3.509636223316192627e-01
-2.804681062698364258e-01
