-1.052244663238525391e+00
-1.155450820922851562e+00
-3.177205324172973633e-01
2.990787327289581299e-01
1.557511568069458008e+00
-4.684865176677703857e-01
-7.950868010520935059e-01
7.592152804136276245e-02
-4.013636708259582520e-01
1.584163665771484375e+00
2.372628301382064819e-01
1.008155107498168945e+00
1.268727239221334457e-02
-1.228767156600952148e+00
3.534716665744781494e-01
-1.823144078254699707e+00
-3.273324668407440186e-01
3.026195287704467773e+00
-1.235478401184082031e+00
-7.215394973754882812e-01
-1.894839882850646973e+00
-1.885210156440734863e+00
1.321854472160339355e+00
2.244115620851516724e-01
-3.626716852188110352e+00
1.090686798095703125e+00
6.082602143287658691e-01
2.683482766151428223e-01
1.281407952308654785e+00
1.890427708625793457e+00
1.932548284530639648e-01
-3.569082617759704590e-01
-5.542019605636596680e-01
8.254082798957824707e-01
-4.888597130775451660e-01
9.862155318260192871e-01
-7.396678924560546875e-01
-7.756365537643432617e-01
-3.596422076225280762e-01
1.996572166681289673e-01
-2.033446311950683594e+00
-8.315636962652206421e-02
6.419388055801391602e-01
1.952749609947204590e+00
-2.215909481048583984e+00
1.049368023872375488e+00
-7.063228487968444824e-01
1.099402666091918945e+00
9.368503093719482422e-01
-8.891678452491760254e-01
-5.811451748013496399e-02
1.684836298227310181e-01
-4.325612783432006836e-01
6.453471779823303223e-01
-4.634448587894439697e-01
-2.207147926092147827e-01
1.162497162818908691e+00
1.914153695106506348e+00
6.465508341789245605e-01
-5.785715579986572266e-02
1.040438890457153320e+00
1.516869783401489258e+00
1.538237929344177246e-01
4.574856758117675781e-01
-1.560471057891845703e+00
-6.344622373580932617e-01
-2.408281117677688599e-01
8.041846752166748047e-01
3.506284952163696289e-01
2.542326927185058594e+00
-4.385631382465362549e-01
-3.456866025924682617e+00
4.904906079173088074e-02
6.640928983688354492e-01
-5.404791980981826782e-02
7.021870017051696777e-01
9.277251362800598145e-01
-1.265639185905456543e+00
-2.278198599815368652e-01
-3.078703880310058594e-01
4.615135788917541504e-01
-4.535142481327056885e-01
1.147070407867431641e+00
6.082399487495422363e-01
-7.010360956192016602e-01
1.438157320022583008e+00
-1.026020884513854980e+00
-3.275082111358642578e+00
-4.910032451152801514e-02
-4.397489130496978760e-01
-1.777945399284362793e+00
-1.652516722679138184e+00
-1.094351172447204590e+00
3.639504611492156982e-01
-8.569362163543701172e-01
2.088202238082885742e+00
8.921727538108825684e-01
4.919887781143188477e-01
-1.860139846801757812e+00
6.750427484512329102e-01
1.372809052467346191e+00
4.155376851558685303e-01
1.192179679870605469e+00
-8.289643526077270508e-01
9.378480315208435059e-01
-1.175682067871093750e+00
-5.333007574081420898e-01
9.992931038141250610e-02
1.128093361854553223e+00
1.213424921035766602e+00
-1.305105686187744141e+00
1.831834435462951660e+00
4.323993027210235596e-01
6.994320154190063477e-01
8.645649999380111694e-02
-7.418523430824279785e-01
1.400401234626770020e+00
-2.138263940811157227e+00
2.329118549823760986e-01
1.389420151710510254e+00
-1.574509859085083008e+00
2.401098906993865967e-01
6.489637494087219238e-01
4.621436893939971924e-01
-1.076462030410766602e+00
-2.076579332351684570e+00
-9.944126009941101074e-01
1.247960209846496582e+00
