-2.277587890625000000e+00
-1.486331343650817871e+00
1.804470419883728027e-01
3.637980818748474121e-01
-3.596272468566894531e-01
2.023463249206542969e-01
-1.006241083145141602e+00
1.058486998081207275e-01
7.578606009483337402e-01
-3.310648798942565918e-01
-7.714558839797973633e-01
-7.787147760391235352e-01
-7.585863769054412842e-02
1.693603038787841797e+00
-1.442763566970825195e+00
-1.024649500846862793e+00
-1.380056381225585938e+00
-3.906459808349609375e-01
1.294014930725097656e+00
-1.443929076194763184e+00
-1.189075708389282227e+00
-7.303746938705444336e-01
1.046237707138061523e+00
4.174044728279113770e-01
-1.444261670112609863e+00
5.231789350509643555e-01
1.330239534378051758e+00
-1.138440608978271484e+00
1.040622353553771973e+00
-1.547425508499145508e+00
-3.364580571651458740e-01
1.392469167709350586e+00
4.489714503288269043e-01
-1.195074200630187988e+00
-1.687291741371154785e+00
1.284278869628906250e+00
6.049118638038635254e-01
-1.587375283241271973e+00
-1.365067005157470703e+00
-1.825776994228363037e-01
-6.988695263862609863e-01
4.097610712051391602e-01
1.988200783729553223e+00
-1.213638186454772949e+00
-4.075146019458770752e-01
-7.956621050834655762e-01
8.671236038208007812e-01
1.535052895545959473e+00
1.192005753517150879e+00
8.086149096488952637e-01
5.128141045570373535e-01
1.687383413314819336e+00
1.516997337341308594e+00
-1.767390966415405273e+00
-1.352636218070983887e+00
7.839005589485168457e-01
3.124575018882751465e-01
1.372310042381286621e+00
-1.245194196701049805e+00
1.451853632926940918e+00
-1.211035847663879395e+00
-1.136904507875442505e-01
-7.464317679405212402e-01
2.284100055694580078e+00
-8.010489940643310547e-01
-1.086195483803749084e-01
6.833619475364685059e-01
-1.360920548439025879e+00
-2.147642821073532104e-01
6.996307373046875000e-01
2.919483780860900879e-01
-5.956367850303649902e-01
7.627140879631042480e-01
8.859801888465881348e-01
-7.130506634712219238e-01
-9.287980198860168457e-02
-1.572157740592956543e+00
-6.762378662824630737e-02
-4.794017374515533447e-01
-2.652336955070495605e-01
-4.269349947571754456e-02
-2.668907403945922852e+00
2.966029167175292969e+00
1.157474279403686523e+00
1.242236971855163574e+00
1.644006967544555664e+00
4.529945850372314453e-01
2.577828057110309601e-02
5.710451006889343262e-01
4.673154056072235107e-01
-1.912619829177856445e+00
-1.624650239944458008e+00
-6.509844660758972168e-01
2.336586952209472656e+00
-1.840773344039916992e+00
4.241115450859069824e-01
1.475637435913085938e+00
-1.078313827514648438e+00
-6.769818663597106934e-01
2.726428508758544922e+00
8.187438249588012695e-01
5.776390805840492249e-02
2.140495777130126953e+00
-5.437336564064025879e-01
1.247064590454101562e+00
1.063909530639648438e+00
3.180390894412994385e-01
-1.649258852005004883e+00
1.265879392623901367e+00
-2.725631237030029297e+00
-5.334628373384475708e-02
5.739555358886718750e-01
4.980536699295043945e-01
3.437753915786743164e-01
-8.870063424110412598e-01
-8.049685359001159668e-01
2.116825431585311890e-01
1.664074957370758057e-01
-2.387971878051757812e-01
-1.233869433403015137e+00
-9.112834930419921875e-02
-7.369532585144042969e-01
3.711950778961181641e-01
-2.241097688674926758e+00
-4.331337511539459229e-01
-2.224439859390258789e+00
1.749853789806365967e-01
2.142360687255859375e+00
