1.800133705139160156e+00
1.002866551280021667e-01
-8.252091705799102783e-02
4.962186813354492188e-01
8.846563696861267090e-01
6.096605956554412842e-02
1.132401585578918457e+00
-1.760586798191070557e-01
-1.353728175163269043e+00
1.359438657760620117e+00
-4.862376675009727478e-02
1.744091153144836426e+00
1.683780252933502197e-01
-1.166060686111450195e+00
-1.906095147132873535e-01
-5.755012631416320801e-01
1.144706964492797852e+00
9.392148852348327637e-01
-9.681810736656188965e-01
-5.732100009918212891e-01
4.091317355632781982e-01
-2.889977931976318359e+00
2.684168577194213867e+00
7.225669026374816895e-01
-1.148318573832511902e-01
-4.699654579162597656e-01
1.253456115722656250e+00
-1.399423360824584961e+00
1.098164618015289307e-01
1.850773453712463379e+00
7.569115161895751953e-01
1.938008219003677368e-01
-1.125775694847106934e+00
-1.939805783331394196e-02
7.996622323989868164e-01
1.252868056297302246e+00
1.600979566574096680e+00
3.105732202529907227e-01
-5.501456856727600098e-01
5.569589734077453613e-01
2.108817100524902344e+00
-1.022732853889465332e+00
4.021221995353698730e-01
4.018345773220062256e-01
-6.542942523956298828e-01
-6.517810225486755371e-01
-5.949658751487731934e-01
7.558373808860778809e-01
-9.832788109779357910e-01
1.025712847709655762e+00
-7.657586038112640381e-02
-6.467479467391967773e-01
6.621710062026977539e-01
-2.027986764907836914e+00
-6.049691438674926758e-01
-2.259005308151245117e+00
1.442469358444213867e+00
1.181899785995483398e+00
1.228573799133300781e+00
1.300526022911071777e+00
-1.218827009201049805e+00
9.556570053100585938e-01
1.472361087799072266e+00
-5.144026875495910645e-01
-2.638940572738647461e+00
-3.049971818923950195e+00
-1.581788182258605957e+00
1.916233539581298828e+00
1.645015366375446320e-02
1.050305485725402832e+00
1.481601689010858536e-02
1.108344197273254395e+00
9.038442969322204590e-01
8.471261262893676758e-01
-2.821629047393798828e-01
-8.837634921073913574e-01
1.219360947608947754e+00
-3.106941223144531250e+00
-2.142045974731445312e+00
-1.293563127517700195e+00
9.042191505432128906e-01
1.459790110588073730e+00
-1.468309164047241211e+00
-1.634987115859985352e+00
1.501819968223571777e+00
-5.196176171302795410e-01
-2.017106533050537109e+00
-1.970883458852767944e-01
1.031687378883361816e+00
1.961948275566101074e+00
4.668220579624176025e-01
-8.072204589843750000e-01
7.544599771499633789e-01
1.992065787315368652e+00
2.032001972198486328e+00
3.271088600158691406e-01
-9.962601065635681152e-01
-4.624750316143035889e-01
-1.000739336013793945e+00
-2.051668008789420128e-03
-3.685120642185211182e-01
4.524524807929992676e-01
-3.084372997283935547e+00
3.149865150451660156e+00
1.247849822044372559e+00
-1.133043617010116577e-01
-1.771856099367141724e-01
-9.273394942283630371e-01
1.735957115888595581e-01
1.964331418275833130e-01
-1.544862866401672363e+00
9.420092701911926270e-01
-1.620452046394348145e+00
-4.282851517200469971e-01
2.572840750217437744e-01
-2.996636152267456055e+00
1.059022545814514160e+00
-9.169960618019104004e-01
-4.985626339912414551e-01
-1.274095177650451660e+00
-3.517417907714843750e-01
-1.620164513587951660e-01
-1.337764382362365723e+00
-2.524420022964477539e-01
-4.492521882057189941e-01
-7.878102660179138184e-01
6.837812066078186035e-01
4.743151664733886719e-01
