-1.274713397026062012e+00
1.831186532974243164e+00
-1.197461262345314026e-01
-2.104257978498935699e-02
1.389897942543029785e+00
9.092592447996139526e-02
5.743668973445892334e-02
7.178554683923721313e-02
1.195806860923767090e-01
-4.770316183567047119e-01
1.326659679412841797e+00
1.678869485855102539e+00
-3.782754838466644287e-01
-2.330813646316528320e+00
1.639835357666015625e+00
-1.281651109457015991e-01
4.568974077701568604e-01
4.992793202400207520e-01
-1.693089865148067474e-02
-8.416185379028320312e-01
-1.054283380508422852e+00
-2.143982332199811935e-03
8.483611047267913818e-02
1.241402029991149902e+00
-1.826357245445251465e+00
-9.985732436180114746e-01
-6.453163027763366699e-01
-6.672739386558532715e-01
1.174180984497070312e+00
2.202978849411010742e+00
-2.517014026641845703e+00
4.480789005756378174e-01
-1.307051420211791992e+00
7.517647147178649902e-01
-5.496810674667358398e-01
-4.664918184280395508e-01
8.614739179611206055e-01
-9.857367277145385742e-01
-2.245166778564453125e+00
-2.819871664047241211e+00
5.546457171440124512e-01
9.702890366315841675e-02
2.758415460586547852e+00
1.494137644767761230e+00
-1.090937972068786621e+00
2.697550356388092041e-01
-2.079150676727294922e-01
2.765214204788208008e+00
-7.988938689231872559e-01
-1.645495295524597168e-01
2.467916488647460938e+00
-3.961483836174011230e-01
9.153031557798385620e-02
-1.597130537033081055e+00
-5.903131365776062012e-01
7.329185009002685547e-01
1.174888372421264648e+00
-6.767480820417404175e-02
-9.331194758415222168e-01
-4.293788224458694458e-03
-1.246541142463684082e+00
3.198187351226806641e+00
-1.072309851646423340e+00
1.195178508758544922e+00
6.103010773658752441e-01
-4.008549749851226807e-01
6.103100776672363281e-01
-8.376016020774841309e-01
1.011312901973724365e-01
-2.245908379554748535e-01
-2.457167655229568481e-01
1.399391412734985352e+00
1.863949894905090332e+00
-1.273914098739624023e+00
-1.478929758071899414e+00
-1.191699266433715820e+00
4.159316718578338623e-01
-2.895896732807159424e-01
2.155703753232955933e-01
-2.754464864730834961e+00
-1.232867956161499023e+00
-2.427579402923583984e+00
9.401348829269409180e-01
-1.005344748497009277e+00
5.841802954673767090e-01
4.050136506557464600e-01
-7.661774158477783203e-01
1.806610524654388428e-01
-7.646831274032592773e-01
1.203853726387023926e+00
9.377599358558654785e-01
-9.547819495201110840e-01
4.570863768458366394e-02
1.172716259956359863e+00
-7.411209940910339355e-01
2.885252051055431366e-02
3.540839672088623047e+00
-3.058860898017883301e-01
2.340032607316970825e-01
-5.667787194252014160e-01
9.297627955675125122e-03
1.016117095947265625e+00
3.855754435062408447e-01
4.823125898838043213e-01
8.407419919967651367e-01
-7.434580922126770020e-01
-6.180803179740905762e-01
7.951766252517700195e-01
-3.516813516616821289e-01
9.565986990928649902e-01
-1.254866838455200195e+00
2.287286669015884399e-01
2.548822462558746338e-01
-3.698021411895751953e+00
-1.641039997339248657e-01
-1.446366786956787109e+00
-1.372167374938726425e-02
4.672729969024658203e-02
-5.203541517257690430e-01
1.065960168838500977e+00
-1.765877008438110352e+00
-9.493075311183929443e-02
8.078030943870544434e-01
2.723791263997554779e-02
3.307129740715026855e-01
-4.535788893699645996e-01
-5.537917613983154297e-01
4.497106075286865234e-01
