1.478913545608520508e+00
5.748016238212585449e-01
8.954519033432006836e-02
-5.219873785972595215e-01
-9.136920571327209473e-01
1.946987956762313843e-01
1.851233989000320435e-01
-5.115758776664733887e-01
-3.494529724121093750e-01
-2.306918352842330933e-01
2.490827292203903198e-01
3.084130883216857910e-01
9.997460842132568359e-01
-1.133195161819458008e+00
-2.516509890556335449e-01
-2.237240552902221680e+00
-1.605398774147033691e+00
4.467408061027526855e-01
1.551482439041137695e+00
1.339382380247116089e-01
-8.158962726593017578e-01
-1.653616577386856079e-01
1.505479693412780762e+00
2.471810340881347656e+00
-4.497307911515235901e-02
-2.118808031082153320e-01
-1.087742209434509277e+00
9.711302518844604492e-01
-1.041593790054321289e+00
4.332321584224700928e-01
-1.247623920440673828e+00
-3.162719488143920898e+00
-1.075839638710021973e+00
1.829661488533020020e+00
-9.625087976455688477e-01
1.155552744865417480e+00
-5.434424281120300293e-01
1.194340825080871582e+00
-6.824842691421508789e-01
2.306212425231933594e+00
9.094404578208923340e-01
-6.636880040168762207e-01
2.199123620986938477e+00
9.020226001739501953e-01
-1.114816784858703613e+00
-3.983435630798339844e-01
-1.396474361419677734e+00
3.238441467285156250e+00
-3.432685136795043945e-01
-7.301865220069885254e-01
-1.193115830421447754e+00
-4.884767830371856689e-01
1.893634438514709473e+00
9.798105955123901367e-01
1.095578312873840332e+00
2.506735920906066895e-02
6.229024529457092285e-01
2.137649774551391602e+00
-1.552119255065917969e+00
1.328679919242858887e+00
4.791231155395507812e-01
-1.235648870468139648e+00
1.974641978740692139e-01
-1.160825252532958984e+00
-1.337114423513412476e-01
-1.335258603096008301e+00
1.873250842094421387e+00
1.888413667678833008e+00
1.065090894699096680e+00
-3.591730594635009766e-01
8.204846382141113281e-01
3.325975418090820312e+00
-7.161003351211547852e-02
9.338609874248504639e-02
1.739308536052703857e-01
-1.348546743392944336e+00
1.081823632121086121e-01
1.418205946683883667e-01
-5.709469318389892578e-01
-2.058499574661254883e+00
-2.135117530822753906e+00
-1.402568578720092773e+00
-1.509055793285369873e-01
-8.398432731628417969e-01
1.327266812324523926e+00
-3.543913066387176514e-01
-1.635428786277770996e+00
1.562243580818176270e+00
5.615839362144470215e-01
-2.173649519681930542e-01
2.375224113464355469e+00
-1.089127063751220703e+00
7.482845187187194824e-01
5.762629508972167969e-01
9.094862341880798340e-01
-9.721166491508483887e-01
1.588964700698852539e+00
-1.093903422355651855e+00
3.183864429593086243e-02
9.720644950866699219e-01
-1.269109487533569336e+00
1.442086458206176758e+00
-1.854723572731018066e+00
-3.670567274093627930e-02
8.598180413246154785e-01
4.011787176132202148e-01
-9.540535509586334229e-03
7.881863713264465332e-01
6.507236361503601074e-01
-3.386801183223724365e-01
-8.958911895751953125e-01
-7.090451717376708984e-01
-1.542490124702453613e+00
-9.317756295204162598e-01
1.156260728836059570e+00
-1.573778510093688965e+00
7.224565148353576660e-01
-3.375189065933227539e+00
-2.653778195381164551e-01
-3.085313737392425537e-01
1.271805167198181152e+00
2.365251444280147552e-02
-7.929086685180664062e-01
-4.378389120101928711e-01
-3.431455790996551514e-01
1.789028942584991455e-02
-2.203931510448455811e-01
-3.026489257812500000e+00
