-7.472524046897888184e-02
3.809607028961181641e-01
3.011583685874938965e-01
4.628751873970031738e-01
-2.475368678569793701e-01
-1.649188436567783356e-02
1.989169120788574219e+00
-1.742646545171737671e-01
-1.487574100494384766e+00
-8.567169904708862305e-01
-1.767625510692596436e-01
1.018550395965576172e+00
-7.815687656402587891e-01
-3.188668012619018555e+00
2.268017768859863281e+00
1.386856198310852051e+00
-1.220111012458801270e+00
1.453484058380126953e+00
3.873121440410614014e-01
5.402497649192810059e-01
1.498999357223510742e+00
-1.154034659266471863e-01
5.853178501129150391e-01
2.085288047790527344e+00
-1.155592083930969238e+00
-2.301285862922668457e-01
-1.289417505264282227e+00
-1.752639561891555786e-01
-1.358995556831359863e+00
1.391238808631896973e+00
1.409770846366882324e-01
3.523924946784973145e-01
-1.620405554771423340e+00
3.266114592552185059e-01
6.043680906295776367e-01
-4.664637446403503418e-01
3.074140548706054688e+00
-6.891553401947021484e-01
-2.351500511169433594e+00
-3.684385061264038086e+00
-1.841004788875579834e-01
1.220244407653808594e+00
1.921233892440795898e+00
5.713542103767395020e-01
-1.339097619056701660e+00
4.832860827445983887e-01
-8.507865667343139648e-01
1.687073707580566406e+00
9.514569640159606934e-01
6.707065105438232422e-01
7.067207098007202148e-01
-1.473625004291534424e-01
-2.567301988601684570e+00
-6.153481006622314453e-01
-2.212396413087844849e-01
-9.907608032226562500e-01
2.166127204895019531e+00
1.132570147514343262e+00
6.364149451255798340e-01
4.036741554737091064e-01
1.283607363700866699e+00
-2.577780485153198242e-01
2.066110134124755859e+00
-7.164075374603271484e-01
-5.127704739570617676e-01
-9.688134789466857910e-01
1.415496110916137695e+00
-7.050685286521911621e-01
8.312784135341644287e-03
9.836682081222534180e-01
1.030807375907897949e+00
9.671220183372497559e-01
7.269052267074584961e-01
3.240271806716918945e-01
1.146743059158325195e+00
-1.433339238166809082e+00
2.802084088325500488e-01
-7.728112936019897461e-01
1.530985832214355469e+00
-1.416167259216308594e+00
2.734651416540145874e-02
-1.142360091209411621e+00
-5.683002471923828125e-01
-1.181294396519660950e-01
-4.786400496959686279e-02
-1.003768444061279297e+00
-5.883167982101440430e-01
-2.094686031341552734e-01
-1.434038519859313965e+00
1.651029586791992188e-01
2.872191190719604492e+00
-2.486383438110351562e+00
4.791219234466552734e-01
-2.333220958709716797e+00
-1.167112231254577637e+00
-1.625539422035217285e+00
1.324166893959045410e+00
5.019163489341735840e-01
-1.499163389205932617e+00
-1.089614629745483398e+00
-1.411467641592025757e-01
3.836549222469329834e-01
-1.881617456674575806e-01
1.069882750511169434e+00
1.909079432487487793e+00
5.407798290252685547e-01
-1.640280127525329590e+00
4.065764546394348145e-01
1.625484824180603027e+00
1.141378402709960938e+00
5.497055649757385254e-01
1.916729211807250977e-01
-1.167531490325927734e+00
-1.554282307624816895e+00
9.190593361854553223e-01
-5.245081782341003418e-01
3.004602193832397461e-01
-2.755154669284820557e-01
-1.019044637680053711e+00
-9.840413928031921387e-01
-1.510150432586669922e+00
-6.738187074661254883e-01
8.437711000442504883e-01
-1.533059239387512207e+00
-2.138555496931076050e-01
4.573741257190704346e-01
-7.493866086006164551e-01
-6.395009160041809082e-01
