-3.308415710926055908e-01
-1.473721981048583984e+00
-9.656627774238586426e-01
4.540758728981018066e-01
1.509799838066101074e+00
-1.120047122240066528e-01
2.442162513732910156e+00
8.378952145576477051e-01
3.230440616607666016e-01
-2.989017724990844727e+00
-2.650353014469146729e-01
-2.775804281234741211e+00
-6.310632228851318359e-01
-2.680929005146026611e-01
6.694826483726501465e-01
-1.827027499675750732e-01
-3.928478062152862549e-01
-5.323060154914855957e-01
4.322629570960998535e-01
9.450638890266418457e-01
3.400377631187438965e-01
-2.128598928451538086e+00
1.003804564476013184e+00
1.375331878662109375e+00
-1.827999711036682129e+00
1.102026462554931641e+00
1.978614091873168945e+00
-1.333971619606018066e+00
-3.489470183849334717e-01
7.715896368026733398e-01
-1.099076509475708008e+00
-1.436097770929336548e-01
1.857226729393005371e+00
1.430815160274505615e-01
-4.454060196876525879e-01
-2.943911850452423096e-01
-1.197793632745742798e-01
-1.874966502189636230e+00
-7.782060503959655762e-01
-5.059797316789627075e-02
1.222523450851440430e+00
-7.572252154350280762e-01
6.221783161163330078e-01
1.158978343009948730e+00
2.690748929977416992e+00
7.512707114219665527e-01
-2.942660152912139893e-01
1.264237046241760254e+00
-1.330873072147369385e-01
-3.891086280345916748e-01
3.160602152347564697e-01
-4.858237504959106445e-01
2.175750494003295898e+00
-7.980723977088928223e-01
-1.634345531463623047e+00
1.709551811218261719e+00
2.229591608047485352e+00
-2.273503780364990234e+00
9.139872789382934570e-01
-6.677794456481933594e-01
-2.103436470031738281e+00
3.051688373088836670e-01
-2.221796035766601562e+00
9.873609542846679688e-01
-1.454665541648864746e+00
-1.915310740470886230e+00
1.107167243957519531e+00
1.384293437004089355e+00
-1.264878153800964355e+00
-7.088915705680847168e-01
-9.008576869964599609e-01
-3.278984546661376953e+00
1.994890213012695312e+00
1.123352766036987305e+00
1.979133605957031250e+00
-1.173674583435058594e+00
-2.739457368850708008e+00
3.308809697628021240e-01
1.260239034891128540e-01
-1.189042568206787109e+00
-1.975906610488891602e+00
-6.769282817840576172e-01
1.706170082092285156e+00
1.459987908601760864e-01
5.113938823342323303e-03
1.676817774772644043e+00
-1.017727971076965332e+00
1.069692492485046387e+00
3.317137658596038818e-01
2.843317985534667969e-01
-3.063915014266967773e+00
-8.627525568008422852e-01
-2.263915777206420898e+00
9.756501913070678711e-01
-6.570439934730529785e-01
-2.728577852249145508e-01
-6.571432948112487793e-01
-7.234145998954772949e-01
1.682827770709991455e-01
3.888398110866546631e-01
-1.492895483970642090e-01
-4.355171620845794678e-01
6.282427906990051270e-01
2.014338493347167969e+00
1.008113741874694824e+00
5.611536502838134766e-01
-7.628548741340637207e-01
-8.401739001274108887e-01
1.430949926376342773e+00
-1.290160775184631348e+00
1.070562243461608887e+00
7.509982585906982422e-01
1.759949028491973877e-01
1.478755474090576172e+00
-7.238733172416687012e-01
-2.961884737014770508e-01
2.443011283874511719e+00
1.143936395645141602e+00
-3.888799846172332764e-01
-6.954088807106018066e-01
2.376572787761688232e-02
2.536742925643920898e+00
1.413276791572570801e+00
-6.304444670677185059e-01
-1.258551180362701416e-01
-1.513195782899856567e-01
-2.919128239154815674e-01
-1.742674559354782104e-01
