-1.560240387916564941e+00
5.362232923507690430e-01
3.942821919918060303e-02
-3.510184049606323242e+00
-7.150548696517944336e-01
1.098080396652221680e+00
1.728695183992385864e-01
1.918731212615966797e+00
4.656969383358955383e-02
-4.569782316684722900e-01
1.469947218894958496e+00
3.649836182594299316e-01
-1.200919970870018005e-02
1.038038849830627441e+00
-7.329165339469909668e-01
2.871153116226196289e+00
2.890145480632781982e-01
-1.804465427994728088e-03
5.594428777694702148e-01
3.990619182586669922e-01
-8.657180666923522949e-01
-8.897913247346878052e-02
4.034412503242492676e-01
8.727622628211975098e-01
-1.443046450614929199e+00
8.540862798690795898e-02
-6.959660053253173828e-01
-1.190821886062622070e+00
6.199699044227600098e-01
1.930981397628784180e+00
-1.907122373580932617e+00
-4.623819351196289062e+00
-2.145009338855743408e-01
-5.533903837203979492e-01
-9.082430601119995117e-01
-9.768198728561401367e-01
-8.665787577629089355e-01
-5.367082357406616211e-01
-5.580612421035766602e-01
-5.432782173156738281e-01
2.827300727367401123e-01
9.063799381256103516e-01
1.874641180038452148e+00
5.748771429061889648e-01
-1.260543763637542725e-01
8.940673470497131348e-01
1.495305895805358887e-01
1.983207345008850098e+00
3.412534952163696289e+00
-5.042677521705627441e-01
2.044959217309951782e-01
-3.346867561340332031e-01
-1.975917369127273560e-01
-1.011892795562744141e+00
6.353001594543457031e-01
6.506666541099548340e-01
1.201087832450866699e+00
-1.459887921810150146e-01
5.679928660392761230e-01
-1.079547524452209473e+00
-1.730188578367233276e-01
2.392293214797973633e+00
-1.220359802246093750e+00
1.271173238754272461e+00
-8.553526550531387329e-02
-1.832325816154479980e+00
1.607770770788192749e-01
-1.122702002525329590e+00
-4.320232868194580078e-01
1.169410347938537598e+00
4.817582070827484131e-01
-1.743965744972229004e+00
1.545429587364196777e+00
-9.523438811302185059e-01
-2.165008544921875000e+00
-7.766530513763427734e-01
-7.617345452308654785e-01
6.124160066246986389e-02
5.424591302871704102e-01
-3.506904840469360352e+00
-1.092846393585205078e+00
-1.066522002220153809e+00
1.980411410331726074e-01
-7.570710182189941406e-01
-9.552717953920364380e-02
9.997116327285766602e-01
-1.411557674407958984e+00
-1.882705092430114746e-02
-7.128159403800964355e-01
2.280169010162353516e+00
5.721212029457092285e-01
-9.789472818374633789e-01
-1.619829058647155762e+00
2.052365094423294067e-01
7.475742697715759277e-01
1.708251386880874634e-01
2.028658866882324219e+00
2.927022576332092285e-01
-6.700340509414672852e-01
-1.610223501920700073e-01
2.208610534667968750e+00
5.490210056304931641e-01
1.142265200614929199e+00
1.060473680496215820e+00
6.560158729553222656e-01
-5.086432099342346191e-01
-4.932811856269836426e-01
-1.981984227895736694e-01
8.526136279106140137e-01
-1.426977992057800293e+00
2.132634669542312622e-01
9.781087636947631836e-01
-4.103739261627197266e-01
-6.832842826843261719e-01
1.591359734535217285e+00
-7.394341230392456055e-01
1.357009112834930420e-01
-1.163327619433403015e-01
-4.869194030761718750e-01
4.747856855392456055e-01
2.010632276535034180e+00
-3.950724303722381592e-01
1.069126367568969727e+00
1.488655358552932739e-01
4.739366844296455383e-02
-1.420910358428955078e+00
3.357815444469451904e-01
-1.442957520484924316e+00
