9.557275176048278809e-01
-5.691926479339599609e-01
-7.812141776084899902e-01
-3.147247806191444397e-02
1.254697918891906738e+00
-1.244304895401000977e+00
4.857852458953857422e-01
-5.156380534172058105e-01
2.306975424289703369e-01
1.942281723022460938e-01
4.058700501918792725e-01
-1.722586154937744141e+00
-8.864281773567199707e-01
1.556932806968688965e+00
1.744138717651367188e+00
3.922967016696929932e-01
-5.163289308547973633e-01
4.970422089099884033e-01
-5.924493670463562012e-01
1.695823431015014648e+00
-1.487363815307617188e+00
-1.059057116508483887e+00
6.130300164222717285e-01
1.708589076995849609e+00
-3.145012855529785156e+00
2.799469828605651855e-01
6.654809713363647461e-01
-1.147917509078979492e+00
-6.484981179237365723e-01
1.170719861984252930e+00
-4.549951851367950439e-01
5.689945220947265625e-01
9.879698753356933594e-01
-5.803152918815612793e-01
-4.596994519233703613e-01
4.926534593105316162e-01
1.842740893363952637e+00
-1.792519688606262207e+00
-4.226068854331970215e-01
1.342063784599304199e+00
-4.682917594909667969e-01
1.484719514846801758e+00
1.764388680458068848e+00
1.011520862579345703e+00
1.878116130828857422e+00
-3.678934574127197266e-01
-7.658252958208322525e-03
1.803604245185852051e+00
6.722406744956970215e-01
3.780058324337005615e-01
6.044831871986389160e-02
-1.522648811340332031e+00
1.545818448066711426e+00
5.397838354110717773e-01
-6.574328541755676270e-01
-6.364821791648864746e-01
1.998601667582988739e-02
1.195043101906776428e-01
2.087985128164291382e-01
-3.772565424442291260e-01
1.157402276992797852e+00
9.760609269142150879e-01
8.444016575813293457e-01
-1.052472472190856934e+00
8.483711481094360352e-01
1.507884979248046875e+00
6.687933802604675293e-01
-6.187617182731628418e-01
-9.411933422088623047e-01
3.773581087589263916e-01
-8.709698319435119629e-01
7.214384675025939941e-01
2.586627483367919922e+00
1.676130771636962891e+00
-4.541140496730804443e-01
-1.572710871696472168e-01
-6.006679534912109375e-01
-2.428835153579711914e+00
-2.330144196748733521e-01
-4.972583353519439697e-01
1.172813534736633301e+00
-2.300673246383666992e+00
-1.464543581008911133e+00
-1.529682874679565430e-01
-4.363318383693695068e-01
-1.960504412651062012e+00
-1.714515686035156250e+00
-1.475896120071411133e+00
-4.253476262092590332e-01
8.457146286964416504e-01
2.797552943229675293e-01
-4.035899639129638672e-01
-4.920191690325737000e-02
-3.961043059825897217e-01
3.814808130264282227e-01
-4.777211844921112061e-01
-1.555137872695922852e+00
1.464366465806961060e-01
-2.449779033660888672e+00
3.094383478164672852e-01
3.073576986789703369e-01
-6.365584731101989746e-01
-5.123820304870605469e-01
-1.068251252174377441e+00
1.448072642087936401e-01
2.612379074096679688e+00
4.065188467502593994e-01
-3.248037695884704590e-01
1.190505743026733398e+00
4.600923657417297363e-01
2.054038047790527344e-01
2.090853691101074219e+00
-1.212243199348449707e+00
-1.199734807014465332e-01
-6.456512808799743652e-01
6.163599491119384766e-01
5.561479926109313965e-01
-6.372033357620239258e-01
6.381632685661315918e-01
2.876759767532348633e-01
-1.437753915786743164e+00
3.607796430587768555e-01
1.995099782943725586e-01
-1.902488708496093750e+00
-1.477168321609497070e+00
-1.343399405479431152e+00
-7.830774784088134766e-01
5.970228910446166992e-01
