-6.838271021842956543e-01
-6.922618299722671509e-02
-4.271712303161621094e-01
-1.705216050148010254e+00
1.294206380844116211e+00
2.562947988510131836e+00
1.754577875137329102e+00
7.903552055358886719e-01
1.217681646347045898e+00
-1.390231609344482422e+00
5.573558211326599121e-01
3.883519172668457031e-01
5.712023377418518066e-01
6.796424388885498047e-01
-7.293879985809326172e-01
2.048968553543090820e+00
1.192919135093688965e+00
2.001089155673980713e-01
-1.112969636917114258e+00
1.279147267341613770e-01
-4.088254570960998535e-01
-1.166701540350914001e-01
-3.126412034034729004e-01
-5.068771243095397949e-01
-8.842932432889938354e-02
7.728360593318939209e-02
2.730393171310424805e+00
3.280793726444244385e-01
6.504427790641784668e-01
2.197561264038085938e+00
3.498933911323547363e-01
-2.654069900512695312e+00
-9.855867624282836914e-01
1.167378783226013184e+00
-1.457820892333984375e+00
-7.011331319808959961e-01
5.482472479343414307e-02
2.999483942985534668e-01
-2.508131027221679688e+00
-8.411006927490234375e-01
1.061527609825134277e+00
7.647969573736190796e-02
1.475825786590576172e+00
1.662278532981872559e+00
-6.980499625205993652e-01
-1.006885647773742676e+00
-4.500366747379302979e-01
3.051026821136474609e+00
6.425218582153320312e-01
1.768023520708084106e-01
8.540054559707641602e-01
-1.868061304092407227e+00
-1.107084751129150391e-01
1.617763638496398926e+00
2.205909490585327148e-01
9.710167050361633301e-01
1.413823843002319336e+00
3.826693892478942871e-01
-1.344837069511413574e+00
8.722431659698486328e-01
1.042174696922302246e+00
-5.254080295562744141e-01
-9.422862529754638672e-02
4.933804869651794434e-01
1.503103971481323242e+00
-1.539193987846374512e+00
-1.298266947269439697e-01
4.454727470874786377e-02
-2.624694824218750000e+00
6.366422772407531738e-01
3.418366312980651855e-01
1.429579704999923706e-01
4.168511033058166504e-01
-1.746754944324493408e-01
4.947419464588165283e-01
-2.098314523696899414e+00
-6.804156303405761719e-02
-2.158859968185424805e+00
2.454672008752822876e-01
-1.699901819229125977e+00
-4.949194788932800293e-01
-9.374044537544250488e-01
-1.246748685836791992e+00
4.139731228351593018e-01
1.366374850273132324e+00
1.849941462278366089e-01
-6.772873997688293457e-01
-1.082580566406250000e+00
5.937336012721061707e-02
-1.008509755134582520e+00
5.221936702728271484e-01
-5.016779899597167969e+00
-2.482395172119140625e+00
3.142886161804199219e-01
1.585983633995056152e+00
7.103624939918518066e-01
5.730883479118347168e-01
-1.008019328117370605e+00
-1.139949679374694824e+00
2.488048553466796875e+00
-7.913196682929992676e-01
7.322365641593933105e-01
8.753495812416076660e-01
-2.453339576721191406e+00
3.053551316261291504e-01
1.129125475883483887e+00
-8.928942084312438965e-01
1.293406248092651367e+00
2.079261064529418945e+00
1.720705151557922363e+00
1.878274530172348022e-01
-2.010381937026977539e+00
-2.141566276550292969e+00
-1.090013265609741211e+00
-2.900868356227874756e-01
1.079224705696105957e+00
9.287011027336120605e-01
3.005512356758117676e-01
-6.118303537368774414e-01
-4.099186062812805176e-01
5.627362132072448730e-01
-2.361856222152709961e+00
7.355514764785766602e-01
-8.002068400382995605e-01
2.284872233867645264e-01
-1.053932547569274902e+00
-2.257877774536609650e-02
-4.109751060605049133e-02
