-1.875471949577331543e+00
-5.756424665451049805e-01
-7.171008586883544922e-01
-2.256962843239307404e-02
-8.135684728622436523e-01
-7.866502404212951660e-01
7.626007199287414551e-01
-2.140575170516967773e+00
-2.110106498003005981e-01
1.749508231878280640e-01
-1.172364279627799988e-01
7.960564494132995605e-01
5.499274730682373047e-01
6.611282825469970703e-01
1.676151514053344727e+00
2.186006784439086914e+00
1.921898722648620605e-01
4.831365942955017090e-01
-9.897926449775695801e-02
4.405536651611328125e-01
1.353539228439331055e+00
6.006366014480590820e-01
1.458379328250885010e-01
1.732300519943237305e+00
-6.486831307411193848e-01
-3.764883279800415039e-01
-8.151319622993469238e-01
-9.192318320274353027e-01
5.138342380523681641e-01
6.781453490257263184e-01
-1.658539414405822754e+00
6.235580444335937500e-01
5.286901593208312988e-01
3.053974211215972900e-01
-1.675652384757995605e+00
7.967392802238464355e-01
6.127198338508605957e-01
2.985962629318237305e-01
-4.548737704753875732e-01
3.693626821041107178e-01
-7.991951704025268555e-01
1.343311667442321777e+00
1.732717633247375488e+00
-9.059028029441833496e-01
-7.941516041755676270e-01
2.822372198104858398e+00
-8.388639986515045166e-02
-2.775959372520446777e-01
2.567745149135589600e-01
7.291671633720397949e-02
-1.972824335098266602e+00
-7.419086694717407227e-01
2.703174829483032227e+00
-1.535585761070251465e+00
-2.919686771929264069e-02
7.482665181159973145e-01
1.955161839723587036e-01
5.234501957893371582e-01
1.158698916435241699e+00
8.357635140419006348e-01
-1.760728955268859863e+00
2.377071857452392578e+00
1.806019246578216553e-01
-2.176985293626785278e-01
-1.160258650779724121e-01
-2.014448642730712891e+00
-1.307749390602111816e+00
1.554840207099914551e+00
1.161741614341735840e+00
4.556149244308471680e-01
-2.977529764175415039e-01
-2.219288498163223267e-01
3.692667782306671143e-01
1.080473065376281738e+00
-3.238592743873596191e-01
-1.596423387527465820e+00
-1.520831286907196045e-01
-3.979264199733734131e-01
-1.264740377664566040e-01
-4.712898284196853638e-02
1.266317129135131836e+00
-2.656811237335205078e+00
6.342733651399612427e-02
-5.034350752830505371e-01
-7.628394365310668945e-01
-4.136451482772827148e-01
-6.702220439910888672e-01
-7.054523825645446777e-01
7.827593088150024414e-01
-1.701737493276596069e-01
1.514454245567321777e+00
7.758436799049377441e-01
1.420793294906616211e+00
1.097656011581420898e+00
1.763369143009185791e-01
1.312981367111206055e+00
-1.171818017959594727e+00
-1.281993269920349121e+00
-7.680501937866210938e-01
6.258100271224975586e-01
1.815090030431747437e-01
3.892113566398620605e-01
6.929382085800170898e-01
-4.680259525775909424e-01
-5.576077103614807129e-01
-3.828772604465484619e-01
6.846824288368225098e-01
-8.731824755668640137e-01
7.716023325920104980e-01
3.045393526554107666e-01
-1.961688995361328125e+00
7.963147163391113281e-01
-7.766968607902526855e-01
-6.831144690513610840e-01
3.041560053825378418e-01
-4.960166513919830322e-01
1.075529932975769043e+00
-1.295996785163879395e+00
3.853959739208221436e-01
-8.158526420593261719e-01
-3.372719764709472656e+00
-3.688878417015075684e-01
1.148594141006469727e+00
-2.462431937456130981e-01
-1.581862330436706543e+00
-1.421966671943664551e+00
-1.883872896432876587e-01
1.389577627182006836e+00
