-1.183951020240783691e+00
7.236335873603820801e-01
-8.624374866485595703e-01
1.101548075675964355e-01
-9.693231582641601562e-01
-1.204228401184082031e+00
6.691746711730957031e-01
6.718611121177673340e-01
3.163756847381591797e+00
-1.096191644668579102e+00
-2.785930335521697998e-01
1.266449928283691406e+00
-4.533260762691497803e-01
1.066176891326904297e+00
-6.286037564277648926e-01
-8.940904736518859863e-01
-9.102917313575744629e-01
4.562796354293823242e-01
-1.860697418451309204e-01
-3.231577873229980469e-01
1.985616445541381836e+00
-1.242106199264526367e+00
5.451484918594360352e-01
3.061062395572662354e-01
-1.753237128257751465e+00
7.564493417739868164e-01
-2.565829455852508545e-01
-1.423953294754028320e+00
1.853182911872863770e-01
3.001334965229034424e-01
1.918917179107666016e+00
-2.734302282333374023e+00
-9.902851581573486328e-01
1.048197865486145020e+00
-4.533547759056091309e-01
-5.196139216423034668e-01
-7.110152393579483032e-02
-1.509221792221069336e+00
-1.105213463306427002e-01
-3.117330074310302734e-01
1.293761372566223145e+00
8.873844742774963379e-01
5.710383653640747070e-01
-2.883515655994415283e-01
-3.790095448493957520e-01
3.416602909564971924e-01
-4.713820666074752808e-02
9.315983951091766357e-02
3.296381235122680664e-01
2.974665403366088867e+00
1.939035058021545410e+00
1.031696915626525879e+00
4.034919440746307373e-01
4.150858819484710693e-01
3.986597657203674316e-01
3.417595863342285156e+00
2.645825445652008057e-01
-2.400501668453216553e-01
-2.692174911499023438e-01
-9.373257756233215332e-01
-4.631662666797637939e-01
-3.425016105175018311e-01
-2.070593595504760742e+00
1.218142151832580566e+00
1.789097785949707031e-01
-1.018700599670410156e+00
-1.381641030311584473e+00
1.751883983612060547e+00
2.241773128509521484e+00
9.869031310081481934e-01
7.048205137252807617e-01
1.124359846115112305e+00
5.606191158294677734e-01
7.058762013912200928e-02
-1.668396711349487305e+00
-1.571908235549926758e+00
-6.706342697143554688e-01
-1.045289993286132812e+00
3.347479403018951416e-01
-1.796857714653015137e+00
2.595698833465576172e+00
-5.177195668220520020e-01
2.339423656463623047e+00
-3.574083745479583740e-01
6.968731284141540527e-01
-9.188076853752136230e-02
7.507898807525634766e-01
-8.848791122436523438e-01
-2.359751053154468536e-02
1.529616713523864746e-01
-1.696019053459167480e+00
-2.751314401626586914e+00
-1.389509797096252441e+00
3.503407239913940430e-01
-7.927666902542114258e-01
-1.583217859268188477e+00
-3.064240217208862305e-01
4.903338383883237839e-03
1.201523661613464355e+00
2.127599954605102539e+00
-2.839865684509277344e-01
-5.361462235450744629e-01
1.118866801261901855e+00
1.442614197731018066e+00
1.832935452461242676e+00
1.832938753068447113e-02
-1.521698236465454102e-01
-1.703262567520141602e+00
1.114760518074035645e+00
-3.589009523391723633e+00
-2.058173179626464844e+00
5.036044716835021973e-01
1.244647264480590820e+00
-2.475311458110809326e-01
1.068322658538818359e+00
1.287495136260986328e+00
2.307650566101074219e+00
1.019631624221801758e+00
-1.199582457542419434e+00
-2.542033195495605469e+00
3.406708240509033203e-01
5.407825708389282227e-01
-1.809466481208801270e+00
-1.413138031959533691e+00
-7.115433365106582642e-02
2.829897999763488770e-01
-2.479094505310058594e+00
-2.637919425964355469e+00
