2.558146953582763672e+00
-1.363749951124191284e-01
5.564878135919570923e-02
-3.650922477245330811e-01
2.910985946655273438e+00
9.022188782691955566e-01
1.600014448165893555e+00
-5.993989109992980957e-01
-6.553882360458374023e-01
-1.100531816482543945e+00
-7.204931229352951050e-02
1.512052297592163086e+00
-3.854892253875732422e-01
-2.950464248657226562e+00
-1.545630693435668945e+00
-2.481317669153213501e-01
-1.856395155191421509e-01
7.441437840461730957e-01
1.299509882926940918e+00
-4.490688741207122803e-01
-2.898008227348327637e-01
9.891782402992248535e-01
5.939950346946716309e-01
4.163488745689392090e-01
-8.877784013748168945e-01
-8.685355782508850098e-01
-1.524421215057373047e+00
-1.355592131614685059e+00
2.112243413925170898e+00
1.201983809471130371e+00
4.043198525905609131e-01
-1.105645656585693359e+00
-1.629287004470825195e+00
-4.731574058532714844e-01
2.021906226873397827e-01
3.311841189861297607e-01
1.277389407157897949e+00
3.700971007347106934e-01
1.225715875625610352e+00
1.114166378974914551e-01
8.930326700210571289e-01
-1.307381987571716309e+00
1.803140521049499512e+00
-5.876731276512145996e-01
-3.074966184794902802e-02
-1.072216272354125977e+00
1.094583153724670410e+00
9.136731624603271484e-01
-1.921596676111221313e-01
-8.300108909606933594e-01
-1.301168084144592285e+00
-4.157839715480804443e-01
5.099194049835205078e-01
3.008991181850433350e-01
-2.260529696941375732e-01
2.217661619186401367e+00
-2.780704759061336517e-02
8.847994804382324219e-01
-1.335728526115417480e+00
-4.165129363536834717e-01
-7.988129258155822754e-01
9.891320466995239258e-01
7.992917299270629883e-01
-8.333346843719482422e-01
-1.317913055419921875e+00
-4.570052921772003174e-01
4.642970860004425049e-01
6.710726767778396606e-02
-1.055471420288085938e+00
-1.068152666091918945e+00
-5.460599064826965332e-01
-1.169244527816772461e+00
7.516883015632629395e-01
1.375618100166320801e+00
-4.680086970329284668e-01
-7.336762547492980957e-02
-6.915933489799499512e-01
6.410124897956848145e-01
-2.536023616790771484e+00
1.710334718227386475e-01
6.828596591949462891e-01
1.398525238037109375e+00
-4.258050024509429932e-02
3.204588294029235840e-01
-8.197091817855834961e-01
-5.375940799713134766e-01
-1.090640902519226074e+00
-9.130505919456481934e-01
-1.050084158778190613e-01
-9.736881852149963379e-01
-2.890159785747528076e-01
1.628347277641296387e+00
6.639111638069152832e-01
1.212687730789184570e+00
8.234452605247497559e-01
-2.911739349365234375e-01
-8.781236410140991211e-02
-2.139402627944946289e+00
-2.245666533708572388e-01
-3.687410056591033936e-02
-5.348926782608032227e-01
1.760664224624633789e+00
1.625678658485412598e+00
7.427371144294738770e-01
-1.740424513816833496e+00
-4.358955323696136475e-01
-4.902096092700958252e-01
-1.834460377693176270e+00
5.608479380607604980e-01
-4.508464336395263672e-01
-1.851788043975830078e+00
2.065083682537078857e-01
2.374669313430786133e+00
6.530919075012207031e-01
5.228099226951599121e-02
-1.664908170700073242e+00
-4.254146292805671692e-02
-1.352836012840270996e+00
-1.510647416114807129e+00
1.574406981468200684e+00
1.669906377792358398e+00
3.487862050533294678e-01
1.640436291694641113e+00
5.846836604177951813e-03
-1.131178379058837891e+00
-3.941462039947509766e-01
-2.127616405487060547e+00
1.159842133522033691e+00
