3.974321782588958740e-01
-3.676324784755706787e-01
3.259345293045043945e-01
4.519030451774597168e-01
-7.645785212516784668e-01
1.704120635986328125e+00
-8.309993743896484375e-01
-1.096622705459594727e+00
1.385892152786254883e+00
-1.698964953422546387e+00
1.748866677284240723e+00
2.018931627273559570e+00
6.355687379837036133e-01
-7.950296401977539062e-01
1.862588524818420410e-01
-3.669525384902954102e-01
-2.987036406993865967e-01
-2.303535491228103638e-01
1.770431846380233765e-01
4.188092052936553955e-01
-6.189973354339599609e-01
8.198664784431457520e-01
1.508104324340820312e+00
-7.274055480957031250e-01
-2.499280452728271484e+00
1.238243579864501953e+00
2.510240115225315094e-02
-5.546262264251708984e-01
1.207016110420227051e+00
3.304049968719482422e-01
1.441825509071350098e+00
3.677935525774955750e-02
-4.781558811664581299e-01
-1.364051938056945801e+00
1.239966392517089844e+00
6.174321174621582031e-01
2.457701712846755981e-01
1.371250510215759277e+00
6.866012811660766602e-01
-1.035212993621826172e+00
-1.697207808494567871e+00
1.010312326252460480e-02
1.264848709106445312e+00
-5.780388712882995605e-01
-1.371122002601623535e-01
8.968557715415954590e-01
1.555374264717102051e+00
3.298114240169525146e-01
-1.071448326110839844e+00
7.635606527328491211e-01
-2.540576219558715820e+00
-1.115056872367858887e+00
4.561126232147216797e-03
-8.499897122383117676e-01
6.935876607894897461e-01
8.736962080001831055e-01
-2.655460596084594727e+00
-2.015721559524536133e+00
1.332809448242187500e+00
3.604037314653396606e-02
-2.550700187683105469e+00
1.469097495079040527e+00
-2.046235799789428711e+00
-1.144182801246643066e+00
9.849435091018676758e-01
6.644893884658813477e-01
3.115448057651519775e-01
4.839004576206207275e-01
-4.946623444557189941e-01
-1.803855419158935547e+00
6.633634567260742188e-01
-6.292327642440795898e-01
2.658181428909301758e+00
8.576329946517944336e-01
-9.468337297439575195e-01
-1.824415802955627441e+00
-1.918477416038513184e+00
2.249781787395477295e-01
1.265302538871765137e+00
-1.100620031356811523e+00
-9.532537311315536499e-03
-1.203447818756103516e+00
1.751957535743713379e+00
-7.526302933692932129e-01
2.394580125808715820e+00
1.138922452926635742e+00
5.364297032356262207e-01
-2.137879133224487305e+00
1.184221506118774414e+00
1.486984789371490479e-01
1.006119728088378906e+00
9.662647247314453125e-01
-2.306067228317260742e+00
1.714832067489624023e+00
1.053891897201538086e+00
-1.950990408658981323e-01
8.181173205375671387e-01
-2.855546951293945312e+00
-3.821016252040863037e-01
7.816958427429199219e-01
-2.301879167556762695e+00
-2.071062624454498291e-01
1.327041983604431152e+00
1.057584524154663086e+00
1.330974102020263672e+00
5.780771374702453613e-01
-5.669851303100585938e-01
-1.655877709388732910e+00
1.067710995674133301e+00
-1.200516074895858765e-01
-3.685593605041503906e-01
2.967651844024658203e+00
3.440246880054473877e-01
5.707194656133651733e-02
-2.004665613174438477e+00
-6.093742251396179199e-01
-6.775684952735900879e-01
-5.700660347938537598e-01
-1.008898735046386719e+00
4.333118796348571777e-01
3.441384136676788330e-01
-1.684780836105346680e+00
-1.651792883872985840e+00
-1.428508281707763672e+00
-1.229033768177032471e-01
1.193651929497718811e-01
8.113357424736022949e-01
1.604217052459716797e+00
