1.206747293472290039e+00
5.277720093727111816e-01
-9.120432138442993164e-01
-1.498272176831960678e-03
1.226604580879211426e+00
1.310147643089294434e+00
3.269932568073272705e-01
-7.248528003692626953e-01
-1.667592406272888184e+00
-1.217424750328063965e+00
2.301013708114624023e+00
1.529580593109130859e+00
2.758763074874877930e+00
-2.405308634042739868e-01
-4.676438271999359131e-01
-2.013516664505004883e+00
-1.013844013214111328e+00
7.864714264869689941e-01
2.558959245681762695e+00
-8.264212608337402344e-01
-3.470399081707000732e-01
-1.006721973419189453e+00
1.258161105215549469e-02
3.552277088165283203e-01
-1.917416810989379883e+00
-6.816846132278442383e-01
-1.245698407292366028e-01
1.185607433319091797e+00
3.509625434875488281e+00
2.406813621520996094e+00
-6.630241870880126953e-01
-1.217395901679992676e+00
5.098543167114257812e-01
-1.232120156288146973e+00
1.122174143791198730e+00
2.043551445007324219e+00
3.996251150965690613e-02
-1.127541184425354004e+00
-2.637442052364349365e-01
-8.096541166305541992e-01
-1.806949138641357422e+00
1.066552042961120605e+00
6.716604232788085938e-01
2.508579492568969727e-01
-1.627089977264404297e+00
-4.504088461399078369e-01
3.976042866706848145e-01
8.730146288871765137e-01
-1.483466148376464844e+00
1.954850912094116211e+00
-1.426428556442260742e+00
6.880486607551574707e-01
-1.911863237619400024e-01
-1.612649679183959961e+00
4.534546136856079102e-01
-4.677793085575103760e-01
-1.268460154533386230e+00
-2.765966057777404785e-01
-1.504287570714950562e-01
8.682879209518432617e-01
-1.008537650108337402e+00
3.086672067642211914e+00
-1.439351320266723633e+00
-1.253495365381240845e-01
8.618815541267395020e-01
-9.609818458557128906e-01
-3.528836369514465332e-01
4.316987842321395874e-02
-6.246477365493774414e-01
-5.181025266647338867e-01
6.538251042366027832e-01
-1.205564618110656738e+00
1.049511432647705078e+00
2.502366542816162109e+00
-1.507629156112670898e-01
-4.327939748764038086e-01
1.128600314259529114e-01
1.808619499206542969e-01
6.488636136054992676e-01
-8.333428502082824707e-01
-2.116282135248184204e-01
4.592674970626831055e-02
7.325841486454010010e-02
-1.299747467041015625e+00
1.888379752635955811e-01
9.245953559875488281e-01
6.385639905929565430e-01
-8.022359609603881836e-01
3.932676017284393311e-01
-6.554072499275207520e-01
-4.559175670146942139e-01
2.723734080791473389e-01
-1.227960944175720215e+00
1.039613932371139526e-01
8.655586242675781250e-01
1.025850057601928711e+00
2.694547772407531738e-01
-8.826131224632263184e-01
-2.418269157409667969e+00
3.637571036815643311e-01
-1.458297729492187500e+00
-1.284264802932739258e+00
1.096367478370666504e+00
1.651385188102722168e+00
-2.234422445297241211e+00
7.166994810104370117e-01
-1.620831489562988281e+00
-8.145934939384460449e-01
1.369028806686401367e+00
-5.446072220802307129e-01
-1.814696937799453735e-01
3.707932949066162109e+00
-5.359560847282409668e-01
-6.496030688285827637e-01
-7.714759707450866699e-01
-9.907634258270263672e-01
1.228089928627014160e+00
-1.145398497581481934e+00
-1.539151549339294434e+00
3.181857764720916748e-01
-2.080694437026977539e-01
-2.199013084173202515e-01
-1.017676353454589844e+00
5.837075114250183105e-01
-8.473927378654479980e-01
-4.666937589645385742e-01
7.882601618766784668e-01
1.880263805389404297e+00
