-5.819904208183288574e-01
3.164333701133728027e-01
2.561561167240142822e-01
-3.343101739883422852e+00
-8.692958950996398926e-01
3.621200025081634521e-01
-2.232441753149032593e-01
1.475263237953186035e+00
6.660322099924087524e-02
-2.668234705924987793e-01
1.618948936462402344e+00
-5.939453840255737305e-01
7.104831933975219727e-01
1.365089058876037598e+00
-3.676208853721618652e-01
3.210791587829589844e+00
-2.046267539262771606e-01
-1.524922251701354980e-01
-5.270778015255928040e-02
8.223457932472229004e-01
-2.369453944265842438e-02
-7.947105169296264648e-02
6.554034948348999023e-01
9.776788353919982910e-01
-7.563984990119934082e-01
-1.100527524948120117e+00
-1.051290631294250488e+00
-2.464728355407714844e-01
9.512475132942199707e-02
2.122980594635009766e+00
-2.539708614349365234e+00
-4.204339981079101562e+00
-4.694145321846008301e-01
-3.185158669948577881e-01
-5.538538098335266113e-01
-1.324239850044250488e+00
-1.928053379058837891e+00
-3.932451307773590088e-01
8.951190859079360962e-02
-8.324701339006423950e-02
2.005348652601242065e-01
7.676732540130615234e-01
1.725262522697448730e+00
1.197452664375305176e+00
1.174261122941970825e-01
7.829938530921936035e-01
-9.501803666353225708e-02
2.531290292739868164e+00
3.035948038101196289e+00
3.348025679588317871e-01
3.639505803585052490e-02
-1.017684102058410645e+00
1.139022827148437500e+00
-6.553435325622558594e-01
9.509645104408264160e-01
-2.012941986322402954e-01
1.085331320762634277e+00
6.205804944038391113e-01
5.026887059211730957e-01
6.308932900428771973e-01
2.463845461606979370e-01
1.122179388999938965e+00
-1.709848493337631226e-01
1.443021655082702637e+00
6.447350382804870605e-01
-1.252678632736206055e+00
2.324300706386566162e-01
-1.199929356575012207e+00
-1.967582255601882935e-01
1.091358184814453125e+00
6.842154264450073242e-01
-1.435199379920959473e+00
1.415011405944824219e+00
-7.113329768180847168e-01
-1.374612927436828613e+00
-1.053862929344177246e+00
2.602398581802845001e-02
-1.019440650939941406e+00
5.658808946609497070e-01
-3.416338205337524414e+00
-3.800475001335144043e-01
-1.567819118499755859e+00
-1.203650593757629395e+00
-8.432935476303100586e-01
-1.075492501258850098e-01
1.710869967937469482e-01
-9.522159099578857422e-01
3.237977623939514160e-01
-5.207340717315673828e-01
1.384440898895263672e+00
2.132586389780044556e-01
-1.083434104919433594e+00
-1.260762453079223633e+00
7.224378585815429688e-01
1.500841259956359863e+00
-2.306836694478988647e-01
1.928597807884216309e+00
1.010675072669982910e+00
-1.106720685958862305e+00
2.528374791145324707e-01
2.865884065628051758e+00
1.314583897590637207e+00
1.182884573936462402e+00
-1.232860051095485687e-02
2.667527794837951660e-01
1.981850266456604004e-01
2.061281725764274597e-02
3.348520696163177490e-01
-3.434673184528946877e-03
-1.361849188804626465e+00
-1.957012861967086792e-01
7.877242565155029297e-01
-1.567710638046264648e+00
-1.243199586868286133e+00
2.508807659149169922e+00
-1.232423186302185059e+00
3.986687958240509033e-01
-1.729646474123001099e-01
-7.823194265365600586e-01
-1.047807097434997559e+00
1.170969128608703613e+00
-2.643044292926788330e-01
-4.283153712749481201e-01
-8.414891362190246582e-01
-3.286837041378021240e-01
-1.154166340827941895e+00
-1.169841960072517395e-01
-1.042564392089843750e+00
