2.307411909103393555e+00
-5.646825209259986877e-02
7.601360082626342773e-01
2.823370695114135742e-01
5.154488682746887207e-01
-7.008164376020431519e-02
-6.072882413864135742e-01
-3.643552958965301514e-02
-8.671905994415283203e-01
-6.456543803215026855e-01
-2.095506906509399414e+00
-1.976106643676757812e+00
-7.224304080009460449e-01
-2.395922183990478516e+00
1.380169034004211426e+00
-1.023219704627990723e+00
6.383353471755981445e-01
1.616201400756835938e+00
-2.093636512756347656e+00
5.774103403091430664e-01
1.006933331489562988e+00
-1.528249144554138184e+00
-6.645569205284118652e-01
2.280876487493515015e-01
1.345285415649414062e+00
1.804265379905700684e-01
-4.754923582077026367e-01
-1.508556962013244629e+00
1.763428688049316406e+00
4.068686068058013916e-01
1.777967810630798340e+00
-7.514745593070983887e-01
-1.619520664215087891e+00
-1.207278847694396973e+00
1.943669676780700684e+00
-1.199132949113845825e-01
7.061784714460372925e-02
-3.477053046226501465e-01
1.493535935878753662e-01
-1.276575446128845215e+00
2.588989973068237305e+00
-5.756398290395736694e-02
1.709165573120117188e+00
7.884989976882934570e-01
-1.440977007150650024e-01
-2.211787998676300049e-01
1.219181895256042480e+00
7.075855135917663574e-01
-8.885622024536132812e-01
8.006100654602050781e-01
-1.174241662025451660e+00
-3.621649503707885742e+00
-7.293055057525634766e-01
2.395866394042968750e+00
5.115600824356079102e-01
1.255162358283996582e-01
1.763659358024597168e+00
1.052361488342285156e+00
1.920380353927612305e+00
2.130024433135986328e+00
-8.769870549440383911e-02
-2.604000806808471680e+00
-1.220204830169677734e+00
1.768505096435546875e+00
4.493268430233001709e-01
8.114977739751338959e-03
1.820120662450790405e-01
1.850672483444213867e+00
-1.551479578018188477e+00
9.918686747550964355e-01
5.101207494735717773e-01
-3.482069075107574463e-01
-5.718956589698791504e-01
7.103667855262756348e-01
-1.055685520172119141e+00
-2.828027606010437012e-01
-6.496814489364624023e-01
2.551669180393218994e-01
-1.320472002029418945e+00
-1.196749091148376465e+00
-4.450692832469940186e-01
-1.592289924621582031e+00
1.029118657112121582e+00
-5.609517693519592285e-01
-8.104443550109863281e-01
7.400107979774475098e-01
-1.471756100654602051e+00
3.096174299716949463e-01
-1.954336643218994141e+00
-6.855736970901489258e-01
3.255896866321563721e-01
1.851192116737365723e+00
-9.420373439788818359e-01
-4.267756938934326172e-01
5.809982419013977051e-01
6.011453270912170410e-01
1.988511323928833008e+00
2.125616371631622314e-01
-4.579309523105621338e-01
1.173724770545959473e+00
8.330585956573486328e-01
5.151470899581909180e-01
-2.771470546722412109e-01
3.409902155399322510e-01
8.737842440605163574e-01
1.262887477874755859e+00
3.433914110064506531e-02
-2.464066743850708008e+00
1.559519648551940918e+00
-1.200743317604064941e+00
2.710277140140533447e-01
3.272297978401184082e-01
-1.272968769073486328e+00
1.064978718757629395e+00
-4.871864914894104004e-01
-5.851060748100280762e-01
1.799818515777587891e+00
-2.093399286270141602e+00
1.093507051467895508e+00
-7.645890712738037109e-01
-4.655613601207733154e-01
2.646581530570983887e-01
-1.599078893661499023e+00
-5.437769889831542969e-01
-1.023455739021301270e+00
-9.052977561950683594e-01
-4.400405287742614746e-01
7.648798227310180664e-01
