9.491854310035705566e-01
-7.375925779342651367e-01
1.819398701190948486e-01
-4.737098515033721924e-02
1.247003898024559021e-01
3.253187894821166992e+00
4.628775715827941895e-01
-6.094412207603454590e-01
2.325549364089965820e+00
-1.871359586715698242e+00
1.096384286880493164e+00
1.876233100891113281e+00
-8.599284291267395020e-01
-2.045609951019287109e+00
1.149946212768554688e+00
6.947766542434692383e-01
-1.743391036987304688e+00
3.944526314735412598e-01
7.896847724914550781e-01
6.039701700210571289e-01
-6.822360157966613770e-01
1.457636594772338867e+00
9.798863530158996582e-01
1.034464091062545776e-01
-7.439267635345458984e-01
-5.262565016746520996e-01
1.065474510192871094e+00
-8.801156282424926758e-01
1.019605398178100586e+00
5.598599556833505630e-03
-5.093397200107574463e-02
-1.787857413291931152e+00
-3.221675455570220947e-01
1.651976943016052246e+00
1.836780309677124023e+00
3.405843973159790039e-01
5.157524347305297852e-01
3.480835556983947754e-01
-2.308912992477416992e+00
-1.174756169319152832e+00
8.306496739387512207e-01
2.229033231735229492e+00
1.674384355545043945e+00
1.145223617553710938e+00
2.725666761398315430e-01
1.430831313133239746e+00
-9.033759236335754395e-01
-1.318337678909301758e+00
2.648131251335144043e-01
1.462665438652038574e+00
-2.970042526721954346e-01
4.488411545753479004e-02
-2.993961051106452942e-02
-2.727556228637695312e+00
1.089082956314086914e+00
-7.459452748298645020e-01
-1.292439937591552734e+00
1.955347061157226562e+00
-5.716997757554054260e-02
-1.191592738032341003e-01
-1.134017229080200195e+00
2.558532238006591797e+00
-1.508059501647949219e+00
-5.487311482429504395e-01
-1.639649868011474609e-01
-1.157470464706420898e+00
1.797286421060562134e-01
-1.843264102935791016e+00
-3.745290040969848633e-01
6.848950386047363281e-01
-1.488426979631185532e-02
-1.751256942749023438e+00
-7.859233021736145020e-01
1.488861560821533203e+00
8.651963472366333008e-01
-7.265258580446243286e-02
-1.471953630447387695e+00
-1.127828359603881836e+00
-8.419951796531677246e-01
-3.338378369808197021e-01
-8.337973356246948242e-01
-1.807963013648986816e+00
4.387567043304443359e-01
-1.076139569282531738e+00
-3.944197893142700195e-01
4.161014854907989502e-01
-1.023626327514648438e+00
9.062914848327636719e-01
-4.134083688259124756e-01
2.047039031982421875e+00
5.121158361434936523e-01
-3.516265749931335449e-01
-2.774042487144470215e-01
1.707220196723937988e+00
-1.869868278503417969e+00
3.604479366913437843e-03
-2.519987106323242188e+00
-7.985417246818542480e-01
1.667220354080200195e+00
-1.166928559541702271e-01
-4.361253082752227783e-01
-1.215888023376464844e+00
-4.736363291740417480e-01
1.965166330337524414e+00
1.935483694076538086e+00
-1.418151974678039551e+00
-3.546431064605712891e-01
-9.815580248832702637e-01
1.121677637100219727e+00
-2.020770311355590820e+00
-1.761664509773254395e+00
1.588612794876098633e+00
8.094601035118103027e-01
1.465378999710083008e+00
5.216884613037109375e-02
1.481915473937988281e+00
9.703388810157775879e-02
-1.441932171583175659e-01
-6.314439177513122559e-01
5.574476122856140137e-01
-1.352133154869079590e+00
2.498967386782169342e-02
-2.484485059976577759e-01
-4.381832778453826904e-01
-7.767865061759948730e-01
1.405672580003738403e-01
1.624404489994049072e-01
-2.055754959583282471e-01
