-6.847700476646423340e-01
-6.702297925949096680e-01
-7.099817991256713867e-01
-1.227340698242187500e-01
-3.438471257686614990e-02
-6.016811728477478027e-01
-1.800331622362136841e-01
-1.665574461221694946e-01
-2.693213462829589844e+00
-1.233700990676879883e+00
1.169079184532165527e+00
-1.559054136276245117e+00
2.259067058563232422e+00
-7.871860861778259277e-01
-5.930755138397216797e-01
-5.641224980354309082e-01
-8.742765188217163086e-01
2.030582427978515625e+00
1.173069477081298828e-01
7.985222339630126953e-01
2.327181339263916016e+00
6.111494451761245728e-02
-1.335323899984359741e-01
1.797080278396606445e+00
1.260007381439208984e+00
8.226798474788665771e-02
-2.283931821584701538e-01
-1.617191910743713379e+00
7.652440667152404785e-02
1.960480690002441406e+00
3.736406862735748291e-01
1.744403004646301270e+00
-8.156771659851074219e-01
1.370286583900451660e+00
-5.507343411445617676e-01
1.553412318229675293e+00
-9.666654467582702637e-01
-4.789773821830749512e-01
-7.767629027366638184e-01
1.588139176368713379e+00
9.674068689346313477e-01
-8.949034810066223145e-01
2.684779644012451172e+00
7.636813819408416748e-02
-3.289977908134460449e-01
-1.226447224617004395e+00
-1.370174527168273926e+00
-9.729804396629333496e-01
8.297396302223205566e-01
3.201871216297149658e-01
-5.904248952865600586e-01
-1.357220858335494995e-01
1.880998373031616211e+00
1.388210296630859375e+00
7.355601787567138672e-01
1.236093714833259583e-01
-2.131700068712234497e-01
-7.974361181259155273e-01
1.053296804428100586e+00
3.084587812423706055e+00
6.831608712673187256e-02
-4.426408410072326660e-01
-5.714141130447387695e-01
-6.184397935867309570e-01
1.342920660972595215e+00
-9.858941435813903809e-01
-2.234531193971633911e-01
4.795923531055450439e-01
-6.876218914985656738e-01
1.150051593780517578e+00
1.131291508674621582e+00
1.260126829147338867e-01
-2.413936853408813477e+00
7.139137983322143555e-01
6.919785737991333008e-01
2.087994962930679321e-01
3.735195994377136230e-01
-6.856359243392944336e-01
6.736383438110351562e-01
-2.977274060249328613e-01
-2.160259336233139038e-01
-2.296122312545776367e+00
6.229788661003112793e-01
1.241487860679626465e+00
1.486660718917846680e+00
-1.290009856224060059e+00
-1.550767868757247925e-01
-3.918033242225646973e-01
3.351745605468750000e-01
-1.340883225202560425e-01
1.389631152153015137e+00
8.421684503555297852e-01
5.066937208175659180e-01
1.080906912684440613e-01
-6.034935116767883301e-01
-1.072788476943969727e+00
-3.559429049491882324e-01
-5.477359294891357422e-01
-8.872838020324707031e-01
4.200247824192047119e-01
1.871817708015441895e+00
2.080661773681640625e+00
-8.070291876792907715e-01
5.790831446647644043e-01
-1.473301649093627930e+00
3.305111825466156006e-01
-9.984308853745460510e-04
-9.868329167366027832e-01
-9.455618858337402344e-01
-6.584777496755123138e-03
9.256539344787597656e-01
5.935500264167785645e-01
-2.165482282638549805e+00
-1.503466606140136719e+00
-1.147986173629760742e+00
-8.776491880416870117e-01
-7.418014407157897949e-01
-9.532199501991271973e-01
-5.923290252685546875e-01
-7.063622474670410156e-01
-6.778137683868408203e-01
-9.114505052566528320e-01
-1.275148749351501465e+00
-7.181345820426940918e-01
-1.287440180778503418e+00
-1.020378351211547852e+00
-1.581109911203384399e-01
4.323337972164154053e-01
