5.687917470932006836e-01
-5.612418055534362793e-01
7.375837564468383789e-01
2.763747274875640869e-01
2.612101078033447266e+00
-2.522385120391845703e+00
-1.262569189071655273e+00
2.992423474788665771e-01
-9.342534542083740234e-01
1.179232716560363770e+00
-6.580911874771118164e-01
2.314552307128906250e+00
8.283445239067077637e-01
-2.360264211893081665e-01
-2.653519392013549805e+00
2.642373740673065186e-01
-2.149429559707641602e+00
1.263110995292663574e+00
5.883105397224426270e-01
1.481197327375411987e-01
-1.346117854118347168e+00
-1.347358465194702148e+00
2.031578063964843750e+00
2.019713163375854492e+00
-1.907434105873107910e+00
2.168537527322769165e-01
2.417050004005432129e-01
-3.318138718605041504e-01
-1.298175573348999023e+00
1.099723815917968750e+00
-7.038738727569580078e-01
6.878960728645324707e-01
1.535337865352630615e-01
4.122477471828460693e-01
-1.067689776420593262e+00
1.341873764991760254e+00
7.083545327186584473e-01
-9.098452925682067871e-01
1.362676739692687988e+00
1.340437382459640503e-01
7.028097510337829590e-01
-5.799757316708564758e-03
1.762580633163452148e+00
-3.481902480125427246e-01
-1.467587113380432129e+00
-1.382033705711364746e+00
-1.342947602272033691e+00
1.259331464767456055e+00
1.130073428153991699e+00
-2.105261087417602539e-01
1.293015003204345703e+00
-2.790394783020019531e+00
1.250161767005920410e+00
-4.930595159530639648e-01
-1.953040510416030884e-01
-1.596322298049926758e+00
-7.065226435661315918e-01
2.224699974060058594e+00
1.583078503608703613e+00
2.059991836547851562e+00
-1.187783703207969666e-01
-8.430885076522827148e-01
2.424360275268554688e+00
3.513723984360694885e-02
-5.100327134132385254e-01
-1.848811805248260498e-01
-1.300780296325683594e+00
-5.789982154965400696e-03
3.600836694240570068e-01
4.283143877983093262e-01
4.939213097095489502e-01
-9.455262124538421631e-02
1.804835557937622070e+00
-7.012353837490081787e-02
-6.254707574844360352e-01
-1.750747203826904297e+00
5.709093809127807617e-01
-3.937566578388214111e-01
3.596303984522819519e-02
-1.291548252105712891e+00
1.365211367607116699e+00
-2.213103771209716797e+00
1.016338348388671875e+00
7.293922901153564453e-01
4.925266206264495850e-01
-7.583210468292236328e-01
4.538415968418121338e-01
6.489951610565185547e-01
1.047786831855773926e+00
1.094440937042236328e+00
-1.216836452484130859e+00
-6.111704111099243164e-01
-6.724936962127685547e-01
1.074446797370910645e+00
9.824368953704833984e-01
-6.101648807525634766e-01
-4.975481629371643066e-01
2.192704826593399048e-01
-1.429201364517211914e+00
4.967383444309234619e-01
-2.035767078399658203e+00
2.863883674144744873e-01
1.375860441476106644e-02
-1.711424827575683594e+00
2.875261604785919189e-01
-2.903402745723724365e-01
-4.306556880474090576e-01
3.318737447261810303e-01
5.466377735137939453e-01
3.922100737690925598e-02
-2.025869131088256836e+00
-3.236787617206573486e-01
-1.088902711868286133e+00
8.862366676330566406e-01
1.784745335578918457e+00
-2.943666279315948486e-01
-4.975160360336303711e-01
-2.923112869262695312e+00
-7.279580831527709961e-01
-7.973628640174865723e-01
9.375072121620178223e-01
-1.371871232986450195e-01
1.929283022880554199e+00
2.091873437166213989e-02
-6.091821789741516113e-01
-1.038969680666923523e-01
-1.216249585151672363e+00
-2.014449834823608398e-01
