7.879505753517150879e-01
-2.217114865779876709e-01
4.879511892795562744e-01
-2.461741268634796143e-01
2.301050662994384766e+00
-1.351958811283111572e-01
1.545577168464660645e+00
1.014742374420166016e+00
-9.597345590591430664e-01
-7.935143709182739258e-01
-4.814070165157318115e-01
3.312840700149536133e+00
1.058902263641357422e+00
1.355963051319122314e-01
9.664091467857360840e-01
3.090680241584777832e-01
-1.298913121223449707e+00
-4.015915095806121826e-01
-3.754181861877441406e-01
1.005491733551025391e+00
-5.751190185546875000e-01
1.172782421112060547e+00
7.389282435178756714e-02
5.733259320259094238e-01
1.666177213191986084e-01
-7.185486704111099243e-02
5.419627428054809570e-01
-3.772929430007934570e+00
1.119684725999832153e-01
-5.740354657173156738e-01
6.914365291595458984e-01
1.520449161529541016e+00
3.197006508708000183e-02
-4.439322948455810547e-01
9.801149964332580566e-01
-8.302627801895141602e-01
2.414945662021636963e-01
6.024743914604187012e-01
-2.043142318725585938e+00
6.576666831970214844e-01
1.103804588317871094e+00
6.300784945487976074e-01
1.514703512191772461e+00
2.298604726791381836e+00
-7.859151363372802734e-01
-1.537773907184600830e-01
-1.413968801498413086e-01
-1.878416091203689575e-01
-1.152778029441833496e+00
-1.182215809822082520e+00
-2.289290726184844971e-01
-9.412038922309875488e-01
-8.419900201261043549e-03
-1.011794954538345337e-01
-5.037962198257446289e-01
-9.431380033493041992e-01
-1.794058799743652344e+00
2.969745635986328125e+00
6.059104204177856445e-01
-1.683302640914916992e+00
-2.194295167922973633e+00
-1.443943083286285400e-01
-5.892849341034889221e-02
-9.238327741622924805e-01
-2.404527664184570312e-01
-1.891223073005676270e+00
5.809485539793968201e-02
4.134571254253387451e-01
-3.311393260955810547e-01
-5.061684250831604004e-01
7.803823947906494141e-01
-1.551259398460388184e+00
2.174753248691558838e-01
3.964229822158813477e-01
-5.128895044326782227e-01
9.736683368682861328e-01
-1.236256122589111328e+00
1.517515033483505249e-01
7.701987028121948242e-02
-2.289381742477416992e+00
-1.408941626548767090e+00
-2.394790500402450562e-01
8.642239570617675781e-01
-3.728741547092795372e-03
1.882860660552978516e+00
-6.614264249801635742e-01
-5.899257659912109375e-01
1.780156418681144714e-02
-1.793673276901245117e+00
-1.212293028831481934e+00
1.475296020507812500e+00
1.059762090444564819e-01
-1.999389648437500000e+00
8.632555007934570312e-01
-2.164534091949462891e+00
8.012651205062866211e-01
3.604851067066192627e-01
-1.407307505607604980e+00
1.066393494606018066e+00
-1.369146466255187988e+00
8.573099225759506226e-02
1.143370628356933594e+00
-7.272664308547973633e-01
1.436643123626708984e+00
1.430745422840118408e-01
-1.343114852905273438e+00
-1.622784018516540527e+00
-1.867405772209167480e+00
2.475428819656372070e+00
-1.513935923576354980e+00
4.191143810749053955e-01
-3.817124962806701660e-01
2.475805521011352539e+00
1.154733657836914062e+00
1.446916699409484863e+00
-1.665962576866149902e+00
8.676988631486892700e-02
-6.966056823730468750e-01
-3.281872570514678955e-01
6.090150475502014160e-01
1.983535170555114746e+00
-2.991971075534820557e-01
1.322833657264709473e+00
1.840655565261840820e+00
-8.551344275474548340e-01
1.030695796012878418e+00
-6.387789249420166016e-01
6.994957923889160156e-01
