-3.168574333190917969e+00
-1.596204876899719238e+00
-2.257857024669647217e-01
3.040577769279479980e-01
8.716975450515747070e-01
-9.554678797721862793e-01
1.418044090270996094e+00
-5.724636912345886230e-01
1.738267093896865845e-01
1.147943362593650818e-01
2.133924007415771484e+00
4.355724155902862549e-01
-1.375477015972137451e-01
-8.714191615581512451e-03
3.249998986721038818e-01
1.308141708374023438e+00
1.507202863693237305e+00
4.855781793594360352e-01
1.623512059450149536e-01
-5.358647108078002930e-01
-6.101425290107727051e-01
-1.425091266632080078e+00
-2.127322405576705933e-01
1.956314921379089355e+00
-2.528975486755371094e+00
-8.387875556945800781e-02
5.490142107009887695e-01
-3.746549785137176514e-01
4.890377521514892578e-01
7.419446706771850586e-01
-2.355871677398681641e+00
7.542650103569030762e-01
5.659842491149902344e-01
7.329961061477661133e-01
-1.762868762016296387e+00
2.526448249816894531e+00
-9.601008892059326172e-01
-6.912419795989990234e-01
5.453185439109802246e-01
2.662489935755729675e-02
-2.277349710464477539e+00
-8.697984218597412109e-01
1.891327738761901855e+00
1.768434166908264160e+00
-1.438610553741455078e+00
1.196981191635131836e+00
-1.325852036476135254e+00
-9.047282338142395020e-01
-2.997382402420043945e+00
-4.271116852760314941e-01
1.091969728469848633e+00
-8.934188485145568848e-01
9.896541833877563477e-01
-1.367868065834045410e+00
-1.083173900842666626e-01
-1.407601088285446167e-01
-1.499214529991149902e+00
2.293256759643554688e+00
3.895230889320373535e-01
6.735260486602783203e-01
1.133054345846176147e-01
3.095092475414276123e-01
5.689725279808044434e-01
-1.099961042404174805e+00
4.790779650211334229e-01
-9.869093298912048340e-01
-5.229123234748840332e-01
1.036881923675537109e+00
-1.456280648708343506e-01
5.903845429420471191e-01
-8.318692445755004883e-01
-4.064526557922363281e-01
4.272055625915527344e-01
7.761376500129699707e-01
4.522925019264221191e-01
-2.282468080520629883e+00
1.404504179954528809e+00
9.125611186027526855e-02
8.752197027206420898e-01
-5.867393612861633301e-01
1.027136683464050293e+00
-9.739453792572021484e-01
1.768487811088562012e+00
1.579791754484176636e-01
5.694332718849182129e-01
9.819564819335937500e-01
9.623021483421325684e-01
7.475142925977706909e-02
9.272695183753967285e-01
4.372817873954772949e-01
1.110768437385559082e+00
2.192558050155639648e-01
-4.758343696594238281e-01
1.359690308570861816e+00
-7.122675180435180664e-01
1.037996053695678711e+00
-1.617133498191833496e+00
6.015177965164184570e-01
-1.262746095657348633e+00
5.468778014183044434e-01
-8.414678573608398438e-01
1.015430569648742676e+00
6.600432395935058594e-01
-3.209141492843627930e-01
8.095039129257202148e-01
1.154015064239501953e+00
3.176931142807006836e-01
-9.525892138481140137e-02
4.142160713672637939e-01
5.294448137283325195e-01
-2.293162107467651367e+00
1.204120516777038574e+00
8.421123623847961426e-01
-1.147882938385009766e-01
6.685407161712646484e-01
-1.011356234550476074e+00
2.259624242782592773e+00
-2.108714342117309570e+00
-2.662986040115356445e+00
-7.166913747787475586e-01
-1.325478196144104004e+00
1.248627379536628723e-01
-2.068441957235336304e-01
-1.899933576583862305e+00
-8.240761756896972656e-01
-1.783111929893493652e+00
3.924674689769744873e-01
-3.179801106452941895e-01
