-5.940181612968444824e-01
-4.549945592880249023e-01
-5.671238303184509277e-01
-1.668915711343288422e-02
7.073635458946228027e-01
-1.157961487770080566e-01
5.610591173171997070e-01
1.981198787689208984e+00
2.084729194641113281e+00
-3.723730742931365967e-01
-1.051831603050231934e+00
-2.952263057231903076e-01
2.331169366836547852e+00
-1.349982023239135742e+00
1.514117479324340820e+00
-4.029426872730255127e-01
-6.194018125534057617e-01
4.386208951473236084e-01
4.198857059236615896e-04
7.592081427574157715e-01
1.620459437370300293e+00
-1.781352877616882324e+00
2.617354393005371094e-01
7.729764580726623535e-01
-9.690110683441162109e-01
9.973036646842956543e-01
-1.251178026199340820e+00
-1.937247872352600098e+00
-2.260223150253295898e+00
1.094841957092285156e+00
1.196244239807128906e+00
-1.423380821943283081e-01
1.046315655112266541e-01
-2.034446690231561661e-03
-9.179185032844543457e-01
5.838757753372192383e-02
-2.324947118759155273e-01
-6.478785872459411621e-01
-1.347357630729675293e+00
1.049354910850524902e+00
-9.832214713096618652e-01
-1.638919562101364136e-01
1.399012327194213867e+00
1.092770814895629883e+00
1.219600081443786621e+00
1.153584718704223633e+00
-3.430729806423187256e-01
-9.802905321121215820e-01
8.520117998123168945e-01
1.512142300605773926e+00
1.060429096221923828e+00
-4.696910381317138672e-01
-8.508007526397705078e-01
-8.759703636169433594e-01
6.989771723747253418e-01
-1.814153343439102173e-01
-1.228240847587585449e+00
5.960347652435302734e-01
1.558861613273620605e+00
4.978596568107604980e-01
1.464850664138793945e+00
-7.722861766815185547e-01
6.008104681968688965e-01
2.480731010437011719e+00
6.099129915237426758e-01
1.202065050601959229e-01
-8.234736919403076172e-01
4.841142147779464722e-02
-7.505751848220825195e-01
1.364688038825988770e+00
-6.211443543434143066e-01
-1.165792465209960938e+00
2.077430248260498047e+00
7.972308397293090820e-01
-6.039481759071350098e-01
-2.919797003269195557e-01
-1.104801535606384277e+00
-2.416435480117797852e+00
5.344408750534057617e-01
-5.709422826766967773e-01
6.539003252983093262e-01
-1.731417179107666016e+00
-1.941982656717300415e-01
-9.899215102195739746e-01
1.000016212463378906e+00
4.463168606162071228e-02
-2.711008548736572266e+00
5.509217381477355957e-01
-7.098324894905090332e-01
-1.457390427589416504e+00
2.807508707046508789e+00
-2.221900463104248047e+00
-8.190028071403503418e-01
1.138238787651062012e+00
9.038945436477661133e-01
-3.981409594416618347e-02
1.967937111854553223e+00
2.711030840873718262e-01
-1.824774146080017090e+00
9.668107032775878906e-01
-1.632027029991149902e+00
-7.743436694145202637e-01
9.544758200645446777e-01
1.661989808082580566e+00
-8.211724758148193359e-01
7.284447550773620605e-01
-2.822719328105449677e-02
-1.105033278465270996e+00
1.658780932426452637e+00
-3.397691249847412109e-01
-1.810226440429687500e+00
5.558834671974182129e-01
6.033393740653991699e-01
-4.646143615245819092e-01
-1.739792376756668091e-01
-5.252633988857269287e-02
1.685233592987060547e+00
-2.512132227420806885e-01
-1.124832630157470703e+00
-1.173125505447387695e+00
-1.014092788100242615e-01
-2.125586509704589844e+00
-6.394112706184387207e-01
-1.111367225646972656e+00
-1.156587004661560059e+00
-3.711080253124237061e-01
-1.206954717636108398e+00
2.383502960205078125e+00
