-1.499261260032653809e+00
4.606451690196990967e-01
-1.770795881748199463e-01
-1.054807662963867188e+00
-1.016260385513305664e+00
1.413945674896240234e+00
9.579902142286300659e-02
6.831846237182617188e-01
-1.260882616043090820e+00
1.740196496248245239e-01
-5.110352039337158203e-01
-1.018062114715576172e+00
-1.380094766616821289e+00
-6.203708052635192871e-01
1.780098080635070801e+00
-1.462443828582763672e+00
2.023658752441406250e-01
5.025462508201599121e-01
-6.374979615211486816e-01
7.740393877029418945e-01
4.773180931806564331e-02
2.198164016008377075e-01
-1.701817810535430908e-01
1.362272143363952637e+00
-1.854904294013977051e+00
1.269267499446868896e-02
-3.852922916412353516e-01
7.188614606857299805e-01
1.777819633483886719e+00
1.229262590408325195e+00
-1.145484089851379395e+00
2.248537302017211914e+00
6.662917733192443848e-01
1.080029606819152832e+00
-1.316020339727401733e-01
-1.132242847234010696e-02
-7.491119205951690674e-02
6.109857559204101562e-01
1.912431001663208008e+00
1.418116837739944458e-01
1.720009684562683105e+00
7.721462249755859375e-01
2.409329652786254883e+00
9.898293018341064453e-01
-5.997676849365234375e-01
1.875495314598083496e-01
-9.507828354835510254e-01
-1.998274326324462891e-01
1.417467892169952393e-01
-9.921135306358337402e-01
-5.602641105651855469e-01
-8.031476736068725586e-01
-3.191141486167907715e-01
1.650819629430770874e-01
-1.008356809616088867e+00
3.146847486495971680e+00
9.462973475456237793e-02
8.203846812248229980e-01
-1.867592334747314453e+00
9.510978460311889648e-01
-4.781497418880462646e-01
2.554766833782196045e-02
-7.196805477142333984e-01
5.050316452980041504e-01
4.674229919910430908e-01
-2.449157476425170898e+00
1.120331525802612305e+00
-1.558865070343017578e+00
1.291558146476745605e+00
-3.510459363460540771e-01
3.185811638832092285e-02
6.736736297607421875e-01
1.813292860984802246e+00
7.054443955421447754e-01
3.284177780151367188e-01
-1.833716511726379395e+00
-3.383602574467658997e-02
-2.273678302764892578e+00
-2.089182615280151367e+00
-9.366166591644287109e-01
-2.233875095844268799e-01
-1.819390892982482910e+00
4.792983531951904297e-01
-6.871291399002075195e-01
1.033979892730712891e+00
-1.530321359634399414e+00
-2.080257087945938110e-01
-1.238739967346191406e+00
-8.980329036712646484e-01
-1.157695949077606201e-01
-7.209442853927612305e-01
-3.520301878452301025e-01
-1.574235200881958008e+00
5.524724721908569336e-01
8.017334342002868652e-01
-3.468216657638549805e-01
-3.602665960788726807e-01
1.663354277610778809e+00
1.530019521713256836e+00
2.105206251144409180e+00
-1.439274549484252930e+00
7.101533561944961548e-02
4.020949602127075195e-01
6.370448470115661621e-01
-2.566076755523681641e+00
6.886174678802490234e-01
-8.284742943942546844e-04
-7.218298912048339844e-01
6.847158074378967285e-02
-1.091021060943603516e+00
-3.389098346233367920e-01
2.318258136510848999e-01
2.122923284769058228e-01
9.325392842292785645e-01
3.128417491912841797e+00
4.593139290809631348e-01
-8.263727277517318726e-02
-2.392608523368835449e-01
-7.819808125495910645e-01
2.993553400039672852e+00
-2.489339560270309448e-02
-1.268173217773437500e+00
-1.831031322479248047e+00
-1.380085706710815430e+00
-1.152082324028015137e+00
9.058499336242675781e-01
-1.072938203811645508e+00
-1.159298568964004517e-01
