3.037696361541748047e+00
1.187992334365844727e+00
8.149020075798034668e-01
3.789516687393188477e-01
8.445385098457336426e-01
1.165062665939331055e+00
2.277211695909500122e-01
7.490204572677612305e-01
-1.246302127838134766e+00
-8.546020984649658203e-01
-2.408001720905303955e-01
-4.337920248508453369e-01
1.070466861128807068e-01
-2.945792436599731445e+00
1.704344272613525391e+00
-1.086759567260742188e+00
4.971027970314025879e-01
2.025006532669067383e+00
-1.817803978919982910e+00
-2.870084345340728760e-01
2.926176786422729492e-01
-1.875085830688476562e+00
-4.715321063995361328e-01
1.617757603526115417e-02
1.083658576011657715e+00
4.825937002897262573e-02
-2.354355454444885254e-01
-1.220455050468444824e+00
1.161825895309448242e+00
1.268488764762878418e+00
1.146682858467102051e+00
-1.052698850631713867e+00
-1.676210761070251465e+00
-1.038710594177246094e+00
2.137790322303771973e-01
-3.090447485446929932e-01
1.230833828449249268e-01
-4.187357425689697266e-01
-3.016734421253204346e-01
-1.469545960426330566e+00
1.995461463928222656e+00
1.817440390586853027e-01
1.544641137123107910e+00
1.806052923202514648e+00
-4.431103169918060303e-01
1.129249811172485352e+00
2.354627102613449097e-01
1.058864712715148926e+00
-1.240251660346984863e+00
-7.345920801162719727e-01
-1.326743721961975098e+00
-2.923203706741333008e+00
-1.370430588722229004e+00
1.330373048782348633e+00
-1.821758002042770386e-01
-2.291134595870971680e-01
1.649535417556762695e+00
1.890317201614379883e+00
2.184827089309692383e+00
1.309693574905395508e+00
-1.268286705017089844e-01
-1.072480440139770508e+00
-7.786564826965332031e-01
1.817843079566955566e+00
3.760149478912353516e-01
-2.059052467346191406e+00
-4.480826556682586670e-01
2.077641248703002930e+00
-1.112627267837524414e+00
1.297327399253845215e+00
4.689059853553771973e-01
-3.148224949836730957e-01
9.720486402511596680e-02
7.512981295585632324e-01
-2.081478387117385864e-01
-8.905187845230102539e-01
-2.873928546905517578e-01
-3.199034929275512695e-01
-4.825106561183929443e-01
-9.276021718978881836e-01
-5.094833374023437500e-01
-1.409803867340087891e+00
-8.627100288867950439e-02
-6.730210185050964355e-01
-1.874328255653381348e+00
-2.137932926416397095e-01
-2.311473846435546875e+00
-4.282528162002563477e-01
-1.467646241188049316e+00
6.220493316650390625e-01
9.805644154548645020e-01
6.199407577514648438e-01
-1.604588478803634644e-01
-7.288498878479003906e-01
5.887987017631530762e-01
1.441141247749328613e+00
1.737690806388854980e+00
1.030432283878326416e-01
-1.720670342445373535e+00
-1.501096636056900024e-01
2.285049408674240112e-01
-2.139415442943572998e-01
-7.089166343212127686e-02
7.913983464241027832e-01
1.492983818054199219e+00
9.632260799407958984e-01
1.050633549690246582e+00
-1.699622750282287598e+00
2.772660970687866211e+00
6.097129583358764648e-01
-1.587336540222167969e+00
1.958902716636657715e+00
-1.974604725837707520e+00
-3.581753075122833252e-01
-2.643597722053527832e-01
-1.091013669967651367e+00
2.404890298843383789e+00
-1.678483366966247559e+00
4.212866127490997314e-01
-9.164602756500244141e-01
-1.037768483161926270e+00
-2.513026297092437744e-01
-4.475969374179840088e-01
5.607860684394836426e-01
-1.132005810737609863e+00
-1.111360669136047363e+00
-5.251005887985229492e-01
1.020058393478393555e+00
