4.251486808061599731e-02
-3.634564578533172607e-01
-1.485337764024734497e-01
-6.473591178655624390e-02
-5.295078083872795105e-02
-6.965896487236022949e-01
3.323293030261993408e-01
7.260367870330810547e-01
-5.173726677894592285e-01
-8.166341185569763184e-01
8.312221169471740723e-01
-1.703961968421936035e+00
-1.547355055809020996e+00
1.370679259300231934e+00
2.096012115478515625e+00
-8.039901852607727051e-01
-1.739676952362060547e+00
9.633611440658569336e-01
1.912611126899719238e+00
8.720833659172058105e-01
3.519974350929260254e-01
-3.627296388149261475e-01
2.057984113693237305e+00
3.717633783817291260e-01
-8.956177234649658203e-01
1.588173627853393555e+00
4.062073528766632080e-01
-2.231119424104690552e-01
-3.630477190017700195e-01
-1.374626874923706055e+00
2.513054609298706055e-01
2.008735835552215576e-01
-2.219178676605224609e+00
8.796710968017578125e-01
4.665566608309745789e-02
-1.431193500757217407e-01
1.394928097724914551e+00
1.506238430738449097e-01
-8.805184364318847656e-01
-1.649287343025207520e+00
1.222890138626098633e+00
1.043414473533630371e+00
1.137681841850280762e+00
1.141125082969665527e+00
1.572670936584472656e+00
6.118844747543334961e-01
3.255918741226196289e+00
-3.187702894210815430e-01
5.804839730262756348e-01
2.277393579483032227e+00
-5.472384691238403320e-01
-1.931041598320007324e+00
-1.665707349777221680e+00
5.299457311630249023e-01
5.693378448486328125e-01
3.006541430950164795e-01
2.556391239166259766e+00
6.479243040084838867e-01
-1.242920637130737305e+00
-1.110080599784851074e+00
3.270110189914703369e-01
8.591182827949523926e-01
-9.766830801963806152e-01
-1.504005074501037598e+00
7.844489216804504395e-01
-2.144619673490524292e-01
-1.115858674049377441e+00
1.441155970096588135e-01
-1.236152052879333496e+00
9.472416043281555176e-01
5.347008705139160156e-01
-1.832426071166992188e+00
2.259612083435058594e+00
4.755453467369079590e-01
6.491307616233825684e-01
-1.229478120803833008e+00
-1.328379392623901367e+00
-1.008643507957458496e+00
1.318940281867980957e+00
-1.276939392089843750e+00
-2.538816928863525391e+00
-9.183419346809387207e-01
7.524276971817016602e-01
7.176343202590942383e-01
1.877283811569213867e+00
4.964570328593254089e-02
-1.236265659332275391e+00
-7.736434340476989746e-01
6.639619916677474976e-02
6.214244961738586426e-01
-1.716841340065002441e+00
2.099033445119857788e-01
-1.357170343399047852e+00
1.958507180213928223e+00
-2.828898906707763672e+00
3.600278496742248535e-01
-1.798274368047714233e-02
1.003832578659057617e+00
3.549351990222930908e-01
9.707523584365844727e-01
-1.077873468399047852e+00
-1.291314959526062012e-01
3.603571057319641113e-01
9.645100831985473633e-01
-1.179486885666847229e-01
-1.969302177429199219e+00
-2.039129257202148438e+00
-1.115050554275512695e+00
-1.861201524734497070e+00
-1.499425768852233887e+00
8.766275644302368164e-01
-9.847543239593505859e-01
3.127415895462036133e+00
-1.013434529304504395e+00
1.066488623619079590e+00
-8.324006795883178711e-01
3.790663778781890869e-01
-6.427876353263854980e-01
9.255326390266418457e-01
1.361904591321945190e-01
-1.670447826385498047e+00
1.401179075241088867e+00
6.264445185661315918e-01
-3.267444849014282227e+00
-2.461299449205398560e-01
-5.442808270454406738e-01
1.859277844429016113e+00
-8.466264605522155762e-01
