-5.812388062477111816e-01
-2.228891134262084961e+00
4.191130101680755615e-01
4.509733021259307861e-01
2.039875268936157227e+00
5.271053314208984375e-01
1.107867479324340820e+00
1.101495027542114258e+00
-1.010492205619812012e+00
2.346329689025878906e-01
-1.764900207519531250e+00
2.765857219696044922e+00
2.841210365295410156e-01
-1.470394253730773926e+00
-3.756371140480041504e-01
6.525737643241882324e-01
5.146543383598327637e-01
1.905996501445770264e-01
-9.104539752006530762e-01
-1.751067757606506348e+00
-9.409980773925781250e-01
-1.422644495964050293e+00
-3.605674207210540771e-01
2.291998624801635742e+00
-8.329653143882751465e-01
2.266173839569091797e+00
1.455801010131835938e+00
-8.541365712881088257e-02
-8.388650417327880859e-01
-1.340161114931106567e-01
-1.061788558959960938e+00
1.130432724952697754e+00
-4.508360028266906738e-01
-9.538533687591552734e-01
-7.173501849174499512e-01
1.932588338851928711e+00
5.908102393150329590e-01
-6.956252455711364746e-01
-1.167394757270812988e+00
8.959339857101440430e-01
2.161524146795272827e-01
-1.430443286895751953e+00
1.160116195678710938e+00
1.202913671731948853e-01
9.344828873872756958e-02
-5.907886624336242676e-01
1.832369565963745117e+00
-1.025914311408996582e+00
1.639502048492431641e+00
-1.191175103187561035e+00
5.921497941017150879e-02
-1.273948311805725098e+00
-6.973178982734680176e-01
-6.649343967437744141e-01
1.343778669834136963e-01
6.765384674072265625e-01
-3.630524277687072754e-01
1.417648553848266602e+00
1.440068364143371582e+00
-1.681113541126251221e-01
2.035391926765441895e-01
-3.562511131167411804e-02
1.199330806732177734e+00
-6.935623884201049805e-01
-3.025104403495788574e-01
3.208836913108825684e-01
-6.760956645011901855e-01
9.196177721023559570e-01
-2.477830499410629272e-01
-5.955853462219238281e-01
1.335925579071044922e+00
-1.389358758926391602e+00
-2.350572198629379272e-01
9.630194902420043945e-01
-5.641320347785949707e-01
-3.131726503372192383e+00
-2.769363224506378174e-01
7.873433828353881836e-01
-3.288286328315734863e-01
-7.302730083465576172e-01
-1.586901426315307617e+00
-5.114136934280395508e-01
1.548041701316833496e+00
8.070746660232543945e-01
1.183854699134826660e+00
1.055357933044433594e+00
-5.857838988304138184e-01
4.150119423866271973e-01
-1.532968640327453613e+00
2.390261650085449219e+00
5.359914898872375488e-01
-8.597008883953094482e-02
2.000879198312759399e-01
-8.981790542602539062e-01
-3.469912707805633545e-01
-8.843598365783691406e-01
-4.135727286338806152e-01
-2.131225615739822388e-01
-4.661541581153869629e-01
-1.097712591290473938e-01
-1.192938238382339478e-01
1.924276709556579590e+00
-8.191915154457092285e-01
-1.559508681297302246e+00
5.035488605499267578e-01
-1.216475605964660645e+00
-1.524981260299682617e+00
-7.422557473182678223e-01
1.256544470787048340e+00
-2.007109403610229492e+00
9.622634649276733398e-01
3.872896134853363037e-01
4.099765717983245850e-01
3.970158815383911133e+00
-9.507400393486022949e-01
2.803384512662887573e-02
1.045398592948913574e+00
-1.066800594329833984e+00
1.395992934703826904e-02
-6.316027045249938965e-01
-1.301636397838592529e-01
-2.051170825958251953e+00
2.686550378799438477e+00
-2.134767293930053711e+00
-7.878418564796447754e-01
-1.515714287757873535e+00
-1.506971865892410278e-01
8.890786767005920410e-01
