2.403237342834472656e+00
-2.482150316238403320e+00
7.374823093414306641e-01
1.590901762247085571e-01
2.035803556442260742e+00
1.305135607719421387e+00
-1.139230489730834961e+00
-5.334417894482612610e-02
-1.314562201499938965e+00
-3.309302330017089844e-01
1.744974136352539062e+00
9.755820631980895996e-01
9.985679984092712402e-01
-1.395158410072326660e+00
-1.329424884170293808e-02
-4.224504828453063965e-01
-1.147474765777587891e+00
4.879605472087860107e-01
6.310086697340011597e-02
1.646134734153747559e+00
2.320539474487304688e+00
6.056079864501953125e-01
7.575548887252807617e-01
2.070591449737548828e+00
-5.755584836006164551e-01
1.585002303123474121e+00
-1.573353290557861328e+00
2.408445812761783600e-02
5.240610986948013306e-02
-1.072093367576599121e+00
-6.140819191932678223e-01
-2.458650588989257812e+00
-3.761564195156097412e-01
1.326597213745117188e+00
1.652140617370605469e+00
1.724478960037231445e+00
-1.103013396263122559e+00
1.204465270042419434e+00
-9.061851501464843750e-01
7.497944235801696777e-01
1.057752251625061035e+00
-5.133921504020690918e-01
6.035652756690979004e-01
-1.461600651964545250e-03
-2.348709344863891602e+00
-5.731501579284667969e-01
5.894734859466552734e-01
-2.400543928146362305e+00
1.128997877240180969e-01
1.141931414604187012e+00
-3.862581551074981689e-01
-5.876338481903076172e-01
2.994750738143920898e-01
-1.656204611063003540e-01
7.725692391395568848e-01
2.856822252273559570e+00
-9.393016248941421509e-02
-5.941171050071716309e-01
-4.859984517097473145e-01
-6.793593168258666992e-01
-1.750644922256469727e+00
1.487431645393371582e+00
-2.108483552932739258e+00
-1.231416106224060059e+00
3.287671804428100586e-01
1.500675082206726074e-01
-2.354111522436141968e-02
-1.434792757034301758e+00
-6.862998604774475098e-01
-8.208779692649841309e-01
-3.311539888381958008e-01
-1.348677039146423340e+00
-5.606256127357482910e-01
1.838780641555786133e+00
1.709599196910858154e-01
-3.660052120685577393e-01
2.125344753265380859e+00
8.124622106552124023e-01
4.579194784164428711e-01
-1.197215437889099121e+00
1.486025452613830566e+00
-7.587901353836059570e-01
-9.120912104845046997e-02
1.044894337654113770e+00
1.890687465667724609e+00
1.177918910980224609e+00
5.348868966102600098e-01
-5.519279241561889648e-01
6.617785990238189697e-02
-1.074673414230346680e+00
-1.267690777778625488e+00
-1.404873251914978027e+00
-3.647474944591522217e-01
1.002934336662292480e+00
-1.383756279945373535e+00
-1.187162518501281738e+00
1.463879942893981934e+00
8.996074199676513672e-01
8.766528367996215820e-01
-1.143704056739807129e+00
6.293904185295104980e-01
2.887530326843261719e+00
-5.502863526344299316e-01
3.039161562919616699e-01
-6.377782225608825684e-01
-7.703070342540740967e-02
-1.744910359382629395e+00
2.427259385585784912e-01
-6.687418371438980103e-02
-1.656162858009338379e+00
-3.186260461807250977e-01
8.910473585128784180e-01
-1.366303324699401855e+00
-2.701915025711059570e+00
-1.085358619689941406e+00
-4.592502713203430176e-01
-1.820457220077514648e+00
-1.292279124259948730e+00
-4.127704620361328125e+00
1.660585284233093262e+00
7.186547517776489258e-01
2.550689876079559326e-01
7.866340875625610352e-01
8.210964798927307129e-01
6.094974279403686523e-02
3.451056480407714844e-01
7.891775965690612793e-01
3.534168237820267677e-03
