-6.871935129165649414e-01
7.559562921524047852e-01
-8.048280328512191772e-02
8.120331913232803345e-02
1.033277988433837891e+00
-1.640729159116744995e-01
9.221381507813930511e-03
-3.278909027576446533e-01
8.926873803138732910e-01
-6.682716012001037598e-01
4.742726981639862061e-01
-9.163248538970947266e-01
-7.058496028184890747e-02
-2.006938695907592773e+00
1.935160040855407715e+00
8.074989542365074158e-03
4.531041681766510010e-01
-1.307831108570098877e-01
-9.454401135444641113e-01
1.076897144317626953e+00
-1.055000908672809601e-02
9.172692894935607910e-02
3.198547661304473877e-01
8.223498463630676270e-01
-1.092876791954040527e+00
-1.605456709861755371e+00
2.860774099826812744e-01
-5.324331521987915039e-01
2.037918418645858765e-01
2.009570121765136719e+00
-1.979297280311584473e+00
5.658543705940246582e-01
-1.360570669174194336e+00
-3.889903724193572998e-01
4.775695204734802246e-01
-7.564495205879211426e-01
2.173920720815658569e-01
-9.319587349891662598e-01
-2.221414089202880859e+00
-2.784815788269042969e+00
2.603988349437713623e-01
1.285450905561447144e-01
2.761003494262695312e+00
1.424276828765869141e+00
1.319199949502944946e-01
-3.683725744485855103e-02
4.828382432460784912e-01
2.900409936904907227e+00
-8.666613101959228516e-01
7.141863703727722168e-01
2.368559837341308594e+00
-1.517119646072387695e+00
4.697570800781250000e-01
-1.132295489311218262e+00
-9.464851021766662598e-02
-5.010970234870910645e-01
7.765715718269348145e-01
5.549723505973815918e-01
-1.731097102165222168e-01
1.566037893295288086e+00
-5.851039290428161621e-01
9.781200885772705078e-01
1.753505170345306396e-01
2.014431238174438477e+00
1.519862890243530273e+00
5.332114696502685547e-01
1.404146909713745117e+00
-1.195085763931274414e+00
-3.077704906463623047e-01
-1.203314810991287231e-01
2.236688509583473206e-02
1.654393434524536133e+00
2.306844949722290039e+00
-1.258182644844055176e+00
-1.446599960327148438e+00
-1.810615181922912598e+00
-7.711973786354064941e-02
-1.390646219253540039e+00
1.434500664472579956e-01
-2.744492053985595703e+00
-1.418363571166992188e+00
-2.136674880981445312e+00
-8.189601898193359375e-01
-9.127756953239440918e-01
1.118643879890441895e+00
-5.742300152778625488e-01
-3.723153471946716309e-01
6.869344115257263184e-01
-1.202574133872985840e+00
7.462477684020996094e-01
7.859935760498046875e-01
-2.057990789413452148e+00
1.235969513654708862e-01
8.016113042831420898e-01
8.059229850769042969e-01
-2.854400277137756348e-01
3.693158864974975586e+00
6.503446698188781738e-01
-3.294045329093933105e-01
6.670660376548767090e-01
-1.488737463951110840e-01
1.185263633728027344e+00
6.591768860816955566e-01
-5.245112776756286621e-01
1.635947465896606445e+00
3.259839713573455811e-01
-5.312659144401550293e-01
1.030548930168151855e+00
-5.879347920417785645e-01
7.773752212524414062e-01
-1.613726615905761719e-01
-3.611806631088256836e-01
-5.048571825027465820e-01
-3.382797002792358398e+00
-3.702523112297058105e-01
-6.071906685829162598e-01
-3.321271538734436035e-01
7.743928432464599609e-01
5.723448991775512695e-01
-4.336425065994262695e-01
-2.096060514450073242e+00
-6.547628045082092285e-01
-3.276387751102447510e-01
-1.987455964088439941e+00
1.593266986310482025e-02
-7.280520796775817871e-01
-7.111071795225143433e-02
1.097822666168212891e+00
