-1.207004785537719727e+00
3.159906566143035889e-01
-1.428525149822235107e-01
-1.080967187881469727e+00
-1.078958868980407715e+00
1.280418872833251953e+00
1.847000420093536377e-01
3.825304210186004639e-01
-1.517148256301879883e+00
8.417624980211257935e-02
-6.650396585464477539e-01
-1.678825974464416504e+00
-1.189073085784912109e+00
-7.817515730857849121e-01
1.872033476829528809e+00
-1.371813893318176270e+00
5.368746817111968994e-02
2.293305993080139160e-01
-8.974797725677490234e-01
1.163528323173522949e+00
4.660852253437042236e-01
3.311852514743804932e-01
4.304751288145780563e-03
1.014334678649902344e+00
-1.535813689231872559e+00
-3.901110291481018066e-01
-1.336703300476074219e-01
8.307876586914062500e-01
1.404387593269348145e+00
1.378070473670959473e+00
-7.861407399177551270e-01
2.472152948379516602e+00
4.461056590080261230e-01
7.128245830535888672e-01
-5.927321687340736389e-02
2.684862166643142700e-02
-5.518493056297302246e-01
9.770240783691406250e-01
1.861723423004150391e+00
2.825269401073455811e-01
1.770066618919372559e+00
1.044565081596374512e+00
2.413576364517211914e+00
8.937997221946716309e-01
8.544171601533889771e-02
-2.857339382171630859e-01
-7.767271995544433594e-01
-3.653801083564758301e-01
-1.356443613767623901e-01
-1.002991795539855957e+00
-5.130922794342041016e-01
-9.005872011184692383e-01
-2.870448827743530273e-01
3.121728003025054932e-01
-9.535470604896545410e-01
2.544991016387939453e+00
-1.442697942256927490e-01
1.055540323257446289e+00
-1.570293903350830078e+00
1.522733092308044434e+00
-1.648155450820922852e-01
-9.256832003593444824e-01
-2.033331692218780518e-01
5.886089801788330078e-01
6.250619292259216309e-01
-2.156498908996582031e+00
1.302469253540039062e+00
-1.428048610687255859e+00
1.146628499031066895e+00
-4.508923292160034180e-01
6.497039645910263062e-02
9.441365003585815430e-01
2.040849924087524414e+00
6.180003285408020020e-01
5.523325204849243164e-01
-1.738378286361694336e+00
-6.196931470185518265e-03
-2.878258228302001953e+00
-1.909755468368530273e+00
-8.483011722564697266e-01
-2.600717842578887939e-01
-1.331942915916442871e+00
7.696886360645294189e-02
-4.804700016975402832e-01
9.890754222869873047e-01
-1.798431992530822754e+00
-4.352678656578063965e-01
-6.070164442062377930e-01
-1.099703788757324219e+00
-1.580388098955154419e-01
-4.785087406635284424e-01
-9.150550961494445801e-01
-1.371577739715576172e+00
3.572574257850646973e-01
1.317046999931335449e+00
-5.105916261672973633e-01
-4.213396012783050537e-01
1.917568564414978027e+00
1.290748000144958496e+00
1.947634458541870117e+00
-1.963342905044555664e+00
1.620985120534896851e-01
7.806610465049743652e-01
-8.974428474903106689e-02
-2.512212276458740234e+00
1.248278498649597168e+00
4.731200933456420898e-01
-3.585410714149475098e-01
1.847877353429794312e-01
-6.966621875762939453e-01
-4.887396097183227539e-01
-6.434009969234466553e-02
-2.615552544593811035e-01
9.813717007637023926e-01
3.550384044647216797e+00
4.012080729007720947e-01
-7.771468907594680786e-02
1.540973084047436714e-03
-7.863142490386962891e-01
2.398008584976196289e+00
-3.782658278942108154e-01
-1.693904042243957520e+00
-2.353094339370727539e+00
-1.723711848258972168e+00
-8.853095769882202148e-01
8.555818200111389160e-01
-1.261487245559692383e+00
3.187776207923889160e-01
