1.101803541183471680e+00
-6.089712977409362793e-01
6.844207048416137695e-01
1.698644012212753296e-01
2.596338748931884766e+00
1.718202352523803711e+00
9.137369394302368164e-01
4.848735332489013672e-01
-1.917663812637329102e+00
6.338269114494323730e-01
5.713765695691108704e-02
2.162529230117797852e+00
-1.891819119453430176e+00
-7.310934662818908691e-01
6.827125549316406250e-01
1.298188686370849609e+00
6.128464937210083008e-01
-3.008613549172878265e-02
-2.739713788032531738e-01
-6.299064755439758301e-01
-7.183938622474670410e-01
1.389556288719177246e+00
-1.458049058914184570e+00
4.872535169124603271e-01
3.156363964080810547e-01
1.020703196525573730e+00
-5.837427377700805664e-01
-6.154494360089302063e-02
6.245332956314086914e-02
5.901678800582885742e-01
-9.444292783737182617e-01
-4.432731121778488159e-02
-1.552514076232910156e+00
1.662096977233886719e+00
3.123641610145568848e-01
1.703706622123718262e+00
1.963769078254699707e+00
8.033575415611267090e-01
-2.225829839706420898e+00
9.782734513282775879e-01
1.466856956481933594e+00
9.444528818130493164e-02
1.533414244651794434e+00
2.188397884368896484e+00
-1.125942707061767578e+00
-2.106046438217163086e+00
1.282550096511840820e+00
-3.611150681972503662e-01
2.348880529403686523e+00
-2.763793170452117920e-01
5.436305403709411621e-01
-1.269390940666198730e+00
-1.217337489128112793e+00
1.897037625312805176e+00
1.349225997924804688e+00
1.410658359527587891e+00
1.043094038963317871e+00
-2.225019216537475586e+00
-1.624555468559265137e+00
-1.069531798362731934e+00
-5.282154679298400879e-01
-1.439057886600494385e-01
-9.132295101881027222e-02
4.988418519496917725e-01
1.091637611389160156e+00
-3.000382423400878906e+00
-4.441089555621147156e-02
-1.268645524978637695e-01
-1.255774378776550293e+00
-2.978281676769256592e-01
-4.904169142246246338e-01
-8.632273077964782715e-01
-6.323904395103454590e-01
9.646119922399520874e-02
-9.424042701721191406e-01
-1.471846699714660645e+00
-1.402204751968383789e+00
-9.760779142379760742e-01
-3.033812046051025391e-01
-1.564115285873413086e+00
-5.305295586585998535e-01
-3.905742764472961426e-01
2.194956779479980469e+00
-5.561033487319946289e-01
2.662711858749389648e+00
7.198621034622192383e-01
-2.833628892898559570e+00
-3.516307175159454346e-01
-1.347771938890218735e-02
-1.030342459678649902e+00
-5.957629531621932983e-02
-2.042427301406860352e+00
-8.607137203216552734e-01
-2.756336927413940430e+00
1.741635650396347046e-01
-6.027874350547790527e-01
1.052088856697082520e+00
2.599191069602966309e-01
-2.336816787719726562e+00
2.242324054241180420e-01
5.360394120216369629e-01
1.647680759429931641e+00
-1.037592530250549316e+00
1.757391542196273804e-01
-5.224772691726684570e-01
-1.779861211776733398e+00
9.341101348400115967e-02
-1.315772831439971924e-01
3.440570116043090820e+00
-7.400254253298044205e-03
-7.174373269081115723e-01
-4.545319974422454834e-01
-9.717514514923095703e-01
1.066530585289001465e+00
4.456447809934616089e-02
1.052953004837036133e+00
6.694837808609008789e-01
-1.577638030052185059e+00
-1.761481881141662598e+00
2.833728551864624023e+00
5.976046919822692871e-01
-9.704719781875610352e-01
3.626621663570404053e-01
8.958526849746704102e-01
-1.056373566389083862e-01
-5.542497038841247559e-01
-8.008911609649658203e-01
-3.468054234981536865e-01
