4.659335017204284668e-01
4.569932520389556885e-01
-6.613270640373229980e-01
-4.770418163388967514e-03
-1.532653450965881348e+00
1.651512622833251953e+00
1.956338763236999512e+00
8.626158237457275391e-01
6.228452324867248535e-01
-3.205184340476989746e-01
-1.028166174888610840e+00
-6.457019448280334473e-01
2.947858810424804688e+00
-3.233608007431030273e+00
-9.439874887466430664e-01
1.905203424394130707e-02
-8.001708388328552246e-01
-6.488786935806274414e-01
-1.362794876098632812e+00
2.249140977859497070e+00
-1.845684528350830078e+00
6.279217451810836792e-02
-7.168878316879272461e-01
5.055164918303489685e-02
-6.553082466125488281e-01
2.758827209472656250e-01
2.461444735527038574e-01
-1.085244178771972656e+00
9.611077904701232910e-01
2.311296910047531128e-01
-1.567098975181579590e+00
-8.065112829208374023e-01
2.217315137386322021e-02
-4.749031960964202881e-01
8.646296858787536621e-01
-1.795559674501419067e-01
-1.860399723052978516e+00
4.836210310459136963e-01
-1.116436481475830078e+00
8.982389569282531738e-01
-5.509232878684997559e-01
5.318446829915046692e-02
1.508654713630676270e+00
9.875479340553283691e-01
1.248918846249580383e-01
-9.265788793563842773e-01
-9.614010900259017944e-02
1.668398737907409668e+00
-7.879589796066284180e-01
-1.658272624015808105e+00
6.949805021286010742e-01
-2.216569662094116211e+00
-8.001231551170349121e-01
-2.128784917294979095e-02
2.073649764060974121e-01
-1.379382133483886719e+00
2.387505054473876953e+00
3.042829036712646484e+00
-7.866900563240051270e-01
2.804367065429687500e+00
-3.992852568626403809e-02
-8.082284331321716309e-01
-4.021495878696441650e-01
9.989998340606689453e-01
4.607520997524261475e-01
-2.324091672897338867e+00
1.546419262886047363e+00
8.959603905677795410e-01
8.413053750991821289e-01
1.475907206535339355e+00
3.970186039805412292e-02
2.139620780944824219e+00
2.456198692321777344e+00
9.871158003807067871e-01
-6.948956847190856934e-01
-1.372870564460754395e+00
5.018774271011352539e-01
-1.224762558937072754e+00
-3.967040777206420898e-01
-2.479964971542358398e+00
-1.205753326416015625e+00
-1.789992451667785645e-01
-4.336993098258972168e-01
9.419392347335815430e-01
1.026693582534790039e+00
-1.378713488578796387e+00
-2.308621406555175781e+00
-4.531659781932830811e-01
-1.902957558631896973e+00
6.108150482177734375e-01
2.631565093994140625e+00
-3.729094982147216797e+00
-9.741785526275634766e-01
-2.680389285087585449e-01
1.251961231231689453e+00
1.944021105766296387e+00
1.298838257789611816e+00
5.270766615867614746e-01
7.887523174285888672e-01
2.507204532623291016e+00
5.153971910476684570e-01
-1.337373971939086914e+00
-3.121598660945892334e-01
-1.963697075843811035e-01
2.901083469390869141e+00
2.395839840173721313e-01
-1.780784845352172852e+00
4.741529226303100586e-01
7.315530776977539062e-01
-3.581349849700927734e-01
4.777624458074569702e-02
1.222365498542785645e+00
-4.595006108283996582e-01
-6.614323705434799194e-02
-3.382672965526580811e-01
4.310300350189208984e-01
3.192387521266937256e-01
-3.514316976070404053e-01
-4.495353996753692627e-01
-3.303043246269226074e-01
-1.148384451866149902e+00
-2.380401641130447388e-01
-5.018222332000732422e-02
-1.180955648422241211e+00
-2.554194033145904541e-01
-4.147834181785583496e-01
2.581808567047119141e-01
-6.630991697311401367e-01
