-8.106613159179687500e-01
-1.036751985549926758e+00
9.775325059890747070e-01
5.415848493576049805e-01
-2.286594867706298828e+00
-1.523359864950180054e-01
5.530273318290710449e-01
1.060051441192626953e+00
2.265102118253707886e-01
-8.899037837982177734e-01
5.193527340888977051e-01
1.103384137153625488e+00
-3.986354172229766846e-01
-3.846377730369567871e-01
1.137748718261718750e+00
-6.223037838935852051e-01
6.246536970138549805e-01
8.254606127738952637e-01
1.576031297445297241e-01
-2.097371101379394531e+00
1.700618624687194824e+00
-1.299838542938232422e+00
-1.057210803031921387e+00
-3.624134659767150879e-01
-1.824207067489624023e+00
-1.176721453666687012e+00
8.928799629211425781e-01
2.077189445495605469e+00
-5.523259043693542480e-01
1.482694029808044434e+00
-1.129721522331237793e+00
1.394931674003601074e-01
-1.494131684303283691e+00
1.543325901031494141e+00
-7.435612678527832031e-01
1.186087727546691895e+00
2.447174042463302612e-01
-9.414275884628295898e-01
-4.025956392288208008e-01
-1.633958935737609863e+00
-4.843630194664001465e-01
-1.108633637428283691e+00
1.591288685798645020e+00
2.279349803924560547e+00
8.047320246696472168e-01
1.743568778038024902e+00
5.746008157730102539e-01
2.243697792291641235e-01
4.897775501012802124e-02
-7.954736351966857910e-01
6.042801141738891602e-01
6.419913768768310547e-01
7.445602416992187500e-01
-1.583752155303955078e+00
-7.674657106399536133e-01
-1.415466308593750000e+00
6.730771660804748535e-01
-1.257446050643920898e+00
7.550960183143615723e-01
-8.464999794960021973e-01
-1.093802213668823242e+00
2.356730461120605469e+00
-1.565338969230651855e+00
4.101217389106750488e-01
-3.266836404800415039e-01
-8.040997385978698730e-01
1.943638771772384644e-01
-4.047447741031646729e-01
-1.310531139373779297e+00
6.549724936485290527e-01
2.496753185987472534e-01
-4.140430092811584473e-01
2.932762861251831055e+00
-8.299120068550109863e-01
2.076757997274398804e-01
-8.570974469184875488e-01
7.640447616577148438e-01
-7.255744338035583496e-01
6.661725789308547974e-02
-1.920570254325866699e+00
-4.382095038890838623e-01
-1.024084091186523438e+00
1.997989177703857422e+00
-1.551141500473022461e+00
2.854489803314208984e+00
1.389274477958679199e+00
-2.886340618133544922e+00
1.368707776069641113e+00
4.575151503086090088e-01
2.097290277481079102e+00
-1.748731136322021484e-01
-1.354955196380615234e+00
-4.393567889928817749e-02
2.727469503879547119e-01
-6.940197348594665527e-01
2.093657493591308594e+00
3.207608938217163086e+00
-4.469818472862243652e-01
4.570652544498443604e-01
-7.856629490852355957e-01
-3.647607564926147461e-01
-7.674385905265808105e-01
-2.054385662078857422e+00
1.195100665092468262e+00
1.026340961456298828e+00
-1.621107161045074463e-01
-1.538644075393676758e+00
-1.076150536537170410e+00
1.501327395439147949e+00
-1.562203764915466309e+00
-6.388104557991027832e-01
9.953867197036743164e-01
1.165580511093139648e+00
8.462231755256652832e-01
-1.677046179771423340e+00
-1.185899138450622559e+00
-2.754554748535156250e-01
1.468320965766906738e+00
8.810849785804748535e-01
2.086345195770263672e+00
-5.486364364624023438e-01
-1.179855227470397949e+00
-5.173988342285156250e-01
-5.341430753469467163e-02
-1.022004246711730957e+00
-1.264994382858276367e+00
1.055624485015869141e+00
-7.118371725082397461e-01
