-3.568043410778045654e-01
5.777765512466430664e-01
-1.008508324623107910e+00
7.813425734639167786e-03
-9.426462650299072266e-01
2.503768205642700195e-01
7.041953802108764648e-01
-4.956300258636474609e-01
-7.821205258369445801e-01
2.081519812345504761e-01
1.567063570022583008e+00
2.130287170410156250e+00
1.165042638778686523e+00
-9.744223207235336304e-02
1.572754830121994019e-01
-1.377739548683166504e+00
2.082515694200992584e-02
5.504505634307861328e-01
1.061120271682739258e+00
5.194242000579833984e-01
-6.793015003204345703e-01
-1.921261548995971680e+00
2.445453554391860962e-01
6.453344225883483887e-01
-1.794198870658874512e+00
5.639571547508239746e-01
-1.411365747451782227e+00
-1.727877974510192871e+00
4.845818877220153809e-01
4.957973062992095947e-01
-5.205692350864410400e-02
1.436539530754089355e+00
5.125373601913452148e-01
1.020243763923645020e+00
-5.289734601974487305e-01
7.052827477455139160e-01
-1.412777423858642578e+00
-2.345765352249145508e+00
-1.756575822830200195e+00
1.926934719085693359e-01
-5.105233788490295410e-01
2.932014167308807373e-01
1.552214860916137695e+00
1.402364134788513184e+00
-2.108645439147949219e-01
-2.458360642194747925e-01
-5.612658858299255371e-01
6.280029565095901489e-02
4.795736372470855713e-01
1.504554986953735352e+00
3.586100339889526367e-01
-1.104633808135986328e+00
-8.375248312950134277e-01
-5.143020153045654297e-01
-1.141604304313659668e+00
2.787885963916778564e-01
-1.344502449035644531e+00
-6.827143430709838867e-01
1.868775673210620880e-02
1.532803416252136230e+00
1.356683224439620972e-01
4.307736873626708984e+00
-3.755953311920166016e-01
-1.119788527488708496e+00
5.075806379318237305e-01
-2.164557456970214844e+00
2.605317533016204834e-01
1.030315756797790527e+00
2.039699792861938477e+00
7.271462678909301758e-01
-1.656412959098815918e+00
-1.874738335609436035e+00
-3.066781163215637207e-01
9.386146068572998047e-01
5.524579882621765137e-01
-1.969499588012695312e-01
-1.943650960922241211e+00
1.300854086875915527e+00
-6.231056451797485352e-01
-2.975370883941650391e-01
1.788010239601135254e+00
-3.829677700996398926e-01
-1.587664037942886353e-01
1.420463621616363525e-01
-1.432964444160461426e+00
-1.003999710083007812e+00
-9.051508903503417969e-01
-2.374733209609985352e+00
1.826693892478942871e+00
1.413345336914062500e+00
1.277531743049621582e+00
-1.005993038415908813e-01
8.635268211364746094e-01
9.193130135536193848e-01
7.332094311714172363e-01
4.383605122566223145e-01
-1.940087974071502686e-01
-7.836189121007919312e-02
-1.812203079462051392e-01
4.594337046146392822e-01
1.785026341676712036e-01
-2.730262994766235352e+00
-1.524022519588470459e-01
-3.875208497047424316e-01
9.295948147773742676e-01
-8.330029249191284180e-01
-6.072482466697692871e-01
7.788636684417724609e-01
4.835002720355987549e-01
-8.439982533454895020e-01
-9.395055770874023438e-01
1.058455944061279297e+00
1.969883739948272705e-01
1.277713537216186523e+00
1.070155262947082520e+00
-2.562500476837158203e+00
6.436575651168823242e-01
-8.270068764686584473e-01
1.879052221775054932e-01
7.305693030357360840e-01
-1.772325277328491211e+00
1.547992825508117676e+00
1.013359427452087402e+00
-2.126299381256103516e+00
-1.209100008010864258e+00
2.765033543109893799e-01
1.203247785568237305e+00
8.281797170639038086e-01
