2.033138751983642578e+00
-7.807468175888061523e-01
1.069651722908020020e+00
-9.513231366872787476e-02
2.224659442901611328e+00
1.276145577430725098e+00
-1.191744729876518250e-01
4.549205005168914795e-01
-9.236404895782470703e-01
-2.767387151718139648e+00
1.294104009866714478e-01
5.260070562362670898e-01
3.458446860313415527e-01
-1.579975843429565430e+00
2.150253206491470337e-01
-9.139713644981384277e-01
8.178997635841369629e-01
4.068408012390136719e-01
2.720667123794555664e-01
-1.930401325225830078e-01
-1.599842160940170288e-01
5.561468005180358887e-01
1.107869029045104980e+00
9.203834533691406250e-01
-1.128304123878479004e+00
-7.896873354911804199e-01
3.512929677963256836e-01
-3.015765428543090820e+00
1.077261328697204590e+00
1.830499291419982910e+00
1.719072937965393066e+00
-5.065349340438842773e-01
-1.803873419761657715e+00
-4.450755417346954346e-01
4.437225461006164551e-01
8.240157365798950195e-01
8.253472447395324707e-01
2.144359588623046875e+00
-2.289220809936523438e+00
8.076667189598083496e-01
-2.256072461605072021e-01
-1.117136478424072266e+00
1.109487175941467285e+00
-1.238232374191284180e+00
-1.085235238075256348e+00
1.035211443901062012e+00
1.632337331771850586e+00
1.053508520126342773e-01
-2.666251361370086670e-01
8.718144297599792480e-01
-7.066041231155395508e-01
1.428143978118896484e+00
-6.022183299064636230e-01
8.360145092010498047e-01
-3.081209957599639893e-01
1.167034506797790527e+00
-2.013075828552246094e+00
2.283041715621948242e+00
5.309686064720153809e-01
6.064183712005615234e-01
1.054245159029960632e-01
-1.004588723182678223e+00
-5.431346297264099121e-01
7.739058732986450195e-01
-1.571235179901123047e+00
-6.443085074424743652e-01
1.763248443603515625e-01
1.393782258033752441e+00
-1.992835879325866699e+00
-1.525251507759094238e+00
3.148562610149383545e-01
-1.644624590873718262e+00
4.274367094039916992e-01
7.935687303543090820e-01
-4.494562447071075439e-01
-1.002269029617309570e+00
-1.566318035125732422e+00
9.094094634056091309e-01
-6.443129777908325195e-01
-1.213218927383422852e+00
-4.198892712593078613e-01
-2.065601944923400879e-02
2.528051733970642090e-01
1.323714494705200195e+00
2.107044696807861328e+00
1.156701967120170593e-01
1.150279164314270020e+00
-7.216174602508544922e-01
-1.702647209167480469e+00
4.709317684173583984e-01
2.285267859697341919e-01
1.106116771697998047e+00
-1.343199610710144043e-01
2.408429235219955444e-01
-3.291006088256835938e-01
5.082619786262512207e-01
8.448768258094787598e-01
-2.940364181995391846e-02
-1.583875179290771484e+00
-3.022919893264770508e-01
-2.119223356246948242e+00
-2.019454985857009888e-01
2.920513153076171875e-01
1.240869045257568359e+00
-9.069159626960754395e-01
-7.569288015365600586e-01
-2.677255868911743164e+00
-1.215348362922668457e+00
2.727047204971313477e+00
-1.340064764022827148e+00
9.635849595069885254e-01
7.994796037673950195e-01
1.308428049087524414e+00
-1.205168515443801880e-01
-1.207885146141052246e+00
-1.187438488006591797e+00
-4.451034665107727051e-01
-3.295545279979705811e-01
-8.928159475326538086e-01
7.958410978317260742e-01
3.422376155853271484e+00
-8.477932424284517765e-04
-4.701209962368011475e-01
-1.071735858917236328e+00
-1.015591621398925781e+00
-2.693224847316741943e-01
-9.620708823204040527e-01
6.442768871784210205e-02
