8.627796918153762817e-02
-1.561915159225463867e+00
-1.215719223022460938e+00
3.177896738052368164e-01
1.218316078186035156e+00
9.894520789384841919e-02
1.831172108650207520e+00
-2.002737998962402344e+00
4.470848664641380310e-02
-1.040668606758117676e+00
1.056023716926574707e+00
2.026447057723999023e+00
-5.132772400975227356e-02
1.446963548660278320e+00
2.088441848754882812e+00
3.710122406482696533e-02
-1.080535054206848145e+00
4.730417728424072266e-01
-9.586525559425354004e-01
9.790259003639221191e-01
4.680032134056091309e-01
-6.816855072975158691e-01
1.082382917404174805e+00
2.538194060325622559e-01
-9.338863492012023926e-01
9.653259515762329102e-01
5.235690996050834656e-02
4.515325129032135010e-01
-1.133186697959899902e+00
1.062186479568481445e+00
-6.948258876800537109e-01
5.063400864601135254e-01
1.804474115371704102e+00
5.662603378295898438e-01
-2.983796894550323486e-01
1.204448223114013672e+00
-2.115610837936401367e+00
1.852625846862792969e+00
-8.017702102661132812e-01
-5.732479691505432129e-01
-1.658460259437561035e+00
-1.278029680252075195e-01
1.225115537643432617e+00
1.083250284194946289e+00
-1.808647751808166504e+00
-7.973797619342803955e-02
1.399034500122070312e+00
1.534150123596191406e+00
-2.409634739160537720e-01
4.398081302642822266e-01
-1.905944943428039551e+00
-1.781048178672790527e+00
1.097096085548400879e+00
-5.156811475753784180e-01
-6.259688138961791992e-01
-1.473267912864685059e+00
1.518967151641845703e+00
-1.082773447036743164e+00
-6.601762175559997559e-01
1.132016181945800781e+00
-5.223991274833679199e-01
3.057779788970947266e+00
-8.599351644515991211e-01
1.115121960639953613e+00
-2.612330615520477295e-01
-3.617576062679290771e-01
3.192597031593322754e-01
8.880366683006286621e-01
-5.316665768623352051e-01
-6.447505354881286621e-01
4.095174074172973633e-01
-1.230134487152099609e+00
1.289343357086181641e+00
8.376019597053527832e-01
9.665253758430480957e-01
-2.875129222869873047e+00
-6.014561057090759277e-01
-2.661454677581787109e-01
4.782781898975372314e-01
-4.051861166954040527e-01
1.109367847442626953e+00
2.032068371772766113e-01
-2.094059467315673828e+00
-7.946388125419616699e-01
4.982010126113891602e-01
-2.152590751647949219e+00
5.433805584907531738e-01
-3.069323539733886719e+00
1.559513211250305176e+00
-7.485336065292358398e-02
-4.023947715759277344e-01
2.562830746173858643e-01
-1.107423663139343262e+00
8.154653906822204590e-01
1.463995575904846191e+00
1.873348802328109741e-01
1.541289091110229492e+00
5.464890003204345703e-01
6.909749507904052734e-01
9.242837429046630859e-01
-1.810202121734619141e+00
4.075412452220916748e-01
1.082130551338195801e+00
-1.004530191421508789e+00
6.701732873916625977e-01
-1.244301438331604004e+00
-2.098720669746398926e-01
1.623676538467407227e+00
-1.845532059669494629e+00
-1.047233104705810547e+00
5.783948302268981934e-01
6.426839828491210938e-01
6.167244538664817810e-02
1.342516541481018066e-01
2.950283050537109375e+00
-1.304417371749877930e+00
-1.336245685815811157e-01
3.764347732067108154e-01
-2.056774139404296875e+00
-3.570116758346557617e-01
-1.381880640983581543e+00
1.610742807388305664e-01
-1.024331450462341309e+00
-1.162478804588317871e+00
-1.063074827194213867e+00
-1.099086523056030273e+00
1.039841294288635254e+00
-3.572475016117095947e-01
