-2.854665517807006836e-01
-1.563724398612976074e+00
-7.098308205604553223e-01
5.060239434242248535e-01
8.210673928260803223e-02
-2.861909568309783936e-01
-1.129124611616134644e-01
1.077869057655334473e+00
4.880524277687072754e-01
-7.792874574661254883e-01
-1.460792720317840576e-01
1.299535751342773438e+00
-4.970564544200897217e-01
-7.283861190080642700e-02
8.897893428802490234e-01
1.789755672216415405e-01
2.150745868682861328e+00
5.844176411628723145e-01
-7.759239077568054199e-01
1.700635075569152832e+00
8.053801655769348145e-01
-6.344138979911804199e-01
1.477400064468383789e-01
3.979890942573547363e-01
-1.470074892044067383e+00
-1.096208453178405762e+00
-9.517906606197357178e-02
4.025446772575378418e-01
1.198942303657531738e+00
1.339580655097961426e+00
1.907732486724853516e-01
5.499971508979797363e-01
-2.345081806182861328e+00
-2.195724964141845703e+00
-4.249511361122131348e-01
-6.124587059020996094e-01
-9.090346097946166992e-01
-3.161637187004089355e-01
5.097469091415405273e-01
8.277754187583923340e-01
1.305072784423828125e+00
1.108009219169616699e-01
1.348553180694580078e+00
7.148324847221374512e-01
5.748494714498519897e-02
-3.548613190650939941e-01
4.940423667430877686e-01
1.381857633590698242e+00
-1.303851604461669922e-01
-3.444734215736389160e-01
3.554844558238983154e-01
-2.416213989257812500e+00
1.664926409721374512e-01
-1.568507671356201172e+00
-6.648889780044555664e-01
-1.436618447303771973e+00
1.279930233955383301e+00
4.716279506683349609e-01
2.576408088207244873e-01
3.472157478332519531e+00
-2.028417140245437622e-01
5.402363538742065430e-01
5.026907846331596375e-02
1.608953237533569336e+00
2.121294260025024414e+00
-6.412298679351806641e-01
2.174184560775756836e+00
1.364980697631835938e+00
-1.391120672225952148e+00
4.717569351196289062e-01
-1.527885068207979202e-02
2.534713745117187500e-01
1.789331674575805664e+00
-2.406970858573913574e-01
9.209656119346618652e-01
-3.807875871658325195e+00
-2.768924236297607422e+00
-1.317189455032348633e+00
-4.274962544441223145e-01
-1.510418534278869629e+00
-3.006950318813323975e-01
-1.946406960487365723e+00
-1.628300905227661133e+00
-8.337528109550476074e-01
1.076729893684387207e+00
-1.321973443031311035e+00
-9.603201746940612793e-01
4.007036983966827393e-01
1.947696685791015625e+00
7.167749404907226562e-01
-1.492980003356933594e+00
-2.326714038848876953e+00
2.707048654556274414e-01
-2.718793451786041260e-01
1.037211775779724121e+00
6.180415153503417969e-01
2.289184778928756714e-01
-9.223652631044387817e-02
-7.582726478576660156e-01
5.062642693519592285e-01
-8.196712732315063477e-01
2.626015841960906982e-01
2.903528690338134766e+00
2.842219173908233643e-01
5.976042747497558594e-01
1.807991266250610352e-01
-1.171746104955673218e-01
5.019634366035461426e-01
8.709321022033691406e-01
-1.060852289199829102e+00
-1.185843229293823242e+00
1.746467828750610352e+00
-1.021348595619201660e+00
2.234868764877319336e+00
1.150091886520385742e+00
-2.361306905746459961e+00
-7.217043638229370117e-01
2.722202241420745850e-01
9.617248177528381348e-01
-3.131707191467285156e+00
-8.512367010116577148e-01
8.962271213531494141e-01
-1.517365813255310059e+00
-1.555924564599990845e-01
-4.362737834453582764e-01
-2.362287044525146484e+00
2.328743934631347656e+00
-5.315051078796386719e-01
