-8.080945611000061035e-01
2.351248404011130333e-03
5.750762224197387695e-01
9.454777836799621582e-01
2.335998535156250000e+00
4.850467443466186523e-01
4.638926088809967041e-01
-5.234206914901733398e-01
-2.139631986618041992e+00
-2.027022361755371094e+00
-8.280463814735412598e-01
2.125900983810424805e+00
1.274674892425537109e+00
-1.380213499069213867e+00
-8.543595075607299805e-01
-2.420731931924819946e-01
-4.242933690547943115e-01
1.322769969701766968e-01
-7.554759979248046875e-01
-4.149253845214843750e+00
1.007465958595275879e+00
-1.313483119010925293e+00
-1.760261952877044678e-01
1.387018680572509766e+00
-2.087979763746261597e-01
-2.244532257318496704e-01
-1.526033997535705566e+00
-7.570968270301818848e-01
-7.041899561882019043e-01
1.480247974395751953e-01
3.894504308700561523e-01
1.521319270133972168e+00
-6.149725914001464844e-01
4.752548336982727051e-01
-1.278660774230957031e+00
2.076172977685928345e-01
-2.597752571105957031e+00
4.509774446487426758e-01
-2.676824927330017090e-01
2.318867683410644531e+00
2.130177974700927734e+00
-4.064961969852447510e-01
1.169530630111694336e+00
3.250841200351715088e-01
-1.028036594390869141e+00
-7.501075267791748047e-01
-3.176073431968688965e-01
-4.430096745491027832e-01
4.098275899887084961e-01
-3.408203423023223877e-01
6.519804596900939941e-01
2.378904581069946289e+00
7.902770638465881348e-01
-1.314422488212585449e+00
-1.906027078628540039e+00
1.724966049194335938e+00
-8.210076484829187393e-04
3.062902390956878662e-01
-1.029037952423095703e+00
8.460724949836730957e-01
-9.372715950012207031e-01
5.439017415046691895e-01
-6.705278158187866211e-01
-6.307824850082397461e-01
2.727601528167724609e-01
-8.725872039794921875e-01
1.283550411462783813e-01
4.959014356136322021e-01
-1.224640011787414551e-01
8.919935226440429688e-01
-2.827547788619995117e-01
8.803179115056991577e-02
1.056522965431213379e+00
7.482733577489852905e-02
-7.463792562484741211e-01
-1.171619653701782227e+00
-2.169872283935546875e+00
1.460943102836608887e+00
-1.524021506309509277e+00
-1.813857793807983398e+00
-1.108107805252075195e+00
-1.434301018714904785e+00
1.343175053596496582e+00
-9.133617281913757324e-01
2.204914331436157227e+00
1.493448615074157715e+00
-6.549900174140930176e-01
1.237176299095153809e+00
1.340636849403381348e+00
1.357010841369628906e+00
-1.048859715461730957e+00
-1.144612789154052734e+00
6.049981117248535156e-01
-6.993591785430908203e-01
2.178199887275695801e-01
-1.319634318351745605e+00
6.722153425216674805e-01
-8.950552344322204590e-01
8.499785065650939941e-01
-1.219004392623901367e+00
7.865066528320312500e-01
1.618023037910461426e+00
-1.054548740386962891e+00
4.369386136531829834e-01
-1.079103827476501465e+00
-9.376953244209289551e-01
-9.084875583648681641e-01
-5.806950330734252930e-01
1.010697960853576660e+00
-1.659385323524475098e+00
1.249939873814582825e-01
-1.894278824329376221e-01
7.925278544425964355e-01
2.287951231002807617e+00
2.491659671068191528e-01
-5.869624018669128418e-01
1.686950445175170898e+00
-1.182856559753417969e+00
-2.027930974960327148e+00
1.841759800910949707e+00
1.569384932518005371e+00
1.242441296577453613e+00
1.042279362678527832e+00
1.622923254966735840e+00
-8.337807059288024902e-01
-1.063312292098999023e+00
-9.014705568552017212e-02
2.160735845565795898e+00
