-6.593139767646789551e-01
-8.480431437492370605e-01
2.866653501987457275e-01
2.559607662260532379e-02
2.064806520938873291e-01
1.432066679000854492e+00
-1.838266372680664062e+00
1.214637875556945801e+00
-8.048068881034851074e-01
-7.430976629257202148e-01
3.625727593898773193e-01
-2.836547791957855225e-01
-6.926198005676269531e-01
-4.690668880939483643e-01
1.371990561485290527e+00
1.111810088157653809e+00
-9.694220423698425293e-01
1.640263348817825317e-01
-1.769599795341491699e+00
7.910212874412536621e-01
4.045138135552406311e-02
6.556962728500366211e-01
1.789695918560028076e-01
-9.444634914398193359e-01
-2.084137201309204102e+00
-2.534841597080230713e-01
1.812772750854492188e+00
5.608600974082946777e-01
-1.341664075851440430e+00
-3.295229673385620117e-01
4.463252127170562744e-01
-1.088952183723449707e+00
7.494634389877319336e-02
4.230795800685882568e-01
1.517615914344787598e+00
8.554291725158691406e-01
-2.205647975206375122e-01
-9.530063271522521973e-01
-9.805455207824707031e-01
1.992079615592956543e+00
-6.988351941108703613e-01
9.028515219688415527e-01
2.067013740539550781e+00
3.571988046169281006e-01
-1.184566617012023926e+00
-5.172354578971862793e-01
2.308757543563842773e+00
-3.391469419002532959e-01
-2.575605511665344238e-01
1.690464466810226440e-02
-7.073845267295837402e-01
-5.042171478271484375e-01
-1.510704874992370605e+00
2.098127126693725586e+00
8.502470254898071289e-01
4.196329414844512939e-01
-1.291121482849121094e+00
1.756995797157287598e+00
1.748711705207824707e+00
1.412240862846374512e-01
-3.413718640804290771e-01
-8.541978597640991211e-01
-4.968305528163909912e-01
-9.035162925720214844e-01
3.085834085941314697e-01
1.618017554283142090e+00
-7.826881408691406250e-01
-4.536700546741485596e-01
-7.524297237396240234e-01
-1.373948216438293457e+00
-1.530671399086713791e-02
-7.231957316398620605e-01
-5.961683392524719238e-01
7.478879690170288086e-01
-7.443256378173828125e-01
6.398921012878417969e-01
-1.703417778015136719e+00
1.156580448150634766e+00
-9.263148307800292969e-01
-1.331534862518310547e+00
3.195217251777648926e-01
-1.745357275009155273e+00
1.324238300323486328e+00
8.912412524223327637e-01
3.056998014450073242e+00
4.599597156047821045e-01
-6.179193258285522461e-01
5.487172603607177734e-01
-8.960790634155273438e-01
-1.902481764554977417e-01
2.396080255508422852e+00
-9.869649410247802734e-01
4.977265000343322754e-02
-1.778798222541809082e+00
1.469537615776062012e+00
-2.353543519973754883e+00
1.769385114312171936e-02
-2.921972870826721191e-01
-7.789871692657470703e-01
-2.247998714447021484e-01
-1.196927070617675781e+00
1.320230364799499512e+00
-2.478566884994506836e+00
5.073551535606384277e-01
1.118847966194152832e+00
7.356593608856201172e-01
-5.819365978240966797e-01
-2.883306443691253662e-01
2.016465663909912109e+00
-3.734099149703979492e+00
5.211683511734008789e-01
-8.144214153289794922e-01
9.323690533638000488e-01
2.322973608970642090e-01
-6.656963378190994263e-02
6.193022131919860840e-01
-1.038482069969177246e+00
1.988105297088623047e+00
1.117885947227478027e+00
3.619169890880584717e-01
-7.772768735885620117e-01
-7.449842691421508789e-01
2.935838937759399414e+00
-1.159727931022644043e+00
-9.849879145622253418e-01
1.111680984497070312e+00
5.606821179389953613e-01
-1.548991322517395020e+00
