2.167824029922485352e+00
-3.892343342304229736e-01
-4.056520462036132812e-01
4.679484963417053223e-01
8.867259025573730469e-01
5.170988440513610840e-01
1.640362381935119629e+00
1.608441352844238281e+00
6.889481544494628906e-01
-2.400837421417236328e+00
1.952118754386901855e+00
-2.766153097152709961e+00
6.408552527427673340e-01
-1.095349669456481934e+00
1.588681340217590332e+00
-7.855491042137145996e-01
-5.845910310745239258e-01
1.256617903709411621e+00
-1.235333323478698730e+00
-5.648059248924255371e-01
-1.474516510963439941e+00
-1.553937196731567383e+00
-2.160964727401733398e+00
1.318549275398254395e+00
1.406844973564147949e+00
5.988915562629699707e-01
3.677740097045898438e-01
-8.023948669433593750e-01
6.196197271347045898e-01
6.872938871383666992e-01
-2.727830171585083008e+00
2.027527242898941040e-02
-1.760627508163452148e+00
-5.648691654205322266e-01
3.325176537036895752e-01
1.762744665145874023e+00
-6.277385354042053223e-01
-2.191934883594512939e-01
1.255431771278381348e+00
-1.029033541679382324e+00
1.307054400444030762e+00
1.614844612777233124e-02
8.038700819015502930e-01
2.412742614746093750e+00
5.401498675346374512e-01
-2.104209177196025848e-02
1.162562489509582520e+00
2.162628889083862305e+00
-4.647953212261199951e-01
-1.036302521824836731e-01
-6.803266406059265137e-01
-4.319800138473510742e-01
-1.353820443153381348e+00
-1.023323416709899902e+00
3.355095088481903076e-01
-1.094653248786926270e+00
1.329858154058456421e-01
2.517918348312377930e+00
1.014947533607482910e+00
1.630210638046264648e+00
-2.603520452976226807e-01
-7.373616099357604980e-01
2.666805744171142578e+00
3.288252949714660645e-01
-8.925928473472595215e-01
-2.746495485305786133e+00
1.962513804435729980e+00
3.101079761981964111e-01
2.118929922580718994e-01
6.768556833267211914e-01
9.671116471290588379e-01
6.834503412246704102e-01
-9.159631729125976562e-01
9.305183887481689453e-01
1.009521722793579102e+00
-2.209671258926391602e+00
1.656391143798828125e+00
-1.854449361562728882e-01
4.004775285720825195e-01
-6.036433577537536621e-01
-6.188136935234069824e-01
1.044713258743286133e+00
-4.656991660594940186e-01
-8.761961460113525391e-01
3.992802202701568604e-01
-2.764900445938110352e+00
-7.403068542480468750e-01
-1.625625848770141602e+00
-9.729503393173217773e-01
1.734453797340393066e+00
4.780308306217193604e-01
-1.635585546493530273e+00
-1.390744596719741821e-01
6.882280856370925903e-02
6.189768910408020020e-01
1.427883028984069824e+00
-1.932471543550491333e-01
-1.446220040321350098e+00
2.308855652809143066e-01
-2.718687653541564941e-01
-1.281878471374511719e+00
-1.399162769317626953e+00
-1.893917560577392578e+00
1.187645077705383301e+00
2.600058317184448242e+00
-7.867284417152404785e-01
6.299139261245727539e-01
-5.800539851188659668e-01
1.095518350601196289e+00
-2.007855176925659180e+00
1.634013772010803223e+00
2.111977338790893555e+00
4.170850515365600586e-01
-6.970831155776977539e-01
-7.767719626426696777e-01
-4.242969155311584473e-01
7.943028211593627930e-01
-1.086982369422912598e+00
-1.522367358207702637e+00
-5.180818438529968262e-01
-7.681103348731994629e-01
-2.246456384658813477e+00
-1.798502504825592041e-01
8.932708501815795898e-01
-8.497104644775390625e-01
1.395709961652755737e-01
-3.615310788154602051e-01
7.733674049377441406e-01
