1.144533276557922363e+00
-1.602327346801757812e+00
-2.953065633773803711e-01
2.547972500324249268e-01
-1.038208603858947754e+00
9.219507575035095215e-01
-1.031269669532775879e+00
-1.288094162940979004e+00
-4.557678699493408203e-01
-8.567667007446289062e-01
-4.655487239360809326e-01
2.322434425354003906e+00
1.195076346397399902e+00
-4.650294482707977295e-01
-6.595687866210937500e-01
-1.937165297567844391e-02
-3.614003062248229980e-01
2.099536180496215820e+00
-3.178219199180603027e-01
-2.319153547286987305e-01
-6.988399624824523926e-01
-2.354845523834228516e+00
1.227946400642395020e+00
1.730726838111877441e+00
8.613038063049316406e-01
1.299079209566116333e-01
2.536843419075012207e-01
-1.477603763341903687e-01
-1.460925698280334473e+00
1.011249899864196777e+00
-4.204186052083969116e-02
4.031489491462707520e-01
-2.609629034996032715e-01
2.288641780614852905e-01
-1.164348483085632324e+00
1.864667892456054688e+00
-1.048025369644165039e+00
-3.625794351100921631e-01
-1.867360949516296387e+00
1.770511150360107422e+00
2.038209915161132812e+00
5.151981711387634277e-01
1.390480756759643555e+00
1.228374958038330078e+00
-2.627853453159332275e-01
2.242593169212341309e-01
-2.044677495956420898e+00
1.554265022277832031e-01
1.820254206657409668e+00
-6.949723958969116211e-01
1.018254399299621582e+00
-5.699934959411621094e-01
1.417968571186065674e-01
-6.493438482284545898e-01
-2.216738939285278320e+00
-8.830467462539672852e-01
5.845971107482910156e-01
1.370607256889343262e+00
1.450371742248535156e+00
1.359572649002075195e+00
1.365234255790710449e-01
-1.340535521507263184e+00
1.480625271797180176e+00
4.548949897289276123e-01
-6.397377848625183105e-01
-1.750375270843505859e+00
-4.962729811668395996e-01
-2.946597933769226074e-01
7.506451010704040527e-01
1.403659343719482422e+00
4.595967829227447510e-01
-1.583999872207641602e+00
1.145195484161376953e+00
9.630048274993896484e-01
1.004080057144165039e+00
-1.631531715393066406e-01
-7.573749125003814697e-02
5.358731001615524292e-02
5.348441004753112793e-01
-5.918610692024230957e-01
6.752911806106567383e-01
-1.293431520462036133e+00
2.863200604915618896e-01
7.039425969123840332e-01
-3.988582789897918701e-01
-4.076494574546813965e-01
1.328766494989395142e-01
-1.686909981071949005e-02
7.486576437950134277e-01
1.848812401294708252e-01
2.882829904556274414e-01
-1.975137591361999512e+00
1.214436888694763184e+00
9.700733423233032227e-01
1.869304537773132324e+00
2.674200832843780518e-01
-2.022800594568252563e-01
-6.352284550666809082e-01
-2.711972296237945557e-01
-1.898022174835205078e+00
9.684928059577941895e-01
-3.243930041790008545e-01
-2.264765262603759766e+00
-1.451534748077392578e+00
4.818994402885437012e-01
-1.122672915458679199e+00
-1.952532172203063965e+00
1.197085022926330566e+00
2.892932891845703125e+00
-2.230681926012039185e-01
-3.694815337657928467e-01
1.800745129585266113e+00
-1.932793140411376953e+00
-1.503871321678161621e+00
1.365418672561645508e+00
-1.148433446884155273e+00
-5.112049579620361328e-01
-7.115060091018676758e-01
1.363839983940124512e+00
2.536640465259552002e-01
-5.900633931159973145e-01
9.058443456888198853e-02
-8.300914168357849121e-01
2.076430916786193848e-01
-1.453905701637268066e+00
-1.245386600494384766e+00
-7.247181534767150879e-01
-3.804659545421600342e-01
