-3.288498222827911377e-01
1.019386529922485352e+00
1.167028546333312988e+00
-2.009353786706924438e-01
6.846152544021606445e-01
3.970926403999328613e-01
-6.405663490295410156e-01
-1.198462605476379395e+00
-5.167630910873413086e-01
-1.158536076545715332e+00
-1.713020682334899902e+00
2.134020030498504639e-01
-3.806558251380920410e-01
3.624142408370971680e-01
-2.678536474704742432e-01
1.207234501838684082e+00
-1.103302091360092163e-01
2.215398550033569336e+00
-7.557182908058166504e-01
2.944550514221191406e-01
-8.024328947067260742e-02
1.338907480239868164e+00
5.143378973007202148e-01
1.545959472656250000e+00
-1.254114508628845215e+00
1.002453446388244629e+00
-1.844325661659240723e-01
-1.587112069129943848e+00
-8.913756906986236572e-02
-1.199594974517822266e+00
3.447386920452117920e-01
9.562039971351623535e-01
3.261319100856781006e-01
-1.332797765731811523e+00
-1.986861079931259155e-01
-3.313376754522323608e-02
-1.763278603553771973e+00
7.943161725997924805e-01
-2.486143827438354492e+00
7.067556381225585938e-01
-1.216459393501281738e+00
-1.095366835594177246e+00
7.365719079971313477e-01
-1.542115688323974609e+00
1.701931953430175781e+00
-5.681232213973999023e-01
1.010710358619689941e+00
5.278561711311340332e-01
4.488325491547584534e-02
1.353428483009338379e+00
-8.712685704231262207e-01
-1.971409320831298828e+00
1.306491613388061523e+00
2.392711400985717773e+00
6.241557598114013672e-01
-9.412149786949157715e-01
-2.127062797546386719e+00
9.545946121215820312e-01
4.371494650840759277e-01
2.755733966827392578e+00
-1.211091518402099609e+00
2.816774249076843262e-01
2.068416595458984375e+00
4.707161486148834229e-01
9.408884644508361816e-01
-3.772144615650177002e-01
1.210835099220275879e+00
5.070257186889648438e-01
-2.073831856250762939e-01
-7.098491191864013672e-01
1.252399563789367676e+00
-1.804186463356018066e+00
1.549039602279663086e+00
9.492276906967163086e-01
-1.467625498771667480e+00
7.168621420860290527e-01
-2.939602732658386230e-01
5.499005317687988281e-01
-1.849777817726135254e+00
-1.169959664344787598e+00
9.404212832450866699e-01
-7.688490301370620728e-02
-1.501543521881103516e+00
-8.411566615104675293e-01
2.511958837509155273e+00
-6.700967550277709961e-01
1.806737899780273438e+00
1.310184478759765625e+00
1.099692344665527344e+00
-1.485681295394897461e+00
-8.397753238677978516e-01
5.662921071052551270e-01
-1.435001373291015625e+00
9.504505991935729980e-01
8.386355638504028320e-01
-6.946262121200561523e-01
-7.691599130630493164e-01
-2.306461572647094727e+00
2.649503350257873535e-01
1.076976299285888672e+00
-1.737964034080505371e+00
4.442667365074157715e-01
-8.322233557701110840e-01
5.017427802085876465e-01
7.521275877952575684e-01
-1.322171211242675781e+00
-1.807821989059448242e-01
-1.816883563995361328e+00
8.908087611198425293e-01
-3.901829719543457031e-01
1.579899787902832031e+00
-3.029043436050415039e+00
6.988657712936401367e-01
7.283901572227478027e-01
-4.315125048160552979e-01
-1.355361379683017731e-02
2.635703563690185547e+00
-6.730704754590988159e-02
-1.901745349168777466e-01
2.846032679080963135e-01
3.409402370452880859e-01
-2.379010677337646484e+00
1.555606603622436523e+00
-1.311673402786254883e+00
-1.019350886344909668e+00
-1.437238574028015137e+00
1.788675487041473389e-01
-1.846069395542144775e-01
