1.295991539955139160e+00
-2.310822725296020508e+00
7.522116899490356445e-01
-4.654981195926666260e-02
-2.142581790685653687e-01
-1.767072558403015137e+00
-1.036644503474235535e-01
-6.342778205871582031e-01
1.093058824539184570e+00
1.169533967971801758e+00
-8.698091506958007812e-01
-2.118384838104248047e-01
8.844360709190368652e-01
-5.043224990367889404e-02
-6.269448995590209961e-01
-1.398155689239501953e-01
-1.516068696975708008e+00
2.373161554336547852e+00
6.938133835792541504e-01
1.399432778358459473e+00
-1.343143701553344727e+00
-9.231808781623840332e-01
1.144921422004699707e+00
1.814830541610717773e+00
-2.661553025245666504e-01
-1.533606052398681641e-01
-8.811417818069458008e-01
-1.036461830139160156e+00
-2.269095897674560547e+00
2.679174542427062988e-01
1.841818928718566895e+00
8.572984933853149414e-01
7.512553930282592773e-01
-6.040689349174499512e-01
-1.249837517738342285e+00
2.277725696563720703e+00
7.602558732032775879e-01
-3.126052320003509521e-01
-8.277693390846252441e-02
1.041671872138977051e+00
3.318597674369812012e-01
9.386563301086425781e-01
1.678375959396362305e+00
-4.272018969058990479e-01
-1.405096650123596191e+00
-1.913595199584960938e+00
-2.427911043167114258e+00
1.074622154235839844e+00
7.483568787574768066e-01
5.245450139045715332e-01
1.698054790496826172e+00
-3.546376228332519531e+00
1.382695317268371582e+00
-5.899974703788757324e-01
-6.612496972084045410e-01
-2.159021049737930298e-01
-2.229799628257751465e-01
2.966288924217224121e-01
-2.593406736850738525e-01
2.173069000244140625e+00
-7.032950967550277710e-02
-1.116110801696777344e+00
1.113773941993713379e+00
4.957861080765724182e-02
1.283705592155456543e+00
8.596988916397094727e-01
-8.023939728736877441e-01
9.886189103126525879e-01
2.459311187267303467e-01
-3.606583178043365479e-02
8.067502379417419434e-01
4.055022895336151123e-01
1.338032335042953491e-01
8.120055198669433594e-01
-5.548384785652160645e-01
-8.781419694423675537e-02
5.427225828170776367e-01
-1.099235773086547852e+00
2.222947329282760620e-01
-3.053850233554840088e-01
1.009655833244323730e+00
-2.408776283264160156e+00
1.069556713104248047e+00
1.342025876045227051e+00
-8.305630832910537720e-02
-3.303939998149871826e-01
1.575002819299697876e-02
5.363630503416061401e-02
1.251075267791748047e+00
2.845816016197204590e-01
-1.832321405410766602e+00
-7.316235899925231934e-01
-1.466155767440795898e+00
9.331604838371276855e-01
1.738446712493896484e+00
-4.195237159729003906e-01
-8.947943449020385742e-01
-5.518605709075927734e-01
3.027770817279815674e-01
-9.689120203256607056e-02
5.744079351425170898e-01
3.724043369293212891e-01
5.447725057601928711e-01
-1.258108615875244141e-01
-2.301875352859497070e+00
4.428112208843231201e-01
-4.696501195430755615e-01
5.346178412437438965e-01
1.255753278732299805e+00
-1.353189587593078613e+00
-4.730292260646820068e-01
6.146767139434814453e-01
-1.288340091705322266e+00
-6.061880588531494141e-01
1.328673005104064941e+00
-1.844080805778503418e+00
6.069300696253776550e-02
-2.676976203918457031e+00
-4.469202831387519836e-02
-1.145402193069458008e+00
3.610845506191253662e-01
1.029008328914642334e-01
-7.513140887022018433e-02
-3.819875717163085938e-01
-1.213378429412841797e+00
-2.623918950557708740e-01
-5.671605467796325684e-01
8.539687097072601318e-02
