-3.069915294647216797e+00
-4.331220984458923340e-01
4.886414855718612671e-02
8.639541268348693848e-01
3.155316412448883057e-01
-7.663626670837402344e-01
-7.170395553112030029e-02
-6.765371561050415039e-01
-1.045189857482910156e+00
-2.317969202995300293e-01
9.087241291999816895e-01
-8.144441843032836914e-01
5.605110898613929749e-02
1.949553847312927246e+00
5.835827589035034180e-01
9.805817902088165283e-02
-2.404491752386093140e-01
5.563193559646606445e-01
-1.703282743692398071e-01
-3.069704771041870117e+00
2.240858316421508789e+00
8.743749856948852539e-01
3.809662163257598877e-01
9.451434612274169922e-01
-1.113416254520416260e-02
4.039857685565948486e-01
-1.914609819650650024e-01
-8.622688055038452148e-01
1.138967633247375488e+00
-1.281900286674499512e+00
-1.341653585433959961e+00
1.143993854522705078e+00
8.746502399444580078e-01
6.615096926689147949e-01
2.906067967414855957e-01
1.832908511161804199e+00
-4.569552540779113770e-01
7.939875125885009766e-01
-2.951880991458892822e-01
1.973534226417541504e+00
1.583833098411560059e+00
-6.391946673393249512e-01
1.462746739387512207e+00
8.115431666374206543e-01
-3.356491923332214355e-01
4.343711137771606445e-01
-1.561074405908584595e-01
-6.638012528419494629e-01
3.952953815460205078e-01
-2.567042410373687744e-01
9.051463007926940918e-01
-4.632803499698638916e-01
5.530939102172851562e-01
-9.860327243804931641e-01
-8.674162626266479492e-01
1.975394248962402344e+00
6.775144021958112717e-03
1.173877954483032227e+00
-1.248436197638511658e-01
1.125221610069274902e+00
-8.093491196632385254e-01
-5.768262743949890137e-01
-1.515439748764038086e+00
-3.909488320350646973e-01
8.925352692604064941e-01
1.170431450009346008e-01
3.007728338241577148e+00
-5.365357995033264160e-01
-1.133067250251770020e+00
3.959481045603752136e-02
-9.074740409851074219e-01
-1.520794630050659180e+00
-2.839418649673461914e-01
1.313276529312133789e+00
-1.414232492446899414e+00
-2.263493776321411133e+00
1.509689569473266602e+00
1.836211204528808594e+00
-1.360343337059020996e+00
-2.750969827175140381e-01
6.529380083084106445e-01
3.929168283939361572e-01
1.455638408660888672e+00
-4.134372770786285400e-01
2.012764453887939453e+00
1.549157738685607910e+00
1.419538557529449463e-01
-1.370046138763427734e+00
3.240070044994354248e-01
-9.251579046249389648e-01
1.670141071081161499e-01
1.744693815708160400e-01
-1.290843009948730469e+00
5.166554450988769531e-01
-1.761166453361511230e+00
-1.474684119224548340e+00
-2.014389187097549438e-01
8.747078180313110352e-01
2.106192260980606079e-01
-4.900074303150177002e-01
1.583156108856201172e+00
8.291338682174682617e-01
7.947010993957519531e-01
-2.165639549493789673e-01
-1.168271660804748535e+00
6.620270609855651855e-01
-6.081007719039916992e-01
-2.026327133178710938e+00
-1.151341319084167480e+00
-4.923020601272583008e-01
-2.727738857269287109e+00
-1.336509704589843750e+00
9.349362254142761230e-01
5.696845054626464844e-01
1.502123594284057617e+00
-1.533663123846054077e-01
-3.689854145050048828e-01
-3.140955924987792969e+00
-1.794349551200866699e+00
1.185897350311279297e+00
-1.654120087623596191e+00
4.288006126880645752e-01
-1.246331691741943359e+00
-8.730674982070922852e-01
-1.145153522491455078e+00
-3.773695528507232666e-01
8.796731829643249512e-01
8.974543809890747070e-01
