-1.774952530860900879e+00
-1.101042032241821289e-01
-7.509565949440002441e-01
4.447724297642707825e-02
9.489989876747131348e-01
-3.316079676151275635e-01
6.146182417869567871e-01
-7.863517999649047852e-01
-1.245857357978820801e+00
-1.463339209556579590e+00
1.072137951850891113e+00
7.469201683998107910e-01
1.766476184129714966e-01
1.383242905139923096e-01
9.259820580482482910e-01
-2.713643908500671387e-01
-3.945826292037963867e-01
1.872563511133193970e-01
-1.611337512731552124e-01
-3.597903490066528320e+00
2.657628431916236877e-02
-4.446947015821933746e-03
1.361937642097473145e+00
1.576449871063232422e+00
-2.655349373817443848e-01
-1.856251657009124756e-01
-1.195069074630737305e+00
-1.351289629936218262e+00
4.023090004920959473e-01
6.198866367340087891e-01
-1.159136295318603516e+00
2.505499839782714844e+00
1.479109078645706177e-01
4.691270887851715088e-01
-9.185872673988342285e-01
2.715945482254028320e+00
4.533658921718597412e-01
-2.396128892898559570e+00
5.597938224673271179e-02
1.647762298583984375e+00
1.033409476280212402e+00
1.752772688865661621e+00
1.336532831192016602e+00
1.241138696670532227e+00
-1.746302962303161621e+00
-2.675082385540008545e-01
-2.079121112823486328e+00
-1.229704141616821289e+00
5.979523658752441406e-01
5.362019408494234085e-03
-8.397946953773498535e-01
7.849714756011962891e-01
-9.701833128929138184e-01
-1.709361374378204346e-02
5.960742831230163574e-01
6.234773993492126465e-01
-4.692190885543823242e-01
3.491815924644470215e-01
-6.893961429595947266e-01
2.846120297908782959e-01
-6.302389502525329590e-02
5.271396040916442871e-01
9.105396866798400879e-01
-1.517009258270263672e+00
-8.082594722509384155e-02
3.293077349662780762e-01
2.076676130294799805e+00
1.528660178184509277e+00
-1.470277756452560425e-01
-4.325487613677978516e-01
9.882874488830566406e-01
-1.294190883636474609e+00
6.505745649337768555e-01
8.977021574974060059e-01
-2.228626489639282227e+00
9.476355463266372681e-02
1.760542988777160645e-01
1.180546164512634277e+00
-1.822677999734878540e-01
-1.281102061271667480e+00
1.528784275054931641e+00
2.195911556482315063e-01
6.829621791839599609e-01
4.369283616542816162e-01
8.861261606216430664e-01
1.905739665031433105e+00
1.136899664998054504e-01
-1.278263568878173828e+00
7.100748419761657715e-01
-1.577591776847839355e+00
-3.564087450504302979e-01
2.854993566870689392e-02
-5.031687766313552856e-02
1.805050849914550781e+00
-7.132926583290100098e-01
-1.039330840110778809e+00
4.186236262321472168e-01
-3.018757402896881104e-01
3.093836307525634766e-01
2.139946669340133667e-01
1.452603816986083984e+00
1.071961879730224609e+00
-1.435258984565734863e+00
-1.141616940498352051e+00
-2.281309127807617188e+00
1.134870648384094238e+00
-1.791857361793518066e+00
-1.641034960746765137e+00
1.033562064170837402e+00
-1.707492351531982422e+00
-2.003146409988403320e+00
6.998475790023803711e-01
-3.102681040763854980e-01
1.244931340217590332e+00
3.868152201175689697e-01
3.627551198005676270e-01
-4.010035395622253418e-01
-2.382622957229614258e+00
-1.050406575202941895e+00
7.319272160530090332e-01
4.203375279903411865e-01
1.200306534767150879e+00
-9.643030166625976562e-01
1.232945267111063004e-02
-1.191604852676391602e+00
-1.069959759712219238e+00
1.421986669301986694e-01
1.082813143730163574e+00
