3.527607917785644531e-01
-4.011586904525756836e-01
8.322876691818237305e-01
3.429076373577117920e-01
-3.737322390079498291e-01
-9.105766415596008301e-01
7.758775353431701660e-01
8.619966506958007812e-01
-2.484453678131103516e+00
3.530419170856475830e-01
-1.817174434661865234e+00
2.052442312240600586e+00
-1.452492326498031616e-01
-2.076243638992309570e+00
-1.083257719874382019e-01
1.918862223625183105e+00
-8.775323629379272461e-01
7.130972146987915039e-01
-2.443824529647827148e+00
2.311891913414001465e-01
1.408285975456237793e+00
7.736821770668029785e-01
-3.809180259704589844e-01
5.019240379333496094e-01
4.020230472087860107e-01
5.847863554954528809e-01
-6.168699860572814941e-01
2.127783186733722687e-02
3.193022608757019043e-01
1.057698130607604980e+00
-1.943237662315368652e+00
8.969854116439819336e-01
-1.034752964973449707e+00
-9.105322360992431641e-01
-2.573686599731445312e+00
-1.612743735313415527e-01
9.828084111213684082e-01
3.204263687133789062e+00
-9.168296307325363159e-02
4.532285332679748535e-01
2.835769176483154297e+00
-3.610862493515014648e-01
1.232414960861206055e+00
1.704725384712219238e+00
3.235509395599365234e-01
1.156531691551208496e+00
1.245787739753723145e+00
-4.023030698299407959e-01
3.391350060701370239e-02
-1.256099250167608261e-02
-1.140857577323913574e+00
5.161526203155517578e-01
-2.055375814437866211e+00
-2.138122320175170898e+00
-1.228663101792335510e-01
3.602105379104614258e-01
2.770817875862121582e-01
1.515602350234985352e+00
2.257610321044921875e+00
4.932823404669761658e-02
2.143607735633850098e-01
-2.061175554990768433e-01
1.071378946304321289e+00
-5.237149000167846680e-01
9.124382585287094116e-02
-2.321550369262695312e+00
4.510512948036193848e-01
4.917149543762207031e-01
3.077784776687622070e-01
8.198312520980834961e-01
-1.452055096626281738e+00
-8.698845505714416504e-01
1.651810407638549805e+00
7.454931139945983887e-01
3.213808238506317139e-01
-2.185375213623046875e+00
-1.237976193428039551e+00
-1.353545784950256348e+00
-1.260344982147216797e-01
-1.156180739402770996e+00
1.464821994304656982e-01
1.891484975814819336e+00
-4.624730944633483887e-01
-1.850042104721069336e+00
7.131202220916748047e-01
-8.434546589851379395e-01
6.443488001823425293e-01
2.726072788238525391e+00
-1.219788551330566406e+00
1.906002998352050781e+00
1.177361369132995605e+00
-1.017656922340393066e+00
1.769751548767089844e+00
-1.430470585823059082e+00
-1.881412267684936523e-01
-1.447945952415466309e+00
-8.786561489105224609e-01
-1.267956197261810303e-01
-2.271579205989837646e-01
3.234585225582122803e-01
-9.003477692604064941e-01
5.160308480262756348e-01
-3.517296314239501953e-01
1.102883815765380859e+00
-1.979078054428100586e+00
1.470514573156833649e-02
7.322868108749389648e-01
-1.586904048919677734e+00
1.317974805831909180e+00
-1.141400814056396484e+00
-5.225729942321777344e-01
1.665223538875579834e-01
-1.558676958084106445e-01
1.219732880592346191e+00
-2.187948971986770630e-01
-1.018620967864990234e+00
1.287621736526489258e+00
1.868003979325294495e-02
1.474488019943237305e+00
1.674564599990844727e+00
-1.042997092008590698e-01
-8.145421147346496582e-01
-5.072492361068725586e-01
-2.750521659851074219e+00
-9.018968939781188965e-01
-1.162777066230773926e+00
1.355768591165542603e-01
-3.510073721408843994e-01
