-2.833351790904998779e-01
-1.495597124099731445e+00
-5.762143135070800781e-01
1.124751210212707520e+00
2.153094768524169922e+00
1.822051048278808594e+00
-4.003035128116607666e-01
-2.148850709199905396e-01
-9.429522752761840820e-01
6.132503151893615723e-01
1.667449712753295898e+00
7.469984292984008789e-01
1.559818267822265625e+00
-2.069215297698974609e+00
-2.908105254173278809e-01
-3.675199151039123535e-01
2.366704463958740234e+00
-5.475712418556213379e-01
-8.766773343086242676e-01
-8.133653402328491211e-01
-1.342092454433441162e-01
-2.828358113765716553e-01
-9.423513710498809814e-02
1.384537220001220703e+00
-8.540455698966979980e-01
1.473109960556030273e+00
-5.582380890846252441e-01
-8.492344617843627930e-01
4.844120442867279053e-01
-1.572089433670043945e+00
-1.362933218479156494e-01
7.548910975456237793e-01
-6.407461166381835938e-01
-1.003600835800170898e+00
1.079562067985534668e+00
5.157520771026611328e-01
1.152170062065124512e+00
1.573478341102600098e+00
-1.230085864663124084e-01
1.289138555526733398e+00
2.025979280471801758e+00
3.956129252910614014e-01
1.169922947883605957e+00
-9.044907093048095703e-01
-3.172752261161804199e-01
-7.597393542528152466e-02
7.306180000305175781e-01
1.200889572501182556e-01
3.866331875324249268e-01
-1.376661062240600586e+00
9.383755326271057129e-01
-1.727948546409606934e+00
-1.015997171401977539e+00
1.753056421875953674e-02
-3.343171477317810059e-01
-7.631107568740844727e-01
3.784769475460052490e-01
1.654581546783447266e+00
1.420410156250000000e+00
1.580134749412536621e+00
4.732651114463806152e-01
-1.462247133255004883e+00
-1.648164689540863037e-01
1.935055971145629883e+00
-1.957812905311584473e+00
-1.883627176284790039e+00
3.157766103744506836e+00
6.916402578353881836e-01
-1.736464023590087891e+00
1.904385447502136230e+00
1.571025133132934570e+00
-7.334929108619689941e-01
-5.213015899062156677e-02
-3.264059126377105713e-01
-1.017371177673339844e+00
1.047490984201431274e-01
-7.266375422477722168e-01
-2.272167801856994629e-01
7.808455824851989746e-01
-1.396559953689575195e+00
-1.853306412696838379e+00
-6.266761422157287598e-01
2.353460788726806641e+00
-1.151938796043395996e+00
2.539885282516479492e+00
-1.096444606781005859e+00
-1.444832921028137207e+00
-3.290085494518280029e-01
2.850619554519653320e-01
8.382909893989562988e-01
1.426293611526489258e+00
-1.769885659217834473e+00
-1.759057283401489258e+00
-5.034373402595520020e-01
-6.435154080390930176e-01
-2.844990193843841553e-01
-3.799039423465728760e-01
1.283978700637817383e+00
-2.665219604969024658e-01
-2.463338077068328857e-01
-1.147337317466735840e+00
1.566576808691024780e-01
-3.226923346519470215e-01
1.954231619834899902e+00
-1.294113159179687500e+00
-1.260240674018859863e+00
-2.202926158905029297e+00
-2.712046384811401367e+00
1.042808175086975098e+00
-2.720906972885131836e+00
9.272279143333435059e-01
2.496478557586669922e-01
-6.070766448974609375e-01
2.459946870803833008e+00
-1.144125938415527344e+00
-6.547071337699890137e-01
-1.107869744300842285e+00
-2.639452517032623291e-01
-1.050998330116271973e+00
6.719712913036346436e-02
9.634326696395874023e-01
-6.474446654319763184e-01
1.173512816429138184e+00
1.389979571104049683e-01
-4.143435657024383545e-01
9.162593483924865723e-01
1.850471854209899902e+00
-2.882546901702880859e+00
