9.830812811851501465e-01
-3.020024299621582031e-01
2.311183363199234009e-01
-4.927472770214080811e-02
-1.292065143585205078e+00
-2.086253911256790161e-01
5.269252061843872070e-01
1.569290041923522949e+00
-2.948141098022460938e+00
-1.813977807760238647e-01
1.649684548377990723e+00
-2.358051300048828125e+00
1.248445749282836914e+00
8.005543798208236694e-02
9.503663778305053711e-01
-6.964295506477355957e-01
-1.579032540321350098e-01
4.957831799983978271e-01
-2.084033966064453125e+00
1.385625600814819336e+00
2.923430919647216797e+00
-2.502634525299072266e-01
-3.104147613048553467e-01
5.592428445816040039e-01
-4.199348017573356628e-02
8.338040113449096680e-02
1.944897651672363281e+00
-7.897526621818542480e-01
-1.886523514986038208e-01
-1.225958585739135742e+00
-1.043877482414245605e+00
-7.747258543968200684e-01
-1.416958332061767578e+00
-1.889106392860412598e+00
-3.954451680183410645e-01
2.585474729537963867e+00
-1.346101284027099609e+00
1.268925070762634277e+00
8.135632872581481934e-01
-4.378083646297454834e-01
2.870953977108001709e-01
8.211464285850524902e-01
8.571007847785949707e-02
1.339260816574096680e+00
-1.913485080003738403e-01
-3.943021297454833984e-01
1.367749571800231934e+00
1.741813540458679199e+00
1.221615433692932129e+00
1.285127639770507812e+00
-1.321823447942733765e-01
-7.861006855964660645e-01
-3.411721885204315186e-01
-4.656475186347961426e-01
2.907000668346881866e-02
2.890795946121215820e+00
-1.621004462242126465e+00
-4.913033545017242432e-01
9.946748018264770508e-01
6.877173185348510742e-01
1.025078296661376953e+00
-6.222093105316162109e-01
-6.553664207458496094e-01
8.641655445098876953e-01
2.245999097824096680e+00
-7.388538122177124023e-01
1.858032703399658203e+00
-3.393812850117683411e-02
1.766998410224914551e+00
-2.157823145389556885e-01
3.709835708141326904e-01
-2.180856466293334961e-01
1.038818955421447754e+00
8.800238966941833496e-01
-1.066955089569091797e+00
7.945913821458816528e-02
-1.828907430171966553e-01
-1.344579696655273438e+00
-2.116641998291015625e+00
-1.032944798469543457e+00
-2.151687383651733398e+00
3.111207962036132812e+00
-2.855283915996551514e-01
2.691700065042823553e-04
1.810578107833862305e+00
-2.260251343250274658e-01
-1.005653262138366699e+00
3.612399101257324219e-01
-2.146141529083251953e+00
-8.069208860397338867e-01
4.315821826457977295e-01
-2.542899370193481445e+00
-1.739466309547424316e+00
2.216479778289794922e-01
-3.578487336635589600e-01
-1.093052864074707031e+00
8.257845789194107056e-02
5.421784520149230957e-01
1.033433377742767334e-01
4.248583614826202393e-01
1.953885078430175781e+00
-5.005246996879577637e-01
6.910976767539978027e-01
-1.492120027542114258e+00
1.871663928031921387e+00
1.641829371452331543e+00
-1.382149338722229004e+00
1.020345807075500488e+00
6.121312081813812256e-02
-3.495877265930175781e+00
1.107174754142761230e+00
-9.820014238357543945e-02
1.262732744216918945e+00
-1.634247303009033203e+00
1.718871235847473145e+00
-1.258550524711608887e+00
-9.899448752403259277e-01
-3.157650232315063477e-01
-1.901400089263916016e+00
-5.044900774955749512e-01
-1.207956790924072266e+00
-1.876171708106994629e+00
6.111736893653869629e-01
-1.282227039337158203e+00
-8.698853850364685059e-01
5.255168676376342773e-01
3.782965838909149170e-01
1.001849293708801270e+00
