-2.145218372344970703e+00
1.813490390777587891e-01
-2.040088176727294922e-01
-3.529215812683105469e+00
-1.230748295783996582e+00
1.234392821788787842e-01
-3.393687605857849121e-01
1.745628356933593750e+00
6.403483748435974121e-01
-4.208327531814575195e-01
5.994310975074768066e-01
-7.422029972076416016e-01
-9.180104136466979980e-01
1.715560436248779297e+00
-1.001338601112365723e+00
2.762448072433471680e+00
3.766283094882965088e-01
-4.652252793312072754e-01
7.308287024497985840e-01
1.292703747749328613e+00
-3.025741875171661377e-01
-1.016263514757156372e-01
5.279314517974853516e-01
7.825584411621093750e-01
-1.259094476699829102e+00
2.283516675233840942e-01
-6.804924011230468750e-01
-1.087845087051391602e+00
6.327135562896728516e-01
1.809666633605957031e+00
-1.822418212890625000e+00
-4.231805801391601562e+00
-3.334981501102447510e-01
-6.509798765182495117e-01
-1.950481086969375610e-01
-1.095723390579223633e+00
-1.053735136985778809e+00
-3.370193243026733398e-01
-2.708410322666168213e-01
-6.590203046798706055e-01
4.666325747966766357e-01
9.834856390953063965e-01
1.569895386695861816e+00
2.713639736175537109e-01
5.372886061668395996e-01
6.273674964904785156e-02
8.288876414299011230e-01
2.076791763305664062e+00
3.499927520751953125e+00
9.344842433929443359e-01
1.808516234159469604e-01
-8.273360133171081543e-01
5.200810432434082031e-01
-3.123255670070648193e-01
1.352057337760925293e+00
9.854510426521301270e-01
1.872452735900878906e+00
-4.508242011070251465e-01
6.100460290908813477e-01
-2.333119511604309082e-01
-3.809605836868286133e-01
1.125435113906860352e+00
-1.121903657913208008e+00
1.298310279846191406e+00
4.288111925125122070e-01
-7.962065935134887695e-01
1.669715493917465210e-01
-1.219288945198059082e+00
-5.033082962036132812e-01
1.107920646667480469e+00
6.599446535110473633e-01
-1.375471830368041992e+00
1.153326272964477539e+00
-7.773151397705078125e-01
-2.796009302139282227e+00
-8.299180865287780762e-02
-6.983639597892761230e-01
2.592207193374633789e-01
2.157400846481323242e-01
-3.751977205276489258e+00
-1.088741064071655273e+00
-1.523140907287597656e+00
6.803346276283264160e-01
-5.706690549850463867e-01
8.105108141899108887e-02
1.437301278114318848e+00
-3.898317217826843262e-01
4.343622624874114990e-01
-1.290237665176391602e+00
1.840913772583007812e+00
-4.683094918727874756e-01
-5.581414699554443359e-01
-1.883746385574340820e+00
4.359528720378875732e-01
1.054032087326049805e+00
-5.754928588867187500e-01
2.062262773513793945e+00
8.298087865114212036e-03
-3.420815467834472656e-01
9.958367943763732910e-01
2.566491842269897461e+00
8.233262300491333008e-01
1.096728801727294922e+00
6.981906890869140625e-01
8.998059034347534180e-01
2.452862262725830078e-01
-6.165652871131896973e-01
-7.157871127128601074e-01
-2.565256953239440918e-01
-2.611445426940917969e+00
1.017872095108032227e+00
1.527014970779418945e-01
5.400263238698244095e-03
-2.747921049594879150e-01
1.485242009162902832e+00
-4.415408372879028320e-01
-2.016041278839111328e-01
-4.740551412105560303e-01
1.127760484814643860e-01
-4.157063737511634827e-02
2.109790802001953125e+00
5.033171921968460083e-02
-5.751713514328002930e-01
-1.296276807785034180e+00
2.695692479610443115e-01
-1.738376975059509277e+00
4.488518238067626953e-01
-1.908517718315124512e+00
