1.114415645599365234e+00
1.874835342168807983e-01
-5.458436012268066406e-01
-3.059688091278076172e+00
1.587218403816223145e+00
3.551129400730133057e-01
2.436804294586181641e+00
-3.465633690357208252e-01
3.756060302257537842e-01
-1.476820230484008789e+00
5.388551950454711914e-01
9.138245582580566406e-01
1.160318017005920410e+00
-2.156351804733276367e-01
-6.735534667968750000e-01
1.708745121955871582e+00
-5.439670681953430176e-01
5.526931211352348328e-02
-9.099748134613037109e-01
1.848347783088684082e-01
-1.093278646469116211e+00
-2.271770387887954712e-01
-3.282833099365234375e-01
2.796736240386962891e+00
-5.276081562042236328e-01
-1.663315653800964355e+00
-5.772404670715332031e-01
1.308140516281127930e+00
-1.124681115150451660e+00
1.609171271324157715e+00
-9.801712632179260254e-01
-1.647378087043762207e+00
9.899012744426727295e-02
2.241327524185180664e+00
-8.054783940315246582e-01
3.495688363909721375e-02
-4.120114147663116455e-01
1.815399080514907837e-01
1.863201707601547241e-01
2.533327639102935791e-01
7.108936905860900879e-01
1.995253324508666992e+00
1.014626145362854004e+00
1.106671690940856934e+00
-1.207198977470397949e+00
-2.926788568496704102e+00
-3.862431943416595459e-01
3.030183792114257812e+00
-7.591832876205444336e-01
7.931668162345886230e-01
1.109063863754272461e+00
-1.008616924285888672e+00
4.784835278987884521e-01
-6.196696683764457703e-02
1.102647900581359863e+00
-2.139839887619018555e+00
9.432533979415893555e-01
1.037797808647155762e+00
-6.725173592567443848e-01
1.092195868492126465e+00
-6.829338669776916504e-01
2.253539115190505981e-01
1.172563910484313965e+00
1.270457506179809570e+00
9.749389886856079102e-01
-9.839460849761962891e-01
-2.827699184417724609e-01
1.974023699760437012e+00
1.442819088697433472e-01
-2.614795267581939697e-01
5.686232075095176697e-02
3.808755278587341309e-01
-1.663299083709716797e+00
-6.500872969627380371e-01
2.725083827972412109e-01
-7.686600685119628906e-01
6.487100720405578613e-01
2.879910171031951904e-01
8.012986928224563599e-02
-3.270274877548217773e+00
4.427773058414459229e-01
-7.521313428878784180e-01
-5.059982538223266602e-01
-7.298005819320678711e-01
2.502501964569091797e+00
1.609462499618530273e-01
-4.391521215438842773e-01
1.956497550010681152e+00
3.071841299533843994e-01
-1.746229410171508789e+00
1.470465213060379028e-01
-1.580012321472167969e+00
-1.087549209594726562e+00
-1.914595961570739746e-01
4.942853450775146484e-01
2.524249851703643799e-01
4.584010839462280273e-01
-4.531596601009368896e-01
-3.355551511049270630e-02
-7.346568256616592407e-02
6.755730509757995605e-01
4.277749061584472656e-01
-1.773943305015563965e+00
1.374387145042419434e+00
4.794177412986755371e-01
-6.094973683357238770e-01
1.162199497222900391e+00
6.827718019485473633e-01
1.535374879837036133e+00
-1.796838045120239258e+00
-1.494272112846374512e+00
-1.578639864921569824e+00
-1.833002924919128418e+00
-1.572811126708984375e+00
3.367104291915893555e+00
4.573467671871185303e-01
-1.730452775955200195e-01
-2.045818805694580078e+00
-2.485987901687622070e+00
1.567084431648254395e+00
2.003770351409912109e+00
-1.017734408378601074e+00
-1.494322717189788818e-01
-1.468056887388229370e-01
2.734265327453613281e-01
-2.005522727966308594e+00
-3.613196611404418945e-01
-8.804739117622375488e-01
