9.143629670143127441e-01
6.818667054176330566e-01
2.518025934696197510e-01
2.737071812152862549e-01
1.519605875015258789e+00
7.876432687044143677e-02
8.811398148536682129e-01
-6.340081244707107544e-02
-4.195884168148040771e-01
1.298090219497680664e+00
-2.356826543807983398e+00
-1.132459282875061035e+00
-4.567907378077507019e-02
1.970037221908569336e+00
7.529128193855285645e-01
9.697769284248352051e-01
-1.879384517669677734e-01
1.405987262725830078e+00
-1.133671879768371582e+00
-9.674777984619140625e-01
-1.737906932830810547e+00
5.622392892837524414e-01
4.288258552551269531e-01
4.667716026306152344e-01
-5.055438876152038574e-01
-1.143540740013122559e+00
6.918019652366638184e-01
-6.893896460533142090e-01
2.749428749084472656e+00
-3.088260591030120850e-01
-1.422558426856994629e+00
-1.118028163909912109e+00
-6.579948663711547852e-01
-4.557731151580810547e-01
1.270215153694152832e+00
4.169796109199523926e-01
4.125877618789672852e-01
2.906553745269775391e-01
-2.798692286014556885e-01
2.335222959518432617e+00
1.337385177612304688e+00
3.083091676235198975e-01
1.724772214889526367e+00
1.686215996742248535e+00
1.364896774291992188e+00
1.156625151634216309e+00
-1.769318282604217529e-01
1.936473250389099121e+00
-4.536549150943756104e-01
1.269535899162292480e+00
-2.172912657260894775e-01
-6.590969562530517578e-01
-9.387583285570144653e-02
-7.202221751213073730e-01
-2.013726472854614258e+00
1.647834420204162598e+00
-9.004541039466857910e-01
1.380317091941833496e+00
-8.101667165756225586e-01
-7.832174748182296753e-02
2.467654496431350708e-01
2.651929140090942383e+00
1.620516739785671234e-02
-3.791534006595611572e-01
8.088193535804748535e-01
1.513435125350952148e+00
-3.332497477531433105e-01
3.085327744483947754e-01
-7.755450606346130371e-01
6.641055643558502197e-02
-1.749274730682373047e-01
-4.462783336639404297e-01
1.653925895690917969e+00
1.164198637008666992e+00
-5.881013274192810059e-01
-3.726805150508880615e-01
1.753083825111389160e+00
-1.278023242950439453e+00
-3.717782497406005859e-01
-8.533660173416137695e-01
2.956769168376922607e-01
4.339132308959960938e-01
-7.653948068618774414e-01
-1.240392446517944336e+00
8.173300325870513916e-02
-1.029957652091979980e+00
7.753812670707702637e-01
-2.008124351501464844e+00
-3.859841823577880859e-01
-7.830232977867126465e-01
-4.702864289283752441e-01
1.953442394733428955e-01
-1.783305168151855469e+00
5.611970424652099609e-01
-1.026327013969421387e+00
-1.796385407447814941e+00
-6.867101192474365234e-01
1.378489136695861816e-01
1.085092306137084961e+00
5.144253000617027283e-02
2.052091360092163086e-01
-8.609690070152282715e-01
-1.085090398788452148e+00
-2.193924188613891602e+00
-1.626874327659606934e+00
1.763942718505859375e+00
-2.281179428100585938e+00
-1.045672059059143066e+00
1.608519792556762695e+00
-4.652802646160125732e-01
-2.043835371732711792e-01
7.787392139434814453e-01
-7.190310955047607422e-01
2.941180169582366943e-01
-4.490064978599548340e-01
3.453828394412994385e-02
-4.293996393680572510e-01
-1.199274301528930664e+00
-1.243176341056823730e+00
-3.228462114930152893e-02
2.155644893646240234e-01
5.520892143249511719e-01
-1.025138497352600098e+00
5.815415829420089722e-02
-1.917084693908691406e+00
-1.059506535530090332e+00
-6.729588508605957031e-01
1.927277803421020508e+00
