1.182244777679443359e+00
-1.254729747772216797e+00
-2.251874357461929321e-01
4.212736189365386963e-01
5.351008772850036621e-01
-1.100911855697631836e+00
-7.379544973373413086e-01
-1.167310237884521484e+00
5.895746946334838867e-01
4.779563248157501221e-01
2.996602952480316162e-01
-6.161694526672363281e-01
1.322241067886352539e+00
-1.190430000424385071e-01
9.512481093406677246e-02
-5.701500177383422852e-01
-5.856428742408752441e-01
-9.417021274566650391e-01
-2.798476219177246094e+00
1.900117754936218262e+00
2.374939203262329102e+00
-6.010894775390625000e-01
8.882491588592529297e-01
-9.221370220184326172e-01
-1.303369045257568359e+00
-2.430915117263793945e+00
3.915113508701324463e-01
5.169278979301452637e-01
8.934329748153686523e-01
-1.478988885879516602e+00
2.809967398643493652e-01
-2.214417979121208191e-02
-1.428617596626281738e+00
-6.947363615036010742e-01
1.605102419853210449e+00
5.904065072536468506e-02
-6.722997128963470459e-02
3.663766086101531982e-01
3.578283786773681641e-01
1.637484073638916016e+00
1.812410116195678711e+00
-2.300277709960937500e+00
4.586680829524993896e-01
1.988151431083679199e+00
5.878044366836547852e-01
-2.884984731674194336e+00
-1.060777083039283752e-01
2.516447782516479492e+00
-1.258727312088012695e-01
2.253698825836181641e+00
-4.879874587059020996e-01
-1.095853805541992188e+00
1.566007256507873535e+00
2.234563976526260376e-01
1.624264717102050781e+00
-3.429878130555152893e-02
1.593029260635375977e+00
5.477526187896728516e-01
1.636895537376403809e+00
1.348165392875671387e+00
-6.202924251556396484e-01
3.237424492835998535e-01
-5.944328904151916504e-01
1.254921317100524902e+00
-5.258125662803649902e-01
1.786677360534667969e+00
-1.477506160736083984e-01
8.946480154991149902e-01
-4.665418863296508789e-01
1.522019386291503906e+00
1.914945840835571289e+00
7.466769814491271973e-01
-2.058480024337768555e+00
2.027253210544586182e-01
-4.504202678799629211e-02
6.884130835533142090e-01
-1.311955928802490234e+00
-1.614679694175720215e+00
7.383357286453247070e-01
-1.825218081474304199e+00
7.283000349998474121e-01
6.148898974061012268e-02
2.830058097839355469e+00
-2.206323444843292236e-01
1.995815038681030273e+00
-2.512290477752685547e+00
-7.217316627502441406e-01
-1.194996833801269531e+00
-1.201109886169433594e-01
-1.497924089431762695e+00
-4.926762282848358154e-01
-1.746836185455322266e+00
-3.948805928230285645e-01
-2.148665487766265869e-01
-2.191059440374374390e-01
-1.661318540573120117e+00
-7.642768025398254395e-01
-8.148508667945861816e-01
-8.982328772544860840e-01
5.418310165405273438e-01
8.070141077041625977e-01
6.043671369552612305e-01
-1.944354295730590820e+00
7.772818803787231445e-01
2.468741416931152344e+00
3.021533966064453125e+00
-2.068750858306884766e+00
-2.150956869125366211e+00
4.473928809165954590e-01
-6.085163354873657227e-01
1.359586596488952637e+00
2.102715730667114258e+00
-1.289749503135681152e+00
6.408860683441162109e-01
1.257712006568908691e+00
-1.575266242027282715e+00
-7.587308287620544434e-01
-6.921021342277526855e-01
-1.315850734710693359e+00
-1.318624168634414673e-01
9.635769724845886230e-01
-3.824152052402496338e-01
-7.759617567062377930e-01
-1.148508548736572266e+00
-5.829367637634277344e-01
1.572964787483215332e+00
4.014236330986022949e-01
-2.015709400177001953e+00
