-2.370842173695564270e-02
9.436761736869812012e-01
-1.842273771762847900e-02
-2.399437502026557922e-02
1.601670026779174805e+00
-1.761078387498855591e-01
6.895834207534790039e-01
-2.412929534912109375e-01
-9.870428442955017090e-01
5.023515820503234863e-01
-7.778967022895812988e-01
-4.026887714862823486e-01
-5.591525435447692871e-01
-3.224760293960571289e+00
1.783859848976135254e+00
-9.457265585660934448e-02
1.446789622306823730e+00
-6.192321777343750000e-01
-1.689852476119995117e+00
5.953103303909301758e-01
6.195130944252014160e-01
5.164672136306762695e-01
3.656010627746582031e-01
8.851465582847595215e-02
-7.859942317008972168e-01
-8.244308233261108398e-01
8.581027984619140625e-01
-1.004510283470153809e+00
4.862839728593826294e-02
1.550942063331604004e+00
-1.779999256134033203e+00
8.183510303497314453e-01
-9.643074274063110352e-01
6.556072831153869629e-02
6.123991608619689941e-01
-4.780580699443817139e-01
4.839674830436706543e-01
7.725550532341003418e-01
-2.248140573501586914e+00
-2.335850238800048828e+00
1.913081765174865723e+00
1.120615720748901367e+00
2.880567312240600586e+00
3.850758373737335205e-01
6.447025388479232788e-02
-1.352792024612426758e+00
2.756882607936859131e-01
1.947405934333801270e+00
-6.295007467269897461e-01
5.524617061018943787e-02
2.405617713928222656e+00
-8.301512598991394043e-01
-8.067952990531921387e-01
-1.849641799926757812e+00
-1.161004155874252319e-01
1.676294207572937012e+00
-3.270699679851531982e-01
4.580640792846679688e-01
1.929991096258163452e-01
1.016642689704895020e+00
-6.854793429374694824e-01
2.195390760898590088e-01
1.212702751159667969e+00
1.055756568908691406e+00
1.128269910812377930e+00
-1.210216507315635681e-01
1.170443296432495117e+00
-9.155092239379882812e-01
-5.603495836257934570e-01
-7.779333591461181641e-01
2.105776518583297729e-01
2.183707952499389648e+00
2.057917594909667969e+00
-1.210546731948852539e+00
-2.139629840850830078e+00
-5.671437978744506836e-01
-4.039172828197479248e-01
-3.736154437065124512e-01
3.741893172264099121e-01
-2.814655303955078125e+00
-2.334851264953613281e+00
2.342497855424880981e-01
-5.523945093154907227e-01
-7.761038541793823242e-01
1.897311925888061523e+00
-1.957015693187713623e-01
-7.479470688849687576e-03
8.444182276725769043e-01
-2.279644966125488281e+00
4.893986582756042480e-01
8.930839896202087402e-01
-2.166994094848632812e+00
4.556517004966735840e-01
3.444550037384033203e-01
6.400002241134643555e-01
-9.051952362060546875e-01
3.434096097946166992e+00
3.274823725223541260e-01
1.118778735399246216e-01
-7.150892019271850586e-01
-1.805534213781356812e-01
5.767343044281005859e-01
9.683411121368408203e-01
-1.005939722061157227e+00
-3.195142745971679688e-02
2.265018820762634277e-01
-5.651813149452209473e-01
8.065646886825561523e-01
1.293658763170242310e-01
5.432780981063842773e-01
-5.665571093559265137e-01
-1.194583177566528320e+00
-1.682155877351760864e-01
-2.150615930557250977e+00
-1.191956758499145508e+00
-5.922322273254394531e-01
-1.030413389205932617e+00
8.652186393737792969e-01
5.815320611000061035e-01
9.415682554244995117e-01
-1.127346038818359375e+00
-1.398550629615783691e+00
3.379105031490325928e-01
-1.407088637351989746e+00
-1.130412891507148743e-01
-3.538259565830230713e-01
-2.864919900894165039e-01
1.121406555175781250e+00
