6.987364888191223145e-01
-1.266577482223510742e+00
-2.874810993671417236e-01
4.422837197780609131e-01
9.833824634552001953e-01
-2.156169265508651733e-01
7.528185099363327026e-02
-6.970067024230957031e-01
4.828334748744964600e-01
2.652682960033416748e-01
-1.170055642724037170e-01
-2.167241871356964111e-01
1.020917773246765137e+00
-8.322309255599975586e-01
1.657599061727523804e-01
-9.199142456054687500e-01
2.440870404243469238e-01
-1.056836366653442383e+00
-2.807691335678100586e+00
1.965605497360229492e+00
1.992044329643249512e+00
-4.623619914054870605e-01
5.756697058677673340e-01
-1.359079837799072266e+00
-1.647932171821594238e+00
-1.413224816322326660e+00
1.560006499290466309e+00
-4.685228466987609863e-01
1.100013852119445801e+00
-1.848860263824462891e+00
9.990265369415283203e-01
-3.739171028137207031e-01
-1.168232798576354980e+00
-1.486195683479309082e+00
1.711094021797180176e+00
4.289206266403198242e-01
8.600551486015319824e-01
3.740010857582092285e-01
-1.835705935955047607e-01
1.203286647796630859e+00
2.254336833953857422e+00
-2.364225864410400391e+00
4.214511513710021973e-01
1.603973627090454102e+00
4.847231805324554443e-01
-2.714604854583740234e+00
1.192763969302177429e-01
2.184113979339599609e+00
3.693040311336517334e-01
1.083206534385681152e+00
-3.443185687065124512e-01
-8.569574952125549316e-01
-2.027483731508255005e-01
-2.902711033821105957e-01
1.165496230125427246e+00
7.595594525337219238e-01
1.057256698608398438e+00
5.889973640441894531e-01
2.206689357757568359e+00
-2.749352455139160156e-01
-6.307930350303649902e-01
6.421653628349304199e-01
-6.547676920890808105e-01
1.225492238998413086e+00
-1.187545061111450195e+00
1.041727781295776367e+00
-7.212662696838378906e-02
8.098089694976806641e-01
-8.822776079177856445e-01
1.273898243904113770e+00
1.825125217437744141e+00
3.312516510486602783e-01
-1.902403235435485840e+00
8.921254426240921021e-02
-7.444453239440917969e-01
3.188508152961730957e-01
-2.291410923004150391e+00
-1.132793068885803223e+00
7.929068207740783691e-01
-1.955594658851623535e+00
-2.471720725297927856e-01
9.741017222404479980e-01
2.936053037643432617e+00
-3.773106932640075684e-01
2.303290605545043945e+00
-2.078164339065551758e+00
-1.258700728416442871e+00
-1.665929675102233887e+00
-4.718487262725830078e-01
-6.357550024986267090e-01
9.975795447826385498e-02
-2.225338220596313477e+00
-4.647786021232604980e-01
-1.281971216201782227e+00
-2.482704818248748779e-01
-1.006524324417114258e+00
-4.769663512706756592e-01
-6.571902632713317871e-01
-8.654978871345520020e-01
1.026367396116256714e-01
3.197483122348785400e-01
-2.355663925409317017e-01
-1.931589603424072266e+00
1.443975210189819336e+00
2.700361490249633789e+00
2.517295122146606445e+00
-2.654013872146606445e+00
-2.257778644561767578e+00
2.142533540725708008e+00
-3.550331890583038330e-01
2.188406944274902344e+00
2.407726287841796875e+00
-8.328230381011962891e-01
1.323815584182739258e+00
6.002669408917427063e-02
-7.887822389602661133e-01
-9.182217717170715332e-01
-2.002506554126739502e-01
-9.063761234283447266e-01
9.587738513946533203e-01
1.759422659873962402e+00
-1.220726013183593750e+00
6.021477580070495605e-01
-2.853715717792510986e-01
-5.118042230606079102e-01
1.629177570343017578e+00
9.651409983634948730e-01
-2.000575542449951172e+00
