2.124117016792297363e-01
-2.534506797790527344e+00
1.683976799249649048e-01
1.124545261263847351e-01
4.716343060135841370e-02
-1.463428139686584473e+00
4.655472040176391602e-01
8.065311312675476074e-01
6.534953117370605469e-01
6.362940073013305664e-01
-3.063223063945770264e-01
1.971412450075149536e-01
1.931017875671386719e+00
8.438053727149963379e-01
1.882271319627761841e-01
8.530844002962112427e-02
1.474729031324386597e-01
9.313629865646362305e-01
-3.657447993755340576e-01
1.511988997459411621e+00
-1.800123691558837891e+00
-1.193011760711669922e+00
1.150316119194030762e+00
9.434363245964050293e-01
-1.500272393226623535e+00
-9.193754792213439941e-01
1.178199410438537598e+00
-2.615974843502044678e-01
-8.209933042526245117e-01
1.414865553379058838e-01
-1.690786242485046387e+00
-4.919885471463203430e-02
-7.243924736976623535e-01
7.521392107009887695e-01
-8.918972611427307129e-01
2.056432485580444336e+00
9.723399281501770020e-01
-1.227931737899780273e+00
9.775249361991882324e-01
2.242054343223571777e-01
-3.897944986820220947e-01
3.722050487995147705e-01
1.909560322761535645e+00
1.805649280548095703e+00
1.772066056728363037e-01
7.404530048370361328e-01
1.971892863512039185e-01
4.029010534286499023e-01
-2.494533658027648926e-01
1.007727861404418945e+00
1.967219859361648560e-01
-1.269599318504333496e+00
4.128164350986480713e-01
-1.636208653450012207e+00
7.737231254577636719e-02
-1.524174690246582031e+00
1.351247072219848633e+00
1.781274199485778809e+00
1.712796330451965332e+00
-5.817915871739387512e-02
-8.162450194358825684e-01
-1.720404028892517090e+00
-3.423684090375900269e-02
-5.044126510620117188e-01
1.337318420410156250e+00
-5.644164681434631348e-01
1.449981212615966797e+00
-5.601538419723510742e-01
-7.966297864913940430e-01
1.324402540922164917e-01
-8.374892920255661011e-02
-6.086045503616333008e-01
1.940384626388549805e+00
8.767509460449218750e-01
-3.404165804386138916e-01
-2.840051889419555664e+00
-2.869329452514648438e+00
-1.240773558616638184e+00
1.295442461967468262e+00
2.477405071258544922e-01
8.659985065460205078e-01
-1.284913659095764160e+00
-5.251097679138183594e-01
6.940514445304870605e-01
2.969185709953308105e-01
-2.253888100385665894e-01
4.743522107601165771e-01
-6.357971429824829102e-01
2.164854288101196289e+00
9.601090550422668457e-01
-4.702148139476776123e-01
-2.109516382217407227e+00
-9.633407592773437500e-01
3.368336334824562073e-02
6.646742224693298340e-01
1.000610589981079102e+00
-3.275703489780426025e-01
1.807473897933959961e+00
-2.590946912765502930e+00
7.575184106826782227e-01
-8.758341670036315918e-01
-3.928903639316558838e-01
7.846914529800415039e-01
-1.326654434204101562e+00
2.658785581588745117e-01
1.423995971679687500e+00
-9.689021110534667969e-01
-8.182859420776367188e-02
8.071176409721374512e-01
-9.046220779418945312e-01
-2.593702375888824463e-01
7.087689042091369629e-01
6.010512113571166992e-01
6.426254510879516602e-01
1.571014881134033203e+00
1.271436810493469238e-01
4.126338064670562744e-01
-9.231507182121276855e-01
1.033612132072448730e+00
-9.369122982025146484e-01
-2.107231140136718750e+00
-2.625753171741962433e-03
3.822571933269500732e-01
-3.813331842422485352e+00
-8.175671100616455078e-01
-1.898501634597778320e+00
-1.143044114112854004e+00
8.415270447731018066e-01
