2.805336117744445801e-01
2.553927898406982422e-01
5.381761193275451660e-01
-3.376291096210479736e-01
4.284311830997467041e-01
-2.397111654281616211e+00
7.338395714759826660e-01
1.497124910354614258e+00
-6.143619418144226074e-01
2.428445339202880859e+00
-3.888387382030487061e-01
1.980622053146362305e+00
5.856518074870109558e-02
-6.183528900146484375e-01
1.749995863065123558e-03
7.523407340049743652e-01
-1.418874502182006836e+00
-3.184624481946229935e-03
-1.994363188743591309e+00
-1.309707045555114746e+00
9.143646457232534885e-04
-4.571166336536407471e-01
-2.236446142196655273e-01
2.208869457244873047e-01
-1.989245176315307617e+00
1.409028172492980957e+00
-1.225518584251403809e+00
-1.196479201316833496e+00
2.168575286865234375e+00
7.337238192558288574e-01
7.027230262756347656e-01
1.207572460174560547e+00
-1.296738982200622559e+00
6.646900177001953125e-01
-1.836124509572982788e-01
5.266701579093933105e-01
8.857514858245849609e-01
-8.050677180290222168e-01
1.235540509223937988e+00
9.474607706069946289e-01
2.198754549026489258e+00
-1.191941976547241211e+00
1.158113598823547363e+00
8.033645153045654297e-01
-9.415307044982910156e-01
-1.062195181846618652e+00
2.851977013051509857e-02
-1.130342364311218262e+00
-3.333375155925750732e-01
-6.920701861381530762e-01
-1.120582103729248047e+00
-2.724038958549499512e-01
-1.156500935554504395e+00
1.560034006834030151e-01
1.789571881294250488e+00
1.774441599845886230e+00
8.818677067756652832e-01
2.037491947412490845e-01
1.873143017292022705e-01
7.229947447776794434e-01
4.125714302062988281e-01
7.817239761352539062e-01
-8.654565811157226562e-01
5.082944631576538086e-01
-8.681223988533020020e-01
-1.072993636131286621e+00
-9.536048769950866699e-01
3.246045351028442383e+00
-1.022148728370666504e+00
-2.290706485509872437e-01
-8.575928807258605957e-01
-8.026722073554992676e-02
-5.412455201148986816e-01
1.250451087951660156e+00
8.853897452354431152e-02
-1.395645737648010254e+00
3.353190422058105469e-01
1.118524193763732910e+00
-1.722825765609741211e+00
-8.561646938323974609e-01
1.131586790084838867e+00
6.622052788734436035e-01
1.568110466003417969e+00
1.499124407768249512e+00
2.061068534851074219e+00
-2.269096374511718750e+00
-1.939198970794677734e+00
-1.294113755226135254e+00
-6.523393392562866211e-01
1.663434982299804688e+00
1.192359805107116699e+00
-2.565125524997711182e-01
6.334297657012939453e-01
-1.188931107521057129e+00
-5.257996916770935059e-01
1.600522160530090332e+00
8.004691451787948608e-02
-8.949599266052246094e-01
7.343361973762512207e-01
-4.490866363048553467e-01
9.146984815597534180e-01
-2.463644295930862427e-01
-9.860017299652099609e-01
1.094113111495971680e+00
-1.166814684867858887e+00
-1.210893988609313965e+00
3.778398036956787109e-01
2.697907090187072754e-01
5.769016742706298828e-01
-4.008035659790039062e+00
7.453761100769042969e-01
1.028239130973815918e+00
1.038000822067260742e+00
-7.421618103981018066e-01
-1.039332866668701172e+00
-3.445811986923217773e+00
1.549713760614395142e-01
-7.785808444023132324e-01
-2.309625864028930664e+00
4.708037078380584717e-01
1.431381344795227051e+00
-1.965272188186645508e+00
8.571487069129943848e-01
-3.481114283204078674e-02
-7.994901537895202637e-01
4.011520743370056152e-01
-1.699690073728561401e-01
3.362725973129272461e-01
