3.670921325683593750e-01
-2.347453594207763672e+00
1.555545806884765625e+00
1.248408332467079163e-01
7.644468545913696289e-01
-1.802060753107070923e-01
-4.236259162425994873e-01
7.512702345848083496e-01
-3.637836873531341553e-01
-1.121779322624206543e+00
1.801693558692932129e+00
6.284856200218200684e-01
4.138286113739013672e-01
-1.446002840995788574e+00
-2.374446988105773926e-01
-5.518513917922973633e-02
-2.049817591905593872e-01
-3.431192040443420410e-01
-8.317669630050659180e-01
2.157639414072036743e-01
2.802347421646118164e+00
1.781549215316772461e+00
6.064169406890869141e-01
1.772365927696228027e+00
1.677014082670211792e-01
1.980207085609436035e+00
-1.286989331245422363e+00
1.676496267318725586e-01
6.350197792053222656e-01
1.421580612659454346e-01
-2.877059459686279297e+00
-2.099462509155273438e+00
-9.770864844322204590e-01
3.208470344543457031e-01
1.420633435249328613e+00
1.849191665649414062e+00
-1.804644346237182617e+00
1.289668798446655273e+00
-1.429282426834106445e-01
-4.871669411659240723e-01
1.356740117073059082e+00
-4.496060907840728760e-01
7.779653668403625488e-01
4.723850488662719727e-01
-8.072215318679809570e-01
-3.080355226993560791e-01
8.516873121261596680e-01
-6.635373830795288086e-01
2.148159295320510864e-01
2.453234195709228516e+00
-4.840863645076751709e-01
4.342183843255043030e-02
-1.092150211334228516e+00
-8.967217803001403809e-01
-1.683670997619628906e+00
2.577273130416870117e+00
-1.025741457939147949e+00
1.640045940876007080e-01
-1.119114518165588379e+00
9.617993235588073730e-02
-1.166499257087707520e+00
4.916780591011047363e-01
-2.579693317413330078e+00
-1.650638699531555176e+00
-4.746772348880767822e-02
8.437674045562744141e-01
-5.635965466499328613e-01
-1.282703995704650879e+00
-2.698706984519958496e-01
-3.961997330188751221e-01
-8.758959174156188965e-01
-1.490735650062561035e+00
2.241620123386383057e-01
9.013732075691223145e-01
-8.499412536621093750e-01
-5.597578883171081543e-01
9.967740774154663086e-01
2.737224698066711426e-01
-9.650439620018005371e-01
-1.988255381584167480e+00
1.712876081466674805e+00
-1.073572039604187012e+00
-9.207378625869750977e-01
-1.406955868005752563e-01
2.014805793762207031e+00
2.288793563842773438e+00
1.488924980163574219e+00
4.053532029502093792e-04
-1.275524973869323730e+00
-1.282832503318786621e+00
-1.904401421546936035e+00
-8.411968946456909180e-01
-1.253759711980819702e-01
2.083769083023071289e+00
-8.567464351654052734e-01
1.071652844548225403e-01
3.748744726181030273e-01
1.607952237129211426e+00
1.479592919349670410e+00
2.208539962768554688e+00
-9.188193827867507935e-02
2.642145395278930664e+00
1.547746360301971436e-01
8.976423144340515137e-01
-9.762787818908691406e-01
1.183065295219421387e+00
-1.973838210105895996e+00
-1.190704926848411560e-01
2.827183604240417480e-01
-1.869158744812011719e+00
-1.816998980939388275e-02
1.086308479309082031e+00
-1.519429087638854980e+00
-4.600099921226501465e-01
2.810070812702178955e-01
-2.003608465194702148e+00
-4.764127433300018311e-01
-1.829754471778869629e+00
-1.446456909179687500e+00
1.383196234703063965e+00
-1.038906693458557129e+00
1.578871488571166992e+00
6.398067474365234375e-01
9.017069339752197266e-01
-7.483876347541809082e-01
9.215584993362426758e-01
1.114467620849609375e+00
1.049515604972839355e-01
