2.174001455307006836e+00
-3.609273135662078857e-01
1.931036263704299927e-01
-3.465918004512786865e-01
-6.497304439544677734e-01
1.660094380378723145e+00
6.168700456619262695e-01
1.862480282783508301e+00
-4.699867665767669678e-01
-5.301668047904968262e-01
2.155694723129272461e+00
1.495574593544006348e+00
1.617396324872970581e-01
-4.247869849205017090e-01
-1.128276109695434570e+00
-4.429045319557189941e-01
-7.235875725746154785e-02
2.966675460338592529e-01
-2.648311853408813477e-01
1.006559967994689941e+00
-8.868659138679504395e-01
-2.987235784530639648e-01
-2.318968772888183594e+00
1.124483048915863037e-01
-3.312327265739440918e-01
-2.594477534294128418e-01
-1.945223212242126465e+00
-1.417660236358642578e+00
-1.226520895957946777e+00
1.139962553977966309e+00
-9.843964576721191406e-01
6.259920597076416016e-01
5.493445992469787598e-01
8.303970694541931152e-01
-3.336282968521118164e-01
8.464229702949523926e-01
6.754630208015441895e-01
1.969857215881347656e+00
-6.249502301216125488e-01
-6.167880296707153320e-01
4.228776991367340088e-01
3.958327174186706543e-01
1.100093126296997070e+00
2.561440706253051758e+00
-5.070009827613830566e-01
-4.299594759941101074e-01
1.504560261964797974e-01
4.531668126583099365e-01
-3.213527500629425049e-01
-2.707489430904388428e-01
-1.468497812747955322e-01
-1.615742087364196777e+00
7.423737645149230957e-01
-6.308462023735046387e-01
-2.086652517318725586e-01
-1.293509244918823242e+00
2.713859379291534424e-01
7.920472621917724609e-01
-2.425467222929000854e-01
1.865595936775207520e+00
1.955533385276794434e+00
-6.176887154579162598e-01
2.261921018362045288e-01
-6.595919728279113770e-01
2.312633752822875977e+00
-1.837145447731018066e+00
-1.930401176214218140e-01
-6.359812617301940918e-01
1.711672544479370117e-01
-8.142725378274917603e-02
-6.188224554061889648e-01
2.526346206665039062e+00
-2.483675479888916016e+00
4.428746104240417480e-01
5.679869055747985840e-01
-1.405599236488342285e+00
-2.165060490369796753e-02
1.785219311714172363e-01
2.197408825159072876e-01
-1.304127097129821777e+00
7.826438546180725098e-01
9.436443448066711426e-02
1.403885483741760254e-01
-1.953060030937194824e+00
1.576935887336730957e+00
1.853639073669910431e-02
-2.146902084350585938e+00
3.851245343685150146e-01
-4.582614004611968994e-01
-9.362778663635253906e-01
5.571824312210083008e-01
-2.459275722503662109e+00
-8.249399065971374512e-01
5.610499382019042969e-01
-2.447741031646728516e-01
7.225727438926696777e-01
2.186420917510986328e+00
-1.245227642357349396e-02
-2.987651109695434570e+00
-1.959766626358032227e+00
1.946895718574523926e+00
-8.303375840187072754e-01
-1.719672918319702148e+00
1.839743018150329590e+00
-2.600079774856567383e-02
3.130505383014678955e-01
2.187072992324829102e+00
-9.683645367622375488e-01
3.089176177978515625e+00
4.089995026588439941e-01
3.615901991724967957e-02
1.148797154426574707e+00
-1.228237152099609375e+00
-9.716399908065795898e-01
1.449775338172912598e+00
-9.980497956275939941e-01
1.574074149131774902e+00
-2.572354316711425781e+00
-2.197287529706954956e-01
3.016161918640136719e+00
-1.479614615440368652e+00
-1.029427051544189453e+00
-6.355848908424377441e-01
-3.715364336967468262e-01
-1.075525403022766113e+00
-1.719203948974609375e+00
1.075462937355041504e+00
5.378583669662475586e-01
