-1.045116782188415527e+00
-9.874770045280456543e-01
6.795130372047424316e-01
7.965872287750244141e-01
5.306634679436683655e-02
1.064475655555725098e+00
2.329184293746948242e+00
1.098073244094848633e+00
1.938562154769897461e+00
1.777955591678619385e-01
2.170222997665405273e-01
-2.438334703445434570e+00
-2.808254957199096680e+00
-1.094549670815467834e-01
2.274160534143447876e-01
-3.418430685997009277e-01
-2.827122807502746582e-01
-6.623824238777160645e-01
5.224278569221496582e-01
-8.586701750755310059e-01
-9.261105060577392578e-01
-6.796552538871765137e-01
1.031979441642761230e+00
1.205890297889709473e+00
-6.411181092262268066e-01
-7.161077260971069336e-01
1.078338265419006348e+00
-9.971364140510559082e-01
1.208763122558593750e+00
2.916735887527465820e+00
-7.931072115898132324e-01
-1.752506017684936523e+00
-5.917896628379821777e-01
-1.192290615290403366e-02
-6.030326485633850098e-01
2.029119729995727539e+00
9.487946331501007080e-02
7.183856964111328125e-01
-2.150353670120239258e+00
8.471044301986694336e-01
-3.576243221759796143e-01
-5.299370288848876953e-01
1.637961864471435547e+00
-6.236492097377777100e-02
-1.328403502702713013e-01
-5.607747435569763184e-01
-1.549137473106384277e+00
-5.526301264762878418e-01
7.575421929359436035e-01
7.987008094787597656e-01
7.013561129570007324e-01
-1.433954238891601562e-01
-8.587258458137512207e-01
-2.191104650497436523e+00
-1.370101213455200195e+00
5.899786949157714844e-01
2.174863338470458984e+00
-1.185250431299209595e-01
-1.062482833862304688e+00
-1.797371208667755127e-01
-2.913933277130126953e+00
3.006612300872802734e+00
-1.014062643051147461e+00
-4.018573760986328125e-01
5.966343730688095093e-02
-2.580392122268676758e+00
-1.486045718193054199e-01
-1.475539803504943848e-01
-4.619463086128234863e-01
-1.608219742774963379e+00
-7.457811832427978516e-01
-2.218457460403442383e+00
1.820894122123718262e+00
1.705052971839904785e+00
9.589996337890625000e-01
-1.770805358886718750e+00
1.539046764373779297e+00
1.051353573799133301e+00
-1.529513359069824219e+00
1.466923765838146210e-02
5.109391808509826660e-01
-3.165274560451507568e-01
2.789666950702667236e-01
2.889533340930938721e-01
1.302490830421447754e+00
1.694150209426879883e+00
-1.916531920433044434e+00
-2.912920475006103516e+00
4.089630246162414551e-01
8.622138500213623047e-01
-1.800451517105102539e+00
4.091992378234863281e-01
-8.747429400682449341e-02
9.880365133285522461e-01
1.527878642082214355e+00
-1.358134508132934570e+00
8.367420434951782227e-01
-1.370228409767150879e+00
-3.160589337348937988e-01
-8.398804068565368652e-01
-2.620488107204437256e-01
-8.393250703811645508e-01
8.978570252656936646e-02
8.839793205261230469e-01
1.425988435745239258e+00
-4.316172003746032715e-01
-1.394844889640808105e+00
1.401314288377761841e-01
7.829809784889221191e-01
-8.315841853618621826e-02
8.195907473564147949e-01
3.339525222778320312e+00
-1.293919682502746582e-01
6.646477580070495605e-01
-4.328097999095916748e-01
3.666778281331062317e-02
1.632146239280700684e-01
-1.402752399444580078e+00
1.029990911483764648e+00
-1.145847201347351074e+00
-1.046683311462402344e+00
8.211008310317993164e-01
-7.009943127632141113e-01
5.954666137695312500e-01
-1.543942689895629883e-01
2.017557919025421143e-01
2.098717391490936279e-01
8.366159796714782715e-01
