-7.450177073478698730e-01
-9.292979836463928223e-01
5.747023224830627441e-01
4.675434231758117676e-01
-2.929880380630493164e+00
-7.523711323738098145e-01
-5.023401975631713867e-01
1.041314363479614258e+00
7.715637087821960449e-01
-7.981879115104675293e-01
-7.182398438453674316e-01
9.010466933250427246e-01
-1.844730973243713379e+00
6.707870960235595703e-01
3.635241985321044922e-01
-8.718583583831787109e-01
3.058249354362487793e-01
3.042241930961608887e-01
5.039474964141845703e-01
-1.812036752700805664e+00
2.374300718307495117e+00
-2.273073911666870117e+00
-4.428640007972717285e-01
1.710832566022872925e-01
-1.260015845298767090e+00
-9.136031866073608398e-01
1.387037038803100586e-01
2.974923133850097656e+00
-1.040371537208557129e+00
1.260908603668212891e+00
-7.653049230575561523e-01
9.487576484680175781e-01
-1.353496432304382324e+00
2.637222528457641602e+00
-6.924977898597717285e-01
4.637384414672851562e-01
-3.735773563385009766e-01
1.044325530529022217e-01
-6.568907499313354492e-01
-1.797328591346740723e+00
1.638790071010589600e-01
-1.155164241790771484e+00
1.424763917922973633e+00
2.410452604293823242e+00
9.035032391548156738e-01
7.243348956108093262e-01
1.286091208457946777e+00
1.980586796998977661e-01
-1.359455883502960205e-01
6.537926793098449707e-01
5.683300495147705078e-01
4.144871234893798828e-01
1.305122852325439453e+00
-8.613300919532775879e-01
1.278586536645889282e-01
-1.800924092531204224e-01
1.377078175544738770e+00
-1.354057073593139648e+00
1.239679217338562012e+00
-1.818484663963317871e-01
-1.701501131057739258e+00
7.527127861976623535e-01
-1.339904665946960449e+00
3.633062243461608887e-01
4.376798868179321289e-01
-5.385835170745849609e-01
1.472550351172685623e-02
8.184654871001839638e-04
-6.418089270591735840e-01
4.969003200531005859e-01
6.840027570724487305e-01
8.102913498878479004e-01
1.707836985588073730e+00
-3.740055561065673828e-01
2.638173103332519531e-01
7.240670919418334961e-02
1.930919289588928223e+00
-3.612782061100006104e-02
-3.757732510566711426e-01
-2.414529323577880859e+00
-1.122897341847419739e-01
-1.244049429893493652e+00
2.858785629272460938e+00
-1.569132804870605469e+00
2.991285800933837891e+00
6.647382378578186035e-01
-1.323184728622436523e+00
9.461477994918823242e-01
7.212297320365905762e-01
7.729670405387878418e-01
-2.056115150451660156e+00
-5.804760456085205078e-01
-5.600508451461791992e-01
6.374568939208984375e-01
-3.680728077888488770e-01
9.049600362777709961e-01
3.164880752563476562e+00
-1.014534950256347656e+00
4.750903844833374023e-01
3.122724294662475586e-01
5.987334251403808594e-01
-2.448866367340087891e-01
-2.464926242828369141e+00
7.804107069969177246e-01
7.630751132965087891e-01
1.070312261581420898e+00
-6.240216493606567383e-01
-1.430364608764648438e+00
-4.141958057880401611e-01
-3.482873916625976562e+00
-8.279258608818054199e-01
4.555986523628234863e-01
1.643619894981384277e+00
1.017539024353027344e+00
-1.336664319038391113e+00
-1.384850740432739258e+00
-6.308073997497558594e-01
5.442877411842346191e-01
1.888165831565856934e+00
1.476463794708251953e+00
-5.100579857826232910e-01
-1.015110492706298828e+00
-2.724279403686523438e+00
-1.048854947090148926e+00
-6.471936106681823730e-01
-9.793757796287536621e-01
6.906889677047729492e-01
-2.161953210830688477e+00
