2.285370230674743652e-01
-2.054359674453735352e+00
2.699165642261505127e-01
6.994782388210296631e-02
4.060357809066772461e-01
-6.521941423416137695e-01
9.500566869974136353e-02
-1.569662690162658691e+00
-5.428610444068908691e-01
1.259756088256835938e+00
-6.883991956710815430e-01
1.030572772026062012e+00
2.000869989395141602e+00
-1.701405048370361328e+00
3.240965604782104492e-01
2.643229961395263672e-01
-2.629516087472438812e-02
2.846680283546447754e-01
-1.809434175491333008e+00
-5.066978335380554199e-01
-1.947717368602752686e-01
5.155014991760253906e-01
5.515565276145935059e-01
-6.024703755974769592e-02
-3.748393058776855469e-01
-2.750123143196105957e-01
1.361442327499389648e+00
2.269803762435913086e+00
1.442908197641372681e-01
3.317114412784576416e-01
5.297962427139282227e-01
3.182998299598693848e-01
-8.982123136520385742e-01
3.511887788772583008e-01
1.175391435623168945e+00
3.941590189933776855e-01
-1.855782389640808105e+00
1.638170242309570312e+00
-1.077850461006164551e+00
1.294417858123779297e+00
5.235956311225891113e-01
-1.225679442286491394e-01
1.730050444602966309e+00
1.013993769884109497e-01
1.833363890647888184e+00
7.398027777671813965e-01
-9.447437524795532227e-01
-8.189617842435836792e-02
1.136515021324157715e+00
-3.491981625556945801e-01
-4.975348338484764099e-02
-2.648435592651367188e+00
1.006517887115478516e+00
-7.280789613723754883e-01
-2.007053375244140625e+00
1.343796372413635254e+00
-3.251060545444488525e-01
-7.587977647781372070e-01
-1.734787970781326294e-01
2.281277179718017578e+00
-7.131801843643188477e-01
-6.793861985206604004e-01
6.434974074363708496e-01
1.479340046644210815e-01
5.982497930526733398e-01
4.216683804988861084e-01
2.475559562444686890e-01
-9.882372021675109863e-01
1.205384969711303711e+00
1.213780641555786133e+00
-2.389623224735260010e-01
-1.409113526344299316e+00
2.056694030761718750e+00
1.169194340705871582e+00
-5.404750108718872070e-01
-3.921177089214324951e-01
-1.425398588180541992e+00
-5.386911034584045410e-01
-2.699465155601501465e-01
-8.640700578689575195e-01
4.802372157573699951e-01
2.128102779388427734e-01
-1.160897970199584961e+00
-2.731072306632995605e-01
-1.932262778282165527e+00
3.865006864070892334e-01
-1.264267206192016602e+00
-2.762719094753265381e-01
1.367406368255615234e+00
-1.488239645957946777e+00
-4.544918239116668701e-01
-3.304951786994934082e-01
5.151395201683044434e-01
2.135925054550170898e+00
6.445088982582092285e-01
-2.461476624011993408e-01
7.174970507621765137e-01
7.541367411613464355e-01
2.449191093444824219e+00
1.188603281974792480e+00
1.654729843139648438e+00
-3.198855519294738770e-01
3.756593763828277588e-01
-2.809696435928344727e+00
-5.962823629379272461e-01
-1.331565678119659424e-01
1.500171236693859100e-02
-9.610497355461120605e-01
2.230304479598999023e+00
-2.583620071411132812e+00
-6.439370512962341309e-01
6.921218633651733398e-01
-9.806955456733703613e-01
-4.171920716762542725e-01
7.107145786285400391e-01
-1.857175350189208984e+00
-1.572489261627197266e+00
9.145519733428955078e-01
8.731568455696105957e-01
-7.208327651023864746e-01
-4.420052170753479004e-01
-1.396269679069519043e+00
-1.776853501796722412e-01
-1.073888540267944336e+00
-1.410717606544494629e+00
-6.430794000625610352e-01
-1.093802452087402344e+00
1.654137611389160156e+00
