-2.471456825733184814e-01
-1.151494622230529785e+00
8.520855903625488281e-01
8.712781667709350586e-01
-8.489759266376495361e-02
4.596227705478668213e-01
1.977960944175720215e+00
7.470673322677612305e-01
1.934824705123901367e+00
3.270612061023712158e-01
3.612736463546752930e-01
-3.201890468597412109e+00
-2.177602052688598633e+00
1.797663420438766479e-01
5.168616175651550293e-01
-1.023240480571985245e-02
-6.853674054145812988e-01
-7.791557312011718750e-01
1.739992201328277588e-02
-4.917139708995819092e-01
-2.314720600843429565e-01
-6.644492149353027344e-01
1.237443566322326660e+00
1.296580791473388672e+00
-8.691282570362091064e-02
-1.691311359405517578e+00
7.603277564048767090e-01
-2.213766127824783325e-01
7.709115743637084961e-01
3.076596975326538086e+00
-1.337899923324584961e+00
-1.455866217613220215e+00
-8.001481294631958008e-01
1.743648499250411987e-01
-3.166527450084686279e-01
1.704132556915283203e+00
-8.002155423164367676e-01
8.207620382308959961e-01
-1.599160909652709961e+00
1.212433218955993652e+00
-4.175797700881958008e-01
-6.247266530990600586e-01
1.527750968933105469e+00
4.636230766773223877e-01
6.885176897048950195e-02
-6.339049935340881348e-01
-1.733433723449707031e+00
-6.168301403522491455e-02
4.917026162147521973e-01
1.478236675262451172e+00
5.565099716186523438e-01
-7.146301865577697754e-01
2.572742700576782227e-01
-1.888854503631591797e+00
-1.084504008293151855e+00
-1.135731339454650879e-01
2.073293685913085938e+00
5.180895924568176270e-01
-1.095501661300659180e+00
1.225506544113159180e+00
-2.536615371704101562e+00
1.958570480346679688e+00
-1.494578570127487183e-01
-2.360250502824783325e-01
6.647111773490905762e-01
-2.099794626235961914e+00
-8.484058827161788940e-02
-2.275578677654266357e-01
-2.682487964630126953e-01
-1.637686014175415039e+00
-5.616418123245239258e-01
-1.966749310493469238e+00
1.718015074729919434e+00
1.873111248016357422e+00
1.570881843566894531e+00
-1.993849277496337891e+00
2.164767980575561523e+00
1.436419785022735596e-01
-1.483128070831298828e+00
3.849472850561141968e-02
1.080850124359130859e+00
-7.470569014549255371e-01
-8.841412067413330078e-01
2.050988227128982544e-01
1.276706576347351074e+00
1.004822134971618652e+00
-1.536512613296508789e+00
-2.597673416137695312e+00
5.530994534492492676e-01
1.447176784276962280e-01
-2.069348096847534180e+00
3.028848767280578613e-01
1.862871944904327393e-01
1.408554792404174805e+00
2.149085998535156250e+00
-1.673601865768432617e+00
7.762776613235473633e-01
-7.549270987510681152e-01
-6.867307424545288086e-01
-4.909195303916931152e-01
3.213730156421661377e-01
-1.863220483064651489e-01
1.411535292863845825e-01
3.122232737950980663e-04
1.097935199737548828e+00
1.523029804229736328e-01
-9.613577723503112793e-01
5.772214531898498535e-01
7.799221575260162354e-02
-5.234399437904357910e-02
4.729259610176086426e-01
3.160440444946289062e+00
-1.093627214431762695e+00
1.828258335590362549e-01
3.588030934333801270e-01
-3.852557837963104248e-01
3.806974589824676514e-01
-1.435183405876159668e+00
7.665211558341979980e-01
-2.389473915100097656e+00
-1.701140880584716797e+00
9.150705933570861816e-01
-1.918169856071472168e+00
-2.313849925994873047e-01
-4.714917242527008057e-01
3.982826769351959229e-01
-1.643640697002410889e-01
1.139064788818359375e+00
