5.746594667434692383e-01
1.490405321121215820e+00
-2.518388926982879639e-01
-1.557495445013046265e-01
-9.040893316268920898e-01
3.776659667491912842e-01
-7.063622772693634033e-02
-7.006526589393615723e-01
-8.699814081192016602e-01
-1.153953790664672852e+00
3.891752481460571289e+00
1.363827109336853027e+00
-1.403824687004089355e+00
3.811944425106048584e-01
2.228795588016510010e-01
-7.888397574424743652e-01
-1.605281829833984375e+00
1.589663267135620117e+00
1.045640856027603149e-01
1.380992412567138672e+00
-5.889480002224445343e-03
1.360721588134765625e+00
-1.148694567382335663e-02
6.836538910865783691e-01
-7.271148562431335449e-01
-2.130758285522460938e+00
-2.958788871765136719e-01
-6.611148715019226074e-01
-6.146951317787170410e-01
1.888867497444152832e+00
-4.268849492073059082e-01
5.821600556373596191e-01
4.763024151325225830e-01
2.451295703649520874e-01
-1.209958791732788086e+00
1.039170026779174805e+00
1.828399300575256348e+00
4.063443839550018311e-02
7.490432858467102051e-01
-5.096383392810821533e-02
1.553411930799484253e-01
1.476720213890075684e+00
1.324856281280517578e+00
1.131029248237609863e+00
5.785894989967346191e-01
9.747602939605712891e-01
-5.169772505760192871e-01
1.337983965873718262e+00
6.655019521713256836e-01
1.297348737716674805e+00
4.064297080039978027e-01
-4.285788536071777344e-01
2.303994655609130859e+00
-1.114687323570251465e+00
-1.563831090927124023e+00
-1.324830770492553711e+00
-8.355892896652221680e-01
1.102914452552795410e+00
1.013176918029785156e+00
-2.023052215576171875e+00
-5.912681221961975098e-01
-7.768824100494384766e-01
-6.187171339988708496e-01
2.528786063194274902e-01
1.033852219581604004e+00
-1.579620242118835449e+00
-1.865462511777877808e-01
1.625885367393493652e-01
1.288460567593574524e-02
-4.622785151004791260e-01
-7.860938906669616699e-01
-2.380990266799926758e+00
2.224142551422119141e+00
1.512821197509765625e+00
1.130243182182312012e+00
-1.589555621147155762e+00
1.229647636413574219e+00
1.321265459060668945e+00
-2.556396424770355225e-01
-5.931702852249145508e-01
5.575987696647644043e-01
-1.475441217422485352e+00
-4.806241393089294434e-01
-1.203995347023010254e+00
-1.621798157691955566e+00
-1.423692822456359863e+00
-7.492074370384216309e-01
-1.748400926589965820e+00
2.103892326354980469e+00
3.199083507061004639e-01
-3.209358453750610352e-01
-1.105498313903808594e+00
-1.396906256675720215e+00
1.200944900512695312e+00
3.488830029964447021e-01
1.419377923011779785e+00
7.780251502990722656e-01
-9.459034800529479980e-01
1.177976131439208984e+00
1.186017990112304688e+00
1.443571686744689941e+00
-7.225728034973144531e-01
-6.121585369110107422e-01
9.202058315277099609e-01
8.614338636398315430e-01
-1.980243563652038574e+00
8.904604315757751465e-01
-1.013410165905952454e-01
-4.409641921520233154e-01
-3.639963150024414062e+00
-1.368099451065063477e+00
5.134508013725280762e-01
-9.045966267585754395e-01
2.898548543453216553e-01
1.763875842094421387e+00
-1.214556455612182617e+00
-1.064845204353332520e+00
-7.575252652168273926e-01
-2.587049484252929688e+00
7.369132041931152344e-01
-1.222763776779174805e+00
5.903689935803413391e-02
7.087799906730651855e-01
2.927630245685577393e-01
-9.749115109443664551e-01
2.183647006750106812e-01
-1.029171824455261230e+00
2.428421974182128906e-01
