2.484724760055541992e+00
-7.514579296112060547e-01
2.219704687595367432e-01
2.229315415024757385e-02
1.630221724510192871e+00
4.558089375495910645e-01
-5.391744971275329590e-01
1.198626637458801270e+00
-2.065572023391723633e+00
-2.322696208953857422e+00
6.996713876724243164e-01
-3.531298041343688965e-01
-1.015462875366210938e-01
-1.849008679389953613e+00
2.812434196472167969e+00
-8.861632347106933594e-01
1.610810682177543640e-02
9.310656785964965820e-01
-1.202198266983032227e+00
1.164003729820251465e+00
-3.135974407196044922e-01
-1.739858627319335938e+00
-1.212073206901550293e+00
9.470412880182266235e-02
2.782023847103118896e-01
2.646340131759643555e-01
1.364228129386901855e+00
3.713818490505218506e-01
-5.516380667686462402e-01
5.122671127319335938e-01
-2.139058262109756470e-01
4.183618128299713135e-01
-5.456494092941284180e-01
-2.394851446151733398e-01
-8.041254281997680664e-01
-4.314373061060905457e-02
2.494559764862060547e+00
-1.066161990165710449e+00
-8.964298367500305176e-01
-1.533299803733825684e+00
-1.255421876907348633e+00
-7.499395608901977539e-01
1.303591132164001465e+00
2.694215536117553711e+00
-1.877512574195861816e+00
2.041434049606323242e+00
-9.259206056594848633e-02
6.722564697265625000e-01
-2.484981417655944824e-01
-1.546689748764038086e+00
4.138662219047546387e-01
-1.194204568862915039e+00
-7.048600912094116211e-01
1.622242808341979980e+00
9.934004545211791992e-01
4.270850121974945068e-01
1.785215973854064941e+00
2.060569763183593750e+00
2.093333005905151367e+00
-2.743205130100250244e-01
1.699609398841857910e+00
-4.053955376148223877e-01
-1.815952897071838379e+00
1.661127328872680664e+00
7.711775898933410645e-01
-3.628486990928649902e-01
8.642734289169311523e-01
1.213608026504516602e+00
6.944535970687866211e-01
5.533946156501770020e-01
1.071096539497375488e+00
-1.504625797271728516e+00
-1.078120827674865723e+00
9.810360670089721680e-01
1.743516325950622559e-01
-2.004444003105163574e-01
-1.072854876518249512e+00
-9.542771577835083008e-01
1.112907171249389648e+00
-7.661023736000061035e-01
-4.275383949279785156e-01
1.121110320091247559e+00
-5.469047427177429199e-01
-8.843445777893066406e-01
2.430414915084838867e+00
-2.498156070709228516e+00
-2.631240606307983398e+00
2.877421379089355469e-01
1.016039252281188965e-01
-2.693538963794708252e-01
1.406827688217163086e+00
-2.383718490600585938e+00
-5.280218124389648438e-01
7.610276341438293457e-01
5.498272832483053207e-03
-1.070960521697998047e+00
1.586999654769897461e+00
6.953072547912597656e-01
-1.463063597679138184e+00
-1.836127996444702148e+00
-1.440915465354919434e+00
-3.698701262474060059e-01
-1.509032249450683594e+00
-3.220320045948028564e-01
1.247648075222969055e-01
6.495581269264221191e-01
1.738302588462829590e+00
-2.329919338226318359e+00
8.858399391174316406e-01
8.697790503501892090e-01
-7.694820761680603027e-01
1.208415389060974121e+00
-7.818261384963989258e-01
-3.794537186622619629e-01
-5.075139999389648438e-01
-2.332628726959228516e+00
3.152790069580078125e-01
-8.643251061439514160e-01
3.430035412311553955e-01
-4.516564905643463135e-01
1.822802424430847168e-01
-4.571779072284698486e-01
-1.667650192975997925e-01
-9.516359865665435791e-02
-1.074232697486877441e+00
-6.827416419982910156e-01
6.056967377662658691e-01
2.415086746215820312e+00
