1.488396763801574707e+00
1.217943549156188965e+00
6.551548838615417480e-02
-5.629591941833496094e-01
-1.020741224288940430e+00
-1.104868873953819275e-01
1.215686678886413574e+00
1.292730867862701416e-01
-1.771022081375122070e+00
1.258685469627380371e+00
-1.705002412199974060e-02
6.117622256278991699e-01
1.846118867397308350e-01
-2.168025970458984375e+00
7.502116262912750244e-02
-2.180924415588378906e+00
-5.250392556190490723e-01
-3.154235780239105225e-01
4.405258297920227051e-01
-3.051541447639465332e-01
-2.675887942314147949e-01
-2.375038266181945801e-01
1.419728875160217285e+00
8.416428565979003906e-01
-7.565522193908691406e-02
7.154605984687805176e-01
1.249863281846046448e-01
7.115697860717773438e-01
-1.025801301002502441e+00
-7.780359685420989990e-02
-1.610683917999267578e+00
-3.284641981124877930e+00
-5.541996359825134277e-01
2.014244556427001953e+00
-1.237330913543701172e+00
9.658959507942199707e-01
-7.262008190155029297e-01
3.009033441543579102e+00
-4.449643492698669434e-01
2.129497289657592773e+00
1.588957548141479492e+00
1.010198831558227539e+00
2.124964714050292969e+00
1.213200017809867859e-01
-6.910632252693176270e-01
4.060537740588188171e-02
-1.342157602310180664e+00
2.446912050247192383e+00
4.818436875939369202e-02
-1.343787908554077148e+00
-1.033190846443176270e+00
6.743043065071105957e-01
1.132472380995750427e-01
-4.114355146884918213e-01
6.858263015747070312e-01
2.080901384353637695e+00
-5.239187180995941162e-02
1.583994150161743164e+00
-1.855113625526428223e+00
3.649246692657470703e-01
2.130623012781143188e-01
-1.020611047744750977e+00
3.656149804592132568e-01
-1.653614044189453125e+00
2.716600298881530762e-01
-2.354949474334716797e+00
1.615851044654846191e+00
1.154495358467102051e+00
7.020994424819946289e-01
-4.357997179031372070e-01
7.462018728256225586e-01
3.614017724990844727e+00
7.206334471702575684e-01
1.018667891621589661e-01
-2.032818794250488281e-01
-4.331524968147277832e-01
-2.849117517471313477e-01
6.489418745040893555e-01
6.346401572227478027e-01
-2.262273311614990234e+00
-3.605785846710205078e+00
1.143676757812500000e+00
-3.373394906520843506e-01
-1.064094901084899902e+00
9.821485280990600586e-01
-7.102743387222290039e-01
-1.060518264770507812e+00
1.219129443168640137e+00
-3.308112323284149170e-01
2.924212515354156494e-01
1.781763672828674316e+00
-1.480247735977172852e+00
1.300365567207336426e+00
2.236724644899368286e-01
6.260362863540649414e-01
-1.240669846534729004e+00
1.320765852928161621e+00
-5.081011652946472168e-01
7.235916256904602051e-01
3.299313411116600037e-02
-1.455738425254821777e+00
1.261419951915740967e-01
-3.707930445671081543e-01
-4.093632996082305908e-01
7.678844034671783447e-02
4.241320788860321045e-01
2.477762550115585327e-01
1.052589178085327148e+00
1.581416964530944824e+00
2.435819655656814575e-01
-1.885988235473632812e+00
-6.539155840873718262e-01
-1.355025291442871094e+00
-3.977702558040618896e-02
-1.712643057107925415e-01
-1.460914969444274902e+00
3.493914604187011719e-01
-2.387967824935913086e+00
-3.040139973163604736e-01
6.903734207153320312e-01
1.841119527816772461e+00
-6.362915635108947754e-01
-1.225752457976341248e-01
-6.979915499687194824e-02
-7.652217149734497070e-01
2.383400797843933105e-01
-4.598821103572845459e-01
-2.475244998931884766e+00
