-8.900390267372131348e-01
-1.977932691574096680e+00
2.672841548919677734e-01
1.105116307735443115e-01
1.020041823387145996e+00
8.323993682861328125e-01
-3.436152040958404541e-01
2.295176386833190918e-01
8.149772286415100098e-01
2.368961423635482788e-01
-1.385442972183227539e+00
-6.900035589933395386e-02
-1.888068556785583496e+00
-6.328727602958679199e-01
1.834682703018188477e+00
-1.810786247253417969e+00
-1.200983643531799316e+00
2.096165657043457031e+00
-1.364460468292236328e+00
1.027400016784667969e+00
-2.502868175506591797e+00
-3.891700506210327148e-01
9.183320999145507812e-01
-6.982191465795040131e-03
-9.985798001289367676e-01
1.555879354476928711e+00
5.226957201957702637e-01
-3.000010490417480469e+00
-2.488106191158294678e-01
1.177250385284423828e+00
-1.494866758584976196e-01
6.966690421104431152e-01
4.118776917457580566e-01
-4.349119961261749268e-02
-4.359608888626098633e-01
-3.391942381858825684e-02
9.227823615074157715e-01
-1.206019639968872070e+00
-9.892488718032836914e-01
1.312021613121032715e+00
-2.082446336746215820e+00
4.002736210823059082e-01
1.454670906066894531e+00
1.296846151351928711e+00
1.232047200202941895e+00
6.313376426696777344e-01
-3.389963209629058838e-01
6.333975195884704590e-01
2.193360328674316406e+00
1.305103659629821777e+00
4.515695273876190186e-01
-7.666440606117248535e-01
-2.721401453018188477e-01
1.070952415466308594e+00
3.350835144519805908e-01
9.368117451667785645e-01
6.986864805221557617e-01
3.244633972644805908e-01
7.948290705680847168e-01
1.105012416839599609e+00
-2.431793689727783203e+00
1.313216924667358398e+00
-1.257506012916564941e+00
2.994835190474987030e-02
-6.852017641067504883e-01
1.331494212150573730e+00
1.422613114118576050e-01
-6.562261581420898438e-01
-2.787947654724121094e-01
-6.963177323341369629e-01
-1.403785198926925659e-01
-3.036812067031860352e+00
1.336035728454589844e+00
1.100076794624328613e+00
-5.474576354026794434e-01
-1.143985986709594727e+00
-1.617272257804870605e+00
1.566871255636215210e-01
2.646217942237854004e-01
3.001545667648315430e-01
-4.814602434635162354e-01
6.415033936500549316e-01
5.017567873001098633e-01
2.285826206207275391e-01
-4.632614850997924805e-01
1.283029019832611084e-01
-5.858394503593444824e-01
-1.997339367866516113e+00
8.778225779533386230e-01
2.437552362680435181e-01
-1.267430633306503296e-01
-3.642717003822326660e-01
-1.170295357704162598e+00
1.240655183792114258e+00
-5.476896166801452637e-01
6.573221087455749512e-02
1.682519435882568359e+00
-6.346200704574584961e-01
1.218162551522254944e-01
1.547088027000427246e+00
-4.282101690769195557e-01
-2.327168226242065430e+00
1.259734511375427246e+00
1.040691975504159927e-02
1.340892672538757324e+00
-4.125427901744842529e-01
2.887365520000457764e-01
-1.802671551704406738e+00
3.222515285015106201e-01
-1.407501220703125000e+00
-1.015692234039306641e+00
2.219592332839965820e+00
7.559901475906372070e-01
-6.160085797309875488e-01
-1.267722010612487793e+00
-7.569232583045959473e-01
4.243454933166503906e-01
-1.328059673309326172e+00
-1.925603002309799194e-01
6.505436897277832031e-01
9.448736310005187988e-01
9.314333200454711914e-01
5.940797328948974609e-01
6.081066727638244629e-01
-1.393212199211120605e+00
-3.052106618881225586e+00
1.450579881668090820e+00
9.716327190399169922e-01
