1.532287299633026123e-01
-1.684289336204528809e+00
9.218815565109252930e-01
-1.361665368080139160e+00
-9.031258821487426758e-01
-1.281732171773910522e-01
-4.478803277015686035e-01
-1.364446520805358887e+00
9.929403662681579590e-01
-3.210910856723785400e-01
-5.222269296646118164e-01
-8.603629469871520996e-01
1.873453021049499512e+00
1.303431153297424316e+00
-9.843560457229614258e-01
-9.235501885414123535e-01
-3.173629939556121826e-01
7.730524539947509766e-01
4.992856979370117188e-01
2.430408239364624023e+00
9.858679175376892090e-01
1.976006031036376953e-01
3.169180750846862793e-01
1.335243105888366699e+00
3.330970108509063721e-01
-1.980564445257186890e-01
-3.734673857688903809e-01
-7.423008680343627930e-01
5.904211997985839844e-01
-8.683723211288452148e-02
-1.547250866889953613e+00
-3.985612630844116211e+00
-9.034925699234008789e-01
3.076390922069549561e-01
8.250322341918945312e-01
1.337735652923583984e+00
-4.270415902137756348e-01
-4.716815054416656494e-01
-4.771467745304107666e-01
-9.078410267829895020e-02
8.964453935623168945e-01
1.520322442054748535e+00
1.828953862190246582e+00
2.667800784111022949e-01
6.083678007125854492e-01
-1.985320001840591431e-01
3.875775933265686035e-01
1.319303393363952637e+00
-4.096686244010925293e-01
8.910564184188842773e-01
1.285054326057434082e+00
-2.088712215423583984e+00
-2.736324965953826904e-01
2.180733919143676758e+00
-6.777442097663879395e-01
2.072214521467685699e-02
2.122286081314086914e+00
2.621093690395355225e-01
2.071949720382690430e+00
1.100355625152587891e+00
-7.174388319253921509e-02
-1.511426568031311035e+00
1.282800555229187012e+00
-3.932890594005584717e-01
-5.051235556602478027e-01
-2.477009296417236328e-01
2.253096342086791992e+00
6.097151637077331543e-01
-1.761708021163940430e+00
-4.167159274220466614e-02
-7.630440406501293182e-03
2.395978927612304688e+00
-7.523760795593261719e-01
-6.359431147575378418e-01
-1.401210904121398926e+00
-1.368164300918579102e+00
-1.615100979804992676e+00
-5.745282173156738281e-01
-7.977727651596069336e-01
-3.245438337326049805e+00
-6.960272789001464844e-01
-7.194637060165405273e-01
9.894213080406188965e-01
-1.591250300407409668e+00
3.386580705642700195e+00
2.431235313415527344e-01
-5.031549334526062012e-01
7.676376700401306152e-01
-2.210057973861694336e+00
-1.417751193046569824e+00
8.670524954795837402e-01
-6.469222307205200195e-01
7.499558925628662109e-01
-1.850235611200332642e-01
8.450692892074584961e-01
-2.210989296436309814e-01
2.126766920089721680e+00
-7.282390594482421875e-01
6.837647557258605957e-01
6.788093447685241699e-01
-3.379071056842803955e-01
7.272555828094482422e-01
-1.384553432464599609e+00
-3.352446258068084717e-01
-6.123817563056945801e-01
8.885742425918579102e-01
-8.249642848968505859e-01
1.180980205535888672e-01
-1.096208572387695312e+00
-1.508609056472778320e+00
9.174862504005432129e-01
-3.645676076412200928e-01
3.760840296745300293e-01
2.928736686706542969e+00
4.487333893775939941e-01
-1.503352224826812744e-01
-9.754064679145812988e-01
-5.398033261299133301e-01
-9.075008630752563477e-01
-4.608524441719055176e-01
2.589042901992797852e+00
-1.305897116661071777e+00
4.800521582365036011e-02
-1.863231539726257324e+00
-6.008484363555908203e-01
-2.332299649715423584e-01
4.072280824184417725e-01
2.173950076103210449e-01
