3.567762076854705811e-01
-4.841676652431488037e-01
7.910760641098022461e-01
2.005513310432434082e-01
2.849065542221069336e+00
-6.625629663467407227e-01
-3.705122172832489014e-01
-5.057597756385803223e-01
-7.830137610435485840e-01
-3.787670135498046875e-01
-2.748716771602630615e-01
6.937801241874694824e-01
2.947053909301757812e-01
-1.416720509529113770e+00
-1.389693737030029297e+00
7.708354592323303223e-01
1.736482262611389160e+00
2.251772165298461914e+00
-6.457114815711975098e-01
-1.291677474975585938e+00
-5.810634493827819824e-01
-6.377181410789489746e-02
-5.985174179077148438e-01
2.392907381057739258e+00
-4.699856340885162354e-01
1.005097627639770508e+00
-1.656850218772888184e+00
-3.747714459896087646e-01
9.018849134445190430e-01
-1.711513400077819824e+00
-1.132077932357788086e+00
-2.438985109329223633e-01
3.490152060985565186e-01
1.043123483657836914e+00
-2.436305284500122070e-01
4.490171000361442566e-02
-5.097617208957672119e-02
4.046968519687652588e-01
2.173531241714954376e-02
-8.836510181427001953e-01
1.589167952537536621e+00
-1.098172366619110107e-01
2.100924491882324219e+00
-1.505340486764907837e-01
-1.603523373603820801e+00
-1.054861068725585938e+00
3.916384577751159668e-01
3.764914274215698242e-01
-2.056370675563812256e-02
4.549793004989624023e-01
-9.120479226112365723e-01
6.561312358826398849e-03
1.530963778495788574e+00
-2.589439749717712402e-01
-5.279639959335327148e-01
1.791451811790466309e+00
-2.097720623016357422e+00
7.785015702247619629e-01
2.472412586212158203e-01
2.284027338027954102e+00
-8.393726944923400879e-01
2.172372192144393921e-01
7.595199346542358398e-02
-6.011091470718383789e-01
1.218893289566040039e+00
-7.092446684837341309e-01
-8.675706386566162109e-01
1.775201112031936646e-01
8.419755846261978149e-02
-9.492772817611694336e-01
9.445895254611968994e-02
-6.304544806480407715e-01
1.042630672454833984e+00
1.295457601547241211e+00
-5.150545835494995117e-01
2.591339826583862305e+00
1.703748404979705811e-01
3.612410724163055420e-01
-1.214364290237426758e+00
-3.435024917125701904e-01
4.664080440998077393e-01
-2.113757848739624023e+00
3.185750007629394531e+00
-7.657709121704101562e-01
-9.824808835983276367e-01
1.083911657333374023e+00
-9.639102220535278320e-01
2.885674834251403809e-01
3.375529050827026367e-01
-1.205141067504882812e+00
-1.754794642329216003e-02
-4.383440017700195312e-01
-3.267189264297485352e-01
-5.985679626464843750e-01
-1.988532394170761108e-01
-6.724532246589660645e-01
2.220401614904403687e-01
7.613116502761840820e-01
2.363693714141845703e+00
-8.364011049270629883e-01
1.689323186874389648e+00
1.127730607986450195e+00
-1.969502806663513184e+00
-1.307819932699203491e-01
1.460881065577268600e-02
-3.744495213031768799e-01
-2.076503038406372070e+00
7.809413671493530273e-01
5.488361120223999023e-01
-2.270808935165405273e+00
-5.752156376838684082e-01
7.141409516334533691e-01
-7.605895400047302246e-01
2.913600504398345947e-01
2.825107276439666748e-01
-2.909667253494262695e+00
1.380993604660034180e+00
-1.317720890045166016e+00
-2.135596990585327148e+00
8.114399760961532593e-02
1.551714658737182617e+00
-8.276202678680419922e-01
-2.703998982906341553e-01
8.504527211189270020e-01
-9.067379832267761230e-01
-2.693151235580444336e-01
-2.220797538757324219e+00
1.952017426490783691e+00
