-1.122183680534362793e+00
-2.536092042922973633e+00
-1.064242959022521973e+00
8.335326313972473145e-01
7.290540337562561035e-01
2.870141565799713135e-01
-3.015909790992736816e-01
-7.267359495162963867e-01
-4.448665082454681396e-01
8.567007780075073242e-01
2.054031610488891602e+00
6.853706836700439453e-01
2.511783361434936523e+00
-6.148636341094970703e-01
4.632197022438049316e-01
1.194973707199096680e+00
7.290591299533843994e-02
4.690341651439666748e-01
-2.475815773010253906e+00
1.410791873931884766e+00
2.210225582122802734e+00
7.953520864248275757e-02
-1.767893075942993164e+00
2.182435035705566406e+00
-1.001320719718933105e+00
-1.540197491645812988e+00
-1.252312660217285156e-01
6.591464877128601074e-01
4.409960508346557617e-01
-2.268634438514709473e-01
-2.330783367156982422e+00
2.333141863346099854e-01
-1.225265741348266602e+00
2.788708545267581940e-02
-9.321203231811523438e-01
-5.103647708892822266e-01
-7.995168566703796387e-01
-3.425796329975128174e-02
-5.745136737823486328e-01
5.449919700622558594e-01
-4.962756857275962830e-02
5.881724953651428223e-01
7.783731222152709961e-01
2.412003755569458008e+00
1.278620839118957520e+00
2.339100360870361328e+00
8.081585764884948730e-01
1.612868309020996094e+00
-1.557424068450927734e+00
-1.460934758186340332e+00
3.855846822261810303e-01
-9.620769023895263672e-01
1.344838261604309082e+00
-1.464658141136169434e+00
-2.119446545839309692e-02
-9.800032973289489746e-01
2.450765609741210938e+00
2.189581871032714844e+00
1.983892560005187988e+00
5.796495676040649414e-01
-6.964581608772277832e-01
5.983765721321105957e-01
-1.760153770446777344e+00
1.312906026840209961e+00
4.666272997856140137e-01
-9.832289218902587891e-01
1.664262771606445312e+00
1.417828351259231567e-01
9.967282414436340332e-02
2.762622237205505371e-01
1.111440896987915039e+00
-1.253882408142089844e+00
-4.537685811519622803e-01
9.760242700576782227e-01
2.390170335769653320e+00
-1.198020219802856445e+00
-2.515164315700531006e-01
-1.532701849937438965e+00
-7.187477946281433105e-01
-5.315260291099548340e-01
-1.127100229263305664e+00
5.588468313217163086e-01
-2.503733038902282715e-01
1.158861592411994934e-01
1.796821117401123047e+00
1.245432138442993164e+00
2.117625623941421509e-01
-9.173563122749328613e-02
2.029141902923583984e+00
1.029777675867080688e-01
8.051472306251525879e-01
-5.107885599136352539e-01
-2.013604640960693359e+00
4.095934927463531494e-01
-1.776220440864562988e+00
-1.534810066223144531e+00
-1.748089671134948730e+00
6.153736710548400879e-01
-1.803824543952941895e+00
3.049906969070434570e+00
-7.753028869628906250e-01
-9.139438867568969727e-01
2.105130851268768311e-01
8.626106381416320801e-01
2.362602949142456055e-01
1.067508935928344727e+00
-8.455201387405395508e-01
-6.123985052108764648e-01
1.303394883871078491e-01
1.591526567935943604e-01
-2.471644878387451172e+00
1.684562206268310547e+00
-1.265951395034790039e+00
-1.100759267807006836e+00
7.670385837554931641e-01
-5.577239394187927246e-01
-6.852692365646362305e-02
-1.892025947570800781e+00
-1.281213164329528809e-01
-8.445521593093872070e-01
-1.155418276786804199e+00
1.728280067443847656e+00
-2.156043052673339844e+00
-1.863577127456665039e+00
-4.447019696235656738e-01
-9.913158416748046875e-01
8.059555888175964355e-01
-1.195658966898918152e-01
