-2.804199934005737305e+00
-1.518180727958679199e+00
-2.031103372573852539e+00
5.915194749832153320e-01
1.433977961540222168e+00
1.810266375541687012e+00
-3.637228533625602722e-02
5.878371000289916992e-01
2.839236557483673096e-01
2.567912638187408447e-01
1.818270564079284668e+00
4.141377285122871399e-02
7.183081507682800293e-01
1.357441186904907227e+00
1.372108697891235352e+00
7.798715233802795410e-01
-1.127453446388244629e+00
4.424631297588348389e-01
1.533604264259338379e+00
-1.711393356323242188e+00
1.185292005538940430e+00
-7.466759085655212402e-01
-2.108656167984008789e+00
5.159783959388732910e-01
-1.251198887825012207e+00
-1.983543038368225098e-01
3.917489051818847656e-01
-1.012173891067504883e+00
4.590623676776885986e-01
2.007983684539794922e+00
-3.938759565353393555e-01
1.214749693870544434e+00
-3.748726546764373779e-01
1.208577513694763184e+00
-2.150396823883056641e+00
6.687704920768737793e-01
2.963163554668426514e-01
-2.446102619171142578e+00
-8.349696993827819824e-01
6.962291598320007324e-01
-3.609445393085479736e-01
-1.724190562963485718e-01
6.398938894271850586e-01
1.776825070381164551e+00
3.226597011089324951e-01
4.527846574783325195e-01
-6.084992289543151855e-01
8.353739976882934570e-01
1.522016167640686035e+00
-5.065235495567321777e-01
5.506153702735900879e-01
7.049644589424133301e-01
4.052021205425262451e-01
-6.892572641372680664e-01
-3.911213576793670654e-01
3.153575360774993896e-01
1.158796072006225586e+00
-2.515560388565063477e-01
-4.766847565770149231e-02
-1.759470582008361816e+00
-1.258942246437072754e+00
9.392704367637634277e-01
3.997520208358764648e-01
-9.262274503707885742e-01
6.360733509063720703e-01
-2.138956308364868164e+00
1.517820507287979126e-01
7.194412350654602051e-01
2.107207298278808594e+00
-1.319936513900756836e-01
-7.925837039947509766e-01
-3.357065439224243164e+00
-1.284387469291687012e+00
2.042734861373901367e+00
-1.139271855354309082e+00
-1.433655261993408203e+00
7.303159236907958984e-01
-4.656908512115478516e-01
1.005940079689025879e+00
2.510042488574981689e-01
-3.850739896297454834e-01
6.069121956825256348e-01
1.608901470899581909e-01
-1.341931968927383423e-01
7.922902107238769531e-01
2.510569810867309570e+00
-1.255341291427612305e+00
-1.620513558387756348e+00
1.255126953125000000e+00
-1.141145110130310059e+00
4.461981952190399170e-01
-1.419216990470886230e+00
-1.781171441078186035e+00
1.592059969902038574e+00
-1.023233890533447266e+00
-1.654247999191284180e+00
5.896406769752502441e-01
5.614950060844421387e-01
-3.022454679012298584e-01
5.682689137756824493e-03
-4.945657253265380859e-01
-8.085640668869018555e-01
2.115403652191162109e+00
2.825245618820190430e+00
-2.662015557289123535e-01
-1.373975425958633423e-01
7.129170298576354980e-01
-3.089476823806762695e-01
-3.678371012210845947e-02
-8.332948088645935059e-01
-2.824328660964965820e+00
1.723483800888061523e+00
6.075549125671386719e-01
-5.312636494636535645e-01
-5.940814614295959473e-01
1.144165992736816406e+00
2.209237337112426758e+00
-2.975938022136688232e-01
-8.143026232719421387e-01
-2.703725814819335938e+00
-3.649880588054656982e-01
-1.522753715515136719e+00
-1.105672791600227356e-01
-2.359918206930160522e-01
-2.208688110113143921e-01
1.784117966890335083e-01
-1.285406947135925293e+00
4.709189832210540771e-01
