-1.024794112890958786e-02
4.899333715438842773e-01
-1.224868178367614746e+00
-2.284677267074584961e+00
-7.310367822647094727e-01
-1.376712471246719360e-01
2.121541738510131836e+00
1.156619310379028320e+00
1.075991541147232056e-01
-8.760790228843688965e-01
2.597655534744262695e+00
2.196232318878173828e+00
1.400169730186462402e+00
3.182001411914825439e-01
-1.186524778604507446e-01
1.100837707519531250e+00
-2.980675101280212402e-01
3.333631753921508789e-01
-1.489448547363281250e+00
-1.181892871856689453e+00
-9.738495945930480957e-01
-1.418791055679321289e+00
1.144901752471923828e+00
1.701232194900512695e+00
-1.043231725692749023e+00
-6.349791288375854492e-01
-8.092760443687438965e-01
-2.667370997369289398e-02
1.065458655357360840e+00
8.853994011878967285e-01
4.932458102703094482e-01
-2.985272407531738281e+00
-8.124317526817321777e-01
2.239144802093505859e+00
4.522903263568878174e-01
-3.481924235820770264e-01
-1.739609718322753906e+00
-7.981631159782409668e-01
4.177412688732147217e-01
-1.426735877990722656e+00
5.426166653633117676e-01
1.199594020843505859e+00
1.117042660713195801e+00
2.550643682479858398e+00
6.977961063385009766e-01
2.814532518386840820e-01
-5.073829293251037598e-01
3.461999893188476562e+00
1.506600826978683472e-01
1.555256843566894531e+00
-1.007481694221496582e+00
7.367147207260131836e-01
5.384896993637084961e-01
-1.732257008552551270e-01
-4.595180153846740723e-01
-7.446936368942260742e-01
1.488659739494323730e+00
1.857247948646545410e-01
-1.808759689331054688e+00
5.005487203598022461e-01
-1.502707719802856445e+00
1.393820166587829590e+00
-4.968709647655487061e-01
1.517810672521591187e-01
-3.747124373912811279e-01
-2.418252468109130859e+00
1.422858089208602905e-01
6.581398844718933105e-01
-7.499173283576965332e-01
1.411261200904846191e+00
5.045314431190490723e-01
-1.794772386550903320e+00
1.281458735466003418e+00
-1.304759830236434937e-01
5.950354933738708496e-01
-1.301450014114379883e+00
2.307813405990600586e+00
-9.184964299201965332e-01
-8.959159255027770996e-01
-2.619076728820800781e+00
-1.451801657676696777e+00
-1.794550657272338867e+00
-1.080102682113647461e+00
-2.972332835197448730e-01
1.453961133956909180e+00
1.404173731803894043e+00
-7.897786498069763184e-01
-3.811746239662170410e-01
2.940575592219829559e-02
-1.138425171375274658e-01
6.988261938095092773e-01
-5.786553025245666504e-01
-1.459877014160156250e+00
2.499969482421875000e+00
1.052976131439208984e+00
2.457382917404174805e+00
1.421728491783142090e+00
9.001538753509521484e-01
-8.383791446685791016e-01
2.537505924701690674e-01
2.471513271331787109e+00
-1.541649103164672852e-01
3.469253182411193848e-01
-6.404739618301391602e-01
-6.556620597839355469e-01
6.766180396080017090e-01
-1.249873518943786621e+00
8.544462174177169800e-02
4.339076876640319824e-01
1.546170830726623535e+00
-1.020215034484863281e+00
2.270946979522705078e+00
5.619803816080093384e-02
-2.038672924041748047e+00
1.073643922805786133e+00
-6.390442848205566406e-01
7.419593632221221924e-02
-1.342421770095825195e+00
-1.664937853813171387e+00
-6.869593858718872070e-01
1.573765426874160767e-01
-7.117512822151184082e-01
-1.273949980735778809e+00
-3.490501344203948975e-01
-2.376232892274856567e-01
-2.571343183517456055e+00
-7.535656690597534180e-01
-8.128232359886169434e-01
