-2.741446256637573242e+00
4.201409518718719482e-01
-2.386753708124160767e-01
2.092165797948837280e-01
-1.419015884399414062e+00
1.285045385360717773e+00
-5.594065189361572266e-01
1.911920905113220215e+00
2.081211090087890625e+00
-3.097603797912597656e+00
-5.644444227218627930e-01
-1.751653432846069336e+00
-3.141170501708984375e+00
1.214071631431579590e+00
-3.407515585422515869e-02
5.761948823928833008e-01
3.574657440185546875e-01
8.508059978485107422e-01
-1.379299402236938477e+00
-3.112842142581939697e-01
-1.901200413703918457e+00
1.653330564498901367e+00
7.448279261589050293e-01
1.343019843101501465e+00
-6.850472092628479004e-01
8.339046835899353027e-01
2.243556261062622070e+00
-6.525334715843200684e-01
2.008555412292480469e+00
5.250121951103210449e-01
-1.225134611129760742e+00
-1.695129275321960449e+00
1.467138826847076416e-01
1.886893808841705322e-01
-1.185817122459411621e+00
5.575159788131713867e-01
9.017291069030761719e-01
-5.177127718925476074e-01
-8.071591258049011230e-01
-1.399387836456298828e+00
4.493710994720458984e-01
6.237968206405639648e-01
2.211842775344848633e+00
1.240133762359619141e+00
-5.316204428672790527e-01
7.466129660606384277e-01
1.305163025856018066e+00
-1.734890818595886230e+00
1.532938838005065918e+00
2.911981344223022461e-01
-1.583436131477355957e+00
-4.364614784717559814e-01
-1.367199063301086426e+00
3.369104862213134766e-01
4.929764270782470703e-01
1.209398031234741211e+00
-1.650168180465698242e+00
9.252304434776306152e-01
1.245166778564453125e+00
4.393373727798461914e-01
-5.598456859588623047e-01
6.303037405014038086e-01
-9.367104172706604004e-01
-7.892149090766906738e-01
-6.975783109664916992e-01
6.742256879806518555e-01
1.477211952209472656e+00
6.282093524932861328e-01
-5.795554444193840027e-02
6.962617635726928711e-01
-1.202424287796020508e+00
-2.479041337966918945e+00
7.094147205352783203e-01
1.103161811828613281e+00
5.408758521080017090e-01
-1.270654320716857910e+00
-5.313848257064819336e-01
2.212416648864746094e+00
-9.933897852897644043e-01
1.048968553543090820e+00
-6.708005815744400024e-02
-1.827656745910644531e+00
1.319766402244567871e+00
-3.346528410911560059e-01
8.421610593795776367e-01
2.279057949781417847e-01
-9.308912158012390137e-01
3.442834019660949707e-01
-2.004503488540649414e+00
2.260009497404098511e-01
-1.619187712669372559e+00
-2.271575331687927246e-01
-1.389364302158355713e-01
2.225953817367553711e+00
1.179592370986938477e+00
-4.442238211631774902e-01
-7.353921979665756226e-02
-2.384088002145290375e-02
-2.084803283214569092e-01
-3.427295684814453125e-01
-3.549470603466033936e-01
-9.358935356140136719e-01
-1.050041794776916504e+00
-8.195119909942150116e-03
1.759414434432983398e+00
-3.455907702445983887e-01
-8.978953361511230469e-01
1.252507686614990234e+00
2.064156770706176758e+00
-2.111104488372802734e+00
-1.913174390792846680e+00
-1.161404132843017578e+00
7.649132013320922852e-01
-5.135840177536010742e-01
-6.460582017898559570e-01
-3.975721597671508789e-01
-2.846573591232299805e-01
1.107650518417358398e+00
6.185825467109680176e-01
-4.127778112888336182e-01
-9.158366322517395020e-01
9.021730422973632812e-01
1.699797064065933228e-01
-4.062220156192779541e-01
-3.285273015499114990e-01
-1.170446038246154785e+00
-1.356182247400283813e-01
9.218264222145080566e-01
