1.199596285820007324e+00
6.135944128036499023e-01
8.380424231290817261e-02
4.817554652690887451e-01
1.813448667526245117e+00
1.176528096199035645e+00
5.574667453765869141e-01
1.586682915687561035e+00
-1.099480748176574707e+00
-1.759363889694213867e+00
1.409427046775817871e+00
-2.139581680297851562e+00
6.196363270282745361e-02
-7.329086065292358398e-01
1.073359370231628418e+00
-2.021305710077285767e-01
-9.316633939743041992e-01
1.751226067543029785e+00
-2.458640098571777344e+00
-2.928253114223480225e-01
2.423507720232009888e-02
-9.613682031631469727e-01
-6.420397758483886719e-01
4.403853714466094971e-01
1.088682889938354492e+00
2.060930252075195312e+00
1.719480156898498535e+00
-5.963338539004325867e-02
-3.685338199138641357e-01
-1.015081763267517090e+00
-1.281060934066772461e+00
-2.144116014242172241e-01
-2.131148576736450195e+00
-7.804362177848815918e-01
-5.406206250190734863e-01
1.407962918281555176e+00
2.703920304775238037e-01
-3.869194090366363525e-01
-2.115059792995452881e-01
-2.081055194139480591e-01
1.900001406669616699e+00
-1.341578364372253418e+00
1.032411813735961914e+00
2.514465332031250000e+00
-3.799095749855041504e-01
7.632907032966613770e-01
1.670259952545166016e+00
4.566071033477783203e+00
-4.238123595714569092e-01
-6.461336612701416016e-01
4.960632324218750000e-01
-2.485177712514996529e-03
6.851924657821655273e-01
7.119699120521545410e-01
3.889002501964569092e-01
2.246504575014114380e-01
1.195702552795410156e+00
1.635999381542205811e-01
1.370102465152740479e-01
4.722589254379272461e-01
-1.329070478677749634e-01
-4.424308538436889648e-01
3.298681735992431641e+00
-1.597075015306472778e-01
-5.394930243492126465e-01
-1.852210879325866699e+00
8.050191402435302734e-01
3.871968984603881836e-01
-1.656404733657836914e-01
3.850492238998413086e-01
8.082971572875976562e-01
2.528040707111358643e-01
4.824565649032592773e-01
1.212106198072433472e-01
9.677466750144958496e-01
-3.009089231491088867e+00
-4.662666320800781250e-01
-2.111022472381591797e+00
1.408835202455520630e-01
-1.144156813621520996e+00
1.389364480972290039e+00
5.490764975547790527e-01
3.654038906097412109e-01
-3.635236322879791260e-01
4.777742028236389160e-01
-1.265270471572875977e+00
-1.967439532279968262e+00
-2.700111627578735352e+00
-8.738338947296142578e-01
2.720088362693786621e-01
-8.642482757568359375e-01
-2.439573049545288086e+00
-8.871464729309082031e-01
5.050628911703824997e-03
1.955478191375732422e+00
-5.257856249809265137e-01
-4.034582972526550293e-01
-1.008819699287414551e+00
-1.885741710662841797e+00
3.896235823631286621e-01
-1.812981009483337402e+00
-4.806107878684997559e-01
-1.192617535591125488e+00
1.745553731918334961e+00
3.632112026214599609e+00
-9.108853340148925781e-01
1.414230108261108398e+00
-3.154657185077667236e-01
1.033171296119689941e+00
-1.985097646713256836e+00
-8.117775321006774902e-01
9.582744836807250977e-01
-2.026298999786376953e+00
-1.716365098953247070e+00
-2.935034930706024170e-01
-2.012194633483886719e+00
1.269109845161437988e+00
2.528219521045684814e-01
-1.923773288726806641e+00
9.741104245185852051e-01
6.373714804649353027e-01
-1.380773663520812988e+00
-8.498058915138244629e-01
9.021344780921936035e-01
-3.977868556976318359e-01
-1.196473762392997742e-01
4.947293400764465332e-01
9.407394528388977051e-01
