8.469309210777282715e-01
-1.507797122001647949e+00
-8.224664330482482910e-01
-3.543810844421386719e-01
6.811441183090209961e-01
2.525480508804321289e+00
9.639735221862792969e-01
2.604415714740753174e-01
-3.192972838878631592e-01
-1.378225564956665039e+00
-2.984077036380767822e-01
2.008510828018188477e+00
-3.656842112541198730e-01
1.212096810340881348e+00
-1.684899687767028809e+00
-1.088772416114807129e+00
-1.068599224090576172e+00
3.597756624221801758e-01
4.577530026435852051e-01
-1.465358614921569824e+00
4.370958358049392700e-02
6.646321415901184082e-01
5.060380101203918457e-01
3.465760052204132080e-01
-1.863487124443054199e+00
2.277259349822998047e+00
3.315435349941253662e-01
-2.051594734191894531e+00
8.483643531799316406e-01
1.298542022705078125e+00
-1.732974648475646973e+00
-1.666522145271301270e+00
1.227590888738632202e-01
3.203419446945190430e-01
8.263005614280700684e-01
1.950118690729141235e-01
1.595554828643798828e+00
7.943641543388366699e-01
-1.782853364944458008e+00
1.656838774681091309e+00
-5.444828271865844727e-01
-3.641863353550434113e-03
1.810108542442321777e+00
5.406846404075622559e-01
-2.703248336911201477e-02
1.030009984970092773e+00
2.353129237890243530e-01
2.079447031021118164e+00
-5.151939988136291504e-01
3.760289028286933899e-02
-1.869217902421951294e-01
4.216924905776977539e-01
-2.405886501073837280e-01
1.134698912501335144e-01
1.375553309917449951e-01
1.435211539268493652e+00
-4.229309260845184326e-01
-3.625364005565643311e-01
-1.061155915260314941e+00
6.105036735534667969e-01
-3.347559273242950439e-01
2.311435699462890625e+00
-1.145167112350463867e+00
5.000246763229370117e-01
1.721542477607727051e+00
-1.432475566864013672e+00
3.815402463078498840e-02
-2.100176811218261719e+00
5.686773061752319336e-01
-8.563823103904724121e-01
-3.776899874210357666e-01
-2.692734241485595703e+00
2.100355386734008789e+00
9.104313254356384277e-01
-1.241222023963928223e+00
-5.603911280632019043e-01
-8.097548484802246094e-01
-8.762978911399841309e-01
6.211437657475471497e-02
-5.910239219665527344e-01
8.105146288871765137e-01
-1.965649962425231934e+00
-5.231730639934539795e-02
4.163383245468139648e-01
8.553066849708557129e-01
-9.663830399513244629e-01
-9.451767802238464355e-01
-5.893826484680175781e-01
4.374134838581085205e-01
5.643672347068786621e-01
-7.616183161735534668e-01
6.477628350257873535e-01
-3.910796046257019043e-01
-1.811762601137161255e-01
-1.200418591499328613e+00
2.204667925834655762e-01
-7.505250573158264160e-01
-9.497492909431457520e-01
-5.987992286682128906e-01
-1.292463064193725586e+00
-1.800016164779663086e+00
4.469280540943145752e-01
1.367727041244506836e+00
8.326189517974853516e-01
1.777412295341491699e+00
-4.419122040271759033e-01
-8.068936318159103394e-02
1.328275561332702637e+00
-4.135634377598762512e-02
-1.089995861053466797e+00
1.393603324890136719e+00
1.480095505714416504e+00
1.593220591545104980e+00
-1.475008368492126465e+00
4.329051673412322998e-01
-3.860532343387603760e-01
-1.841281414031982422e+00
1.619082927703857422e+00
2.969300746917724609e-01
-7.413613796234130859e-01
-1.760969758033752441e+00
1.432003855705261230e+00
2.317751884460449219e+00
-5.841760635375976562e-01
-1.352024674415588379e+00
-7.455397248268127441e-01
-3.911957144737243652e-01
-1.764130890369415283e-01
