2.623914740979671478e-02
-1.202950835227966309e+00
-7.689275741577148438e-01
1.959577947854995728e-01
-5.151870250701904297e-01
-9.983552694320678711e-01
-1.642388701438903809e+00
-1.249403715133666992e+00
-6.248996853828430176e-01
-1.703362703323364258e+00
-2.394737116992473602e-02
-9.155450463294982910e-01
2.264100790023803711e+00
-1.550705790519714355e+00
-1.319611072540283203e+00
1.724472403526306152e+00
4.230175316333770752e-01
6.379314661026000977e-01
-1.822592139244079590e+00
1.489664077758789062e+00
2.011480569839477539e+00
-6.250032186508178711e-01
-1.249210000038146973e+00
5.894504785537719727e-01
-9.482719302177429199e-01
-6.893974542617797852e-01
3.648729324340820312e-01
-1.079632282257080078e+00
-1.658307313919067383e+00
2.221755266189575195e+00
1.484737396240234375e+00
-1.530361652374267578e+00
-1.392085909843444824e+00
1.600077509880065918e+00
2.796315908432006836e+00
2.674243152141571045e-01
1.479829072952270508e+00
1.302982449531555176e+00
6.993656754493713379e-01
9.200392961502075195e-01
3.978452086448669434e-01
-1.490735650062561035e+00
1.095962524414062500e+00
8.698528409004211426e-01
-3.374176919460296631e-01
1.174849942326545715e-01
2.998078763484954834e-01
1.333105683326721191e+00
-1.433240532875061035e+00
1.270064949989318848e+00
-1.611758351325988770e+00
-6.171399950981140137e-01
-3.562543988227844238e-01
2.119190216064453125e+00
1.000649571418762207e+00
-1.580321669578552246e+00
1.992236018180847168e+00
1.797414779663085938e+00
2.742620408535003662e-01
9.558511376380920410e-01
6.640871167182922363e-01
-2.165386676788330078e+00
-1.474629878997802734e+00
-1.562712341547012329e-01
9.559823274612426758e-01
4.962967932224273682e-01
1.545385241508483887e+00
1.797318458557128906e+00
1.129284024238586426e+00
-1.207795262336730957e+00
3.695027530193328857e-01
-1.209912538528442383e+00
-1.615073919296264648e+00
1.547279506921768188e-01
-1.626372337341308594e+00
-6.448960900306701660e-01
-7.413456439971923828e-01
1.174372792243957520e+00
-1.547889783978462219e-02
-1.320137381553649902e+00
6.265127062797546387e-01
9.318199753761291504e-01
4.776926040649414062e-01
-7.831338047981262207e-01
3.731194257736206055e+00
-1.476087093353271484e+00
8.263233900070190430e-01
-1.636823862791061401e-01
-4.752619862556457520e-01
5.619175434112548828e-01
-1.352868080139160156e-01
-8.952541947364807129e-01
-3.829750120639801025e-01
1.709721803665161133e+00
-7.318208217620849609e-01
-3.135367333889007568e-01
1.420236825942993164e-01
6.223567724227905273e-01
-6.297890096902847290e-02
-2.299226969480514526e-01
1.811798572540283203e+00
1.081942439079284668e+00
-8.251161575317382812e-01
2.167286157608032227e+00
-5.803685784339904785e-01
4.797346591949462891e-01
-3.578309416770935059e-01
8.544178307056427002e-02
7.500122189521789551e-01
-1.691220700740814209e-01
1.328363656997680664e+00
-1.086748838424682617e+00
1.546404957771301270e-01
-1.491970270872116089e-01
2.261375665664672852e+00
2.610823214054107666e-01
-5.962015390396118164e-01
-7.397990226745605469e-01
-3.556475043296813965e-01
-1.339910030364990234e+00
-2.510983943939208984e+00
4.030230641365051270e-01
-1.217485308647155762e+00
-3.572561264038085938e+00
-6.174577474594116211e-01
-5.887224674224853516e-01
-6.730271577835083008e-01
-1.671329617500305176e+00
