-1.093303322792053223e+00
-4.853729903697967529e-02
2.601439058780670166e-01
8.104512691497802734e-01
-3.849713504314422607e-01
1.675091534852981567e-01
-4.342112839221954346e-01
-5.126389674842357635e-03
7.549012303352355957e-01
-1.852012634277343750e+00
8.475927710533142090e-01
-1.083223104476928711e+00
2.847243249416351318e-01
-3.193526268005371094e+00
1.079001545906066895e+00
-1.520836353302001953e-01
-1.568934023380279541e-01
-7.527912408113479614e-02
3.494004607200622559e-01
6.651539206504821777e-01
-1.677435785531997681e-01
1.721435308456420898e+00
-1.504522860050201416e-01
-3.452586531639099121e-01
-1.167079687118530273e+00
-5.269548296928405762e-01
9.513687491416931152e-01
2.913114428520202637e-01
-5.302951335906982422e-01
6.533392667770385742e-01
-1.079003453254699707e+00
1.724427103996276855e+00
-8.887079358100891113e-01
-2.286545783281326294e-01
9.168147444725036621e-01
7.774396538734436035e-01
9.338845014572143555e-01
-4.399331808090209961e-01
-1.078191399574279785e+00
-3.117006063461303711e+00
4.371137619018554688e-01
1.056689977645874023e+00
1.827786326408386230e+00
1.430141568183898926e+00
-3.223698139190673828e-01
5.125553607940673828e-01
1.531580537557601929e-01
1.352414608001708984e+00
1.033914804458618164e+00
8.605434745550155640e-02
1.521084070205688477e+00
-5.010677576065063477e-01
-3.408188223838806152e-01
-9.901279211044311523e-01
-7.837936282157897949e-01
-1.136141657829284668e+00
4.370225127786397934e-03
7.601487040519714355e-01
-1.224529743194580078e+00
3.679881572723388672e+00
9.044557809829711914e-01
1.181218147277832031e+00
7.252702713012695312e-01
1.734676003456115723e+00
2.858016192913055420e-01
2.338037490844726562e-01
-1.910168230533599854e-01
1.003284335136413574e+00
-8.838692903518676758e-01
-9.390267729759216309e-01
-6.380320787429809570e-01
5.504885315895080566e-01
1.421671867370605469e+00
1.520411856472492218e-02
-3.687180280685424805e-01
-2.186258316040039062e+00
-1.814498305320739746e-01
-1.218111515045166016e+00
-7.010874152183532715e-01
-8.995138406753540039e-01
-1.808738261461257935e-01
1.085032105445861816e+00
1.510770767927169800e-01
-7.810215950012207031e-01
4.281357288360595703e+00
-1.595538973808288574e+00
-1.127305030822753906e+00
1.026662707328796387e+00
4.882017895579338074e-02
1.616695642471313477e+00
1.148303508758544922e+00
-3.683679103851318359e+00
1.305701434612274170e-01
-1.510069251060485840e+00
7.797793745994567871e-01
3.679660558700561523e-01
1.900419592857360840e+00
5.304092764854431152e-01
-1.299527049064636230e+00
6.371408700942993164e-01
-1.397330880165100098e+00
-4.817848503589630127e-01
-5.290521979331970215e-01
9.289557933807373047e-01
-7.271842956542968750e-01
1.935950517654418945e+00
-8.664276599884033203e-01
-2.662657499313354492e-01
7.092025876045227051e-01
8.169845938682556152e-01
-1.053564906120300293e+00
3.025746345520019531e+00
-1.505101799964904785e+00
-1.596606969833374023e+00
-9.418025612831115723e-01
1.170419335365295410e+00
-9.231825470924377441e-01
1.849217526614665985e-02
3.580701947212219238e-01
1.271666586399078369e-01
-7.899612784385681152e-01
-3.581934571266174316e-01
-3.320387005805969238e-01
-2.137948751449584961e+00
-6.239361763000488281e-01
-1.579530954360961914e+00
-8.651557564735412598e-01
-1.518017888069152832e+00
