9.950712919235229492e-01
6.289613842964172363e-01
-1.390044689178466797e-01
4.401121735572814941e-01
1.185721635818481445e+00
2.087815701961517334e-01
-3.048600852489471436e-01
-2.120157241821289062e+00
-1.353773832321166992e+00
-1.415964365005493164e+00
1.065783619880676270e+00
-9.024506807327270508e-02
1.329007983207702637e+00
-6.788890361785888672e-01
-4.319296181201934814e-01
1.140873655676841736e-01
-6.091573834419250488e-01
2.191600322723388672e+00
-2.349328696727752686e-01
1.435287743806838989e-01
-6.646327376365661621e-01
-1.209029674530029297e+00
-4.809882938861846924e-01
2.807927608489990234e+00
-9.454067051410675049e-02
3.538042306900024414e-01
2.630711317062377930e+00
-6.360167264938354492e-02
-1.009201928973197937e-01
1.659743428230285645e+00
-8.823699355125427246e-01
-1.139213681221008301e+00
-1.391328215599060059e+00
4.617365598678588867e-01
9.685785770416259766e-01
1.342892497777938843e-01
-9.697666168212890625e-01
-7.970462441444396973e-01
-4.780401885509490967e-01
1.201929807662963867e+00
3.850675821304321289e+00
-9.173060655593872070e-01
1.928821921348571777e+00
-6.504583358764648438e-01
-4.907826781272888184e-01
-9.913240075111389160e-01
1.051847457885742188e+00
1.335108399391174316e+00
-1.633924245834350586e+00
-8.652274608612060547e-01
-1.819524407386779785e+00
-1.683590650558471680e+00
-1.196654438972473145e+00
9.982244372367858887e-01
1.850492954254150391e+00
-9.485656768083572388e-02
-1.546226534992456436e-02
6.789646744728088379e-01
2.412530660629272461e+00
1.549523591995239258e+00
-7.497472167015075684e-01
5.101259946823120117e-01
1.000190496444702148e+00
-8.118731379508972168e-01
-2.566056139767169952e-02
-9.863544702529907227e-01
1.031858682632446289e+00
7.738043069839477539e-01
6.912478208541870117e-01
-7.780300974845886230e-01
4.252856373786926270e-01
4.464368820190429688e-01
7.119246125221252441e-01
6.505846977233886719e-01
-1.051931977272033691e+00
-1.442770123481750488e+00
-4.259207546710968018e-01
9.303959012031555176e-01
1.328566312789916992e+00
-1.307545155286788940e-01
1.316481947898864746e+00
-2.111393958330154419e-01
-4.572475552558898926e-01
-1.374858915805816650e-01
-8.855137228965759277e-01
-9.843589365482330322e-02
-1.372151374816894531e+00
-1.426404595375061035e+00
-4.294312894344329834e-01
1.388006448745727539e+00
7.645825147628784180e-01
-2.266180276870727539e+00
-1.182290554046630859e+00
3.912745118141174316e-01
-1.770716428756713867e+00
3.457547128200531006e-01
1.713095158338546753e-01
-2.399706840515136719e+00
-2.079194068908691406e+00
2.774297893047332764e-01
-4.373151063919067383e-01
-1.124676018953323364e-01
3.248707056045532227e-01
1.113509058952331543e+00
-1.703276991844177246e+00
-2.419455721974372864e-02
8.404328823089599609e-01
1.778406858444213867e+00
8.114848136901855469e-01
5.270581841468811035e-01
-8.744132518768310547e-01
1.193032264709472656e+00
-2.108693122863769531e+00
-1.166557550430297852e+00
1.946636319160461426e+00
-1.250412106513977051e+00
7.567744255065917969e-01
-1.761924326419830322e-01
-2.526314735412597656e+00
-1.042544007301330566e+00
-9.273549914360046387e-01
-3.676915466785430908e-01
1.112619876861572266e+00
8.201507329940795898e-01
-7.728887200355529785e-01
-3.452166020870208740e-01
-3.066256046295166016e-01
3.654596209526062012e-01
