-1.630908966064453125e+00
1.864898651838302612e-01
1.013853311538696289e+00
6.135443970561027527e-02
-9.562114477157592773e-01
1.425982236862182617e+00
-6.650967597961425781e-01
1.437327504158020020e+00
4.514466226100921631e-01
-9.131435751914978027e-01
-1.698653340339660645e+00
1.185008049011230469e+00
-7.808619737625122070e-01
2.817923307418823242e+00
-1.327266693115234375e-01
-1.296082139015197754e+00
-4.516232386231422424e-02
1.554219961166381836e+00
-1.968905031681060791e-01
8.955479860305786133e-01
1.495388895273208618e-01
3.454986512660980225e-01
1.116113305091857910e+00
1.672399401664733887e+00
-1.289002537727355957e+00
1.648663759231567383e+00
1.002203106880187988e+00
-1.215340137481689453e+00
-3.731899857521057129e-01
-9.936421513557434082e-01
-1.423691630363464355e+00
9.860501438379287720e-02
-1.141188442707061768e-01
-3.144067525863647461e+00
7.190078496932983398e-01
1.026667356491088867e+00
1.580312132835388184e+00
-1.875438570976257324e+00
-2.335690736770629883e+00
4.821056723594665527e-01
-1.941865086555480957e+00
8.238167762756347656e-01
9.387708902359008789e-01
1.674264669418334961e+00
-6.865789890289306641e-01
9.537005424499511719e-01
4.308124482631683350e-01
-7.563514113426208496e-01
-2.521692216396331787e-01
1.456650018692016602e+00
-8.010217547416687012e-01
-1.116729736328125000e+00
1.086083129048347473e-01
-9.831218421459197998e-02
-4.566558599472045898e-01
3.323310315608978271e-01
1.128782406449317932e-01
-1.326019167900085449e+00
1.561349332332611084e-01
1.926665663719177246e+00
-5.994670987129211426e-01
9.649028182029724121e-01
-1.523425936698913574e+00
6.345891952514648438e-01
2.069414615631103516e+00
-2.301522493362426758e-01
-7.383390069007873535e-01
1.347091048955917358e-01
8.190065622329711914e-01
-1.694636106491088867e+00
5.272892117500305176e-01
-3.818560838699340820e-01
5.864427983760833740e-02
9.617514014244079590e-01
-1.216319680213928223e+00
-9.422864913940429688e-01
-2.779344916343688965e-01
-6.842389702796936035e-01
8.738700747489929199e-01
-8.190836906433105469e-01
-1.643873453140258789e-01
8.206664919853210449e-01
-7.202882319688796997e-02
-1.283545732498168945e+00
-9.114894866943359375e-01
-1.222714222967624664e-02
1.300573587417602539e+00
-8.034080862998962402e-01
5.993605256080627441e-01
4.109788537025451660e-01
-1.952480435371398926e+00
-1.205543398857116699e+00
-2.309744596481323242e+00
1.342962980270385742e+00
2.976839542388916016e-01
-1.567107439041137695e-01
7.875373959541320801e-01
1.308092325925827026e-01
1.949535846710205078e+00
1.453907370567321777e+00
-1.291500210762023926e+00
2.328281402587890625e+00
-3.924985826015472412e-01
-6.243215873837471008e-02
3.111264944076538086e+00
-9.947784543037414551e-01
-7.388377189636230469e-01
-3.932044655084609985e-02
-3.043508231639862061e-01
-3.247883558273315430e+00
6.257609128952026367e-01
-8.875787854194641113e-01
3.022435903549194336e+00
-7.567671537399291992e-01
-4.335061311721801758e-01
-1.672282814979553223e+00
3.080735504627227783e-01
3.649204969406127930e-01
-1.280505537986755371e+00
2.013491868972778320e+00
1.310688614845275879e+00
1.481420278549194336e+00
-1.350399494171142578e+00
-1.669524431228637695e+00
-6.602686047554016113e-01
-1.408152580261230469e+00
-1.697345733642578125e+00
1.618086695671081543e+00
