3.664134025573730469e+00
3.868052735924720764e-02
4.211085438728332520e-01
2.093831896781921387e-01
1.158357381820678711e+00
9.281919002532958984e-01
4.977729916572570801e-01
2.618393599987030029e-01
-2.113680601119995117e+00
-7.718029022216796875e-01
1.529246330261230469e+00
-1.772840470075607300e-01
9.492385983467102051e-01
-1.406139731407165527e+00
-3.283884003758430481e-02
-1.357149481773376465e-01
-4.223911762237548828e-01
1.046302676200866699e+00
-8.827374577522277832e-01
5.896127223968505859e-02
-2.586467981338500977e+00
-9.602847695350646973e-01
6.106815934181213379e-01
6.305834650993347168e-01
1.427735924720764160e+00
-2.368662059307098389e-01
-1.341657042503356934e+00
-7.438290119171142578e-02
8.378705382347106934e-01
-7.156546115875244141e-01
-5.185272693634033203e-01
-3.222562670707702637e-01
9.916433691978454590e-02
1.421232104301452637e+00
-4.916451275348663330e-01
1.491688370704650879e+00
-1.049003243446350098e+00
3.010962009429931641e-01
-5.710894465446472168e-01
1.386969923973083496e+00
1.347212910652160645e+00
2.688855648040771484e+00
8.975941538810729980e-01
1.315280437469482422e+00
-6.710284352302551270e-01
-1.370145678520202637e+00
-7.714702934026718140e-02
2.747082412242889404e-01
4.645718932151794434e-01
2.021337985992431641e+00
1.044045686721801758e+00
-6.957716941833496094e-01
2.887634038925170898e+00
1.796332359313964844e+00
7.624220252037048340e-01
-1.774734735488891602e+00
1.257345557212829590e+00
2.769244909286499023e-01
-2.202678203582763672e+00
2.580964565277099609e+00
-8.272522687911987305e-01
-2.290556579828262329e-01
-1.203688025474548340e+00
2.652072906494140625e-01
-4.809193909168243408e-01
-2.769109725952148438e+00
1.284210979938507080e-01
1.159382104873657227e+00
2.213213920593261719e+00
7.665804624557495117e-01
1.745504140853881836e+00
-7.521308660507202148e-01
3.910450339317321777e-01
4.899463057518005371e-01
-1.361796259880065918e-01
-1.337881684303283691e+00
-5.019808411598205566e-01
-1.219689607620239258e+00
-8.090431690216064453e-01
-1.520664095878601074e+00
7.874799966812133789e-01
-2.021086692810058594e+00
8.803169727325439453e-01
2.563610374927520752e-01
1.330449700355529785e+00
-8.008642196655273438e-01
-1.861885786056518555e+00
7.388783693313598633e-01
-7.992738485336303711e-01
-2.866750955581665039e-01
1.502283960580825806e-01
-2.999094724655151367e+00
-1.951269030570983887e+00
-7.438666820526123047e-01
9.239424467086791992e-01
7.661455310881137848e-03
4.816414713859558105e-01
-8.736218810081481934e-01
-1.269115924835205078e+00
-1.118751287460327148e+00
1.522774934768676758e+00
1.537234663963317871e+00
-1.473130583763122559e+00
-1.195901036262512207e+00
-2.476967096328735352e+00
-9.845067262649536133e-01
1.720496416091918945e-01
6.735597252845764160e-01
-3.751687407493591309e-01
-3.079954385757446289e-01
2.385642975568771362e-01
8.546146154403686523e-01
2.335238754749298096e-01
1.695390045642852783e-02
1.584361553192138672e+00
1.428074091672897339e-01
5.339555144309997559e-01
-4.887313842773437500e-01
4.978039860725402832e-02
3.976754844188690186e-01
-2.729451656341552734e-01
-1.391341567039489746e+00
1.226924061775207520e+00
-3.224053084850311279e-01
-1.164098620414733887e+00
5.087730884552001953e-01
-2.006491422653198242e+00
-2.049977302551269531e+00
