5.649872422218322754e-01
7.547145485877990723e-01
-3.255666196346282959e-01
1.777559220790863037e-01
2.324078083038330078e-01
-2.011743545532226562e+00
-2.154946565628051758e+00
-1.367954850196838379e+00
-3.269111216068267822e-01
-1.454154014587402344e+00
-8.550005555152893066e-01
1.185313582420349121e+00
6.522268652915954590e-01
-1.385786533355712891e+00
1.157752275466918945e+00
9.045734405517578125e-01
-2.072619915008544922e+00
1.041721701622009277e+00
1.303390026092529297e+00
8.632335662841796875e-01
-1.018137335777282715e+00
1.331393599510192871e+00
1.030861020088195801e+00
6.734696030616760254e-01
-6.786612868309020996e-01
1.752833962440490723e+00
-1.100191473960876465e+00
6.950756907463073730e-02
-7.561825513839721680e-01
4.675383120775222778e-02
-9.670740962028503418e-01
8.287952542304992676e-01
-3.856582343578338623e-01
1.050511360168457031e+00
7.691307663917541504e-01
5.812142491340637207e-01
-7.818527817726135254e-01
-1.528543114662170410e+00
1.370611667633056641e+00
-2.529074430465698242e+00
1.987990498542785645e+00
-5.480692982673645020e-01
1.553106069564819336e+00
2.389961719512939453e+00
2.948291897773742676e-01
-2.988118648529052734e+00
3.132075965404510498e-01
3.821806609630584717e-01
3.867282569408416748e-01
2.764454841613769531e+00
1.361572742462158203e+00
-1.145426273345947266e+00
1.704557895660400391e+00
1.003583431243896484e+00
-5.257732272148132324e-01
-2.975757122039794922e-01
3.065013289451599121e-01
2.351473331451416016e+00
9.551129490137100220e-02
3.087944030761718750e+00
1.732158303260803223e+00
1.336728334426879883e-01
6.193425655364990234e-01
8.791957497596740723e-01
9.763482809066772461e-01
-6.003919839859008789e-01
-1.317362189292907715e+00
2.347949504852294922e+00
6.524729728698730469e-01
-7.161207497119903564e-02
1.056671664118766785e-01
8.379992246627807617e-01
-8.575898408889770508e-01
-1.870025545358657837e-01
1.291780591011047363e+00
-8.544220924377441406e-01
6.763941049575805664e-01
-1.683448106050491333e-01
3.318764567375183105e-01
-2.556100606918334961e+00
7.185016870498657227e-01
2.501351833343505859e-01
-1.314541138708591461e-02
-4.221975207328796387e-01
3.763507604598999023e+00
-2.461212396621704102e+00
-1.356748700141906738e+00
1.198657989501953125e+00
4.404581710696220398e-02
1.138442993164062500e+00
-1.039144158363342285e+00
-1.335823178291320801e+00
1.532494574785232544e-01
1.431815981864929199e+00
-1.668783783912658691e+00
-1.476099967956542969e+00
1.085411190986633301e+00
-7.307727932929992676e-01
-1.545253157615661621e+00
3.885049521923065186e-01
-2.058145761489868164e+00
8.304630517959594727e-01
1.024665609002113342e-01
-8.328689932823181152e-01
-1.441510438919067383e+00
5.060882866382598877e-02
-1.539145231246948242e+00
1.282625794410705566e-01
-1.620526552200317383e+00
-1.852863311767578125e+00
-6.052083335816860199e-03
2.033397853374481201e-01
-1.522926092147827148e+00
-1.941470742225646973e+00
-3.117779493331909180e-01
1.768951296806335449e+00
-9.097844958305358887e-01
-5.876212716102600098e-01
-1.604166388511657715e+00
4.082335829734802246e-01
7.079148292541503906e-01
1.124795198440551758e+00
-1.126770377159118652e+00
-2.227656364440917969e+00
2.296258807182312012e-01
-7.933986783027648926e-01
-3.948471248149871826e-01
-8.135591149330139160e-01
