-6.233463883399963379e-01
2.605315670371055603e-02
9.007425904273986816e-01
-1.286484114825725555e-02
-7.894707322120666504e-01
-3.278635442256927490e-01
1.218745410442352295e-01
-7.896884083747863770e-01
-1.163205027580261230e+00
4.907172620296478271e-01
1.315987825393676758e+00
8.904222846031188965e-01
6.258095502853393555e-01
6.565045714378356934e-01
-2.167780995368957520e-01
-1.680376678705215454e-01
3.273004591464996338e-01
-1.844615817070007324e+00
-3.232047080993652344e+00
-6.645670533180236816e-01
1.754393696784973145e+00
1.711202144622802734e+00
1.975414156913757324e+00
-7.974585890769958496e-01
-3.697731733322143555e+00
-4.420218169689178467e-01
-4.297619462013244629e-01
2.661586999893188477e+00
2.138887166976928711e+00
-9.526848047971725464e-02
-2.377600669860839844e-01
-5.536036491394042969e-01
7.407351136207580566e-01
-9.182864427566528320e-01
-3.796369135379791260e-01
-1.105536743998527527e-01
-1.052507877349853516e+00
7.138416767120361328e-01
1.328245759010314941e+00
5.544937849044799805e-01
1.249499559402465820e+00
6.421175599098205566e-01
1.004831671714782715e+00
1.727757215499877930e+00
-5.919525027275085449e-01
5.479425191879272461e-01
-1.386343598365783691e+00
1.590387344360351562e+00
7.022560834884643555e-01
-2.376277185976505280e-02
1.933543086051940918e-01
-4.971673190593719482e-01
6.859048604965209961e-01
-4.052320420742034912e-01
-1.224632382392883301e+00
2.822945356369018555e+00
-2.075914144515991211e+00
9.792611002922058105e-02
3.428049087524414062e-01
1.495184898376464844e+00
-2.093062400817871094e+00
9.867299795150756836e-01
-7.873695492744445801e-01
1.800285428762435913e-01
3.353121876716613770e-01
4.430543258786201477e-02
-6.414037346839904785e-01
-1.441478252410888672e+00
-4.532315135002136230e-01
-5.080870985984802246e-01
-6.800352931022644043e-01
-1.477709770202636719e+00
9.125174283981323242e-01
9.899218678474426270e-01
1.408763051033020020e+00
1.255996674299240112e-01
8.509426116943359375e-01
-5.557424947619438171e-02
-6.481143236160278320e-01
-1.448706507682800293e+00
1.829667687416076660e-01
-1.038336083292961121e-01
1.256138563156127930e+00
1.492930054664611816e+00
3.388284444808959961e+00
-1.472489535808563232e-01
1.197511076927185059e+00
-1.666441321372985840e+00
4.173054397106170654e-01
-6.786832809448242188e-01
-1.292674183845520020e+00
-5.556645393371582031e-01
-1.944176673889160156e+00
1.322084665298461914e+00
1.427940964698791504e+00
-8.441602587699890137e-01
2.081653475761413574e-01
5.324269533157348633e-01
-1.320121765136718750e+00
3.243633210659027100e-01
-1.299907416105270386e-01
-1.055187582969665527e+00
-1.897801399230957031e+00
1.587792873382568359e+00
-9.405154585838317871e-01
-1.694407500326633453e-02
-1.605808973312377930e+00
1.068946003913879395e+00
1.267498135566711426e+00
-3.869594037532806396e-01
1.175358444452285767e-01
7.591438889503479004e-01
-1.255202591419219971e-01
-8.848455548286437988e-01
-6.001169085502624512e-01
-4.350819289684295654e-01
-5.644912123680114746e-01
2.197679430246353149e-01
8.065257966518402100e-02
-9.992579221725463867e-01
1.535019874572753906e-01
2.701086103916168213e-01
-8.938720077276229858e-02
-2.337827205657958984e+00
-1.533517003059387207e+00
1.261390000581741333e-01
-7.118009328842163086e-01
4.873906970024108887e-01
