1.073187589645385742e+00
8.563533425331115723e-01
-1.410757303237915039e-01
-6.019079089164733887e-01
-1.138340234756469727e+00
4.499510526657104492e-01
1.805291533470153809e+00
1.701054275035858154e-01
-1.472635746002197266e+00
1.161261200904846191e+00
-5.622965097427368164e-01
-2.259803861379623413e-01
4.793141409754753113e-02
-2.138814926147460938e+00
3.866916000843048096e-01
-2.067218542098999023e+00
-6.689501553773880005e-02
-2.629530131816864014e-01
2.620514333248138428e-01
6.807655692100524902e-01
-8.393193036317825317e-02
-3.441518172621726990e-02
1.458828449249267578e+00
4.386164546012878418e-01
-4.715205430984497070e-01
9.583321809768676758e-01
1.028596282005310059e+00
2.348664999008178711e-01
-7.936924695968627930e-01
-1.502922773361206055e-01
-1.418030142784118652e+00
-3.737972259521484375e+00
-8.458268046379089355e-01
1.151327133178710938e+00
-8.972005844116210938e-01
9.249689579010009766e-01
-5.367908477783203125e-01
2.604640960693359375e+00
-8.526057004928588867e-01
1.968595981597900391e+00
1.684175848960876465e+00
9.246352314949035645e-01
2.014033794403076172e+00
9.182425588369369507e-02
-5.409646034240722656e-01
5.492668151855468750e-01
-1.324157834053039551e+00
2.238581657409667969e+00
1.574863940477371216e-01
-1.501405596733093262e+00
-1.185601115226745605e+00
1.050916314125061035e-01
-6.193884015083312988e-01
-7.027023434638977051e-01
2.756668031215667725e-01
2.237226963043212891e+00
-4.062526226043701172e-01
1.606572747230529785e+00
-1.557083368301391602e+00
4.920967817306518555e-01
4.158877134323120117e-01
-1.264305353164672852e+00
6.074345707893371582e-01
-1.355380415916442871e+00
7.054849863052368164e-01
-2.267213582992553711e+00
2.070803642272949219e+00
8.375378847122192383e-01
4.413799941539764404e-01
-5.162127017974853516e-01
6.391063928604125977e-01
2.849172830581665039e+00
1.629733920097351074e+00
2.561520338058471680e-01
-3.234765529632568359e-01
-9.620252847671508789e-01
-1.002464056015014648e+00
6.715440154075622559e-01
2.944558858871459961e-01
-2.251230239868164062e+00
-3.839578866958618164e+00
1.370444178581237793e+00
-5.501794219017028809e-01
-9.117467999458312988e-01
1.233789920806884766e+00
-6.060729622840881348e-01
-1.300545573234558105e+00
7.838122248649597168e-01
-2.284094393253326416e-01
4.691258668899536133e-01
2.130892515182495117e+00
-2.111092090606689453e+00
1.083100795745849609e+00
-6.733912229537963867e-02
8.620640635490417480e-01
-1.093324899673461914e+00
1.432786583900451660e+00
4.158259555697441101e-02
5.363594293594360352e-01
6.809101700782775879e-01
-1.543568015098571777e+00
-3.842268884181976318e-01
-2.095618546009063721e-01
-1.218702867627143860e-01
1.013577342033386230e+00
4.646897017955780029e-01
-1.688656061887741089e-01
9.454165697097778320e-01
2.201483011245727539e+00
9.756398946046829224e-02
-1.065819025039672852e+00
-4.221425950527191162e-01
-1.190885663032531738e+00
4.592991769313812256e-01
-8.982080221176147461e-01
-7.530719637870788574e-01
3.298491537570953369e-01
-1.905096530914306641e+00
2.402763366699218750e-01
5.912072658538818359e-01
1.837837100028991699e+00
-1.384433984756469727e+00
1.740854084491729736e-01
-5.766654610633850098e-01
-8.537121415138244629e-01
-9.155176579952239990e-02
5.096777528524398804e-02
-2.063016176223754883e+00
