-3.117313981056213379e-01
-7.625838518142700195e-01
-9.625663161277770996e-01
-9.520168602466583252e-02
-2.320675551891326904e-01
-8.419118523597717285e-01
3.454539775848388672e-01
-1.494505405426025391e-01
9.410356283187866211e-01
6.124018430709838867e-01
-6.860293745994567871e-01
-1.996609568595886230e-01
2.309368364512920380e-02
-3.715231120586395264e-01
-4.387140274047851562e-01
-7.552475333213806152e-01
-1.175029397010803223e+00
2.590630352497100830e-01
-2.209516614675521851e-01
2.463904380798339844e+00
1.348669975996017456e-01
1.409149169921875000e-01
1.726468086242675781e+00
1.140013098716735840e+00
-2.481093645095825195e+00
7.053079605102539062e-01
1.433342456817626953e+00
-1.033229351043701172e+00
-7.988511323928833008e-01
5.637037754058837891e-01
-1.311161279678344727e+00
4.353014826774597168e-01
1.130336999893188477e+00
-8.688631653785705566e-01
-1.477274417877197266e+00
9.421372413635253906e-01
2.089294672012329102e+00
-1.917562842369079590e+00
1.904184937477111816e+00
-1.782431155443191528e-01
-1.434156894683837891e+00
-8.000218868255615234e-02
1.686838507652282715e+00
1.792718052864074707e+00
-4.626971483230590820e-01
1.530788064002990723e+00
-4.137479066848754883e-01
-6.736316084861755371e-01
4.795315265655517578e-01
3.567970097064971924e-01
-3.748122751712799072e-01
-2.038391828536987305e+00
1.157764911651611328e+00
-1.597761511802673340e+00
-2.359944880008697510e-01
-1.718697190284729004e+00
-1.394565105438232422e+00
3.209624528884887695e+00
8.125398159027099609e-01
1.277109682559967041e-01
-3.406536877155303955e-01
-6.139540076255798340e-01
2.386237621307373047e+00
-6.658508181571960449e-01
-2.267391979694366455e-01
3.050183653831481934e-01
-1.088892966508865356e-01
-4.091316759586334229e-01
1.133123874664306641e+00
1.831492334604263306e-01
1.085631966590881348e+00
-9.428339004516601562e-01
1.766386151313781738e+00
7.669938206672668457e-01
-6.253636479377746582e-01
-1.495355963706970215e+00
-3.267222642898559570e-01
-1.267235398292541504e+00
2.071251392364501953e+00
-6.161797642707824707e-01
8.191525340080261230e-01
-2.430977106094360352e+00
-3.829932510852813721e-01
2.346852421760559082e-01
-3.289776146411895752e-01
4.323825836181640625e-01
1.793307662010192871e-01
-1.881823092699050903e-01
4.971036687493324280e-02
2.628918588161468506e-01
3.533240854740142822e-01
-1.905135750770568848e+00
-7.129913568496704102e-01
2.852826416492462158e-01
7.107830047607421875e-02
1.529271960258483887e+00
-2.728284299373626709e-01
3.070761561393737793e-01
-1.919893026351928711e+00
2.390219449996948242e+00
-1.720104664564132690e-01
6.946153044700622559e-01
6.408883333206176758e-01
-7.587561011314392090e-01
-2.296118021011352539e+00
1.035321712493896484e+00
-4.302383661270141602e-01
2.830793336033821106e-02
-6.208614110946655273e-01
1.403480172157287598e+00
1.062779426574707031e-01
-1.293328255414962769e-01
-8.547513484954833984e-01
1.035651683807373047e+00
6.751557588577270508e-01
3.400001227855682373e-01
4.977170825004577637e-01
3.416163623332977295e-01
1.031185984611511230e+00
-1.051089406013488770e+00
-1.655842781066894531e+00
-4.933499693870544434e-01
1.330434083938598633e+00
-2.777695655822753906e+00
-1.231959939002990723e+00
-1.547135710716247559e+00
-1.628241240978240967e-01
1.595876097679138184e+00
