-6.186693906784057617e-01
1.184574961662292480e+00
4.409025236964225769e-02
-1.046854376792907715e+00
-5.809890031814575195e-01
1.897558212280273438e+00
3.262828290462493896e-02
9.518878459930419922e-01
-1.938755750656127930e+00
-5.257077142596244812e-02
-2.671184241771697998e-01
-2.657494246959686279e-01
-1.433627128601074219e+00
-1.740979671478271484e+00
9.725170731544494629e-01
-1.727479577064514160e+00
-1.987543106079101562e-01
1.596292257308959961e-01
-3.588448762893676758e-01
1.172472387552261353e-01
-1.881798058748245239e-01
-6.887553334236145020e-01
2.138312608003616333e-01
1.040232658386230469e+00
-8.456224203109741211e-01
5.042982101440429688e-01
-5.122272372245788574e-01
6.494713425636291504e-01
3.601717650890350342e-01
1.438214898109436035e+00
-5.683315396308898926e-01
2.623628616333007812e+00
6.295457482337951660e-01
1.099959611892700195e+00
-1.000853061676025391e+00
2.346539944410324097e-01
2.737997770309448242e-01
1.988893747329711914e+00
1.265599846839904785e+00
3.429292514920234680e-02
2.325407981872558594e+00
1.403222322463989258e+00
2.495772361755371094e+00
6.956723928451538086e-01
-2.905270159244537354e-01
-1.337623596191406250e+00
-8.073602914810180664e-01
-4.489912092685699463e-01
-1.063891947269439697e-01
-2.032119035720825195e+00
-4.890173375606536865e-01
7.717561721801757812e-02
-7.599462866783142090e-01
4.077764973044395447e-02
-5.241401195526123047e-01
2.925959110260009766e+00
3.967988789081573486e-01
1.122334361076354980e+00
-7.754197120666503906e-01
5.787388086318969727e-01
-6.065531373023986816e-01
-7.360318303108215332e-01
5.479131937026977539e-01
1.045563891530036926e-01
-2.263516187667846680e-02
-3.836148738861083984e+00
5.001874566078186035e-01
-4.946812987327575684e-01
1.322780847549438477e+00
1.012511849403381348e-01
5.756990909576416016e-01
2.021110057830810547e+00
9.108418822288513184e-01
5.776519775390625000e-01
3.177496492862701416e-01
-1.004155755043029785e+00
3.775585591793060303e-01
-2.093854188919067383e+00
-1.206534266471862793e+00
-7.212119698524475098e-01
-3.579664230346679688e-01
-5.713723897933959961e-01
2.980592548847198486e-01
-4.278347492218017578e-01
7.226818203926086426e-01
-1.894418478012084961e+00
-2.382717281579971313e-01
-1.273480653762817383e-01
-1.509089231491088867e+00
5.656030774116516113e-01
-2.907188236713409424e-01
-1.356868624687194824e+00
-6.742500066757202148e-01
-3.013899922370910645e-01
1.288343310356140137e+00
-7.264965772628784180e-01
-5.620427727699279785e-01
5.396441817283630371e-01
8.230815529823303223e-01
1.977187693119049072e-01
-2.685431718826293945e+00
-1.626172959804534912e-01
2.309494018554687500e-01
4.360126256942749023e-01
-2.947970390319824219e+00
6.335729360580444336e-01
1.259174942970275879e+00
-3.672331273555755615e-01
8.285311460494995117e-01
2.883286476135253906e-01
-1.428466200828552246e+00
2.420413494110107422e-01
-8.372475951910018921e-02
4.320430755615234375e-01
3.348957777023315430e+00
7.398381829261779785e-03
-3.562735617160797119e-01
-5.397195219993591309e-01
-8.007936477661132812e-01
2.815607786178588867e+00
6.801777482032775879e-01
-1.593207836151123047e+00
-8.957386612892150879e-01
-6.457427144050598145e-01
-1.026435256004333496e+00
9.655780196189880371e-01
-1.305078506469726562e+00
-9.075905680656433105e-01
