1.264479041099548340e+00
-4.997298717498779297e-01
5.868998914957046509e-02
-9.178127348423004150e-02
1.545326471328735352e+00
-2.157370805740356445e+00
1.865574121475219727e-01
7.759475708007812500e-01
1.232163310050964355e+00
-1.478262066841125488e+00
-1.405386924743652344e-01
-7.677881121635437012e-01
5.376131832599639893e-02
1.347960531711578369e-01
1.019956350326538086e+00
-2.732614874839782715e-01
-8.956423997879028320e-01
1.583292722702026367e+00
-1.174558281898498535e+00
2.093374967575073242e+00
6.008545756340026855e-01
4.399328306317329407e-02
9.864047765731811523e-01
-5.067391395568847656e-01
-2.222700357437133789e+00
-6.577601432800292969e-01
-1.277365446090698242e+00
4.802786707878112793e-01
6.499047279357910156e-01
6.188619732856750488e-01
-3.278297483921051025e-01
-1.048653423786163330e-01
-7.589285969734191895e-01
-5.387308001518249512e-01
1.573749333620071411e-01
-6.137153506278991699e-01
-4.760756492614746094e-01
-1.661879658699035645e+00
1.326039791107177734e+00
-8.253805041313171387e-01
2.161774635314941406e+00
3.948345780372619629e-01
1.937502145767211914e+00
-7.791642546653747559e-01
3.410327434539794922e-01
-3.495678186416625977e+00
-5.818063020706176758e-01
2.145759910345077515e-01
1.151059985160827637e+00
7.246512770652770996e-01
-1.896615386009216309e+00
-2.015301465988159180e+00
1.849969506263732910e+00
-5.364609956741333008e-01
2.505650222301483154e-01
3.843842446804046631e-01
-1.712804079055786133e+00
2.153629541397094727e+00
2.266376972198486328e+00
3.534601926803588867e-01
-5.815635919570922852e-01
-2.483551949262619019e-01
-5.985037088394165039e-01
9.235590100288391113e-01
-2.884189486503601074e-01
-6.714881658554077148e-01
1.168169498443603516e+00
9.047340750694274902e-01
-9.163316339254379272e-02
-1.289671897888183594e+00
2.126683890819549561e-01
5.002360790967941284e-02
-1.901787400245666504e+00
1.261246800422668457e+00
1.451929450035095215e+00
1.033270597457885742e+00
-8.173367977142333984e-01
-1.433075070381164551e-01
-6.389135718345642090e-01
-1.318755865097045898e+00
1.388056874275207520e+00
-2.080033540725708008e+00
-2.534691691398620605e-01
1.173706889152526855e+00
1.054200172424316406e+00
-1.324797794222831726e-02
1.234162449836730957e+00
1.439602021127939224e-02
-2.855198085308074951e-02
-5.382574200630187988e-01
1.415428757667541504e+00
6.840560436248779297e-01
-8.144865632057189941e-01
2.563681125640869141e+00
1.187331557273864746e+00
3.177981376647949219e-01
-4.493926167488098145e-01
-2.746375560760498047e+00
7.408592849969863892e-02
1.005377173423767090e+00
-1.368640184402465820e+00
-6.861138343811035156e-01
2.362814843654632568e-01
8.674887418746948242e-01
-3.578303754329681396e-01
1.539935946464538574e+00
-1.145684361457824707e+00
-9.950575828552246094e-01
2.021018415689468384e-01
-1.697849631309509277e+00
1.530795097351074219e+00
-2.798469364643096924e-01
-6.386578083038330078e-01
3.894059658050537109e-01
3.878597021102905273e-01
-2.329460144042968750e+00
-8.178021311759948730e-01
6.346177458763122559e-01
1.623785734176635742e+00
-1.739829540252685547e+00
1.605261325836181641e+00
-1.563612967729568481e-01
-1.381626605987548828e+00
-1.529356122016906738e+00
-8.532502055168151855e-01
3.323543965816497803e-01
-1.499990280717611313e-02
4.104405939579010010e-01
