2.927930355072021484e+00
8.219154477119445801e-01
5.808260440826416016e-01
2.610179483890533447e-01
1.299961447715759277e+00
-1.564428091049194336e+00
-9.893612861633300781e-01
7.538218498229980469e-01
-1.489177495241165161e-01
2.380829900503158569e-01
5.943382382392883301e-01
-2.495135068893432617e-01
1.647729396820068359e+00
-6.895263195037841797e-01
5.969959497451782227e-01
-8.043217062950134277e-01
3.797748684883117676e-01
5.925910472869873047e-01
-9.019795060157775879e-01
-1.393911838531494141e+00
9.471015334129333496e-01
-7.334459424018859863e-01
7.687169909477233887e-01
1.960689723491668701e-01
-8.438845872879028320e-01
-1.042966127395629883e+00
-1.017685830593109131e-01
-2.110812425613403320e+00
9.349338710308074951e-02
9.991824626922607422e-01
8.198791742324829102e-01
-2.993661642074584961e+00
-3.568441867828369141e-01
8.470199108123779297e-01
-1.308949708938598633e+00
9.777739644050598145e-01
1.500449478626251221e-01
6.098488569259643555e-01
9.427390694618225098e-01
-1.212946414947509766e+00
9.529200196266174316e-01
1.370436906814575195e+00
1.013104081153869629e+00
5.783530473709106445e-01
-6.208832263946533203e-01
-1.638480424880981445e-01
-8.443199098110198975e-02
3.094280064105987549e-01
-2.602160573005676270e-01
-1.390393376350402832e+00
1.378356456756591797e+00
4.816833436489105225e-01
-6.272002458572387695e-01
2.063293933868408203e+00
-4.159630835056304932e-01
-1.334215760231018066e+00
-1.943953037261962891e-01
1.834866106510162354e-01
2.387702703475952148e+00
-6.649052500724792480e-01
8.162283301353454590e-01
1.271651864051818848e+00
9.459455013275146484e-01
2.048714637756347656e+00
1.599093437194824219e+00
-3.478168487548828125e+00
-6.449162364006042480e-01
1.003825426101684570e+00
2.550665140151977539e+00
1.354480385780334473e+00
-3.948484659194946289e-01
-9.149721860885620117e-01
1.788978092372417450e-02
-1.173156276345252991e-01
-9.794265627861022949e-01
-9.274003505706787109e-01
-4.907490313053131104e-01
-1.643642902374267578e+00
-1.615847945213317871e+00
-1.438086748123168945e+00
1.539312899112701416e-01
-2.094031274318695068e-01
-2.845464646816253662e-01
2.105637639760971069e-01
7.707325220108032227e-01
-5.794132873415946960e-02
-2.036303520202636719e+00
2.009493410587310791e-01
7.054182887077331543e-01
2.980980873107910156e-01
2.517755270004272461e+00
-3.183047294616699219e+00
7.032152414321899414e-01
8.660936951637268066e-01
7.863155007362365723e-01
-2.141007661819458008e+00
7.637168765068054199e-01
-9.635818600654602051e-01
-9.196858406066894531e-01
-1.314838767051696777e+00
4.099573008716106415e-03
8.547171205282211304e-02
-8.052972555160522461e-01
7.259982079267501831e-02
-2.207173854112625122e-01
3.284721672534942627e-01
1.015655040740966797e+00
-2.253796577453613281e+00
4.427076503634452820e-02
4.687577784061431885e-01
-3.851669132709503174e-01
1.345074176788330078e+00
4.428704082965850830e-01
-2.857920885086059570e+00
1.402305126190185547e+00
7.628202438354492188e-01
3.655589818954467773e+00
-2.261949062347412109e+00
1.079955816268920898e+00
-7.366238236427307129e-01
-3.265118002891540527e-01
9.973027706146240234e-01
7.068836092948913574e-01
-1.384080648422241211e+00
-7.520741820335388184e-01
-1.432359814643859863e+00
-1.854424715042114258e+00
-5.264242291450500488e-01
