1.943136692047119141e+00
2.658901736140251160e-02
7.257518768310546875e-01
2.139972895383834839e-01
1.302473187446594238e+00
-9.128660559654235840e-01
-2.979412376880645752e-01
-1.302507668733596802e-01
5.775815844535827637e-01
-5.025843381881713867e-01
4.257169365882873535e-01
-6.234053969383239746e-01
2.121625423431396484e+00
-1.606884837150573730e+00
1.517148595303297043e-02
2.758252620697021484e-01
4.364031851291656494e-01
1.490533709526062012e+00
-1.897995829582214355e+00
-6.813768148422241211e-01
2.623917767778038979e-03
-6.671875119209289551e-01
1.823909640312194824e+00
-2.478443384170532227e-01
4.368813335895538330e-01
-4.859792292118072510e-01
-1.482120156288146973e-01
2.042558193206787109e+00
-3.817224204540252686e-01
9.366524815559387207e-01
-1.188688278198242188e+00
-2.067918062210083008e+00
-2.909800969064235687e-02
8.423455357551574707e-01
-1.469216227531433105e+00
1.706598997116088867e+00
-1.187263011932373047e+00
3.005673170089721680e+00
-1.911078453063964844e+00
-1.564688801765441895e+00
1.757084369659423828e+00
-1.651986718177795410e+00
1.096806049346923828e+00
3.392019569873809814e-01
-8.171381354331970215e-01
-3.495845794677734375e+00
1.159866809844970703e+00
1.850197792053222656e+00
-2.043235063552856445e+00
-5.195268243551254272e-02
4.538778960704803467e-01
-4.009611904621124268e-01
6.901007890701293945e-02
1.307819008827209473e+00
1.393166422843933105e+00
-1.584872841835021973e+00
1.241336688399314880e-01
1.056402087211608887e+00
-1.330384016036987305e+00
1.734161615371704102e+00
-1.496271967887878418e+00
-3.673142194747924805e-01
6.874639391899108887e-01
1.884548515081405640e-01
-9.150394201278686523e-01
-1.450883150100708008e+00
1.045526862144470215e-01
2.602011919021606445e+00
1.009904146194458008e+00
2.579503357410430908e-01
1.480386495590209961e+00
1.269476890563964844e+00
6.311892271041870117e-01
-4.256139397621154785e-01
-8.913482427597045898e-01
-1.346530199050903320e+00
6.587362289428710938e-01
-2.606817960739135742e+00
-6.786175966262817383e-01
-1.833720088005065918e+00
1.863521814346313477e+00
-2.422772943973541260e-01
1.048811912536621094e+00
-1.835903674364089966e-01
3.251792907714843750e+00
-8.823741078376770020e-01
-7.347867488861083984e-01
5.678851604461669922e-01
-6.951374467462301254e-03
9.781025052070617676e-01
-1.014436244964599609e+00
-5.871052145957946777e-01
7.598510980606079102e-01
6.239852309226989746e-01
-1.034128665924072266e+00
7.707144618034362793e-01
7.854750752449035645e-01
6.644612550735473633e-01
6.025316193699836731e-02
-1.389984011650085449e+00
-7.582021951675415039e-01
1.151113271713256836e+00
-6.924764513969421387e-01
1.615314781665802002e-01
2.275022745132446289e+00
-1.288985371589660645e+00
4.988469779491424561e-01
-1.765938997268676758e+00
-7.329646944999694824e-01
-1.836793899536132812e+00
-5.732045173645019531e-01
5.312250256538391113e-01
4.046661406755447388e-02
-1.956347703933715820e+00
6.607070565223693848e-01
-3.450822114944458008e+00
1.675050735473632812e+00
-1.239977478981018066e+00
-8.034443259239196777e-01
1.309914231300354004e+00
-1.145551085472106934e+00
1.376644134521484375e+00
-6.711229681968688965e-01
2.575244903564453125e-01
-6.061226725578308105e-01
-5.610276758670806885e-02
1.097509145736694336e+00
-5.956422686576843262e-01
