-5.218545794486999512e-01
2.456954419612884521e-01
-7.410488128662109375e-01
4.131063222885131836e-01
1.341764330863952637e+00
-7.185608148574829102e-02
-5.864880084991455078e-01
-4.862970113754272461e-01
-2.488616704940795898e+00
-2.734803557395935059e-01
4.634906351566314697e-01
2.134712696075439453e+00
-3.658895790576934814e-01
-1.420786857604980469e+00
3.911759257316589355e-01
-5.683597326278686523e-01
3.962243348360061646e-02
8.347145318984985352e-01
-1.040032982826232910e+00
-9.594064354896545410e-01
-1.426425814628601074e+00
-1.404117465019226074e+00
1.458987355232238770e+00
2.816646099090576172e+00
-1.796712398529052734e+00
1.362830281257629395e+00
1.131872773170471191e+00
-3.372515201568603516e+00
-3.273314833641052246e-01
1.247572422027587891e+00
-1.357251286506652832e+00
1.826204359531402588e-01
1.515876889228820801e+00
-3.041658997535705566e-01
1.536836475133895874e-01
1.452547669410705566e+00
1.100190281867980957e+00
-2.060520648956298828e+00
3.649570047855377197e-01
4.574489295482635498e-01
2.103397995233535767e-01
-1.568647027015686035e+00
1.793578743934631348e+00
-1.386653929948806763e-01
-1.389822602272033691e+00
-1.788984894752502441e+00
-3.200997710227966309e-01
-2.803278267383575439e-01
5.691025406122207642e-02
4.940241575241088867e-01
1.966818809509277344e+00
-6.635513305664062500e-01
-8.224418759346008301e-01
-5.604301691055297852e-01
-1.190133690834045410e+00
6.642149090766906738e-01
-2.400627851486206055e+00
2.277485132217407227e+00
-2.485795170068740845e-01
3.333049118518829346e-01
-9.130265712738037109e-01
-6.538774967193603516e-01
8.180944919586181641e-01
3.052759170532226562e-01
-2.042263746261596680e+00
-1.822914958000183105e+00
8.018565177917480469e-01
-7.818571329116821289e-01
-4.346755743026733398e-01
-1.346835941076278687e-01
-9.243152141571044922e-01
-2.157671004533767700e-01
1.689352244138717651e-01
3.588185012340545654e-01
-2.245156288146972656e+00
-3.699287027120590210e-02
-6.867653727531433105e-01
1.658848762512207031e+00
9.387695193290710449e-01
-1.197152376174926758e+00
4.885499179363250732e-02
-1.243130326271057129e+00
1.643273711204528809e+00
3.033893927931785583e-02
3.108814001083374023e+00
2.110694169998168945e+00
1.047767326235771179e-01
9.288632869720458984e-01
9.493321776390075684e-01
3.354820311069488525e-01
1.352872252464294434e-01
-6.008378267288208008e-01
1.403495073318481445e+00
-2.855593860149383545e-01
-1.847240209579467773e+00
-4.414228796958923340e-01
-4.479929208755493164e-01
3.743975460529327393e-01
-1.219597816467285156e+00
2.118831314146518707e-02
-1.762098073959350586e-01
9.552800655364990234e-01
-1.944743156433105469e+00
-1.102847099304199219e+00
4.702104926109313965e-01
8.779403567314147949e-01
-2.705014348030090332e-01
-1.384857654571533203e+00
2.362232208251953125e+00
-8.330681920051574707e-02
-4.661811590194702148e-01
1.274490952491760254e+00
-3.044387996196746826e-01
2.763122081756591797e+00
-8.475502729415893555e-01
-2.533422112464904785e-01
-2.631371617317199707e-01
-9.912957549095153809e-01
-1.849741637706756592e-01
1.374015450477600098e+00
6.310229003429412842e-02
-3.347615301609039307e-01
3.472645282745361328e+00
1.056835770606994629e+00
3.833290189504623413e-02
-1.418661117553710938e+00
-7.079756855964660645e-01
-1.985556818544864655e-02
