-6.498879194259643555e-01
-5.182501077651977539e-01
1.512980461120605469e-01
6.491841077804565430e-01
1.056741118431091309e+00
1.564809560775756836e+00
3.283729255199432373e-01
-7.936999797821044922e-01
2.230209350585937500e+00
3.759952485561370850e-01
4.152946770191192627e-01
6.161871924996376038e-02
-4.520163834095001221e-01
-7.251799702644348145e-01
2.476187944412231445e-01
-6.700439453125000000e-01
1.278984099626541138e-01
1.395845174789428711e+00
-6.720267534255981445e-01
2.533148527145385742e+00
-2.847267627716064453e+00
1.235521659255027771e-01
1.338339686393737793e+00
-6.339691281318664551e-01
6.542993783950805664e-01
-4.156913757324218750e-01
8.071672320365905762e-01
-9.382151812314987183e-02
-1.527851521968841553e-01
8.719890117645263672e-01
4.013654291629791260e-01
1.059875845909118652e+00
1.138858437538146973e+00
-1.348859906196594238e+00
1.197205424308776855e+00
1.518420100212097168e+00
-5.251381993293762207e-01
6.377957463264465332e-01
5.001571774482727051e-01
2.233701795339584351e-01
-5.908050015568733215e-02
-1.933763623237609863e-01
9.111787676811218262e-01
-1.464706063270568848e-01
1.627895474433898926e+00
-5.289227962493896484e-01
-8.574669957160949707e-01
-1.643475294113159180e+00
1.720278024673461914e+00
2.147967338562011719e+00
-8.411871790885925293e-01
-1.988802313804626465e+00
2.096648216247558594e+00
9.114484786987304688e-01
1.534488201141357422e+00
-2.223579436540603638e-01
6.876951456069946289e-01
1.564333200454711914e+00
9.602711796760559082e-01
1.603445649147033691e+00
-1.978360176086425781e+00
-4.692299365997314453e-01
-2.204945385456085205e-01
-6.577180624008178711e-01
-1.663660526275634766e+00
-1.548823714256286621e+00
2.368535548448562622e-01
-4.643228277564048767e-02
6.770356744527816772e-02
-1.341848611831665039e+00
1.074575543403625488e+00
-2.683128118515014648e+00
-1.918705224990844727e+00
1.254675388336181641e+00
-2.598165035247802734e+00
-4.913191199302673340e-01
-1.295737504959106445e+00
7.955145239830017090e-01
3.482646644115447998e-01
-7.555537223815917969e-01
-2.644212245941162109e-01
8.333324790000915527e-01
1.511807918548583984e+00
-1.190535902976989746e+00
4.685847759246826172e-01
8.018284440040588379e-01
2.000692605972290039e+00
-6.430214643478393555e-01
-3.190991878509521484e-01
-6.282752156257629395e-01
3.517411708831787109e+00
-3.494543433189392090e-01
6.456876993179321289e-01
-8.312475085258483887e-01
2.105175971984863281e+00
-1.851499915122985840e+00
-7.607082724571228027e-01
2.209891378879547119e-01
-1.630500197410583496e+00
-4.956795871257781982e-01
7.337773442268371582e-01
2.362945079803466797e+00
-1.861648559570312500e-01
1.661588311195373535e+00
-1.324965357780456543e+00
-6.378691792488098145e-01
-1.802441120147705078e+00
-1.395722866058349609e+00
1.122108623385429382e-01
-1.914740562438964844e+00
1.521849155426025391e+00
-4.264711737632751465e-01
-1.041793346405029297e+00
-3.666138648986816406e-01
-1.831314444541931152e+00
-6.528956294059753418e-01
2.409780919551849365e-01
-2.297336161136627197e-01
4.153941273689270020e-01
-2.862438857555389404e-01
-1.887784600257873535e+00
-4.616826176643371582e-01
-2.935279130935668945e+00
-1.981965065002441406e+00
-2.536188364028930664e-01
1.554657459259033203e+00
-1.950993061065673828e+00
1.195702314376831055e+00
