2.309725284576416016e+00
-8.395354747772216797e-01
1.071610927581787109e+00
-1.506354510784149170e-01
-5.330402255058288574e-01
1.638890147209167480e+00
-5.037611126899719238e-01
3.637592196464538574e-01
-1.280466914176940918e+00
-1.046346664428710938e+00
2.795034646987915039e-01
-1.041133925318717957e-01
7.822435498237609863e-01
-2.230999946594238281e+00
1.393762111663818359e+00
1.670584529638290405e-01
1.485815167427062988e+00
7.042949795722961426e-01
-9.243499636650085449e-01
2.735159873962402344e+00
2.322466373443603516e+00
6.250228285789489746e-01
7.301174998283386230e-01
-3.426913022994995117e-01
-1.467918634414672852e+00
9.038048386573791504e-01
-1.938292235136032104e-01
-5.606635287404060364e-02
8.659262657165527344e-01
-1.854117155075073242e+00
1.148727908730506897e-01
-1.063564062118530273e+00
-1.214481070637702942e-01
-2.734517157077789307e-01
1.696679949760437012e+00
2.363959789276123047e+00
-2.177710980176925659e-01
2.197937488555908203e+00
-4.393963813781738281e-01
-4.078229367733001709e-01
1.139403343200683594e+00
3.033180952072143555e+00
7.415254712104797363e-01
8.285324573516845703e-01
-1.292096614837646484e+00
-1.078850865364074707e+00
1.168544530868530273e+00
-1.285783052444458008e+00
3.522191345691680908e-01
1.973040461540222168e+00
-1.693615794181823730e+00
1.007280647754669189e-01
-1.407806158065795898e+00
-9.852369874715805054e-02
3.214164972305297852e-01
1.801322340965270996e+00
-1.455260276794433594e+00
2.599512100219726562e+00
1.602322101593017578e+00
-1.477044343948364258e+00
1.197780370712280273e-01
-5.712272524833679199e-01
-7.973406910896301270e-01
-9.530118107795715332e-02
3.441026210784912109e-01
-1.534622669219970703e+00
2.501946091651916504e-01
-9.018849730491638184e-01
-1.423164010047912598e+00
-4.945255517959594727e-01
-2.646222114562988281e+00
-1.858993321657180786e-01
1.617136716842651367e+00
1.247673988342285156e+00
-8.054547905921936035e-01
5.415745452046394348e-02
-3.568443357944488525e-01
1.629471480846405029e-01
-1.064184308052062988e+00
-1.554393410682678223e+00
-2.288521826267242432e-01
7.277791947126388550e-02
-1.317579150199890137e+00
-8.202354311943054199e-01
1.256038427352905273e+00
-8.978089094161987305e-01
6.651134490966796875e-01
8.131446242332458496e-01
-1.177724003791809082e+00
-2.377450615167617798e-01
7.362214922904968262e-01
-1.766281604766845703e+00
1.354508399963378906e+00
1.562359213829040527e+00
1.233951091766357422e+00
-2.269675016403198242e+00
4.744747877120971680e-01
4.645706713199615479e-01
-8.983376026153564453e-01
-2.396153211593627930e-01
-2.212761163711547852e+00
6.867210865020751953e-01
3.078095316886901855e-01
-4.978724420070648193e-01
9.473086595535278320e-01
7.871022820472717285e-01
9.099713712930679321e-02
5.256999731063842773e-01
1.224725484848022461e+00
-2.608463168144226074e-01
-1.987806916236877441e+00
-8.945112675428390503e-02
-8.085725307464599609e-01
9.673717021942138672e-01
-9.798719286918640137e-01
1.384091377258300781e+00
-1.473318934440612793e+00
8.724066615104675293e-02
-1.951677322387695312e+00
-6.841844320297241211e-01
-2.182563066482543945e+00
-4.546515345573425293e-01
1.027095317840576172e+00
-2.030946612358093262e-01
-1.031849265098571777e+00
-2.487351655960083008e+00
9.812685251235961914e-01
1.551888704299926758e+00
