-1.447573304176330566e+00
5.466216802597045898e-02
1.152383208274841309e+00
4.787105321884155273e-01
1.021965444087982178e-01
-5.276648402214050293e-01
1.677187561988830566e+00
8.659984916448593140e-02
-1.205569505691528320e+00
-1.180867910385131836e+00
2.467066764831542969e+00
2.058037042617797852e+00
2.443125247955322266e-01
6.061683893203735352e-01
5.404833555221557617e-01
1.472859233617782593e-01
-1.236030936241149902e+00
5.199223756790161133e-01
-2.150831699371337891e+00
-2.027245044708251953e+00
-9.176881313323974609e-01
-9.888414144515991211e-01
2.021223306655883789e+00
1.296920061111450195e+00
-2.054898977279663086e+00
3.920951187610626221e-01
2.424496263265609741e-01
-7.272331714630126953e-01
2.498078346252441406e-01
1.288404688239097595e-02
-3.182654380798339844e+00
1.637680411338806152e+00
-9.219701588153839111e-02
1.230429887771606445e+00
-1.158355355262756348e+00
8.749465346336364746e-01
1.761571407318115234e+00
-1.401595592498779297e+00
-1.358522921800613403e-01
-3.114606738090515137e-01
5.754587426781654358e-02
-1.322580933570861816e+00
1.610606312751770020e+00
1.627890348434448242e+00
-7.073071002960205078e-01
1.537646770477294922e+00
-1.535175204277038574e+00
-9.019129872322082520e-01
6.645072251558303833e-02
1.105939269065856934e+00
2.249965667724609375e-01
-2.723377704620361328e+00
1.512492775917053223e+00
1.728788316249847412e-01
-9.200202226638793945e-01
-1.868524074554443359e+00
-7.946258187294006348e-01
9.752988219261169434e-01
-2.640478014945983887e-01
6.028147935867309570e-01
-1.773957967758178711e+00
1.550671339035034180e+00
2.563740611076354980e-01
4.118681827094405890e-04
1.498017191886901855e+00
-1.114877820014953613e+00
-6.353476643562316895e-01
-4.529424309730529785e-01
1.568753570318222046e-01
-1.140905261039733887e+00
2.018467187881469727e-01
-1.407615423202514648e+00
1.743107557296752930e+00
3.596387207508087158e-01
-2.566656172275543213e-01
-2.037404775619506836e+00
-2.521059513092041016e-01
6.497165560722351074e-01
1.136813163757324219e+00
-1.227935671806335449e+00
8.458941578865051270e-01
-5.564013123512268066e-01
5.084803700447082520e-01
3.258233070373535156e-01
4.905982911586761475e-01
3.631393611431121826e-01
-6.445283889770507812e-01
2.345251739025115967e-01
7.695578932762145996e-01
8.736460804939270020e-01
9.501115679740905762e-01
2.166538834571838379e-01
9.835311174392700195e-01
7.993502020835876465e-01
6.736359000205993652e-01
7.748564481735229492e-01
-3.931590318679809570e-01
2.476756334304809570e+00
2.976986169815063477e-01
1.956123828887939453e+00
-1.246726751327514648e+00
1.012216925621032715e+00
-7.031114697456359863e-01
-1.096146479249000549e-01
1.639490127563476562e-01
5.061603188514709473e-01
7.571816444396972656e-01
4.986808598041534424e-01
-8.265735507011413574e-01
-9.794548749923706055e-01
-4.287704944610595703e+00
-7.224171161651611328e-01
2.599830925464630127e-01
-6.947637796401977539e-01
2.136124610900878906e+00
-2.573461830615997314e-01
7.244882583618164062e-01
-1.016931056976318359e+00
-1.611242055892944336e+00
-1.866077184677124023e+00
6.584996581077575684e-01
9.513342380523681641e-01
1.098677515983581543e+00
-8.104025125503540039e-01
-2.777907252311706543e-01
-2.210835933685302734e+00
-1.053269028663635254e+00
-6.508498191833496094e-01
