1.172898173332214355e+00
3.324807584285736084e-01
1.443416237831115723e+00
1.142512917518615723e+00
1.934626579284667969e+00
2.047039270401000977e-01
4.816097021102905273e-01
-1.328062176704406738e+00
-1.118428587913513184e+00
-1.640427112579345703e+00
2.528623104095458984e+00
-9.739258885383605957e-01
2.610975205898284912e-01
-8.492560386657714844e-01
-7.955533266067504883e-01
-3.983694016933441162e-01
-1.283702969551086426e+00
1.946105003356933594e+00
-2.522711038589477539e+00
-1.235926628112792969e+00
-1.001367449760437012e+00
-1.854603767395019531e+00
1.096393465995788574e+00
2.052516698837280273e+00
-8.244692087173461914e-01
1.064728975296020508e+00
2.020973920822143555e+00
-5.943973064422607422e-01
-1.304329395294189453e+00
-7.895604968070983887e-01
-3.937330543994903564e-01
1.206836625933647156e-01
-6.427485346794128418e-01
9.346266835927963257e-02
-1.089862108230590820e+00
1.423282027244567871e+00
8.882536292076110840e-01
1.716789305210113525e-01
-1.551530599594116211e+00
2.410841286182403564e-01
1.338981747627258301e+00
-1.020500302314758301e+00
1.336258172988891602e+00
1.209127783775329590e+00
2.496168166399002075e-01
-5.519346594810485840e-01
-1.658767104148864746e+00
1.825861260294914246e-02
4.926733374595642090e-01
3.511037826538085938e-01
-1.782405972480773926e-01
-2.333472490310668945e+00
-1.061868071556091309e+00
2.940855920314788818e-01
-7.789996266365051270e-01
-1.698335409164428711e+00
-8.410554379224777222e-03
2.086510896682739258e+00
1.691675782203674316e+00
2.613002538681030273e+00
-1.816171050071716309e+00
1.321431636810302734e+00
8.566489219665527344e-01
1.239108562469482422e+00
-1.538587689399719238e+00
-5.212740898132324219e-01
-3.757689297199249268e-01
-7.588393688201904297e-01
-7.623123526573181152e-01
4.857217967510223389e-01
-1.014331579208374023e-01
9.394614696502685547e-01
4.116255342960357666e-01
8.848790526390075684e-01
-1.459004282951354980e-01
-3.285305023193359375e+00
-1.845455646514892578e+00
5.302389264106750488e-01
1.656909465789794922e+00
-7.914912104606628418e-01
-3.068552315235137939e-01
1.009104609489440918e+00
-1.987109899520874023e+00
-4.158846288919448853e-02
-3.901497125625610352e-01
-4.643103182315826416e-01
-4.883743524551391602e-01
-5.064254999160766602e-01
5.803961679339408875e-02
9.678129553794860840e-01
1.054776072502136230e+00
-1.031769394874572754e+00
4.252698738127946854e-03
-1.738712489604949951e-01
-2.584935724735260010e-01
1.558587670326232910e+00
1.515807032585144043e+00
1.352405920624732971e-02
-1.707367181777954102e+00
2.148719549179077148e+00
-1.718662142753601074e+00
-3.946959674358367920e-01
-3.518111705780029297e-01
8.670003414154052734e-01
7.116335630416870117e-02
4.375582933425903320e-01
1.189667463302612305e+00
5.388444662094116211e-01
-2.123206555843353271e-01
-7.316855788230895996e-01
-1.373613715171813965e+00
3.077348470687866211e-01
-8.704940080642700195e-01
-6.726424694061279297e-01
7.048698067665100098e-01
-1.111604928970336914e+00
1.618261098861694336e+00
3.339081704616546631e-01
3.989053070545196533e-01
6.706772837787866592e-03
2.210220843553543091e-01
-4.869940504431724548e-02
3.036181688308715820e+00
4.996716976165771484e-01
-1.091695308685302734e+00
-1.899799227714538574e+00
-5.708857774734497070e-01
2.954730987548828125e-01
