-7.465826272964477539e-01
-1.137403547763824463e-01
-2.883645594120025635e-01
-6.732142716646194458e-02
-1.439099550247192383e+00
-1.590885043144226074e+00
6.225333213806152344e-01
3.344810307025909424e-01
-1.145467281341552734e+00
1.935827136039733887e-01
1.953279733657836914e+00
-6.596915125846862793e-01
-8.178426623344421387e-01
2.025453373789787292e-02
1.855532169342041016e+00
-2.124930769205093384e-01
1.984569907188415527e+00
2.244090318679809570e+00
-5.336153507232666016e-01
-5.053161829710006714e-02
-5.165860056877136230e-01
1.723579525947570801e+00
-9.649130702018737793e-01
1.477642297744750977e+00
-3.785829842090606689e-01
-8.198274970054626465e-01
7.041472196578979492e-01
-8.830758333206176758e-01
1.254231214523315430e+00
2.314784377813339233e-01
1.797726899385452271e-01
5.094208121299743652e-01
-9.134201407432556152e-01
2.861175239086151123e-01
9.048789739608764648e-01
-3.144879639148712158e-01
-1.378741025924682617e+00
1.000120759010314941e+00
6.515909433364868164e-01
1.066691279411315918e+00
1.831976652145385742e+00
-9.006257653236389160e-01
1.318469762802124023e+00
1.605329036712646484e+00
2.080901116132736206e-01
8.209915459156036377e-02
-4.700985923409461975e-02
5.999213457107543945e-01
1.032005548477172852e+00
1.098060011863708496e+00
-5.983425378799438477e-01
-6.209652423858642578e-01
3.241596743464469910e-02
1.928145252168178558e-02
-4.109074547886848450e-02
9.404190182685852051e-01
-3.314748704433441162e-01
2.691443264484405518e-01
5.535811781883239746e-01
2.860114097595214844e+00
-1.810631871223449707e+00
2.195266962051391602e+00
-1.233613967895507812e+00
-2.082014560699462891e+00
-1.110762357711791992e+00
-2.205628901720046997e-01
3.922557234764099121e-01
4.338522553443908691e-01
8.175089955329895020e-01
-2.104448676109313965e-01
-4.308237135410308838e-01
1.614785313606262207e+00
-6.643142700195312500e-01
8.354662060737609863e-01
-7.234355211257934570e-01
-5.034265518188476562e-01
-8.570981025695800781e-01
2.901813507080078125e+00
-3.054833173751831055e+00
-1.274794220924377441e+00
-7.623975276947021484e-01
-1.141648888587951660e-01
-1.609847426414489746e+00
-1.269598007202148438e-01
-7.545202374458312988e-01
-8.535037636756896973e-01
9.516607522964477539e-01
-5.380239710211753845e-02
7.869938015937805176e-01
-4.894399046897888184e-01
5.837593078613281250e-01
1.497739195823669434e+00
-3.202055454254150391e+00
2.215755224227905273e+00
-7.181238532066345215e-01
-1.058326959609985352e+00
-1.483794450759887695e+00
-1.648226976394653320e-01
1.183316111564636230e+00
6.340012550354003906e-01
1.365039944648742676e+00
9.003424048423767090e-01
3.884939849376678467e-01
1.709767937660217285e+00
-9.825711846351623535e-01
-1.911398530006408691e+00
-3.027029037475585938e-01
-1.248222589492797852e+00
-2.730028331279754639e-01
-1.489540219306945801e+00
-8.884704709053039551e-01
-1.504936575889587402e+00
5.026506781578063965e-01
1.491141080856323242e+00
1.837926059961318970e-01
-9.210010766983032227e-01
-1.070607542991638184e+00
2.812401950359344482e-01
-2.233908414840698242e+00
1.874908506870269775e-01
-5.725581049919128418e-01
1.281456232070922852e+00
-5.480795502662658691e-01
-3.115997016429901123e-01
-1.706499457359313965e+00
-1.600698679685592651e-01
-5.770862475037574768e-02
1.122442334890365601e-01
