-1.128945946693420410e+00
-2.840395569801330566e-01
-3.381956517696380615e-01
3.258629441261291504e-01
3.245385885238647461e-01
-9.732697606086730957e-01
7.286995649337768555e-01
1.230895280838012695e+00
-9.810595512390136719e-01
-7.056903839111328125e-01
-1.146926760673522949e+00
8.308954238891601562e-01
-1.902056671679019928e-02
1.001784801483154297e+00
-3.369312584400177002e-01
3.170870840549468994e-01
6.443843841552734375e-01
-4.033118486404418945e-01
1.333299756050109863e+00
1.016294598579406738e+00
-1.872013807296752930e+00
9.085996150970458984e-01
-5.217899680137634277e-01
9.778693914413452148e-01
-2.791022539138793945e+00
7.283861041069030762e-01
1.685261607170104980e+00
-1.176059246063232422e+00
1.270117044448852539e+00
4.486220180988311768e-01
-1.658568233251571655e-01
1.458197385072708130e-01
1.770447343587875366e-01
-2.426219284534454346e-01
-6.946632266044616699e-01
2.057552337646484375e+00
1.144904255867004395e+00
-2.459248781204223633e+00
-1.013018488883972168e+00
-3.217804729938507080e-01
-2.444122314453125000e+00
-8.518112450838088989e-02
2.047348976135253906e+00
1.088316798210144043e+00
-9.974086880683898926e-01
2.105327606201171875e+00
-1.900307834148406982e-01
-1.086343884468078613e+00
-4.467786252498626709e-01
-1.741564124822616577e-01
-5.032740831375122070e-01
-1.146359682083129883e+00
1.670199990272521973e+00
-2.271429061889648438e+00
3.400801122188568115e-01
6.341746449470520020e-01
3.077037930488586426e-01
4.759845137596130371e-01
1.578447699546813965e+00
-1.276427149772644043e+00
-1.145233511924743652e+00
6.769641488790512085e-02
1.283650994300842285e+00
-2.713840305805206299e-01
-1.033061981201171875e+00
-1.967799186706542969e+00
8.345414996147155762e-01
2.261166870594024658e-01
1.741936802864074707e+00
5.377575755119323730e-01
-7.180777192115783691e-01
-2.994873762130737305e+00
4.191752672195434570e-01
1.104970574378967285e+00
-9.689599871635437012e-01
-1.484060883522033691e+00
1.238638758659362793e-01
1.108165532350540161e-01
8.960594534873962402e-01
2.100475728511810303e-01
1.020702570676803589e-01
-6.118918061256408691e-01
1.041599988937377930e+00
-3.389555513858795166e-01
-3.613544404506683350e-01
1.406503766775131226e-01
4.531509280204772949e-01
-9.837547540664672852e-01
1.520534038543701172e+00
7.167993187904357910e-01
1.602301597595214844e-01
-4.830270111560821533e-01
1.259698033332824707e+00
-2.740849740803241730e-02
-1.334657430648803711e+00
1.726011276245117188e+00
-2.876462042331695557e-01
3.673521280288696289e-01
-1.514149665832519531e+00
6.240391731262207031e-01
-7.620051503181457520e-01
4.478544294834136963e-01
9.493536949157714844e-01
-4.756454527378082275e-01
-5.305815935134887695e-01
8.719863891601562500e-01
-1.884394437074661255e-01
2.079597860574722290e-02
1.384660482406616211e+00
-1.348734974861145020e+00
-1.894148945808410645e+00
4.005629718303680420e-01
2.504728794097900391e+00
2.736115753650665283e-01
6.886384487152099609e-01
-4.537189900875091553e-01
1.197336912155151367e+00
-1.393790006637573242e+00
-1.115180104970932007e-01
7.995408177375793457e-01
-1.844657421112060547e+00
-8.814396262168884277e-01
2.467909336090087891e+00
-1.944314002990722656e+00
-9.148305654525756836e-01
-2.627925872802734375e+00
-4.044854044914245605e-01
7.980768084526062012e-01
