-1.283635258674621582e+00
-5.333175063133239746e-01
-1.162688493728637695e+00
1.295985221862792969e+00
-1.370498418807983398e+00
-1.078892946243286133e+00
1.916093230247497559e-01
1.026726841926574707e+00
-7.142733931541442871e-01
-2.060633182525634766e+00
-2.679503262042999268e-01
-5.171951651573181152e-01
-2.661796092987060547e+00
-2.792769111692905426e-02
-6.936915516853332520e-01
1.318262696266174316e+00
-6.405721902847290039e-01
2.274573087692260742e+00
-3.281596004962921143e-01
2.460909187793731689e-01
2.001246511936187744e-01
-1.752479195594787598e+00
1.340014576911926270e+00
2.006722927093505859e+00
-2.317751646041870117e+00
1.833516836166381836e+00
8.852762579917907715e-01
-1.478799462318420410e+00
1.405961751937866211e+00
-2.479512542486190796e-01
-1.354135155677795410e+00
4.994972646236419678e-01
-7.429322600364685059e-01
-3.440547585487365723e-01
-2.693228721618652344e-01
1.650699496269226074e+00
8.315476775169372559e-01
-1.627819061279296875e+00
8.841157555580139160e-01
-1.695034503936767578e-01
-1.020592927932739258e+00
-1.534836292266845703e-01
1.305422544479370117e+00
4.575286507606506348e-01
-8.078745007514953613e-01
4.159632623195648193e-01
1.994921207427978516e+00
1.496424674987792969e+00
1.382961511611938477e+00
8.659201860427856445e-01
-4.315251708030700684e-01
-5.929372310638427734e-01
-7.713113427162170410e-01
-1.080949783325195312e+00
2.856825888156890869e-01
3.420235216617584229e-01
8.830677866935729980e-01
-1.124775856733322144e-01
-8.165664672851562500e-01
9.018840789794921875e-01
8.134255185723304749e-03
-2.522289054468274117e-03
-2.051631808280944824e-01
-4.174224138259887695e-01
-1.209020987153053284e-01
4.332888424396514893e-01
1.259679436683654785e+00
-1.875584959983825684e+00
-5.198311805725097656e-01
7.962419986724853516e-01
7.862647175788879395e-01
1.486134171485900879e+00
-1.858739376068115234e+00
7.737153172492980957e-01
-1.262247085571289062e+00
-1.303452610969543457e+00
-1.185105204582214355e+00
-4.432797729969024658e-01
2.101846933364868164e+00
-8.069959282875061035e-01
1.981060624122619629e+00
-1.320996761322021484e+00
2.437534570693969727e+00
4.598874449729919434e-01
1.800537258386611938e-01
3.509548306465148926e-01
1.202642083168029785e+00
-2.966695547103881836e+00
1.750782370567321777e+00
-7.458161115646362305e-01
-4.574752151966094971e-01
-9.817712903022766113e-01
-8.943690657615661621e-01
7.539244741201400757e-02
8.416242897510528564e-02
-6.110164523124694824e-01
-6.489782035350799561e-02
9.225596189498901367e-01
2.287899732589721680e+00
3.466726779937744141e+00
-1.505494713783264160e+00
6.562888026237487793e-01
9.474352598190307617e-01
2.958198785781860352e-01
6.386085152626037598e-01
1.299138545989990234e+00
-2.285918951034545898e+00
-1.056081652641296387e+00
-1.948879480361938477e+00
5.722797513008117676e-01
1.157522320747375488e+00
3.476348817348480225e-01
6.230088472366333008e-01
2.863391637802124023e-01
-1.778570294380187988e+00
-1.440165400505065918e+00
1.819215342402458191e-02
-3.973428905010223389e-01
-1.351427584886550903e-01
6.067757010459899902e-01
-1.207975625991821289e+00
-3.084492310881614685e-02
1.061421394348144531e+00
-1.381299257278442383e+00
-6.384788155555725098e-01
-3.195831775665283203e+00
1.013414025306701660e+00
3.338991403579711914e-01
