1.493272334337234497e-01
9.825379848480224609e-01
4.249862432479858398e-01
2.689827680587768555e-01
2.292533636093139648e+00
-1.210394740104675293e+00
8.714695572853088379e-01
9.684952497482299805e-01
-1.322984933853149414e+00
-1.357760559767484665e-02
1.058583259582519531e+00
1.399273157119750977e+00
-1.343470096588134766e+00
-1.291152715682983398e+00
1.462794244289398193e-01
2.260449647903442383e+00
5.922586321830749512e-01
1.280632138252258301e+00
9.495136737823486328e-01
-1.723282933235168457e+00
3.821169957518577576e-02
-3.171607017517089844e+00
-1.741847395896911621e-01
3.143879473209381104e-01
-1.234189510345458984e+00
-2.950650751590728760e-01
-7.418802976608276367e-01
-1.213188886642456055e+00
3.351096212863922119e-01
-1.565291583538055420e-01
-3.885940611362457275e-01
-3.721877813339233398e+00
-8.945863246917724609e-01
6.730116605758666992e-01
1.428658843040466309e+00
-2.304792869836091995e-03
-9.876325130462646484e-01
1.996847242116928101e-01
-1.544187813997268677e-01
-5.992643237113952637e-01
1.357305765151977539e+00
8.890488147735595703e-01
2.146271944046020508e+00
3.522940576076507568e-01
-1.155178666114807129e+00
-1.869867682456970215e+00
-1.151359796524047852e+00
-7.717235684394836426e-01
1.353561162948608398e+00
-1.969321131706237793e+00
3.744758367538452148e-01
-4.316419661045074463e-01
1.020226702094078064e-01
1.561846137046813965e+00
-2.467956304550170898e+00
1.654426693916320801e+00
-3.462843969464302063e-02
1.417863130569458008e+00
-2.560599088668823242e+00
-2.085425615310668945e+00
-8.445898294448852539e-01
1.132205009460449219e+00
1.984557211399078369e-01
6.521857380867004395e-01
-8.366314172744750977e-01
-1.411733776330947876e-01
1.257622599601745605e+00
2.074092864990234375e+00
1.061872959136962891e+00
-4.951826333999633789e-01
2.557698965072631836e+00
1.101846098899841309e+00
-1.224578619003295898e+00
2.493175566196441650e-01
3.918829262256622314e-01
-3.226138055324554443e-01
-8.034791946411132812e-01
-5.945494174957275391e-01
-6.090273261070251465e-01
-9.992710947990417480e-01
2.378881573677062988e-01
-4.415567219257354736e-01
1.165056228637695312e+00
-7.144828438758850098e-01
7.250616550445556641e-01
1.348013877868652344e-01
-1.257694959640502930e+00
1.719850778579711914e+00
-1.180146098136901855e+00
5.552226901054382324e-01
1.979953408241271973e+00
-4.101222157478332520e-01
9.960345029830932617e-01
-8.976375311613082886e-02
-2.586470842361450195e+00
-6.270328164100646973e-02
1.421395063400268555e+00
-2.666430473327636719e-01
4.440818428993225098e-01
4.424209594726562500e-01
6.217381954193115234e-01
9.502354264259338379e-01
-5.043865740299224854e-02
2.797946035861968994e-01
-3.350631892681121826e-01
-2.487589716911315918e-01
-1.157929301261901855e+00
-7.307676672935485840e-01
6.578196287155151367e-01
-7.636241316795349121e-01
6.357455253601074219e-01
-2.145698517560958862e-01
5.105747580528259277e-01
7.529227733612060547e-01
7.493073344230651855e-01
-1.052268266677856445e+00
-1.767998933792114258e+00
-2.183485269546508789e+00
4.534966647624969482e-01
1.006236910820007324e+00
-2.518994331359863281e+00
1.841904968023300171e-01
1.700796782970428467e-01
2.008903026580810547e+00
-6.198087930679321289e-01
-8.881880640983581543e-01
-6.466853618621826172e-01
1.423990130424499512e+00
