-7.057822942733764648e-01
-5.980336666107177734e-01
-9.410308673977851868e-03
2.481699585914611816e-01
1.082440972328186035e+00
8.651502728462219238e-01
3.804635405540466309e-01
9.453511983156204224e-02
-1.200653791427612305e+00
-2.777791500091552734e+00
-1.869857430458068848e+00
-6.255741715431213379e-01
-7.232658565044403076e-02
-2.632008075714111328e+00
-2.078372955322265625e+00
2.572632431983947754e-01
5.433502197265625000e-01
4.358608648180961609e-02
-3.926277458667755127e-01
1.242729306221008301e+00
1.173807859420776367e+00
-1.660545945167541504e+00
3.604209795594215393e-02
-1.177665311843156815e-02
-1.356417655944824219e+00
1.071670174598693848e+00
2.657815456390380859e+00
-8.337672054767608643e-02
-4.949119091033935547e-01
1.227823495864868164e-01
-4.632697403430938721e-01
1.549359321594238281e+00
-4.910788536071777344e-01
-1.409397125244140625e+00
2.499045372009277344e+00
-5.354149341583251953e-01
7.349375635385513306e-02
-1.110635519027709961e+00
8.115405440330505371e-01
6.872253865003585815e-02
9.146002531051635742e-01
-3.573770225048065186e-01
1.244426965713500977e+00
-1.005640387535095215e+00
-1.026937603950500488e+00
-9.219495058059692383e-01
1.044176101684570312e+00
5.937613248825073242e-01
7.798160314559936523e-01
9.027470350265502930e-01
-1.093586325645446777e+00
3.250775039196014404e-01
1.774828135967254639e-01
5.496280193328857422e-01
4.168324470520019531e-01
2.326479673385620117e+00
-2.188962846994400024e-01
-3.482962250709533691e-01
-9.612702727317810059e-01
6.322348117828369141e-01
1.577593564987182617e+00
-9.333363771438598633e-01
1.685784459114074707e+00
7.042326331138610840e-01
-8.655194640159606934e-01
2.185912728309631348e-01
-1.283987522125244141e+00
9.190722107887268066e-01
8.646627068519592285e-01
2.148075997829437256e-01
2.613068521022796631e-01
-1.179157137870788574e+00
4.824992418289184570e-01
7.944603562355041504e-01
-1.045869112014770508e+00
-4.013665318489074707e-01
4.611458778381347656e-01
-1.073073983192443848e+00
-1.186686635017395020e+00
-6.791647672653198242e-01
6.539840102195739746e-01
-1.692759633064270020e+00
-2.314482331275939941e-01
-2.149173974990844727e+00
3.131729841232299805e+00
2.024625301361083984e+00
-8.147721886634826660e-01
1.212758541107177734e+00
1.500295549631118774e-01
-8.254485577344894409e-02
1.683455824851989746e+00
-3.138968229293823242e+00
-2.514390945434570312e+00
2.613427937030792236e-01
3.062461018562316895e-01
9.680367261171340942e-02
2.851499319076538086e+00
-4.172483980655670166e-01
-5.197312831878662109e-01
3.257420659065246582e-01
-3.229584395885467529e-01
4.822925031185150146e-01
-1.339712381362915039e+00
-2.746953070163726807e-01
9.658483862876892090e-01
1.920701026916503906e+00
-2.865173518657684326e-01
-2.687511444091796875e+00
8.840193748474121094e-01
1.689860671758651733e-01
2.130921840667724609e+00
7.061892747879028320e-01
-4.555097818374633789e-01
6.127268075942993164e-01
-2.361660003662109375e+00
3.332227766513824463e-01
-1.271063983440399170e-01
-3.532693982124328613e-01
-2.563804388046264648e-01
2.937692701816558838e-01
1.961965322494506836e+00
-1.395345687866210938e+00
-1.685320287942886353e-01
2.946657836437225342e-01
-1.256125211715698242e+00
-1.067931428551673889e-01
1.135799288749694824e-01
-1.995927393436431885e-01
