-7.028581500053405762e-01
8.062002062797546387e-01
7.240355610847473145e-01
3.084019422531127930e-01
9.988238811492919922e-01
7.921230196952819824e-01
-8.278682082891464233e-02
1.792869210243225098e+00
-1.349524617195129395e+00
7.247183322906494141e-01
6.204853653907775879e-01
7.777154445648193359e-01
-8.857272863388061523e-01
-2.239254474639892578e+00
-4.004372954368591309e-01
1.214681029319763184e+00
8.722186088562011719e-01
-1.235445737838745117e+00
-3.703413009643554688e+00
1.965000152587890625e+00
1.058476328849792480e+00
9.439073801040649414e-01
7.660238742828369141e-01
2.980763912200927734e-01
-2.723349094390869141e+00
3.042825162410736084e-01
-9.097011089324951172e-01
-6.169665455818176270e-01
1.668957829475402832e+00
-1.293157577514648438e+00
-5.289435386657714844e-01
5.149660259485244751e-02
-5.391783714294433594e-01
5.188429355621337891e-01
-6.730912327766418457e-01
1.822600960731506348e-01
-9.821826815605163574e-01
2.775561332702636719e+00
-4.061684012413024902e-01
9.607679247856140137e-01
1.952420115470886230e+00
-4.562962651252746582e-01
1.496014475822448730e+00
-4.434957206249237061e-01
6.429705619812011719e-01
4.629908874630928040e-02
-2.706257104873657227e-01
5.130314230918884277e-01
2.442645374685525894e-03
1.157094240188598633e+00
1.362272948026657104e-01
-1.045066952705383301e+00
-3.796048462390899658e-01
-7.022529095411300659e-02
-8.851570487022399902e-01
1.457969248294830322e-01
-1.387613177299499512e+00
-8.161506652832031250e-01
2.898035347461700439e-01
2.293799161911010742e+00
-5.119127035140991211e-01
-3.429488241672515869e-01
2.805848360061645508e+00
1.496224403381347656e+00
1.705054044723510742e+00
2.820939719676971436e-01
9.527722597122192383e-01
2.224694043397903442e-01
-1.399847269058227539e+00
-1.312710046768188477e-01
1.517052203416824341e-01
-2.631283104419708252e-01
1.762766957283020020e+00
4.903737008571624756e-01
-9.829614758491516113e-01
-1.219876408576965332e+00
-7.470563650131225586e-01
-2.095640897750854492e+00
-9.261522889137268066e-01
-9.311608672142028809e-01
-1.008382797241210938e+00
2.893719673156738281e-01
-1.436749458312988281e+00
-1.049130201339721680e+00
9.465724825859069824e-01
-1.044658899307250977e+00
5.606974288821220398e-02
3.053396046161651611e-01
-1.537601351737976074e-01
3.321234881877899170e-01
8.264203667640686035e-01
-1.035455942153930664e+00
7.968681454658508301e-01
-2.497755050659179688e+00
1.710184693336486816e+00
-2.328456878662109375e+00
-2.179131507873535156e-01
2.702913522720336914e+00
7.818042635917663574e-01
-9.331169724464416504e-01
1.481782436370849609e+00
6.229189634323120117e-01
5.041603446006774902e-01
-1.063884377479553223e+00
1.038087844848632812e+00
1.926194310188293457e+00
-1.317837238311767578e+00
-2.150689363479614258e-01
-1.182059049606323242e+00
-2.559522092342376709e-01
1.225282698869705200e-01
-5.095543861389160156e-01
4.836892187595367432e-01
1.338953733444213867e+00
-1.665827780961990356e-01
-1.435945510864257812e+00
4.088968932628631592e-01
1.248802781105041504e+00
-7.043077051639556885e-02
-9.078664183616638184e-01
1.356536746025085449e+00
-9.223864078521728516e-01
-8.703002929687500000e-01
-2.388504266738891602e+00
-8.360346555709838867e-01
-1.924161911010742188e+00
-2.236782312393188477e+00
6.656244397163391113e-01
