8.180065453052520752e-02
-6.119105219841003418e-01
9.270023703575134277e-01
-1.261562228202819824e+00
-1.621782541275024414e+00
-1.044280454516410828e-01
2.153312116861343384e-01
-7.679244875907897949e-01
1.030137658119201660e+00
3.877494484186172485e-02
1.933770298957824707e+00
2.622478604316711426e-01
2.489059686660766602e+00
1.887096762657165527e+00
-8.433301001787185669e-02
-5.133666396141052246e-01
-6.150567531585693359e-01
1.260228753089904785e+00
6.666620373725891113e-01
1.790175795555114746e+00
4.596306979656219482e-01
2.790982723236083984e-01
4.543956220149993896e-01
1.081053972244262695e+00
-6.127142310142517090e-01
-1.115135431289672852e+00
-6.061344146728515625e-01
2.531219720840454102e-01
1.063645601272583008e+00
9.121901392936706543e-01
-3.154303312301635742e+00
-4.510894775390625000e+00
-1.177904248237609863e+00
9.985365271568298340e-01
-7.287155389785766602e-01
8.820794224739074707e-01
-1.301072120666503906e+00
-1.378305435180664062e+00
3.884964808821678162e-02
-2.320923060178756714e-01
-4.649021029472351074e-01
2.033213853836059570e+00
1.619253635406494141e+00
1.490387797355651855e+00
3.595916032791137695e-01
2.718336820602416992e+00
-6.708783507347106934e-01
1.935182094573974609e+00
-9.930240511894226074e-01
6.689393520355224609e-01
8.366185426712036133e-01
-1.594385266304016113e+00
3.989560604095458984e-01
1.107508659362792969e+00
-1.483139157295227051e+00
-5.297688245773315430e-01
2.578315019607543945e+00
4.349808692932128906e-01
1.242448449134826660e+00
9.420464634895324707e-01
-2.451636940240859985e-01
7.757247686386108398e-01
1.473149061203002930e-01
-1.558564454317092896e-01
3.485214710235595703e-01
-1.075698375701904297e+00
1.710387468338012695e+00
-1.367619144730269909e-03
-1.235242724418640137e+00
3.458220362663269043e-01
-4.232733845710754395e-01
1.733939409255981445e+00
5.600107312202453613e-01
-5.719147324562072754e-01
2.819302678108215332e-02
-2.021470785140991211e+00
-6.575064659118652344e-01
-1.600791454315185547e+00
-9.525053948163986206e-02
-3.083214998245239258e+00
-3.041732609272003174e-01
-1.775184988975524902e+00
2.271673679351806641e-01
-1.880808234214782715e+00
1.716043710708618164e+00
-5.099754929542541504e-01
-5.711843371391296387e-01
-4.635689854621887207e-01
-1.324337601661682129e+00
-7.076004743576049805e-01
2.365932911634445190e-01
-7.279997467994689941e-01
1.076970696449279785e+00
7.647819519042968750e-01
2.380262166261672974e-01
6.718525290489196777e-01
1.962353944778442383e+00
1.906672716140747070e-01
4.235450625419616699e-01
7.683022022247314453e-01
-9.582274407148361206e-02
2.670603096485137939e-01
-3.737502098083496094e-01
-2.285001724958419800e-01
2.067601494491100311e-02
7.328239083290100098e-01
1.361208260059356689e-01
1.022169828414916992e+00
-1.339513540267944336e+00
-3.641291856765747070e-01
-1.300414919853210449e+00
1.262223482131958008e+00
-5.680025815963745117e-01
1.408789992332458496e+00
1.346018195152282715e+00
-1.299227952957153320e+00
1.429253071546554565e-01
-1.077948436141014099e-01
-2.248631715774536133e+00
-1.343820810317993164e+00
1.208350539207458496e+00
-1.169319272041320801e+00
-1.600278019905090332e-01
-1.600558757781982422e+00
-8.144873380661010742e-01
-5.501765608787536621e-01
-9.600035101175308228e-02
9.648784995079040527e-01
