4.932273030281066895e-01
-5.318316444754600525e-02
-1.155380606651306152e+00
-1.338243246078491211e+00
-9.797190874814987183e-02
-1.796079874038696289e+00
-9.674999862909317017e-02
3.778978884220123291e-01
-2.327432155609130859e+00
5.993813276290893555e-01
5.588857531547546387e-01
1.604843854904174805e+00
7.203751802444458008e-01
1.146913290023803711e+00
1.033743858337402344e+00
-9.652687907218933105e-01
1.113777637481689453e+00
-3.784863352775573730e-01
-2.098198086023330688e-01
-6.115111708641052246e-01
1.037363529205322266e+00
-1.767643094062805176e+00
-1.297699362039566040e-01
3.529858589172363281e+00
-6.724846363067626953e-01
-8.319175839424133301e-01
-8.412276208400726318e-02
8.740875869989395142e-02
-1.337866298854351044e-03
2.756960876286029816e-02
5.887822061777114868e-02
6.771372258663177490e-02
-8.223331533372402191e-03
3.371119201183319092e-01
-9.559910297393798828e-01
-1.134734630584716797e+00
5.199505090713500977e-01
-6.735438108444213867e-02
-5.753940343856811523e-01
1.421640634536743164e+00
1.452342033386230469e+00
2.152967214584350586e+00
1.966537117958068848e+00
-4.917617440223693848e-01
-6.873356103897094727e-01
3.329776227474212646e-01
-3.393890857696533203e-01
9.898787736892700195e-01
1.884691596031188965e+00
-8.861196041107177734e-01
3.252707421779632568e-01
-1.921281933784484863e+00
1.586902439594268799e-01
5.292673707008361816e-01
-1.336899995803833008e+00
7.678030133247375488e-01
1.576026231050491333e-01
1.617704510688781738e+00
-1.005366444587707520e+00
-4.605078101158142090e-01
-1.152317404747009277e+00
4.421957433223724365e-01
-5.980382561683654785e-01
-8.451613187789916992e-01
-1.491972208023071289e-01
2.054352127015590668e-02
-2.357439398765563965e-01
-2.165269255638122559e-01
7.851943373680114746e-01
7.423334717750549316e-01
-4.046841338276863098e-02
-6.794988512992858887e-01
-1.255918622016906738e+00
-3.752911984920501709e-01
-8.923442959785461426e-01
-1.298362374305725098e+00
1.990123540163040161e-01
9.229984879493713379e-01
-9.110480546951293945e-01
-1.879050135612487793e+00
2.871713399887084961e+00
1.215301275253295898e+00
1.637697219848632812e+00
-5.688095688819885254e-01
1.211261987686157227e+00
-8.977849483489990234e-01
1.728842616081237793e+00
8.945719599723815918e-01
-1.565939545631408691e+00
-6.206837296485900879e-01
-1.366857718676328659e-02
7.102286815643310547e-01
1.914956420660018921e-02
-1.336518049240112305e+00
-1.518296003341674805e+00
-1.143052458763122559e+00
4.476875305175781250e+00
3.475042283535003662e-01
2.273190498352050781e+00
-8.113052845001220703e-01
-4.045445919036865234e-01
2.203354358673095703e+00
-6.334444880485534668e-01
7.747670412063598633e-01
-2.984373569488525391e-01
-1.345561981201171875e+00
-2.848965167999267578e+00
-5.286673307418823242e-01
1.400803685188293457e+00
-2.605616569519042969e+00
-6.837590932846069336e-01
-6.167271137237548828e-01
-1.338082075119018555e+00
-1.133217215538024902e+00
9.163142442703247070e-01
-3.271245956420898438e-01
8.617841005325317383e-01
-3.531405031681060791e-01
-1.366262316703796387e+00
9.870565533638000488e-01
-1.206822991371154785e+00
3.834705352783203125e-01
-1.580939173698425293e+00
1.599496603012084961e+00
-4.277041181921958923e-03
1.646407008171081543e+00
-1.672501802444458008e+00
-1.148637056350708008e+00
