1.874671220779418945e+00
-7.604128122329711914e-01
1.290905475616455078e+00
1.766781657934188843e-01
5.441917777061462402e-01
6.978033781051635742e-01
-3.027243912220001221e-02
-2.560380101203918457e-01
-1.754010796546936035e+00
1.013941094279289246e-01
3.934125602245330811e-01
3.109326362609863281e-01
1.034242868423461914e+00
-1.778312921524047852e+00
1.820734500885009766e+00
4.882307052612304688e-01
3.760827779769897461e-01
6.872887611389160156e-01
-1.083507895469665527e+00
1.652607321739196777e+00
1.552497625350952148e+00
-1.214992702007293701e-01
9.614311456680297852e-01
7.152010202407836914e-01
-2.600517272949218750e+00
-1.646537780761718750e+00
7.852935194969177246e-01
1.419262409210205078e+00
1.094954133033752441e+00
-1.743270993232727051e+00
1.117677688598632812e+00
-2.078141212463378906e+00
-1.050907373428344727e+00
1.293639779090881348e+00
1.721557497978210449e+00
1.796011805534362793e+00
-2.748289823532104492e+00
1.631095409393310547e+00
-1.432604808360338211e-02
7.735235095024108887e-01
9.880230426788330078e-01
2.652976989746093750e+00
8.470816016197204590e-01
1.929829120635986328e+00
-9.110928773880004883e-01
1.229731202125549316e+00
5.484162569046020508e-01
-1.559826016426086426e+00
1.220512628555297852e+00
1.732006549835205078e+00
-1.202847838401794434e+00
-2.091766148805618286e-02
5.391137599945068359e-01
-5.807282328605651855e-01
-4.230310320854187012e-01
-3.729763925075531006e-01
-2.696786880493164062e+00
1.894657731056213379e+00
-2.245393693447113037e-01
5.994365215301513672e-01
-4.444849193096160889e-01
6.594045758247375488e-01
-1.390180826187133789e+00
3.279756009578704834e-01
1.166980862617492676e+00
8.737171888351440430e-01
9.920312166213989258e-01
-7.239796519279479980e-01
-3.199370503425598145e-01
-4.679305553436279297e-01
-2.380417346954345703e+00
3.620875179767608643e-01
2.097503662109375000e+00
5.771312862634658813e-02
-5.265167951583862305e-01
2.848551273345947266e-01
-2.495926432311534882e-02
2.195364087820053101e-01
-5.364159941673278809e-01
-2.656295061111450195e+00
3.379780650138854980e-01
-1.537242770195007324e+00
5.898188427090644836e-02
-5.992344617843627930e-01
2.877201557159423828e+00
-1.278410792350769043e+00
2.082834243774414062e-01
1.119165182113647461e+00
-1.796530723571777344e+00
-1.753445744514465332e+00
-3.574119210243225098e-01
-8.189400434494018555e-01
-8.937557339668273926e-01
1.121541738510131836e+00
-3.319663181900978088e-02
-1.645968437194824219e+00
-3.843886256217956543e-01
1.474929332733154297e+00
-6.560830473899841309e-01
6.900750398635864258e-01
-9.111169576644897461e-01
2.753386497497558594e-01
-5.602616667747497559e-01
-1.599291682243347168e+00
-8.529399633407592773e-01
8.738379478454589844e-01
-1.224057674407958984e+00
1.353814601898193359e+00
-4.849910736083984375e-01
-2.830384075641632080e-01
-9.423044323921203613e-01
8.291686773300170898e-01
-1.275070428848266602e+00
7.643529176712036133e-01
3.308133482933044434e-01
6.461783647537231445e-01
-2.097500562667846680e+00
9.369010925292968750e-01
-9.331344366073608398e-01
-4.682451784610748291e-01
-1.587159395217895508e+00
1.190297529101371765e-01
-6.180238723754882812e-01
8.789926022291183472e-02
-8.820532560348510742e-01
-1.666456937789916992e+00
-3.147691786289215088e-01
1.824356913566589355e+00
