-1.493452072143554688e+00
-6.881614327430725098e-01
6.144911646842956543e-01
-1.281435012817382812e+00
-1.928194999694824219e+00
3.999722599983215332e-01
5.961765646934509277e-01
-4.729619622230529785e-01
1.419062256813049316e+00
-3.147781193256378174e-01
1.065648078918457031e+00
2.878778874874114990e-01
1.120329022407531738e+00
2.011812686920166016e+00
-7.332230210304260254e-01
-1.295278310775756836e+00
1.605812162160873413e-01
1.085381150245666504e+00
1.357905983924865723e+00
2.037187814712524414e+00
-2.943113744258880615e-01
1.715547144412994385e-01
2.726132869720458984e-01
8.687353134155273438e-01
-1.297743439674377441e+00
6.649651527404785156e-01
5.415318161249160767e-02
-9.036415815353393555e-01
1.898154854774475098e+00
4.568988978862762451e-01
-2.061818361282348633e+00
-5.082702159881591797e+00
-9.497569203376770020e-01
2.074807882308959961e-01
-5.121402740478515625e-01
1.148846864700317383e+00
-3.459747508168220520e-02
-1.533309698104858398e+00
-8.238837122917175293e-01
-8.973635435104370117e-01
-2.541579604148864746e-01
2.402114152908325195e+00
1.531352996826171875e+00
6.295083761215209961e-01
7.794896960258483887e-01
2.463279724121093750e+00
2.099691927433013916e-01
1.028166174888610840e+00
-2.905990183353424072e-01
4.270136654376983643e-01
1.063074827194213867e+00
-1.183864593505859375e+00
-9.404972791671752930e-01
1.060649156570434570e+00
-1.670991063117980957e+00
5.392282009124755859e-01
3.033253192901611328e+00
-3.080021142959594727e-01
1.560268998146057129e+00
-5.991225838661193848e-01
-1.024605154991149902e+00
1.219625234603881836e+00
-1.120867848396301270e+00
-2.528007328510284424e-01
-2.046668082475662231e-01
-8.348229527473449707e-01
1.893038153648376465e+00
-2.158562652766704559e-02
-1.919125437736511230e+00
3.105719387531280518e-01
-7.272056341171264648e-01
1.281486868858337402e+00
5.960196852684020996e-01
-6.513584852218627930e-01
-1.436282753944396973e+00
-1.600291371345520020e+00
-1.833792567253112793e+00
-2.320301234722137451e-01
-3.248347938060760498e-01
-3.070884227752685547e+00
-1.190623641014099121e+00
-1.152781605720520020e+00
2.180765151977539062e+00
-1.721541762351989746e+00
2.187276363372802734e+00
8.242367506027221680e-01
-5.899899005889892578e-01
-5.228566527366638184e-01
-1.807824134826660156e+00
-1.074628066271543503e-02
1.413944810628890991e-01
-4.919812977313995361e-01
5.042382478713989258e-01
-5.152554437518119812e-02
-2.870835661888122559e-01
8.812567591667175293e-01
2.246364593505859375e+00
-5.357055068016052246e-01
1.270025968551635742e+00
9.291260242462158203e-01
-9.623477458953857422e-01
-6.324449181556701660e-01
-2.557963430881500244e-01
6.290104985237121582e-01
7.258793711662292480e-01
2.183689624071121216e-01
-6.679952740669250488e-01
2.195229381322860718e-01
-8.219373226165771484e-01
-9.531276226043701172e-01
-2.787270843982696533e-01
9.162784218788146973e-01
8.094459176063537598e-01
2.731312274932861328e+00
-1.429284960031509399e-01
-3.655383288860321045e-01
-4.483652114868164062e-01
1.112137734889984131e-01
-1.661310672760009766e+00
-1.399201620370149612e-02
2.427754640579223633e+00
-1.290714502334594727e+00
7.318489551544189453e-01
-1.348242878913879395e+00
-1.391090601682662964e-01
-1.038131356239318848e+00
8.409888148307800293e-01
3.306511938571929932e-01
