2.121410608291625977e+00
9.273306131362915039e-01
-9.428696036338806152e-01
-2.367162704467773438e+00
5.550105124711990356e-02
-1.137230515480041504e+00
-1.714939951896667480e+00
-6.493530869483947754e-01
-1.780563950538635254e+00
-1.748132467269897461e+00
2.493686825037002563e-01
8.435782790184020996e-01
-3.366279602050781250e-01
-1.491830110549926758e+00
-7.979153394699096680e-01
-1.712479472160339355e+00
-3.604412972927093506e-01
1.504874080419540405e-01
-1.168829321861267090e+00
1.438838720321655273e+00
-1.216986536979675293e+00
-1.370994925498962402e+00
4.867101311683654785e-01
3.945417642593383789e+00
3.733243048191070557e-01
-4.794149696826934814e-01
-9.841797351837158203e-01
-3.793625235557556152e-01
3.500554561614990234e-01
2.901324927806854248e-01
-1.606688261032104492e+00
-6.940424442291259766e-01
-3.440922498703002930e-01
2.528040170669555664e+00
1.643578886985778809e+00
7.510510683059692383e-01
-1.100900173187255859e+00
-1.071242764592170715e-01
5.593708753585815430e-01
6.149551868438720703e-01
1.936954706907272339e-01
2.878952920436859131e-01
2.918296158313751221e-01
8.684464693069458008e-01
1.905900239944458008e+00
-1.379315733909606934e+00
1.020203113555908203e+00
1.410100936889648438e+00
1.362596511840820312e+00
1.210008978843688965e+00
5.350189208984375000e-01
-5.485879778861999512e-01
6.233261823654174805e-01
2.199815034866333008e+00
1.596578121185302734e+00
-8.121275901794433594e-01
1.705328345298767090e+00
1.198474645614624023e+00
-4.030661582946777344e-01
3.456023216247558594e+00
-1.137985348701477051e+00
-8.808989524841308594e-01
5.060889720916748047e-01
1.312928676605224609e+00
-1.130246445536613464e-01
-2.579787254333496094e+00
1.691740870475769043e+00
-6.776734441518783569e-02
2.058875560760498047e+00
1.277668237686157227e+00
6.282864809036254883e-01
2.477078199386596680e+00
-1.409085273742675781e+00
5.933812260627746582e-02
1.038635492324829102e+00
-1.141884684562683105e+00
1.442319154739379883e+00
1.019079804420471191e+00
-1.383323431015014648e+00
-2.513427734375000000e+00
-9.725232422351837158e-02
-7.128214240074157715e-01
-9.499207139015197754e-01
1.345167517662048340e+00
1.104360938072204590e+00
2.288683176040649414e+00
-1.632359743118286133e+00
-2.798813879489898682e-01
2.919451706111431122e-02
-1.468323349952697754e+00
2.046960115432739258e+00
-2.106330394744873047e+00
-1.596426844596862793e+00
1.311040639877319336e+00
2.403874695301055908e-01
-1.230079755187034607e-01
-1.247253179550170898e+00
-4.671801328659057617e-01
1.099015235900878906e+00
1.216562390327453613e+00
6.177614927291870117e-01
6.573825478553771973e-01
-1.474991321563720703e+00
-9.170637279748916626e-02
-1.656952977180480957e+00
-5.155364871025085449e-01
-4.568739831447601318e-01
5.859813094139099121e-01
-6.058393716812133789e-01
-8.788849711418151855e-01
-2.337027043104171753e-01
-1.792282342910766602e+00
1.647504419088363647e-01
1.749732196331024170e-01
7.040335536003112793e-01
-4.259974658489227295e-01
-4.258446693420410156e-01
7.114673256874084473e-01
-1.157435059547424316e+00
-2.212707996368408203e-01
-2.646557569503784180e+00
-8.580863475799560547e-01
-5.787724256515502930e-01
-1.133725285530090332e+00
8.473960310220718384e-02
2.418458610773086548e-01
2.563253939151763916e-01
-1.289495229721069336e+00
