-5.589485168457031250e-02
-8.311417102813720703e-01
-2.741309106349945068e-01
2.330985069274902344e-01
-1.783533245325088501e-01
2.888650417327880859e+00
1.321975469589233398e+00
2.235766351222991943e-01
6.403782367706298828e-01
-2.096671819686889648e+00
-1.437156558036804199e+00
-6.002795100212097168e-01
1.613414406776428223e+00
-1.350298285484313965e+00
-3.385342359542846680e-01
-6.923502087593078613e-01
-5.522537231445312500e-01
3.634869158267974854e-01
4.193108081817626953e-01
-1.160477161407470703e+00
3.733882680535316467e-02
1.415824443101882935e-01
1.343099355697631836e+00
1.314296126365661621e-01
-1.102532505989074707e+00
-2.157586336135864258e+00
-9.540811181068420410e-01
-5.441939234733581543e-01
1.309507489204406738e-01
1.254568934440612793e+00
4.547287523746490479e-01
-9.884785115718841553e-02
1.449630975723266602e+00
-7.469725012779235840e-01
-2.826899886131286621e-01
5.296294689178466797e-01
-7.208545207977294922e-01
3.863497376441955566e-01
3.843503296375274658e-01
1.053120255470275879e+00
-1.425066590309143066e+00
-8.642503023147583008e-01
1.984443902969360352e+00
4.135831296443939209e-01
3.672655522823333740e-01
-6.308093070983886719e-01
-1.052318930625915527e+00
1.340252995491027832e+00
6.782834529876708984e-01
-6.747103929519653320e-01
-1.002955079078674316e+00
-3.666888177394866943e-01
5.601047873497009277e-01
3.161887526512145996e-01
-1.771751046180725098e-01
8.565436005592346191e-01
-2.783100008964538574e-01
2.387664079666137695e+00
-1.162847504019737244e-01
-6.053864210844039917e-02
-1.307971477508544922e+00
2.772863954305648804e-02
7.996839880943298340e-01
5.049900412559509277e-01
7.183703780174255371e-01
-3.168429613113403320e+00
1.135004639625549316e+00
1.850338578224182129e+00
8.734019398689270020e-01
5.853655338287353516e-01
-1.858528017997741699e+00
-1.680141806602478027e+00
-2.409297704696655273e+00
8.429912924766540527e-01
-7.097395658493041992e-01
1.175157666206359863e+00
6.525298953056335449e-01
-1.506823301315307617e-01
5.749629735946655273e-01
-4.792816936969757080e-01
3.148339033126831055e+00
6.667681336402893066e-01
6.682696938514709473e-01
8.497501015663146973e-01
-1.514933347702026367e+00
-9.923033416271209717e-02
-6.337088942527770996e-01
-2.937813103199005127e-01
6.608993411064147949e-01
-6.670816540718078613e-01
2.683397054672241211e+00
-1.353775978088378906e+00
1.553851246833801270e+00
4.007261097431182861e-01
1.644892245531082153e-01
-4.170891046524047852e-01
-4.201403260231018066e-02
-2.629493713378906250e+00
-5.965741872787475586e-01
-2.423594444990158081e-01
-3.720680177211761475e-01
6.769156455993652344e-01
7.663485407829284668e-01
2.494357973337173462e-01
-1.447934746742248535e+00
-1.607646644115447998e-01
-1.343527078628540039e+00
5.785488337278366089e-02
2.707464218139648438e+00
-2.312745004892349243e-01
-2.559603691101074219e+00
-3.081684932112693787e-02
7.672271132469177246e-01
-1.031123518943786621e+00
1.211517572402954102e+00
-6.649280786514282227e-01
7.328547835350036621e-01
8.983343839645385742e-01
-3.905757963657379150e-01
-9.776965379714965820e-01
5.636827945709228516e-01
-1.322342276573181152e+00
-1.812775850296020508e+00
-8.160577416419982910e-01
-1.110408186912536621e+00
-1.138914823532104492e-01
6.810040026903152466e-02
1.343484878540039062e+00
