1.503019094467163086e+00
-6.389457583427429199e-01
-2.031055986881256104e-01
-2.241764783859252930e+00
-3.386910259723663330e-01
-7.993565797805786133e-01
1.196712017059326172e+00
1.265544295310974121e+00
-2.863985300064086914e+00
2.947455942630767822e-01
-3.662702143192291260e-01
1.862196207046508789e+00
1.162999987602233887e+00
-9.589880108833312988e-01
-8.341317176818847656e-01
5.296016931533813477e-01
-4.804591834545135498e-01
1.374443888664245605e+00
-8.991011232137680054e-02
-1.863087296485900879e+00
1.381957530975341797e+00
2.307343631982803345e-01
3.763340711593627930e-01
6.746544241905212402e-01
-9.972677379846572876e-02
-3.235354423522949219e-01
-2.067143678665161133e+00
-1.940770030021667480e+00
1.031133532524108887e+00
9.857038259506225586e-01
-6.698645353317260742e-01
-2.504160404205322266e+00
-1.847528964281082153e-01
3.016407728195190430e+00
1.423160910606384277e+00
1.170209288597106934e+00
-8.482598066329956055e-01
-4.961429238319396973e-01
-5.885553956031799316e-01
-8.366596102714538574e-01
1.833337187767028809e+00
5.176341161131858826e-02
1.976211905479431152e+00
-1.290152907371520996e+00
-4.583309292793273926e-01
-1.589638710021972656e+00
-9.251878857612609863e-01
8.020012974739074707e-01
2.783613502979278564e-01
1.130859136581420898e+00
1.421566843986511230e+00
-1.867229491472244263e-01
1.149303793907165527e+00
9.666991233825683594e-01
-6.330501288175582886e-02
1.358204245567321777e+00
-2.575427889823913574e-01
1.811835616827011108e-01
-1.745028853416442871e+00
1.900470018386840820e+00
-1.037072300910949707e+00
1.473034858703613281e+00
-1.638294219970703125e+00
3.641247749328613281e-02
9.151223897933959961e-01
-3.550595998764038086e+00
-5.693365335464477539e-01
1.035380959510803223e+00
-2.548042237758636475e-01
-6.445897221565246582e-01
-1.632123589515686035e-01
-3.091242313385009766e-01
2.405988126993179321e-01
-1.591752320528030396e-01
5.098115801811218262e-01
-8.256636261940002441e-01
4.668240547180175781e-01
-2.687771618366241455e-01
-1.387415051460266113e+00
-1.517266392707824707e+00
5.703725218772888184e-01
2.211721241474151611e-01
4.324678778648376465e-01
-6.021107435226440430e-01
2.434401512145996094e+00
2.403445243835449219e+00
6.962462514638900757e-02
6.496810317039489746e-01
-4.887587428092956543e-01
-8.683307170867919922e-01
-9.721467494964599609e-01
2.043154686689376831e-01
-1.757989645004272461e+00
-2.634032964706420898e-01
-1.410541653633117676e+00
1.503808379173278809e+00
7.324776053428649902e-01
-7.418555617332458496e-01
1.936404943466186523e+00
1.010787367820739746e+00
1.661694169044494629e+00
1.480375528335571289e+00
6.835304498672485352e-01
-7.798678874969482422e-01
-9.172971248626708984e-01
5.023870468139648438e-01
-2.370687484741210938e+00
5.718637108802795410e-01
1.559642195701599121e+00
-8.470738530158996582e-01
7.378597259521484375e-01
-1.137379050254821777e+00
1.251240611076354980e+00
-8.176525831222534180e-01
2.012533098459243774e-01
-3.630082309246063232e-01
1.533535957336425781e+00
-2.738913774490356445e+00
-3.153149843215942383e+00
5.862722396850585938e-01
2.087960720062255859e+00
-4.720573425292968750e-01
7.096004486083984375e-01
1.198377534747123718e-01
-1.276444792747497559e-01
-8.701825737953186035e-01
-1.811797142028808594e+00
-6.565353870391845703e-01
