7.803480625152587891e-01
-1.253508448600769043e+00
-2.962112426757812500e-01
4.476651549339294434e-01
2.024178266525268555e+00
1.376337707042694092e-01
1.764448404312133789e+00
2.168317288160324097e-01
4.309267103672027588e-01
-7.422028481960296631e-02
-1.561549782752990723e+00
-1.332091808319091797e+00
-1.246254920959472656e+00
-1.207001447677612305e+00
-6.999694705009460449e-01
4.513188302516937256e-01
2.590996623039245605e-01
-3.048481941223144531e-01
2.603723287582397461e+00
1.798723340034484863e+00
-1.508380174636840820e+00
-6.366297602653503418e-01
1.076240062713623047e+00
2.058335781097412109e+00
1.108107417821884155e-01
5.281114578247070312e-01
4.569588601589202881e-01
-2.295696258544921875e+00
-2.974156141281127930e-01
9.133615493774414062e-01
-9.220801293849945068e-02
-2.324681263417005539e-03
-5.483876168727874756e-02
-1.039581775665283203e+00
3.696671724319458008e-01
-1.231380820274353027e+00
1.857436299324035645e+00
-5.880779027938842773e-01
5.156742930412292480e-01
3.046590089797973633e-01
-1.005651801824569702e-01
5.250054597854614258e-01
1.643849849700927734e+00
1.559974431991577148e+00
-3.191517889499664307e-01
-1.058978557586669922e+00
1.776014685630798340e+00
-4.347369670867919922e-01
1.594645500183105469e+00
7.050313055515289307e-02
6.929582357406616211e-01
-1.181698441505432129e+00
-1.004968166351318359e+00
2.541736364364624023e-01
-1.095441505312919617e-01
-6.381570696830749512e-01
-2.668302953243255615e-01
2.252961397171020508e+00
8.715026378631591797e-01
1.150385975837707520e+00
8.202320337295532227e-01
-2.302679777145385742e+00
7.373606562614440918e-01
-1.544329166412353516e+00
-1.846133351325988770e+00
1.212439417839050293e+00
-2.149509498849511147e-03
2.747195959091186523e-01
1.008370757102966309e+00
1.569675207138061523e-01
3.683683276176452637e-01
-2.702402174472808838e-01
7.215971946716308594e-01
6.333380341529846191e-01
-1.211142063140869141e+00
-3.186161816120147705e-01
-1.095191478729248047e+00
-1.259795308113098145e+00
-8.633926510810852051e-01
-5.755643248558044434e-01
8.261283636093139648e-01
4.367022514343261719e-01
-2.284030318260192871e-01
-9.658874869346618652e-01
1.272223353385925293e+00
6.043767333030700684e-01
-3.927255794405937195e-02
-8.278772830963134766e-01
5.873162746429443359e-01
-2.770830690860748291e-01
-2.463510185480117798e-01
-1.857592701911926270e+00
-1.010425090789794922e+00
-1.267453193664550781e+00
5.971379876136779785e-01
-1.423710465431213379e+00
-8.529494404792785645e-01
-7.289400696754455566e-01
1.045597672462463379e+00
4.198488891124725342e-01
1.335583925247192383e+00
1.313297152519226074e+00
-7.834244370460510254e-01
4.243725836277008057e-01
-5.834861993789672852e-01
-1.412350535392761230e+00
-1.165923118591308594e+00
-1.335427761077880859e+00
1.759340286254882812e+00
3.630185499787330627e-02
1.454679816961288452e-01
-1.602608561515808105e+00
2.247999191284179688e+00
2.271497488021850586e+00
-2.164490818977355957e-01
-2.170213699340820312e+00
-6.100626587867736816e-01
-1.992104291915893555e+00
-3.686288595199584961e-01
5.616522431373596191e-01
-1.572482287883758545e-01
-2.101859569549560547e+00
1.001648426055908203e+00
-1.286057949066162109e+00
-1.500100612640380859e+00
-7.870036959648132324e-01
1.892035722732543945e+00
1.215848684310913086e+00
