-1.409349441528320312e-01
1.045929074287414551e+00
-2.317693978548049927e-01
4.057185053825378418e-01
-1.500485420227050781e+00
-3.467930853366851807e-02
5.257168412208557129e-02
2.285450510680675507e-02
2.485201507806777954e-01
-1.938011884689331055e+00
2.275051832199096680e+00
2.743395805358886719e+00
-2.550284862518310547e-01
-5.299514904618263245e-02
-7.599770426750183105e-01
9.266559481620788574e-01
-1.521765887737274170e-01
1.332282066345214844e+00
3.038612902164459229e-01
-9.995918869972229004e-01
-7.701534032821655273e-02
-1.821428537368774414e+00
7.880873680114746094e-01
1.987806797027587891e+00
-2.263326406478881836e+00
1.812361001968383789e+00
1.569584608078002930e-01
-5.897128582000732422e-01
-5.938392132520675659e-02
-3.192889690399169922e-01
-7.302132844924926758e-01
-1.921398751437664032e-02
-8.942191302776336670e-02
9.616526961326599121e-01
-1.183474898338317871e+00
1.036259174346923828e+00
2.740584015846252441e-01
-2.403328418731689453e+00
7.115793228149414062e-01
2.175475060939788818e-01
4.589052498340606689e-01
2.406794577836990356e-03
1.675196170806884766e+00
1.838543891906738281e+00
-7.738950252532958984e-01
1.297686219215393066e+00
-3.890915811061859131e-01
-1.116620376706123352e-01
-1.315687894821166992e+00
-3.496868610382080078e-01
9.383304417133331299e-02
-2.679805994033813477e+00
-1.795491576194763184e-01
-3.378424167633056641e+00
-1.474432587623596191e+00
7.122072577476501465e-01
-2.338558882474899292e-01
3.002530336380004883e+00
1.396736353635787964e-01
-1.401514768600463867e+00
-1.038253866136074066e-02
1.766147762537002563e-01
-9.004862308502197266e-01
-2.102864980697631836e-01
-1.969621896743774414e+00
-4.797711968421936035e-01
-5.719794631004333496e-01
-8.284328579902648926e-01
3.410978019237518311e-01
-1.251706182956695557e-01
1.571314930915832520e+00
-1.276294231414794922e+00
2.558368206024169922e+00
2.370014339685440063e-01
-1.446820378303527832e+00
-1.301240175962448120e-02
-4.277961850166320801e-01
-5.642680525779724121e-01
1.591398715972900391e+00
-1.034062027931213379e+00
-8.785269260406494141e-01
-2.986897468566894531e+00
7.401523590087890625e-01
-1.753500461578369141e+00
6.386128664016723633e-01
1.102674365043640137e+00
-4.359211623668670654e-01
1.172153353691101074e+00
2.140060901641845703e+00
2.143678218126296997e-01
-6.636556982994079590e-01
-9.233782291412353516e-01
-1.681190013885498047e+00
5.160994529724121094e-01
3.742047026753425598e-02
9.855620861053466797e-01
-5.363290309906005859e-01
-7.141218185424804688e-01
1.444947957992553711e+00
1.462275236845016479e-01
1.130682706832885742e+00
1.228719115257263184e+00
-1.226142168045043945e+00
8.467497229576110840e-01
5.633926391601562500e-01
-2.237378358840942383e-01
7.709139585494995117e-01
4.874905347824096680e-01
1.044237256050109863e+00
1.349313855171203613e+00
-1.936418294906616211e+00
-2.194564640522003174e-01
-5.900599956512451172e-01
1.390845060348510742e+00
4.328364133834838867e-01
-2.783641099929809570e+00
2.977798938751220703e+00
7.373369336128234863e-01
-6.384785175323486328e-01
1.277227044105529785e+00
-2.179785013198852539e+00
-8.489972949028015137e-01
-8.104812502861022949e-01
1.424591898918151855e+00
-1.307635158300399780e-01
-2.765795946121215820e+00
7.011739015579223633e-01
8.674756288528442383e-01
