-6.587664783000946045e-02
3.130586147308349609e-01
-1.301399350166320801e+00
3.873501718044281006e-01
-1.466411471366882324e+00
-6.408643126487731934e-01
-1.425807237625122070e+00
1.109261870384216309e+00
2.969048619270324707e-01
-1.857485771179199219e+00
3.827337622642517090e-01
-1.521232128143310547e+00
-2.360871553421020508e+00
1.343912720680236816e+00
-2.641574442386627197e-01
1.330411583185195923e-01
-2.617575824260711670e-01
1.048018455505371094e+00
-1.907543659210205078e+00
-1.042201757431030273e+00
8.758605718612670898e-01
-5.208659172058105469e-01
6.298392415046691895e-01
5.406083464622497559e-01
-2.135570764541625977e+00
-5.012753605842590332e-01
1.869128346443176270e+00
-2.067630439996719360e-01
-1.214265823364257812e+00
-1.326018691062927246e+00
2.245301846414804459e-03
1.640410542488098145e+00
2.615530192852020264e-01
2.866972208023071289e+00
-1.202447414398193359e+00
3.895557820796966553e-01
-7.766980528831481934e-01
-2.798587977886199951e-01
-2.710490942001342773e+00
-1.768253564834594727e+00
1.869414091110229492e+00
-5.656508803367614746e-01
-1.562585234642028809e-01
1.967888474464416504e-01
-6.188895106315612793e-01
2.069702386856079102e+00
-2.582430839538574219e-01
3.150911569595336914e+00
1.021799683570861816e+00
2.334208011627197266e+00
-7.604784369468688965e-01
1.491784930229187012e+00
4.256429970264434814e-01
2.916628718376159668e-01
-1.197663664817810059e+00
9.282580614089965820e-01
3.009797096252441406e+00
-1.754800319671630859e+00
6.215369328856468201e-02
-3.982810080051422119e-01
-2.144375562667846680e+00
1.740296006202697754e+00
-1.797468781471252441e+00
9.481285214424133301e-01
1.593994498252868652e-01
-7.936964631080627441e-01
1.000927448272705078e+00
1.830159902572631836e+00
1.712780594825744629e+00
1.489457488059997559e+00
4.327262938022613525e-01
-2.026169300079345703e+00
1.722096443176269531e+00
6.709578633308410645e-01
3.846567571163177490e-01
-1.700489968061447144e-01
1.481981992721557617e+00
1.813318371772766113e+00
-1.509692668914794922e-01
-1.848084211349487305e+00
6.983665227890014648e-01
1.674279689788818359e+00
5.536924004554748535e-01
-2.273125946521759033e-01
4.426373004913330078e+00
-7.987713813781738281e-01
6.260114312171936035e-01
-7.419984936714172363e-01
-5.584807991981506348e-01
1.977487280964851379e-02
-1.968032121658325195e+00
-3.928128480911254883e-01
-1.007690906524658203e+00
8.005639314651489258e-01
-9.112156629562377930e-01
-7.054469585418701172e-01
-7.701124548912048340e-01
-1.636457562446594238e+00
9.268875718116760254e-01
-9.667887538671493530e-02
-1.748907417058944702e-01
3.412349894642829895e-02
-2.224986791610717773e+00
1.487645149230957031e+00
3.431375026702880859e+00
-2.258120179176330566e-01
2.406169027090072632e-01
-9.943305253982543945e-01
-1.418585181236267090e+00
-2.627106428146362305e+00
2.134530782699584961e+00
-6.643846631050109863e-01
6.384538412094116211e-01
-1.361484050750732422e+00
2.046724408864974976e-01
-1.612497806549072266e+00
-1.330639570951461792e-01
1.097740679979324341e-01
1.397176265716552734e+00
-5.840965509414672852e-01
-1.494609951972961426e+00
-1.652319431304931641e-01
-8.812415003776550293e-01
-1.707014322280883789e+00
1.340774536132812500e+00
-5.080537199974060059e-01
-1.267377853393554688e+00
-1.689095854759216309e+00
