2.623207867145538330e-02
-9.906150698661804199e-01
1.307224988937377930e+00
-5.494753122329711914e-01
-1.426778793334960938e+00
-2.508858740329742432e-01
2.648030996322631836e+00
8.489322662353515625e-01
2.853231132030487061e-01
-3.370144605636596680e+00
-1.046379327774047852e+00
5.085210204124450684e-01
1.555662512779235840e+00
-1.487713813781738281e+00
-2.049314975738525391e-01
1.034321665763854980e+00
-9.511814713478088379e-01
2.213050127029418945e+00
4.280414804816246033e-02
1.771863818168640137e+00
-9.603974223136901855e-01
1.859648376703262329e-01
3.898877799510955811e-01
-1.176085114479064941e+00
4.175294041633605957e-01
3.530756533145904541e-01
1.473775029182434082e+00
-1.607300996780395508e+00
-7.283783555030822754e-01
1.941521883010864258e+00
-1.207612678408622742e-01
-9.537167549133300781e-01
-3.140575170516967773e+00
-3.262420415878295898e+00
8.339694142341613770e-01
1.039556264877319336e+00
-1.441081285476684570e+00
2.061420440673828125e+00
-5.216958746314048767e-02
-5.699322819709777832e-01
-1.040782451629638672e+00
2.543588578701019287e-01
1.121813058853149414e+00
3.527273535728454590e-01
-1.007999300956726074e+00
1.253009200096130371e+00
4.296983778476715088e-01
1.292950749397277832e+00
6.914982199668884277e-02
-4.190287888050079346e-01
7.038819789886474609e-01
-7.201439738273620605e-01
9.021766185760498047e-01
-9.799641966819763184e-01
1.183925345540046692e-01
8.875458240509033203e-01
-2.731112241744995117e-01
1.932484269142150879e+00
-3.428818285465240479e-01
4.098691046237945557e-01
2.724308252334594727e+00
6.829982399940490723e-01
2.901280224323272705e-01
9.581389427185058594e-01
3.860031068325042725e-02
4.368652403354644775e-02
1.708516478538513184e+00
-9.216448664665222168e-01
7.281859517097473145e-01
3.309689462184906006e-01
3.517483547329902649e-02
1.232421278953552246e+00
1.279118776321411133e+00
1.179715871810913086e+00
7.514084577560424805e-01
-2.978416204452514648e+00
-1.168336987495422363e+00
-1.954604148864746094e+00
1.194601580500602722e-01
-1.890062332153320312e+00
5.206827521324157715e-01
2.343074560165405273e+00
-1.022097945213317871e+00
2.777288556098937988e-01
6.875427961349487305e-01
-9.824358224868774414e-01
-1.279965758323669434e+00
7.591604590415954590e-01
-1.301281332969665527e+00
2.274544000625610352e+00
7.822664976119995117e-01
-2.268865108489990234e+00
-8.564991354942321777e-01
-5.819855928421020508e-01
1.090400338172912598e+00
8.257102966308593750e-01
-3.471645712852478027e-02
-1.966697424650192261e-01
1.614710092544555664e+00
-2.153282165527343750e-01
9.130326509475708008e-01
-2.208949923515319824e-01
-1.607642292976379395e+00
-7.583435773849487305e-01
-5.018222332000732422e-01
4.365034401416778564e-02
-2.396263360977172852e+00
-3.416161239147186279e-01
3.717161417007446289e-01
-3.000926375389099121e-01
-1.597373962402343750e+00
1.049832105636596680e+00
-1.536633849143981934e+00
-1.379707932472229004e+00
5.583935230970382690e-02
2.613885998725891113e-01
1.613936185836791992e+00
-3.758998811244964600e-01
1.322163581848144531e+00
-1.363212227821350098e+00
2.807945013046264648e-01
-4.128780588507652283e-02
-9.431242942810058594e-01
-8.512988686561584473e-01
-8.045250773429870605e-01
-1.897551417350769043e+00
1.965710759162902832e+00
-8.611387014389038086e-01
