-1.071956515312194824e+00
1.326203495264053345e-01
2.686196267604827881e-01
-2.271393388509750366e-01
2.710274457931518555e-01
-1.702666282653808594e+00
-3.016240298748016357e-01
8.774757385253906250e-01
-7.690628767013549805e-01
1.535999298095703125e+00
8.456293940544128418e-01
-1.479377746582031250e-01
-2.494091510772705078e+00
-1.103453278541564941e+00
1.653342962265014648e+00
-4.876097738742828369e-01
-6.200387477874755859e-01
1.062843441963195801e+00
8.081004023551940918e-01
-2.026931762695312500e+00
1.629248261451721191e+00
-2.235118746757507324e-01
-1.750248670578002930e+00
2.257811725139617920e-01
-1.819062113761901855e+00
-1.770238995552062988e+00
8.127934336662292480e-01
3.954742550849914551e-01
1.654057860374450684e+00
-9.474154114723205566e-01
-1.120059013366699219e+00
1.407740473747253418e+00
-1.916283130645751953e+00
2.453604936599731445e+00
2.717261552810668945e+00
5.598867312073707581e-02
-5.409983992576599121e-01
-1.374924778938293457e+00
1.721686363220214844e+00
-5.004705190658569336e-01
1.957728154957294464e-02
7.904732823371887207e-01
2.071780920028686523e+00
8.906774222850799561e-02
2.271749824285507202e-01
7.345129251480102539e-01
-1.088833212852478027e+00
2.162325859069824219e+00
-9.741932153701782227e-01
1.803196072578430176e+00
2.048337936401367188e+00
6.394654512405395508e-02
6.022054553031921387e-01
-9.862766265869140625e-01
3.555414974689483643e-01
1.195505857467651367e+00
1.024508476257324219e+00
-6.357861161231994629e-01
1.009885311126708984e+00
4.949803948402404785e-01
-1.280918002128601074e+00
2.524519443511962891e+00
-1.553928107023239136e-01
-7.609866857528686523e-01
3.163404762744903564e-01
1.249413043260574341e-01
1.625960320234298706e-02
3.551895916461944580e-01
-1.057968378067016602e+00
-4.357502758502960205e-01
-4.299646988511085510e-02
5.030957050621509552e-03
2.783938348293304443e-01
-5.537059903144836426e-01
-1.162161111831665039e+00
-6.027936339378356934e-01
-7.288507819175720215e-01
1.015617966651916504e+00
-1.849095702171325684e+00
-2.817179918289184570e+00
-6.424183845520019531e-01
4.088889062404632568e-01
8.632903099060058594e-01
-9.356341361999511719e-01
2.835249185562133789e+00
-2.173211276531219482e-01
4.710348546504974365e-01
7.668260931968688965e-01
5.803452730178833008e-01
-2.063224554061889648e+00
-2.757489085197448730e-01
-6.323953866958618164e-01
3.417860567569732666e-01
9.953166842460632324e-01
-1.339565634727478027e+00
-3.388723433017730713e-01
1.370011448860168457e+00
3.414830267429351807e-01
2.138461828231811523e+00
3.201151192188262939e-01
1.773366451263427734e+00
3.444125413894653320e+00
-2.365054041147232056e-01
2.738756835460662842e-01
-7.242489457130432129e-01
6.354700922966003418e-01
-3.328411340713500977e+00
3.608984351158142090e-01
8.445463180541992188e-01
-1.395510554313659668e+00
2.884528934955596924e-01
-1.766277670860290527e+00
-9.638656973838806152e-01
-2.110566854476928711e+00
-5.232704281806945801e-01
-2.379088401794433594e+00
-6.368355154991149902e-01
5.453884005546569824e-01
-1.342268466949462891e+00
1.778003096580505371e+00
-9.963553547859191895e-01
-7.882460951805114746e-01
-3.652871847152709961e-01
-3.347639143466949463e-01
-3.020920157432556152e-01
4.629434645175933838e-01
-8.251463174819946289e-01
-9.063351154327392578e-01
