1.121397495269775391e+00
-1.129392147064208984e+00
9.199290871620178223e-01
3.950464352965354919e-02
9.797082096338272095e-02
6.973809599876403809e-01
4.989516437053680420e-01
-9.535610079765319824e-01
-3.133050501346588135e-01
1.574594616889953613e+00
1.128125488758087158e-01
9.804455637931823730e-01
-9.410731196403503418e-01
5.837336778640747070e-01
2.004197120666503906e+00
-1.490172266960144043e+00
2.020168602466583252e-01
8.681524991989135742e-01
-3.569239377975463867e+00
6.496379375457763672e-01
8.552687764167785645e-01
6.076291203498840332e-01
-1.366054266691207886e-01
-1.547138571739196777e+00
-7.129027247428894043e-01
-8.209832310676574707e-01
7.104464769363403320e-01
-9.586390852928161621e-01
-2.014528751373291016e+00
1.139649271965026855e+00
-6.215036511421203613e-01
6.953526139259338379e-01
2.404803484678268433e-01
-8.677607774734497070e-01
4.488781392574310303e-01
-7.546523809432983398e-01
-2.220881223678588867e+00
1.845967292785644531e+00
-1.066239953041076660e+00
1.425534605979919434e+00
-5.686147212982177734e-01
2.031110763549804688e+00
1.345394372940063477e+00
2.736472129821777344e+00
4.489177465438842773e-01
2.111451923847198486e-01
2.043150186538696289e+00
2.045882463455200195e+00
-4.748940765857696533e-01
3.753644227981567383e-02
-1.462091922760009766e+00
-2.266407012939453125e+00
-1.201978996396064758e-01
2.791626453399658203e-01
-2.136626541614532471e-01
6.092551946640014648e-01
-2.380468130111694336e+00
-4.226083308458328247e-02
-4.832268692553043365e-03
-3.469564616680145264e-01
-1.925743937492370605e+00
-1.623637974262237549e-01
3.937919735908508301e-01
1.113315105438232422e+00
2.828103780746459961e+00
9.234742522239685059e-01
4.802559912204742432e-01
-1.344647407531738281e+00
2.611882984638214111e-02
-2.356305360794067383e+00
4.249422550201416016e-01
-1.825680136680603027e+00
2.087164878845214844e+00
6.113738417625427246e-01
1.608841776847839355e+00
9.961990267038345337e-02
1.354130983352661133e+00
-3.051438331604003906e-01
-3.350283503532409668e-01
-1.119445323944091797e+00
6.422669887542724609e-01
5.038650631904602051e-01
-6.009156107902526855e-01
3.273572623729705811e-01
1.684387803077697754e+00
4.291306734085083008e-01
-2.044413328170776367e+00
-6.589989066123962402e-01
-3.772482872009277344e-01
-1.395134687423706055e+00
1.273543477058410645e+00
2.100929170846939087e-01
-1.893956780433654785e+00
3.200813233852386475e-01
-5.960518717765808105e-01
1.590050101280212402e+00
1.494948744773864746e+00
9.545516222715377808e-02
-1.590047590434551239e-02
-2.600343525409698486e-01
7.307370752096176147e-02
-4.594088196754455566e-01
8.408707380294799805e-01
-2.315568685531616211e+00
-1.267231702804565430e-01
4.816558361053466797e-01
-1.028782606124877930e+00
6.089919209480285645e-01
-9.457598328590393066e-01
-2.737996816635131836e+00
6.214472055435180664e-01
6.532455682754516602e-01
-6.831490434706211090e-03
1.237106695771217346e-01
1.882902503013610840e+00
-1.352204918861389160e+00
3.553969562053680420e-01
-5.530967935919761658e-02
-3.543789386749267578e-01
7.390872836112976074e-01
1.182672381401062012e-01
7.851533293724060059e-01
-2.149818420410156250e+00
3.453754261136054993e-02
-8.994785547256469727e-01
-1.181181669235229492e-01
-1.976057648658752441e+00
-1.854766160249710083e-01
