1.730379164218902588e-01
7.386673092842102051e-01
2.324004620313644409e-01
-3.413008213043212891e+00
5.917944386601448059e-02
6.463533639907836914e-01
3.520011603832244873e-01
1.611264109611511230e+00
-1.674136400222778320e+00
7.310190200805664062e-01
3.311629891395568848e-01
-7.745431363582611084e-02
2.305449396371841431e-01
-1.935053169727325439e-01
-6.613104939460754395e-01
2.892720699310302734e+00
6.224071979522705078e-01
-6.778251528739929199e-01
-7.221620678901672363e-01
3.119265735149383545e-01
4.716373682022094727e-01
-3.938121497631072998e-01
7.865275740623474121e-01
-1.506766024976968765e-02
-2.855148315429687500e-01
7.192293554544448853e-02
-1.592820435762405396e-01
-9.755365252494812012e-01
-6.579506993293762207e-01
1.611088395118713379e+00
-2.036782979965209961e+00
-4.067264080047607422e+00
-2.208042293787002563e-01
-2.695598304271697998e-01
-4.996412098407745361e-01
-1.001329302787780762e+00
-1.329355955123901367e+00
1.761600017547607422e+00
-3.114505708217620850e-01
2.624334990978240967e-01
2.035722732543945312e+00
1.739433050155639648e+00
1.683843493461608887e+00
2.327793687582015991e-01
1.377084292471408844e-02
-8.096231818199157715e-01
-5.509496107697486877e-02
1.494682788848876953e+00
3.309610843658447266e+00
-7.636669874191284180e-01
1.259115487337112427e-01
-3.761279284954071045e-01
-8.883222937583923340e-01
-1.386251449584960938e+00
8.626832365989685059e-01
1.718974709510803223e+00
1.058385074138641357e-01
7.465555071830749512e-01
1.142492294311523438e+00
-1.223274171352386475e-01
1.975297629833221436e-01
1.312399208545684814e-01
1.310485005378723145e+00
5.516923666000366211e-01
3.159035146236419678e-01
-2.549485206604003906e+00
5.876908451318740845e-02
-6.429126858711242676e-01
-4.090278446674346924e-01
8.308569788932800293e-01
9.541492462158203125e-01
-6.310381889343261719e-01
1.282359600067138672e+00
-5.712380409240722656e-01
-2.025818824768066406e+00
5.941886454820632935e-02
-5.009934902191162109e-01
1.499379873275756836e-01
7.815274000167846680e-01
-3.520941734313964844e+00
-1.300985574722290039e+00
1.282726526260375977e+00
-1.160579442977905273e+00
-5.912656784057617188e-01
4.964947402477264404e-01
2.183849662542343140e-01
-1.029733657836914062e+00
7.763687372207641602e-01
-1.521014451980590820e+00
1.580877184867858887e+00
7.587851285934448242e-01
-2.048446416854858398e+00
-5.553948879241943359e-01
-2.992036938667297363e-01
1.629711985588073730e+00
-9.463905096054077148e-01
1.691249608993530273e+00
5.031946897506713867e-01
-1.050988793373107910e+00
-1.417018055915832520e+00
2.269779443740844727e+00
3.924199938774108887e-01
1.384937763214111328e+00
-1.929096281528472900e-01
-7.960313558578491211e-01
1.210296377539634705e-01
2.221906632184982300e-01
7.737237960100173950e-02
1.328908085823059082e+00
-1.121708393096923828e+00
-3.577992320060729980e-01
2.990926504135131836e-01
-1.366535067558288574e+00
-2.086187154054641724e-01
1.431827902793884277e+00
-8.977265357971191406e-01
-3.251543045043945312e-01
3.829336538910865784e-02
-4.349170625209808350e-01
2.487610876560211182e-01
2.455062866210937500e+00
-1.312544584274291992e+00
9.682340025901794434e-01
2.658622339367866516e-02
-4.101706445217132568e-01
-6.054703593254089355e-01
-2.599392235279083252e-01
-1.382600307464599609e+00
