-1.616833508014678955e-01
-2.407772541046142578e+00
-7.601013034582138062e-02
-4.844851195812225342e-01
2.437262296676635742e+00
9.893895983695983887e-01
1.012189269065856934e+00
2.607592344284057617e-01
-1.089212656021118164e+00
3.800296224653720856e-03
3.275972306728363037e-01
2.519620180130004883e+00
-1.991453766822814941e+00
-2.389786243438720703e+00
-4.604214131832122803e-01
-1.144234061241149902e+00
2.328153848648071289e+00
1.323276042938232422e+00
1.065941214561462402e+00
1.504905700683593750e+00
3.286758959293365479e-01
-1.490178942680358887e+00
-6.849208474159240723e-02
-9.941133260726928711e-01
-1.698179960250854492e+00
7.640051245689392090e-01
-8.768392205238342285e-01
-1.989755034446716309e+00
-4.171306788921356201e-01
4.326813817024230957e-01
8.191410899162292480e-01
2.820147387683391571e-02
3.591491878032684326e-01
-1.285509467124938965e+00
1.317557096481323242e+00
1.121063947677612305e+00
1.153161048889160156e+00
-2.924020886421203613e-01
-3.312652707099914551e-01
-1.238908842206001282e-01
2.002596139907836914e+00
-8.140745759010314941e-01
9.692624211311340332e-01
-1.766406178474426270e+00
-2.046665191650390625e+00
-9.622442722320556641e-01
7.066373825073242188e-01
1.380343556404113770e+00
4.612578153610229492e-01
6.604588627815246582e-01
3.437225520610809326e-01
-3.251115083694458008e-01
3.777652084827423096e-01
-3.723840415477752686e-01
-1.929250955581665039e+00
3.837517797946929932e-01
-1.499970316886901855e+00
1.415358185768127441e+00
-9.282487034797668457e-01
8.334871381521224976e-02
-2.423629611730575562e-01
1.445722460746765137e+00
1.538700103759765625e+00
-1.346914172172546387e+00
-1.249034285545349121e+00
-2.867183685302734375e+00
1.793431043624877930e-01
5.870304703712463379e-01
-5.796981453895568848e-01
-6.337308883666992188e-01
7.174053788185119629e-01
-1.704033255577087402e+00
5.665232539176940918e-01
7.555004358291625977e-01
-1.504321336746215820e+00
3.521018326282501221e-01
1.177196741104125977e+00
-1.061991572380065918e+00
-2.367556095123291016e-02
-1.545677781105041504e+00
1.723644256591796875e+00
-8.548026084899902344e-01
5.357251763343811035e-01
-7.118552327156066895e-01
1.718463301658630371e+00
1.569124221801757812e+00
-1.160377621650695801e+00
-7.778532058000564575e-02
1.281783580780029297e-01
6.562767922878265381e-02
7.437108755111694336e-01
-2.361552476882934570e+00
8.142852783203125000e-01
1.429818749427795410e+00
-2.404205352067947388e-01
1.743360638618469238e+00
3.974706232547760010e-01
1.205312982201576233e-01
1.293154239654541016e+00
-1.355025053024291992e+00
1.553874850273132324e+00
1.367027521133422852e+00
-9.817858338356018066e-01
6.335901618003845215e-01
-9.262306094169616699e-01
1.723408222198486328e+00
-3.915389180183410645e-01
-4.441482424736022949e-01
1.575095891952514648e+00
-1.238501444458961487e-01
-8.169776201248168945e-01
6.354776620864868164e-01
-7.663156986236572266e-01
1.275734901428222656e+00
-1.502445101737976074e+00
-6.089124083518981934e-01
-1.115236654877662659e-01
-2.847885847091674805e+00
-7.380491495132446289e-01
7.690163254737854004e-01
2.067672729492187500e+00
-5.440271496772766113e-01
8.906026482582092285e-01
8.208315968513488770e-01
-1.152479410171508789e+00
4.003782942891120911e-02
8.967937529087066650e-02
-5.531252026557922363e-01
