2.500310897827148438e+00
1.141404390335083008e+00
-6.689063906669616699e-01
7.692244052886962891e-01
1.145560383796691895e+00
-1.231564998626708984e+00
7.612827420234680176e-01
-1.295270085334777832e+00
-3.208619117736816406e+00
4.975880086421966553e-01
8.519458174705505371e-01
1.770095348358154297e+00
1.952657222747802734e+00
-2.379750251770019531e+00
-3.973109126091003418e-01
-1.967864930629730225e-01
-2.325795739889144897e-01
-5.950818061828613281e-01
-1.173644185066223145e+00
-2.034983396530151367e+00
3.529083251953125000e+00
-7.117914557456970215e-01
-5.896335244178771973e-01
-1.450831532478332520e+00
-4.161539971828460693e-01
1.014618515968322754e+00
1.674763262271881104e-01
-6.671366840600967407e-02
-3.747737109661102295e-01
1.288521647453308105e+00
-6.734143495559692383e-01
7.260744571685791016e-01
3.732789754867553711e-01
7.290243357419967651e-02
-4.509422183036804199e-01
7.529974728822708130e-02
1.162278175354003906e+00
2.781281232833862305e+00
-5.908092856407165527e-01
-7.547389864921569824e-01
9.657360315322875977e-01
1.218896031379699707e+00
9.738847017288208008e-01
-7.362257689237594604e-02
1.889263242483139038e-01
-8.326117694377899170e-02
-6.860727071762084961e-02
-3.609653413295745850e-01
-1.483441710472106934e+00
9.840584993362426758e-01
-5.232127308845520020e-01
-9.776355624198913574e-01
3.312914967536926270e-01
-2.113888412714004517e-01
-6.006716489791870117e-01
1.267903089523315430e+00
-6.723950505256652832e-01
-3.961484506726264954e-02
4.627572596073150635e-01
1.135742664337158203e+00
1.131797313690185547e+00
4.147156774997711182e-01
-2.867910563945770264e-01
3.508872389793395996e-01
-6.795529723167419434e-01
-3.786361932754516602e+00
-2.081979990005493164e+00
6.441030502319335938e-01
-5.975787639617919922e-01
1.029336929321289062e+00
9.181350469589233398e-01
7.936867475509643555e-01
1.636433750391006470e-01
6.292725801467895508e-01
1.869467139244079590e+00
1.318656444549560547e+00
2.524702623486518860e-02
2.281776428222656250e+00
-3.049805462360382080e-01
-1.496977686882019043e+00
-1.627260208129882812e+00
7.706745862960815430e-01
1.061130642890930176e+00
8.709301948547363281e-01
-7.693852782249450684e-01
-2.287411689758300781e+00
-1.423804759979248047e+00
2.172203212976455688e-01
-1.196289062500000000e+00
1.312315702438354492e+00
1.549554705619812012e+00
-2.021640062332153320e+00
-5.805668234825134277e-01
-8.628760576248168945e-01
2.111810445785522461e+00
8.409844636917114258e-01
3.169493377208709717e-01
1.083541393280029297e+00
-4.273923039436340332e-01
-1.805656850337982178e-01
-1.100100517272949219e+00
1.219560861587524414e+00
8.636315464973449707e-01
-6.740069389343261719e-01
-7.323037385940551758e-01
-5.343530774116516113e-01
-8.368470668792724609e-01
-3.244677484035491943e-01
-2.695056200027465820e-01
-1.743192672729492188e+00
-1.892865538597106934e+00
5.932369828224182129e-01
-1.531277775764465332e+00
1.191777229309082031e+00
1.823608279228210449e+00
-3.200531244277954102e+00
-9.329712390899658203e-02
-5.449959039688110352e-01
-3.800390064716339111e-01
8.753380775451660156e-01
1.202837824821472168e+00
-9.427983760833740234e-01
1.024053215980529785e+00
5.952854752540588379e-01
-1.051810026168823242e+00
-1.040888071060180664e+00
8.715524673461914062e-01
-5.450173616409301758e-01
