5.929143428802490234e-01
-2.499643154442310333e-02
-8.082095384597778320e-01
7.395114898681640625e-01
1.664631128311157227e+00
3.231130242347717285e-01
-1.197479367256164551e+00
6.574375629425048828e-01
-1.298340201377868652e+00
-4.372736811637878418e-01
5.154995918273925781e-01
1.951820135116577148e+00
-1.313516974449157715e+00
-1.824453592300415039e+00
4.175741076469421387e-01
7.112986445426940918e-01
1.472337841987609863e+00
4.217546284198760986e-01
-9.088983535766601562e-01
-1.595823317766189575e-01
-4.017326533794403076e-01
-1.067316412925720215e+00
5.844388008117675781e-01
2.047346353530883789e+00
3.808695971965789795e-01
1.476083874702453613e+00
-1.594155192375183105e+00
-1.492920994758605957e+00
1.919706225395202637e+00
-1.135852098464965820e+00
-1.989357918500900269e-02
1.906342804431915283e-01
2.740990221500396729e-01
-5.882284045219421387e-01
-6.449437141418457031e-01
5.894731879234313965e-01
4.583704471588134766e-01
-4.395489692687988281e-01
-2.070330679416656494e-01
1.147777199745178223e+00
3.307562351226806641e+00
-7.799442410469055176e-01
1.685611963272094727e+00
-1.044357299804687500e+00
-1.998592615127563477e+00
1.312351375818252563e-01
-1.465629339218139648e+00
5.348720550537109375e-01
1.133231163024902344e+00
-7.951292991638183594e-01
1.602538228034973145e-01
1.625399708747863770e+00
-1.188806891441345215e+00
-1.248141527175903320e+00
1.301820389926433563e-02
1.071166634559631348e+00
-6.627014279365539551e-02
-3.478144109249114990e-01
-6.646019220352172852e-01
1.225052833557128906e+00
-2.217451632022857666e-01
7.940400838851928711e-01
1.645508170127868652e+00
1.349666953086853027e+00
-1.752346515655517578e+00
-3.666632771492004395e-01
6.171259880065917969e-01
1.258463501930236816e+00
-1.236009359359741211e+00
5.412610769271850586e-01
1.243199110031127930e+00
-1.619387388229370117e+00
5.322867631912231445e-01
1.006917238235473633e+00
7.864820212125778198e-02
-1.089788228273391724e-02
9.952111244201660156e-01
1.719135344028472900e-01
-5.213312506675720215e-01
-8.755906820297241211e-01
-1.332225203514099121e+00
-8.127610087394714355e-01
8.540220260620117188e-01
1.993915811181068420e-02
1.299643635749816895e+00
1.560138583183288574e+00
-4.992721974849700928e-01
-3.394261002540588379e-01
1.436313271522521973e+00
8.583993911743164062e-01
1.186838507652282715e+00
-1.596945405006408691e+00
2.284754961729049683e-01
1.133455157279968262e+00
-1.438630819320678711e+00
-1.860733032226562500e+00
1.004609465599060059e+00
-1.505950808525085449e+00
1.083836078643798828e+00
-1.465492725372314453e+00
2.558517456054687500e-01
1.313970088958740234e+00
-3.048080682754516602e+00
-8.979611098766326904e-02
-2.642804384231567383e+00
-1.883917897939682007e-01
-1.264302730560302734e+00
2.946068346500396729e-01
1.065055012702941895e+00
-2.534482955932617188e+00
-6.729018092155456543e-01
-5.256854742765426636e-02
4.130171984434127808e-02
9.952563047409057617e-01
-9.525036215782165527e-01
-2.719383716583251953e+00
6.302152276039123535e-01
-1.255259990692138672e+00
-1.213115811347961426e+00
-1.623426079750061035e+00
-1.317231543362140656e-02
4.831300377845764160e-01
6.224541664123535156e-01
1.328349590301513672e+00
-1.021830916404724121e+00
5.118830204010009766e-01
-1.739313721656799316e+00
1.638761639595031738e+00
