-2.451499104499816895e-01
-2.095577955245971680e+00
4.378612637519836426e-01
-1.800522021949291229e-02
-2.741324007511138916e-01
1.074283361434936523e+00
-1.035858631134033203e+00
-1.488431811332702637e+00
-1.417683482170104980e+00
-1.178269311785697937e-01
-1.744078755378723145e+00
2.084007263183593750e+00
-9.373253583908081055e-01
-5.821349024772644043e-01
-7.303838133811950684e-01
5.277742817997932434e-02
8.196722865104675293e-01
-8.208870291709899902e-01
2.973074615001678467e-01
1.602257728576660156e+00
5.980680584907531738e-01
-1.383178949356079102e+00
3.506447747349739075e-02
-4.398469030857086182e-01
-2.473652921617031097e-02
-1.844209194183349609e+00
3.071327209472656250e-01
-8.245905637741088867e-01
-1.515881180763244629e+00
-7.612561434507369995e-02
9.980666041374206543e-01
8.000318408012390137e-01
-1.511272490024566650e-01
6.219102144241333008e-01
7.205256819725036621e-01
-1.474471390247344971e-01
-1.031036376953125000e+00
-1.079754114151000977e+00
3.469299972057342529e-01
5.166978836059570312e-01
6.511781215667724609e-01
-1.171818733215332031e+00
1.646500945091247559e+00
4.271378517150878906e-01
9.826081395149230957e-01
-1.121900439262390137e+00
9.609038233757019043e-01
1.454358994960784912e-01
-7.225722819566726685e-02
7.692230939865112305e-01
5.298891067504882812e-01
-1.121857881546020508e+00
2.681872129440307617e+00
-1.020964384078979492e+00
-6.136139631271362305e-01
-4.231106042861938477e-01
-1.084680676460266113e+00
2.724437475204467773e+00
5.508261919021606445e-01
1.336295723915100098e+00
2.277213037014007568e-01
-1.164033532142639160e+00
2.034224510192871094e+00
4.000637829303741455e-01
-1.508557081222534180e+00
-8.586278557777404785e-01
1.786446422338485718e-01
9.878239631652832031e-01
4.299217164516448975e-01
-5.373876690864562988e-01
-4.193809032440185547e-01
-8.057166934013366699e-01
1.715073943138122559e+00
8.999969959259033203e-01
-1.164549827575683594e+00
1.838004946708679199e+00
1.766613841056823730e+00
-2.012411117553710938e+00
-2.081820249557495117e+00
-8.044810891151428223e-01
1.414454936981201172e+00
-2.031177043914794922e+00
1.180699944496154785e+00
1.506631821393966675e-01
2.421724796295166016e+00
2.961045205593109131e-01
-2.777898013591766357e-01
2.097447872161865234e+00
2.889399230480194092e-01
-2.113384902477264404e-01
-1.592491388320922852e+00
-9.886671304702758789e-01
-4.543073177337646484e-01
1.807242631912231445e+00
1.280920505523681641e+00
8.788751959800720215e-01
9.434460103511810303e-02
-1.441001772880554199e+00
1.525693416595458984e+00
9.358791708946228027e-01
-2.750614583492279053e-01
2.584151506423950195e+00
-1.871343612670898438e+00
3.381000459194183350e-01
-8.340754508972167969e-01
8.367893099784851074e-01
1.941443085670471191e-01
-1.330877184867858887e+00
-3.360790386795997620e-02
-2.407730966806411743e-01
8.286081552505493164e-01
-5.411656498908996582e-01
-5.447218418121337891e-01
2.195423126220703125e+00
6.102392077445983887e-01
-4.620218276977539062e-01
1.726977080106735229e-01
-1.200312376022338867e+00
1.396326720714569092e-01
-8.031511902809143066e-01
-6.166036725044250488e-01
-4.385451972484588623e-01
-1.756557226181030273e+00
-2.772356748580932617e+00
-1.231243014335632324e+00
-2.294018983840942383e+00
1.331596493721008301e+00
5.107424855232238770e-01
