-3.240157365798950195e+00
-1.294866323471069336e+00
-1.139833927154541016e+00
5.186088681221008301e-01
-9.349865913391113281e-01
3.339870572090148926e-01
2.791606187820434570e-01
-1.435211420059204102e+00
1.103834509849548340e+00
-4.320984780788421631e-01
-1.678702831268310547e+00
-2.616605758666992188e-01
-1.083449482917785645e+00
-1.111356243491172791e-01
4.793805256485939026e-02
-6.498267054557800293e-01
5.847722887992858887e-01
-4.024323076009750366e-02
8.698719739913940430e-01
5.990534648299217224e-02
-1.708291172981262207e-01
7.507520318031311035e-01
1.172123923897743225e-01
-5.542225241661071777e-01
-2.564465105533599854e-01
5.056087374687194824e-01
5.539423227310180664e-01
-1.553395032882690430e+00
-2.387204319238662720e-01
2.140844821929931641e+00
4.239534139633178711e-01
-1.124494671821594238e-01
-5.564598441123962402e-01
-1.467047184705734253e-01
1.052165031433105469e-01
1.459273248910903931e-01
1.045705914497375488e+00
-2.227731704711914062e+00
2.638725936412811279e-01
-2.811064422130584717e-01
-1.028585076332092285e+00
1.044919013977050781e+00
1.221676826477050781e+00
-4.384694993495941162e-01
5.353127717971801758e-01
1.013772562146186829e-02
-2.914178669452667236e-01
-1.314992547035217285e+00
5.028808116912841797e-01
-1.780734539031982422e+00
-1.367619276046752930e+00
-4.064396023750305176e-01
4.222745597362518311e-01
-1.040724441409111023e-01
-7.732492685317993164e-01
-7.069566100835800171e-02
1.405426710844039917e-01
4.602864086627960205e-01
-9.899907708168029785e-01
8.707962632179260254e-01
-2.551179170608520508e+00
2.247356414794921875e+00
-1.306449294090270996e+00
5.848454833030700684e-01
3.206243216991424561e-01
3.787254989147186279e-01
8.457826375961303711e-01
4.860519468784332275e-01
-3.693546950817108154e-01
1.739592999219894409e-01
2.978263854980468750e+00
4.016162827610969543e-02
1.401181936264038086e+00
1.875678181648254395e+00
-3.125374913215637207e-01
5.194565057754516602e-01
2.180023938417434692e-01
1.132073760032653809e+00
1.032655239105224609e+00
-6.261534094810485840e-01
7.916643023490905762e-01
1.139067858457565308e-01
2.889345407485961914e+00
1.208733439445495605e+00
-2.517841197550296783e-02
2.334460496902465820e+00
-6.507893204689025879e-01
-1.553773283958435059e+00
1.560646653175354004e+00
-7.946761846542358398e-01
-3.039238452911376953e-01
-1.294333040714263916e-01
4.755641520023345947e-01
-3.697003424167633057e-01
6.382629871368408203e-01
-6.190284341573715210e-02
2.320831567049026489e-01
-5.519754290580749512e-01
1.595043778419494629e+00
-7.457762360572814941e-01
2.317423343658447266e+00
9.587790071964263916e-02
-3.774448931217193604e-01
1.833800792694091797e+00
-3.496596217155456543e-01
1.770949482917785645e+00
-1.849046349525451660e+00
-8.662903308868408203e-01
-1.893042206764221191e+00
3.670644462108612061e-01
1.231570839881896973e-01
1.555230747908353806e-02
1.160164643079042435e-02
-8.019327521324157715e-01
-4.271296858787536621e-01
-7.285168766975402832e-01
1.258024692535400391e+00
-8.083462715148925781e-01
1.249128699302673340e+00
-4.965953826904296875e-01
9.218877553939819336e-01
-1.416013002395629883e+00
-3.325962066650390625e+00
-3.648585796356201172e+00
-1.044371962547302246e+00
-2.130381584167480469e+00
1.721450805664062500e+00
5.502535104751586914e-01
