2.279968976974487305e+00
1.785808086395263672e+00
-3.641184568405151367e-01
-2.057671785354614258e+00
2.930248975753784180e+00
1.293244957923889160e+00
1.909055709838867188e+00
1.490613222122192383e+00
-8.388208746910095215e-01
-7.081808447837829590e-01
7.074362635612487793e-01
6.800324320793151855e-01
1.445539474487304688e+00
-6.414282917976379395e-01
-2.532117843627929688e+00
8.243728280067443848e-01
-1.846768975257873535e+00
-1.058239936828613281e-01
-1.216284513473510742e+00
-7.480461001396179199e-01
-2.154318094253540039e+00
-8.850139975547790527e-01
-8.238394260406494141e-01
1.714263081550598145e+00
2.261095046997070312e+00
-1.338329076766967773e+00
-1.094682931900024414e+00
1.026557564735412598e+00
-4.550374746322631836e-01
1.070351243019104004e+00
-7.192137837409973145e-01
-1.276175260543823242e+00
-7.945818305015563965e-01
1.097892880439758301e+00
-1.160508990287780762e+00
-1.162501722574234009e-01
7.566355466842651367e-01
1.001804232597351074e+00
-3.569731116294860840e-01
-1.352549076080322266e+00
2.782171368598937988e-01
3.600524067878723145e-01
9.035819768905639648e-01
1.445034503936767578e+00
-1.186389207839965820e+00
-2.445881843566894531e+00
2.911032140254974365e-01
1.414561867713928223e+00
1.332156538963317871e+00
9.183070063591003418e-01
1.398790776729583740e-01
-4.533642232418060303e-01
2.936609387397766113e-01
6.977069377899169922e-02
2.193348169326782227e+00
-5.464805960655212402e-01
1.372099518775939941e+00
2.604828476905822754e-01
-4.441364407539367676e-01
-3.470020741224288940e-02
1.023948431015014648e+00
-2.158457934856414795e-01
2.791930437088012695e-01
4.354996681213378906e-01
2.344757318496704102e+00
-1.087813973426818848e+00
5.632254481315612793e-01
8.579547703266143799e-02
1.546457767486572266e+00
1.178329810500144958e-01
6.010486483573913574e-01
4.458881020545959473e-01
8.972388505935668945e-02
3.079018890857696533e-01
9.071806669235229492e-01
-1.243850946426391602e+00
5.969217419624328613e-01
-4.013244807720184326e-01
-1.050345778465270996e+00
-2.147537231445312500e+00
2.618387639522552490e-01
-2.308005809783935547e+00
-2.045342326164245605e-01
-2.086779832839965820e+00
2.973488569259643555e+00
9.662094116210937500e-01
-1.075728178024291992e+00
1.097275376319885254e+00
-7.834376096725463867e-01
-1.017812967300415039e+00
2.073738813400268555e+00
-1.381573677062988281e+00
-1.833016037940979004e+00
7.651765942573547363e-01
8.917269110679626465e-01
-3.428729474544525146e-01
2.730116605758666992e+00
-6.210217475891113281e-01
-6.456018090248107910e-01
-9.806931614875793457e-01
7.000924348831176758e-01
1.751349210739135742e+00
-1.551542043685913086e+00
-1.915105581283569336e+00
-3.555195927619934082e-01
-8.132532238960266113e-02
2.878339588642120361e-01
-5.509316325187683105e-01
1.000549569725990295e-01
-3.688521981239318848e-01
7.095580454915761948e-03
-3.276516795158386230e-01
-2.128521203994750977e+00
-1.577229619026184082e+00
2.107774734497070312e+00
-1.209902048110961914e+00
1.044163823127746582e+00
-1.921827912330627441e+00
-3.122067451477050781e+00
6.773571372032165527e-01
1.267714619636535645e+00
-6.357335448265075684e-01
-7.318896651268005371e-01
-9.806277751922607422e-01
-7.169032096862792969e-02
-5.796333551406860352e-01
3.038056008517742157e-02
1.179401949048042297e-01
