1.483354330062866211e+00
2.438558340072631836e-01
1.375739336013793945e+00
-2.054896056652069092e-01
1.158641576766967773e+00
-2.853796184062957764e-01
1.926930099725723267e-01
1.556158065795898438e-01
-8.901286721229553223e-01
-6.787800192832946777e-01
3.461092412471771240e-01
-8.595328330993652344e-01
-2.417154908180236816e-01
-1.622598171234130859e+00
9.056363999843597412e-02
8.263638019561767578e-01
-1.391946792602539062e+00
3.878408074378967285e-01
1.194244399666786194e-01
1.165751695632934570e+00
4.840327799320220947e-01
2.532082557678222656e+00
7.496287226676940918e-01
-1.449061870574951172e+00
3.670189380645751953e-01
-4.425539672374725342e-01
2.054143905639648438e+00
8.092405200004577637e-01
1.022491335868835449e+00
-8.204990029335021973e-01
8.821443915367126465e-01
-1.844785571098327637e+00
-1.305644273757934570e+00
1.730188727378845215e+00
1.835532426834106445e+00
-2.499813586473464966e-02
-1.205939054489135742e+00
1.988018512725830078e+00
-7.488039135932922363e-01
4.751322790980339050e-03
-3.318023085594177246e-01
1.195748209953308105e+00
1.814211726188659668e+00
1.770142078399658203e+00
1.116124153137207031e+00
-1.131654024124145508e+00
3.507581949234008789e-01
1.613509654998779297e-01
1.198519468307495117e+00
1.352070212364196777e+00
7.271101325750350952e-02
-5.925549268722534180e-01
-1.352214455604553223e+00
-2.175035476684570312e+00
-4.999002069234848022e-02
8.529881238937377930e-01
-2.520464181900024414e+00
1.562753558158874512e+00
3.493869602680206299e-01
5.040471553802490234e-01
-2.562695443630218506e-01
-5.379650592803955078e-01
3.013778924942016602e-01
4.567761123180389404e-01
2.003851652145385742e+00
-1.083318516612052917e-01
5.410533547401428223e-01
-7.896964550018310547e-01
-3.591102361679077148e-01
-7.119815349578857422e-01
-2.249622195959091187e-01
-1.838606953620910645e+00
1.915417313575744629e+00
1.413924217224121094e+00
1.777509689331054688e+00
1.048254251480102539e+00
2.249673604965209961e-01
-7.881840467453002930e-01
-1.607850551605224609e+00
-5.253167152404785156e-01
-8.843969106674194336e-01
-2.566488742828369141e+00
6.028816699981689453e-01
-8.350538015365600586e-01
1.505700588226318359e+00
-3.321352005004882812e-01
-1.442766308784484863e+00
5.103675127029418945e-01
-1.657761931419372559e+00
-2.311660766601562500e+00
-2.182377129793167114e-01
-1.211464047431945801e+00
-4.750829339027404785e-01
1.110689759254455566e+00
1.495779633522033691e+00
-2.166743755340576172e+00
-1.440899014472961426e+00
-1.195089221000671387e+00
-3.873898983001708984e-01
-7.999374866485595703e-01
-9.809951186180114746e-01
-4.238812997937202454e-02
2.139253467321395874e-01
-4.211573600769042969e-01
1.350071310997009277e+00
4.322689473628997803e-01
3.578256666660308838e-01
-2.282181084156036377e-01
2.763725817203521729e-01
-1.347720742225646973e+00
-1.091528296470642090e+00
-8.827846050262451172e-01
-7.023616433143615723e-01
1.751350522041320801e+00
-1.771555185317993164e+00
7.717050909996032715e-01
1.620070338249206543e-01
1.264461278915405273e+00
5.804265737533569336e-01
1.064127590507268906e-02
-1.420099377632141113e+00
-1.265804052352905273e+00
8.859103918075561523e-02
-4.378318488597869873e-01
-1.359291911125183105e+00
9.792846441268920898e-01
2.107152640819549561e-01
6.698237061500549316e-01
