2.443510770797729492e+00
1.387297391891479492e+00
-1.693593710660934448e-01
-1.172371283173561096e-01
1.393116474151611328e+00
8.516542911529541016e-01
1.028728127479553223e+00
-2.873193025588989258e+00
3.415319323539733887e-01
5.681858062744140625e-01
-7.086031436920166016e-01
1.546835541725158691e+00
2.209305524826049805e+00
-1.022082567214965820e+00
-1.092972606420516968e-01
-1.732804298400878906e+00
-1.129992127418518066e+00
2.334068536758422852e+00
-1.109295129776000977e+00
1.400165677070617676e+00
-4.387748241424560547e-02
1.807935833930969238e+00
1.970769762992858887e+00
-1.681482076644897461e+00
-1.855670690536499023e+00
-5.935921072959899902e-01
2.249036073684692383e+00
7.611324191093444824e-01
1.401719331741333008e+00
9.617354273796081543e-01
-3.470495343208312988e-03
8.157019019126892090e-01
-4.736931622028350830e-02
-6.197162866592407227e-01
1.558614850044250488e+00
2.909066677093505859e-01
-1.945996880531311035e-01
1.473598718643188477e+00
-1.174520254135131836e+00
7.694495320320129395e-01
1.271747112274169922e+00
-3.947801589965820312e-01
9.485238790512084961e-01
-1.530542373657226562e-01
1.582298159599304199e+00
-3.213411271572113037e-01
1.356435775756835938e+00
1.202098965644836426e+00
-7.875136733055114746e-01
-4.074573144316673279e-02
-1.679863929748535156e+00
9.086706042289733887e-01
-1.258350759744644165e-01
-1.138406634330749512e+00
-8.740490078926086426e-01
1.891541600227355957e+00
5.309541895985603333e-02
1.067023754119873047e+00
7.901924848556518555e-01
-9.929345548152923584e-02
-1.100648283958435059e+00
-8.906064033508300781e-01
6.588718295097351074e-01
7.650782167911529541e-02
1.179605364799499512e+00
6.211370602250099182e-02
5.776746943593025208e-02
-1.666774630546569824e+00
-6.567869782447814941e-01
-1.153533220291137695e+00
2.377100884914398193e-01
-1.450694680213928223e+00
-1.281870365142822266e+00
2.222079992294311523e+00
-2.013348579406738281e+00
3.200401067733764648e-01
-1.181293249130249023e+00
3.979985415935516357e-01
-8.213992118835449219e-01
-3.054118454456329346e-01
6.295644491910934448e-02
1.611752748489379883e+00
-1.669120788574218750e+00
-1.630083918571472168e+00
-7.074682116508483887e-01
1.266293168067932129e+00
4.506513178348541260e-01
3.394183814525604248e-01
-1.705313205718994141e+00
-1.140627503395080566e+00
3.475694060325622559e-01
-1.258273839950561523e+00
9.326228499412536621e-01
-6.311560869216918945e-01
1.084995791316032410e-01
-6.189899444580078125e-01
7.313044071197509766e-01
1.073514446616172791e-01
-1.201086401939392090e+00
5.535891056060791016e-01
-7.337110042572021484e-01
-1.198478460311889648e+00
9.265030622482299805e-01
9.557262659072875977e-01
-1.272023677825927734e+00
-9.172354936599731445e-01
-1.180543422698974609e+00
-1.825616598129272461e+00
1.364185333251953125e+00
3.537928685545921326e-02
-5.018365979194641113e-01
2.734663724899291992e+00
-1.503353357315063477e+00
1.537220925092697144e-01
-2.316839843988418579e-01
-1.319333672523498535e+00
-9.760919809341430664e-01
6.864714026451110840e-01
1.000156998634338379e+00
4.546448588371276855e-01
-4.426426291465759277e-01
-1.422585368156433105e+00
-2.470091104507446289e+00
-2.203182697296142578e+00
-7.280513048171997070e-01
2.281171977519989014e-01
-8.533935248851776123e-02
1.040246725082397461e+00
