1.230920314788818359e+00
-1.371376276016235352e+00
-7.441554069519042969e-01
-2.786683320999145508e+00
1.013900041580200195e+00
-6.546000242233276367e-01
-8.362249135971069336e-01
1.741195082664489746e+00
4.534665346145629883e-01
-8.056446909904479980e-01
-1.087791562080383301e+00
-7.772815227508544922e-01
1.436035633087158203e+00
6.331339478492736816e-01
-2.105046808719635010e-01
1.828758835792541504e+00
-1.192853450775146484e+00
3.479098081588745117e-01
-1.793829560279846191e+00
1.697188973426818848e+00
1.072952151298522949e+00
-6.550421118736267090e-01
-1.986399531364440918e+00
9.693705439567565918e-01
-1.089680314064025879e+00
1.485346198081970215e+00
-4.486908316612243652e-01
-7.319276332855224609e-01
6.825128197669982910e-01
6.993887424468994141e-01
4.543551206588745117e-01
-2.788111686706542969e+00
-1.243018031120300293e+00
-5.312655568122863770e-01
2.237339973449707031e+00
1.787323236465454102e+00
8.163518905639648438e-01
-4.222544133663177490e-01
-4.900506138801574707e-01
-1.602342844009399414e+00
1.212505817413330078e+00
-2.201281934976577759e-01
1.430815339088439941e+00
-2.370664663612842560e-02
-1.974263638257980347e-01
-1.982006788253784180e+00
1.727128267288208008e+00
1.699368476867675781e+00
1.457866311073303223e+00
-8.372996449470520020e-01
-1.964295208454132080e-01
-1.885074138641357422e+00
6.767198443412780762e-01
1.678606629371643066e+00
2.811328649520874023e+00
-2.939081788063049316e-01
1.687879860401153564e-01
-5.554411411285400391e-01
-1.069534897804260254e+00
1.337911725044250488e+00
-4.150937311351299286e-03
-1.599397897720336914e+00
9.111940264701843262e-01
-8.228904753923416138e-02
2.066810369491577148e+00
3.000660538673400879e-01
1.809831738471984863e+00
1.204363703727722168e+00
-2.176588535308837891e+00
-2.275375872850418091e-01
3.904353976249694824e-01
1.017875313758850098e+00
1.676370948553085327e-01
-4.409377574920654297e-01
-7.647371888160705566e-01
2.342029958963394165e-01
-1.802090853452682495e-01
4.931361377239227295e-01
2.209198176860809326e-01
-2.646363258361816406e+00
-2.174575328826904297e+00
-5.508658289909362793e-01
-4.289852082729339600e-01
-5.241784453392028809e-01
3.147090435028076172e+00
-2.844592332839965820e-01
7.842686772346496582e-01
1.184709310531616211e+00
-8.285427093505859375e-01
-3.288877010345458984e-01
6.122441887855529785e-01
-1.372501373291015625e+00
-2.905970215797424316e-01
8.996201157569885254e-01
3.335621953010559082e-01
7.914563417434692383e-01
1.049358129501342773e+00
-5.053235292434692383e-01
3.235996365547180176e-01
1.420023560523986816e+00
1.120374321937561035e+00
5.565041303634643555e-01
-1.340012311935424805e+00
-1.106752157211303711e+00
7.818442583084106445e-01
1.969068497419357300e-01
-1.777086257934570312e+00
-8.983619213104248047e-01
1.458891868591308594e+00
-6.723448634147644043e-02
1.599380373954772949e+00
-4.776697158813476562e-01
-3.220769762992858887e-01
-4.660113155841827393e-02
1.115031003952026367e+00
2.449673861265182495e-01
-4.775506258010864258e-01
-5.106988549232482910e-01
-2.467046499252319336e+00
4.355663955211639404e-01
2.125421464443206787e-01
-1.571527957916259766e+00
-3.991722464561462402e-01
-2.093859434127807617e+00
-5.257614254951477051e-01
-1.186872720718383789e+00
1.906267642974853516e+00
-1.557427048683166504e+00
