1.133184954524040222e-01
-9.661061763763427734e-01
8.527373671531677246e-01
-1.261568546295166016e+00
-1.573724985122680664e+00
1.567537784576416016e-01
2.832995951175689697e-01
-8.644000291824340820e-01
1.483543634414672852e+00
-1.498439908027648926e-01
1.464779138565063477e+00
-7.075918316841125488e-01
2.497863292694091797e+00
1.630641102790832520e+00
4.433637019246816635e-03
-6.945438981056213379e-01
-5.020938515663146973e-01
9.579589366912841797e-01
3.454587161540985107e-01
2.471142053604125977e+00
6.293923258781433105e-01
4.283084347844123840e-02
4.131214022636413574e-01
7.215201854705810547e-01
-4.637387990951538086e-01
-9.927906394004821777e-01
1.376908123493194580e-01
-5.890570580959320068e-02
5.857338309288024902e-01
7.249921560287475586e-01
-2.599614143371582031e+00
-4.528784751892089844e+00
-1.141771912574768066e+00
1.847202032804489136e-01
-2.882773280143737793e-01
9.533784985542297363e-01
-1.088981747627258301e+00
-1.249289989471435547e+00
-3.147909343242645264e-01
-3.177011907100677490e-01
-5.240898728370666504e-01
2.017993211746215820e+00
1.629022359848022461e+00
1.307707190513610840e+00
8.760631680488586426e-01
2.432318210601806641e+00
-2.135970592498779297e-01
1.777495861053466797e+00
-8.497377038002014160e-01
5.994586944580078125e-01
9.318475127220153809e-01
-1.950388550758361816e+00
-2.591420412063598633e-01
1.236662507057189941e+00
-1.403212785720825195e+00
-8.738233447074890137e-01
2.306124210357666016e+00
6.780434250831604004e-01
1.628898739814758301e+00
1.148422837257385254e+00
-7.718627899885177612e-02
-1.095485687255859375e-02
6.689143776893615723e-01
2.423847615718841553e-01
5.707749128341674805e-01
-8.976874947547912598e-01
2.146241426467895508e+00
-1.418374925851821899e-01
-1.597482323646545410e+00
3.334977030754089355e-01
-3.796866238117218018e-01
1.651070952415466309e+00
8.754053115844726562e-01
-5.557643771171569824e-01
-3.076806664466857910e-01
-2.281363010406494141e+00
-1.381071329116821289e+00
-1.771282315254211426e+00
-1.226057112216949463e-01
-3.129316091537475586e+00
-7.237204909324645996e-01
-1.264357924461364746e+00
-3.080772161483764648e-01
-1.818462491035461426e+00
2.047397375106811523e+00
-7.575967311859130859e-01
-8.712120652198791504e-01
-1.749659925699234009e-01
-1.565326333045959473e+00
-4.742125868797302246e-01
7.442710995674133301e-01
-1.624714732170104980e+00
1.210923552513122559e+00
8.861195296049118042e-02
9.770701527595520020e-01
6.177955269813537598e-01
2.091305017471313477e+00
3.731494247913360596e-01
6.298058480024337769e-02
1.131597757339477539e+00
-5.618636012077331543e-01
3.500770032405853271e-02
-1.446962505578994751e-01
-3.624507188796997070e-01
6.757418513298034668e-01
1.095881581306457520e+00
7.235042005777359009e-02
9.984889626502990723e-01
-1.038969755172729492e+00
-2.341394722461700439e-01
-4.188659191131591797e-01
1.128934502601623535e+00
-7.308687567710876465e-01
1.725731968879699707e+00
8.783417940139770508e-01
-5.437739491462707520e-01
-7.427135854959487915e-02
4.099865555763244629e-01
-1.498623967170715332e+00
-1.405442118644714355e+00
1.291947484016418457e+00
-1.684026002883911133e+00
-4.796389862895011902e-02
-2.087641954421997070e+00
-6.976019144058227539e-01
-6.747111678123474121e-01
2.988482415676116943e-01
1.176295280456542969e+00
