1.456695556640625000e+00
-6.773764491081237793e-01
-2.007817178964614868e-01
4.361942112445831299e-01
1.846850275993347168e+00
-5.480058789253234863e-01
8.745998740196228027e-01
-6.212083995342254639e-02
1.007245779037475586e-01
1.630952954292297363e-01
-4.428120255470275879e-01
-8.518001437187194824e-01
-7.096860408782958984e-01
-6.387084722518920898e-01
-6.239103674888610840e-01
6.719579696655273438e-01
-7.863253951072692871e-01
-1.339429467916488647e-01
2.847123861312866211e+00
1.115194082260131836e+00
-1.259532809257507324e+00
-9.062640070915222168e-01
1.484992623329162598e+00
2.473492145538330078e+00
4.347648620605468750e-01
-5.355943441390991211e-01
-8.639215826988220215e-01
-1.036897540092468262e+00
-7.732527256011962891e-01
1.507694959640502930e+00
-1.039562225341796875e+00
3.679340779781341553e-01
-3.047461211681365967e-01
1.797434985637664795e-01
-2.283809483051300049e-01
-1.373567342758178711e+00
1.081653356552124023e+00
-6.010017395019531250e-01
1.145139694213867188e+00
7.375019788742065430e-01
-2.642429769039154053e-01
4.866025447845458984e-01
1.602544307708740234e+00
2.163482427597045898e+00
-7.101764082908630371e-01
-1.101856231689453125e+00
1.158914327621459961e+00
-1.072419956326484680e-01
9.240441322326660156e-01
9.298095107078552246e-01
4.994810223579406738e-01
-1.158903241157531738e+00
7.327699065208435059e-01
4.989420175552368164e-01
3.024052381515502930e-01
-1.456100821495056152e+00
3.414216637611389160e-01
2.433431386947631836e+00
3.031262755393981934e-01
2.379105329513549805e+00
7.033361792564392090e-01
-2.216111660003662109e+00
7.221816778182983398e-01
-1.721670389175415039e+00
-1.397570729255676270e+00
1.379678368568420410e+00
-3.899525105953216553e-01
7.257148027420043945e-01
1.787582516670227051e+00
4.049434363842010498e-01
4.476893544197082520e-01
3.370191752910614014e-01
3.028772175312042236e-01
7.632623314857482910e-01
-1.225170195102691650e-01
2.595429718494415283e-01
2.805157303810119629e-01
-1.740149855613708496e+00
-9.141109585762023926e-01
-4.403640031814575195e-01
1.973374843597412109e+00
-5.612830519676208496e-01
-4.134608209133148193e-01
-7.849408388137817383e-01
4.560682475566864014e-01
8.782861754298210144e-03
1.677398234605789185e-01
-3.997900187969207764e-01
9.623296260833740234e-01
-8.166562318801879883e-01
-9.132404327392578125e-01
-1.437281250953674316e+00
-8.270575404167175293e-01
-1.505557149648666382e-01
5.652340650558471680e-01
-2.014689922332763672e+00
-1.150532960891723633e+00
-1.067587494850158691e+00
8.051646947860717773e-01
3.060772418975830078e-01
1.873047351837158203e+00
2.076160907745361328e+00
-1.028929352760314941e+00
-2.911784946918487549e-01
-1.179036498069763184e+00
-1.045970082283020020e+00
-2.306113988161087036e-01
-1.019019842147827148e+00
3.120745122432708740e-01
2.812911868095397949e-01
-1.229878187179565430e+00
-1.367996454238891602e+00
1.542208194732666016e+00
1.088469147682189941e+00
1.396347880363464355e+00
-3.256581306457519531e+00
-3.462258279323577881e-01
-2.693047761917114258e+00
-1.306129097938537598e+00
-4.278209209442138672e-01
-1.025789856910705566e+00
-1.168783426284790039e+00
1.727888435125350952e-01
-1.484606862068176270e+00
-1.416331410408020020e+00
-6.828175783157348633e-01
9.468559026718139648e-01
8.469594717025756836e-01
