6.271370649337768555e-01
-1.579133123159408569e-01
3.863774836063385010e-01
-2.585138380527496338e-01
1.030771493911743164e+00
-1.098045945167541504e+00
-5.728419423103332520e-01
-1.062187314033508301e+00
-6.708001494407653809e-01
-1.300202727317810059e+00
3.077370882034301758e+00
1.422115683555603027e+00
1.007786244153976440e-01
-7.882120013236999512e-01
-7.263826727867126465e-01
2.089862674474716187e-01
-5.880351662635803223e-01
1.305022001266479492e+00
1.659051418304443359e+00
-2.865804433822631836e-01
-7.735707759857177734e-01
-2.586543262004852295e-01
1.129270792007446289e+00
1.941912055015563965e+00
-2.615722894668579102e+00
5.854958295822143555e-01
-9.074379205703735352e-01
1.223754230886697769e-02
-1.592696011066436768e-01
1.838975310325622559e+00
-2.225982666015625000e+00
-6.402628868818283081e-02
-6.743655204772949219e-01
1.986500501632690430e+00
-9.366193413734436035e-01
-8.465920686721801758e-01
-4.494069144129753113e-02
3.080503940582275391e-01
-1.489389657974243164e+00
-7.081624865531921387e-01
-8.447653055191040039e-01
1.452208280563354492e+00
1.506367325782775879e+00
2.842276334762573242e+00
4.649288058280944824e-01
1.452776908874511719e+00
4.548034444451332092e-02
-1.225017189979553223e+00
4.278618991374969482e-01
-1.784219592809677124e-02
-2.234570682048797607e-01
-1.194818615913391113e+00
1.595605850219726562e+00
1.479746818542480469e+00
-2.919532299041748047e+00
-1.985511302947998047e+00
6.026048064231872559e-01
8.259015679359436035e-01
-8.014280796051025391e-01
2.864477634429931641e-01
3.744822442531585693e-01
4.441583156585693359e-01
-1.988837122917175293e+00
-4.867874681949615479e-01
1.726784467697143555e+00
-2.014503717422485352e+00
-3.232852816581726074e-01
-9.651750326156616211e-01
-3.735206723213195801e-01
-2.791618406772613525e-01
3.520026504993438721e-01
7.260436415672302246e-01
2.455048799514770508e+00
2.536724209785461426e-01
-7.482438087463378906e-01
-2.477485537528991699e-01
4.590510427951812744e-01
1.784657239913940430e-01
2.621830999851226807e-01
-1.005781292915344238e+00
-1.792349070310592651e-01
-1.156138658523559570e+00
-1.691432237625122070e+00
-6.846384704113006592e-02
-8.423042297363281250e-01
-1.645981073379516602e+00
2.981635630130767822e-01
-2.303592681884765625e+00
1.402664661407470703e+00
-9.638264775276184082e-01
7.131695151329040527e-01
-7.489792108535766602e-01
-8.743783831596374512e-01
9.935864210128784180e-01
-1.299815773963928223e-01
1.185540080070495605e+00
-9.049848318099975586e-01
4.418879747390747070e-01
1.343744993209838867e+00
-5.341717004776000977e-01
6.958703398704528809e-01
1.819006800651550293e+00
-8.628714680671691895e-01
2.961618006229400635e-01
-2.280267179012298584e-01
-8.582369685173034668e-01
-5.145917534828186035e-01
9.623726606369018555e-01
1.342048764228820801e+00
-2.437075413763523102e-02
-2.293990850448608398e-01
7.398771643638610840e-01
1.194944143295288086e+00
-4.808989763259887695e-01
1.458910346031188965e+00
-2.620736837387084961e+00
1.709954977035522461e+00
2.922025620937347412e-01
2.813532948493957520e-02
3.067151308059692383e-01
-1.534520864486694336e+00
1.420439362525939941e+00
1.374619752168655396e-01
-6.862030625343322754e-01
-1.263734817504882812e+00
-9.124640226364135742e-01
2.690896093845367432e-01
1.634620547294616699e+00
