-7.639291286468505859e-01
-1.236341595649719238e-01
-1.358600616455078125e+00
4.096138477325439453e-01
-4.507216513156890869e-01
9.821774065494537354e-02
1.483244895935058594e+00
-1.104445219039916992e+00
-3.091597259044647217e-01
-2.683209478855133057e-01
-8.734589815139770508e-01
3.385004997253417969e-01
-2.344090938568115234e+00
-2.245763689279556274e-01
1.343397855758666992e+00
-1.304468750953674316e+00
-2.764855325222015381e-01
1.314221501350402832e+00
-9.372394084930419922e-01
1.225531935691833496e+00
-1.331798553466796875e+00
1.829732954502105713e-01
-6.104776263236999512e-01
-7.922960519790649414e-01
2.068493664264678955e-01
8.545058369636535645e-01
-8.629536628723144531e-01
-2.172265052795410156e+00
3.467438817024230957e-01
1.028731584548950195e+00
2.677054330706596375e-02
-1.337255120277404785e+00
1.436480998992919922e+00
1.708588242530822754e+00
-2.846258580684661865e-01
-6.516888141632080078e-01
1.307872682809829712e-01
-1.563700079917907715e+00
-1.165716409683227539e+00
1.464780330657958984e+00
-3.494538068771362305e+00
2.551482915878295898e-01
1.879955291748046875e+00
1.241628050804138184e+00
1.056299209594726562e+00
6.725720316171646118e-02
5.822751522064208984e-01
-4.917528629302978516e-01
1.219993948936462402e+00
1.225621223449707031e+00
2.092953398823738098e-02
-9.444742202758789062e-01
-1.895480751991271973e-01
1.088284373283386230e+00
-1.679869890213012695e+00
9.764521718025207520e-01
-9.352024644613265991e-02
1.462301909923553467e-01
1.358193516731262207e+00
-1.848067156970500946e-02
-1.684692144393920898e+00
9.043292403221130371e-01
-7.633821368217468262e-01
4.428531527519226074e-01
-8.694663643836975098e-01
1.364776968955993652e+00
1.031092166900634766e+00
-8.552347123622894287e-02
-9.910998344421386719e-01
6.209071725606918335e-02
1.643521666526794434e+00
-2.573474884033203125e+00
1.317165374755859375e+00
1.560448765754699707e+00
8.536633849143981934e-01
2.361157983541488647e-01
3.974120020866394043e-01
2.547009885311126709e-01
9.942628145217895508e-01
4.319378137588500977e-01
4.746936261653900146e-01
-9.054939150810241699e-01
1.978503704071044922e+00
8.633811473846435547e-01
-2.689989507198333740e-01
1.873094081878662109e+00
-8.471761941909790039e-01
-2.505345106124877930e+00
-3.383402526378631592e-01
2.469124495983123779e-01
8.193345665931701660e-01
-1.882933259010314941e+00
-2.831659018993377686e-01
-5.556970238685607910e-01
-7.897444367408752441e-01
-1.322284698486328125e+00
5.500091314315795898e-01
-1.275626778602600098e+00
3.628082573413848877e-01
7.782962918281555176e-01
-9.452804327011108398e-01
-8.871702551841735840e-01
2.636878490447998047e-01
8.454642295837402344e-01
2.885645627975463867e+00
3.229421377182006836e-01
-6.095282435417175293e-01
-1.721692562103271484e+00
-1.343630909919738770e+00
-3.005175113677978516e+00
2.049827277660369873e-01
8.606989383697509766e-01
-4.292081892490386963e-01
3.380774855613708496e-01
5.540067330002784729e-02
6.267609000205993652e-01
1.391710758209228516e+00
-9.471050500869750977e-01
7.049947977066040039e-01
-8.205276727676391602e-02
3.055935204029083252e-01
-1.052330017089843750e+00
1.519744038581848145e+00
1.217536687850952148e+00
-9.139798283576965332e-01
-2.948056459426879883e+00
3.904187381267547607e-01
1.144103288650512695e+00
