-1.424340486526489258e+00
-7.033249139785766602e-01
1.025188490748405457e-01
2.992222607135772705e-01
7.603397369384765625e-01
-4.068821370601654053e-01
1.013973951339721680e+00
7.285626977682113647e-02
-7.087018489837646484e-01
-8.195931315422058105e-01
1.045018434524536133e+00
-9.920638799667358398e-01
1.961973495781421661e-02
1.420618653297424316e+00
1.350888729095458984e+00
1.158397078514099121e+00
-2.499991416931152344e+00
3.555885851383209229e-01
-2.128063887357711792e-01
4.537105560302734375e-01
-5.030574798583984375e-01
6.161612272262573242e-01
1.940314650535583496e+00
1.677790999412536621e+00
-1.343021154403686523e+00
-2.278674364089965820e+00
5.900167673826217651e-02
-1.849840402603149414e+00
6.578475236892700195e-01
1.811525702476501465e+00
9.259349107742309570e-02
-2.585031688213348389e-01
-2.314213663339614868e-01
7.848434448242187500e-01
-2.445756942033767700e-01
-6.126448512077331543e-01
-8.396083712577819824e-01
-1.346571445465087891e+00
-8.055964708328247070e-01
-3.345817327499389648e-01
-1.628708541393280029e-01
-1.126528382301330566e+00
1.865673065185546875e+00
2.696702480316162109e-01
1.767041683197021484e-01
9.140635728836059570e-01
-3.726134598255157471e-01
1.901755630970001221e-01
-8.857389688491821289e-01
-6.133357435464859009e-02
-7.694014906883239746e-01
-1.255661368370056152e+00
9.221935272216796875e-01
-5.677230954170227051e-01
-9.858756065368652344e-01
-7.955561876296997070e-01
-4.459630697965621948e-02
-4.997892975807189941e-01
1.164548754692077637e+00
6.913061141967773438e-01
3.205228447914123535e-01
1.874278426170349121e+00
8.194745779037475586e-01
-1.233757659792900085e-01
1.949266791343688965e+00
2.015169709920883179e-01
4.668919742107391357e-01
9.743061661720275879e-01
2.811476588249206543e-01
-4.884445667266845703e-01
-1.020014286041259766e+00
-8.754180073738098145e-01
1.084115147590637207e+00
8.572661280632019043e-01
5.084441304206848145e-01
-1.038631439208984375e+00
-4.369625449180603027e-01
-1.397285699844360352e+00
5.598674416542053223e-01
3.895288109779357910e-01
1.168410658836364746e+00
-2.570078611373901367e+00
-4.202344417572021484e-01
-6.406971812248229980e-01
9.550675749778747559e-01
3.997188806533813477e-02
-9.751681238412857056e-02
-1.112165927886962891e+00
-3.992140293121337891e-01
-2.296793758869171143e-01
-7.529621124267578125e-01
9.952285885810852051e-01
1.449829697608947754e+00
-4.733028355985879898e-03
7.350865602493286133e-01
-2.870406210422515869e-01
-5.836268514394760132e-02
8.019555807113647461e-01
1.237087249755859375e+00
4.737069904804229736e-01
9.267497658729553223e-01
-9.503265470266342163e-02
-1.134237051010131836e+00
-8.702982664108276367e-01
-6.228260993957519531e-01
1.703128814697265625e+00
1.498966217041015625e+00
2.623586654663085938e-01
2.521698236465454102e+00
5.749428272247314453e-01
-3.732225179672241211e+00
1.559408307075500488e-01
-4.541709125041961670e-01
-6.603507697582244873e-02
3.475979343056678772e-02
1.342835426330566406e-01
-4.301999807357788086e-01
2.460310757160186768e-01
7.598260641098022461e-01
6.279996037483215332e-01
-1.579354763031005859e+00
3.020608238875865936e-02
-3.518860936164855957e-01
-1.095184326171875000e+00
-1.981085300445556641e+00
-9.579700231552124023e-01
1.766372472047805786e-01
-3.894424438476562500e-01
