-1.046591401100158691e+00
5.902277827262878418e-01
5.607615113258361816e-01
-7.579028606414794922e-02
7.634509801864624023e-01
1.798297643661499023e+00
-1.757076978683471680e+00
2.532310485839843750e-01
-7.257717847824096680e-01
-2.124660968780517578e+00
1.747929453849792480e+00
1.970279455184936523e+00
7.926928997039794922e-02
2.163567692041397095e-01
-1.013536334037780762e+00
-6.129144430160522461e-01
-2.129493951797485352e+00
7.381602525711059570e-01
-6.730095744132995605e-01
1.883618533611297607e-01
5.891977548599243164e-01
1.811977028846740723e+00
-3.883906900882720947e-01
-6.869092583656311035e-01
7.395466789603233337e-03
-3.960860073566436768e-01
2.310637474060058594e+00
1.135416552424430847e-01
-1.527409702539443970e-01
-1.408442020416259766e+00
7.793704867362976074e-01
6.316350102424621582e-01
-2.143291831016540527e-01
-2.556964397430419922e+00
-1.296442002058029175e-01
-2.475567311048507690e-01
-1.165816783905029297e+00
2.602366507053375244e-01
-2.026273250579833984e+00
-3.564023077487945557e-01
-2.935150405392050743e-03
-3.616451621055603027e-01
1.258628010749816895e+00
2.376413822174072266e+00
2.448125332593917847e-01
4.287551939487457275e-01
1.247514009475708008e+00
1.641685962677001953e+00
1.935131549835205078e-01
-1.335050702095031738e+00
-1.080541491508483887e+00
-1.464377880096435547e+00
1.852061152458190918e-01
7.551221847534179688e-01
-7.803508043289184570e-01
-1.699326992034912109e+00
-3.095121867954730988e-02
2.761453866958618164e+00
6.563467979431152344e-01
1.081369996070861816e+00
-9.891692996025085449e-01
1.945993781089782715e+00
1.739776253700256348e+00
-2.550371289253234863e-01
4.765255749225616455e-01
-2.723039388656616211e+00
1.772821694612503052e-01
1.614146679639816284e-01
9.162244200706481934e-01
-5.947067141532897949e-01
1.034844636917114258e+00
6.879619359970092773e-01
1.376102566719055176e-01
1.768368631601333618e-01
8.567128181457519531e-01
-8.337731361389160156e-01
-5.809468030929565430e-01
1.073246836662292480e+00
-4.044964909553527832e-01
-2.578233480453491211e+00
-1.489669084548950195e+00
9.450697302818298340e-01
3.236519172787666321e-02
-2.378164231777191162e-01
9.445080161094665527e-01
-2.960426330566406250e+00
-1.600795537233352661e-01
-5.198756232857704163e-02
-5.968424081802368164e-01
-1.382808923721313477e+00
3.112511157989501953e+00
-1.659250020980834961e+00
-9.872976541519165039e-01
5.991640686988830566e-01
3.183410465717315674e-01
-3.034442961215972900e-01
-7.071674466133117676e-01
7.149533033370971680e-01
-3.515253365039825439e-01
-1.305988907814025879e+00
2.444149106740951538e-01
1.159432291984558105e+00
-2.674644589424133301e-01
3.895358741283416748e-01
1.201207160949707031e+00
-2.804197371006011963e-01
-8.868733048439025879e-01
4.597479999065399170e-01
2.872664451599121094e+00
9.975972175598144531e-01
-1.284303665161132812e+00
1.048162698745727539e+00
1.239959359169006348e+00
-6.438984274864196777e-01
1.678882598876953125e+00
-3.945880234241485596e-01
-1.366585493087768555e+00
8.668109774589538574e-01
-5.150884985923767090e-01
-1.142124533653259277e+00
9.832288026809692383e-01
-6.008160114288330078e-01
3.276666700839996338e-01
5.108828470110893250e-02
-1.537205219268798828e+00
-8.452106118202209473e-01
1.088794231414794922e+00
-4.501357376575469971e-01
