1.044553875923156738e+00
9.575307369232177734e-01
1.078555639833211899e-02
-4.491930007934570312e-01
-1.492407917976379395e+00
-7.375919818878173828e-01
6.785406470298767090e-01
-1.986303925514221191e-01
-1.793596863746643066e+00
1.526052832603454590e+00
-1.651485711336135864e-01
2.495276033878326416e-01
-7.693511247634887695e-02
-1.669754505157470703e+00
-4.528894126415252686e-01
-2.101885318756103516e+00
-9.929051399230957031e-01
-3.764922618865966797e-01
6.463341712951660156e-01
-3.151943981647491455e-01
-2.191859334707260132e-01
-3.528200685977935791e-01
1.679343700408935547e+00
1.149098634719848633e+00
1.563087850809097290e-02
4.356958568096160889e-01
-3.081098496913909912e-01
1.099581003189086914e+00
-8.506343960762023926e-01
-1.929931640625000000e-01
-1.573696017265319824e+00
-2.939867734909057617e+00
-7.474465966224670410e-01
2.634033918380737305e+00
-8.469834923744201660e-01
1.215196490287780762e+00
-9.192022085189819336e-01
2.917216777801513672e+00
-5.463876202702522278e-02
2.522692918777465820e+00
1.285891771316528320e+00
1.064740657806396484e+00
2.280033349990844727e+00
-4.491022229194641113e-02
-5.972754955291748047e-01
-3.757244348526000977e-01
-1.093938708305358887e+00
2.540664672851562500e+00
-1.079016849398612976e-01
-6.351384520530700684e-01
-1.299078226089477539e+00
5.471721291542053223e-01
8.430768251419067383e-01
1.509241163730621338e-01
9.051438570022583008e-01
1.980563163757324219e+00
2.694076597690582275e-01
1.312856674194335938e+00
-2.034656763076782227e+00
8.305742740631103516e-01
2.547330260276794434e-01
-1.545795202255249023e+00
4.038067758083343506e-01
-1.845520853996276855e+00
4.961470663547515869e-01
-1.403295159339904785e+00
1.601547122001647949e+00
1.355005025863647461e+00
1.184218525886535645e+00
-5.535297989845275879e-01
5.949198603630065918e-01
3.606553077697753906e+00
1.215924844145774841e-01
3.459526896476745605e-01
9.941710531711578369e-02
2.528887093067169189e-01
2.061467617750167847e-01
6.347308754920959473e-01
2.316218167543411255e-01
-2.438033819198608398e+00
-2.931320190429687500e+00
5.353280901908874512e-01
1.035256683826446533e-01
-9.297407865524291992e-01
1.008109331130981445e+00
-3.998529911041259766e-01
-4.847144186496734619e-01
1.574246168136596680e+00
-2.267093211412429810e-01
-8.875980973243713379e-02
1.028772592544555664e+00
-9.309291839599609375e-01
8.554664254188537598e-01
7.168167233467102051e-01
4.081082642078399658e-01
-1.580810308456420898e+00
1.350555896759033203e+00
-7.249825000762939453e-01
1.031148076057434082e+00
1.572583019733428955e-01
-1.505093336105346680e+00
6.366258263587951660e-01
-5.875833034515380859e-01
-9.289776086807250977e-01
-1.152149662375450134e-01
7.144963741302490234e-01
2.815820574760437012e-01
8.491151332855224609e-01
7.487497329711914062e-01
-2.352515459060668945e-01
-2.022187471389770508e+00
-1.199725151062011719e+00
-1.062044620513916016e+00
9.070711582899093628e-02
5.105918049812316895e-01
-1.911493062973022461e+00
3.840826451778411865e-01
-2.977072000503540039e+00
-4.104701578617095947e-01
5.089592337608337402e-01
1.623854160308837891e+00
1.609164476394653320e-01
-1.278438806533813477e+00
-4.247078299522399902e-01
-5.989707112312316895e-01
-3.649260848760604858e-02
-7.867699861526489258e-01
-2.581421852111816406e+00
