7.696885466575622559e-01
-9.374276995658874512e-01
1.023188885301351547e-02
4.765080660581588745e-02
-3.475070893764495850e-01
3.065566420555114746e-01
9.280228018760681152e-01
7.182423770427703857e-02
-2.460496187210083008e+00
1.798694491386413574e+00
3.625378608703613281e-01
6.456682085990905762e-01
9.811447262763977051e-01
4.056241214275360107e-01
1.375861167907714844e+00
6.612189859151840210e-02
1.262995600700378418e+00
2.275180071592330933e-01
-2.224636077880859375e+00
1.370902061462402344e+00
-1.904043704271316528e-01
7.115167379379272461e-01
6.514543890953063965e-01
-8.078525662422180176e-01
-1.146123170852661133e+00
-1.910499095916748047e+00
2.764325141906738281e-01
-1.345370054244995117e+00
1.278986215591430664e+00
5.332764387130737305e-01
-5.301542878150939941e-01
2.329945117235183716e-01
-4.992119371891021729e-01
1.154159307479858398e+00
-6.872381567955017090e-01
3.001707606017589569e-02
-6.676655411720275879e-01
9.024391770362854004e-01
1.497628688812255859e+00
1.018860459327697754e+00
1.786287546157836914e+00
-1.475650787353515625e+00
1.580519318580627441e+00
1.030012488365173340e+00
2.266792356967926025e-01
4.302892088890075684e-01
-1.936167120933532715e+00
3.901505172252655029e-01
-3.158425912261009216e-02
3.091502428054809570e+00
-4.882737696170806885e-01
-2.681382894515991211e-01
-9.628062248229980469e-01
3.954384326934814453e-01
5.908598899841308594e-01
1.426388859748840332e+00
-2.729027986526489258e+00
-1.218166232109069824e+00
5.891255736351013184e-01
1.807568192481994629e+00
-1.666854858398437500e+00
2.995751619338989258e+00
-2.495603859424591064e-01
-1.150421723723411560e-01
-2.988488376140594482e-01
1.219660758972167969e+00
-6.588765382766723633e-01
-1.231897920370101929e-01
-6.438640356063842773e-01
-1.882920116186141968e-01
4.522019624710083008e-01
-1.750712990760803223e+00
1.303967475891113281e+00
1.258190155029296875e+00
-1.560432370752096176e-02
9.290229678153991699e-01
-1.289009302854537964e-01
8.277788758277893066e-01
9.248597621917724609e-01
-4.126242399215698242e-01
4.975148439407348633e-01
-8.116100430488586426e-01
-4.311461448669433594e-01
-4.743416979908943176e-02
1.207923769950866699e+00
-2.644880056381225586e+00
-6.473779678344726562e-01
-1.961353898048400879e+00
1.807259619235992432e-01
3.555121719837188721e-01
-9.220640659332275391e-01
-3.701918721199035645e-01
4.101200699806213379e-01
7.498364448547363281e-01
-1.162713766098022461e+00
6.807011961936950684e-01
2.033172130584716797e+00
4.941729083657264709e-02
-7.362367212772369385e-02
1.151383399963378906e+00
2.191126585006713867e+00
-1.074095606803894043e+00
3.825594484806060791e-01
4.061867892742156982e-01
1.488892793655395508e+00
1.735006123781204224e-01
-1.268836259841918945e+00
-9.515096545219421387e-01
-1.324688792228698730e+00
-3.378648281097412109e+00
-3.720749914646148682e-01
-1.594607114791870117e+00
-1.192159056663513184e+00
1.648642122745513916e-01
1.026317998766899109e-01
-1.977707743644714355e+00
-2.368596009910106659e-02
-1.362607359886169434e+00
-9.422924518585205078e-01
7.305626273155212402e-01
-4.983983337879180908e-01
-1.506182670593261719e+00
2.982916235923767090e-01
-1.509214401245117188e+00
-1.445859432220458984e+00
-1.081860959529876709e-01
-1.767926514148712158e-01
1.098159670829772949e+00
