3.909617424011230469e+00
1.465953071601688862e-03
8.319025039672851562e-01
-2.205702709034085274e-03
7.856610417366027832e-01
-1.774958252906799316e+00
-6.065590381622314453e-01
-1.964743256568908691e+00
-8.409290909767150879e-01
-6.736329197883605957e-01
1.644577264785766602e+00
1.229468822479248047e+00
6.648973375558853149e-02
-1.147624969482421875e+00
-8.061003684997558594e-01
-1.489151597023010254e+00
-1.026516914367675781e+00
4.177434444427490234e-01
-2.544822096824645996e-01
-4.268563091754913330e-01
2.165288209915161133e+00
-1.166331410408020020e+00
-1.725455075502395630e-01
2.868022769689559937e-02
-7.612968683242797852e-01
-1.159354209899902344e+00
1.690189123153686523e+00
6.955046057701110840e-01
-1.923899501562118530e-01
-1.023109197616577148e+00
2.940481662750244141e+00
1.352160811424255371e+00
1.688493132591247559e+00
7.148735225200653076e-02
-1.746760964393615723e+00
-1.044493198394775391e+00
-1.061175107955932617e+00
2.052938699722290039e+00
-1.419076323509216309e-01
9.559844732284545898e-01
-3.739127889275550842e-02
8.596235513687133789e-01
8.661737442016601562e-01
1.363382816314697266e+00
-1.319703936576843262e+00
-8.568829298019409180e-02
6.072616577148437500e-01
1.465872883796691895e+00
-1.402203083038330078e+00
-1.869027972221374512e+00
-1.234962493181228638e-01
-3.413890361785888672e+00
-3.107016682624816895e-01
2.817032814025878906e+00
2.289235293865203857e-01
7.960214018821716309e-01
2.519885301589965820e+00
8.412093520164489746e-01
5.261873602867126465e-01
-5.142536163330078125e-01
-1.218722343444824219e+00
1.177961453795433044e-01
1.955871880054473877e-01
-1.589560389518737793e+00
7.444430589675903320e-01
-1.883563280105590820e+00
-3.539620935916900635e-01
1.267557591199874878e-01
-1.508155941963195801e+00
1.316423773765563965e+00
1.610479205846786499e-01
1.769843846559524536e-01
-1.152881264686584473e+00
7.241094708442687988e-01
1.326034218072891235e-01
-1.054404735565185547e+00
4.170159697532653809e-01
-8.553467392921447754e-01
-1.804219245910644531e+00
-1.912339210510253906e+00
2.332009792327880859e+00
-5.296658724546432495e-02
-1.208267569541931152e+00
1.227176666259765625e+00
1.723669290542602539e+00
-3.238009512424468994e-01
4.490254819393157959e-01
-6.067832708358764648e-01
2.368968963623046875e+00
-7.267128229141235352e-01
8.189076185226440430e-01
-1.366219878196716309e+00
-7.581011652946472168e-01
9.585797786712646484e-01
-1.162184119224548340e+00
-6.016547083854675293e-01
2.496658325195312500e+00
-1.670284628868103027e+00
7.116016149520874023e-01
-7.190434336662292480e-01
5.721646547317504883e-01
1.788620114326477051e+00
-1.986777901649475098e+00
4.080080613493919373e-02
1.011980295181274414e+00
-2.478403747081756592e-01
-2.624925374984741211e-01
-2.249077796936035156e+00
2.144922316074371338e-01
1.149540424346923828e+00
-4.389150440692901611e-01
7.363147139549255371e-01
-5.213966369628906250e-01
-1.790682435035705566e+00
1.911925792694091797e+00
-1.568273186683654785e+00
7.861312627792358398e-01
-7.005843520164489746e-01
-6.119139790534973145e-01
1.040674000978469849e-01
-1.314409136772155762e+00
-7.865905761718750000e-02
6.173997744917869568e-02
-6.647225618362426758e-01
-3.148096799850463867e-01
5.248142480850219727e-01
-5.308181419968605042e-02
7.638451457023620605e-02
