1.845855712890625000e+00
-1.361900925636291504e+00
-4.409788548946380615e-02
-2.276729106903076172e+00
-1.008974909782409668e+00
-5.064709782600402832e-01
8.813701868057250977e-01
8.573811054229736328e-01
-1.348469614982604980e+00
-7.994016408920288086e-01
-1.151082277297973633e+00
-4.967630803585052490e-01
1.275657653808593750e+00
-6.628460884094238281e-01
-1.241492986679077148e+00
4.190933406352996826e-01
-8.761932849884033203e-01
1.182159066200256348e+00
-1.404606252908706665e-01
8.500324189662933350e-02
1.751046180725097656e+00
-2.071253955364227295e-01
5.710433125495910645e-01
7.005720734596252441e-01
4.857651293277740479e-01
-5.973575115203857422e-01
-1.647248029708862305e+00
-2.278594493865966797e+00
-5.568912997841835022e-02
1.093189597129821777e+00
2.335666716098785400e-01
-2.231851100921630859e+00
-3.552674353122711182e-01
1.686517596244812012e+00
1.831759452819824219e+00
9.069966077804565430e-01
-1.137230873107910156e+00
-8.138224482536315918e-01
-1.237726092338562012e+00
-1.239687919616699219e+00
1.053380131721496582e+00
-1.452365666627883911e-01
2.131979465484619141e+00
-1.315026283264160156e+00
9.381185770034790039e-01
-2.377792358398437500e+00
-7.528465986251831055e-02
1.371044516563415527e+00
1.570924669504165649e-01
2.110559940338134766e+00
1.430772423744201660e+00
-1.311220407485961914e+00
2.113341331481933594e+00
1.638895273208618164e+00
6.559031009674072266e-01
-6.247195005416870117e-01
1.663503795862197876e-01
3.865145146846771240e-01
-5.999951362609863281e-01
3.731223344802856445e+00
-4.226357340812683105e-01
-6.054055690765380859e-01
-6.148837804794311523e-01
8.052328824996948242e-01
1.663021445274353027e+00
-2.568641662597656250e+00
6.392549723386764526e-02
1.013647198677062988e+00
-6.205235123634338379e-01
-1.811327785253524780e-01
3.741496503353118896e-01
1.405705213546752930e-01
1.668252348899841309e-01
-7.590426504611968994e-02
5.141602158546447754e-01
-1.432809114456176758e+00
1.269029229879379272e-01
-1.122069120407104492e+00
-1.406568288803100586e+00
-1.172668337821960449e+00
8.708497881889343262e-01
-6.193919181823730469e-01
-5.702491998672485352e-01
-2.554481923580169678e-01
2.895978689193725586e+00
1.816801071166992188e+00
5.692020058631896973e-01
1.572201967239379883e+00
-8.412022590637207031e-01
-1.195365786552429199e+00
-6.777918934822082520e-01
-7.980939149856567383e-01
-1.579218506813049316e+00
-7.963716387748718262e-01
6.665351986885070801e-02
1.194144368171691895e+00
8.179699778556823730e-01
-8.223588466644287109e-01
1.077254176139831543e+00
2.408797264099121094e+00
8.176428079605102539e-01
1.712350130081176758e+00
3.957317173480987549e-01
-9.908191561698913574e-01
3.925563395023345947e-01
1.206681609153747559e+00
-1.966245651245117188e+00
5.959031581878662109e-01
9.311847686767578125e-01
-7.341643571853637695e-01
1.675992965698242188e+00
-1.533023118972778320e+00
1.044997334480285645e+00
-1.037949681282043457e+00
2.442790716886520386e-01
2.821531593799591064e-01
1.317448854446411133e+00
-2.374922275543212891e+00
-1.827911972999572754e+00
-1.230846405029296875e+00
1.946256160736083984e+00
-8.223317861557006836e-01
-2.834309935569763184e-01
-1.976606726646423340e+00
-2.333178520202636719e-01
-1.499759316444396973e+00
-1.071896791458129883e+00
-6.680619120597839355e-01
