1.081910729408264160e+00
1.339976549148559570e+00
6.041106581687927246e-01
3.222217559814453125e-01
2.077871799468994141e+00
-4.520159959793090820e-01
1.023215651512145996e+00
1.191872239112854004e+00
-5.194866657257080078e-01
-6.423348188400268555e-01
1.898755073547363281e+00
5.844113826751708984e-01
-6.145546436309814453e-01
-1.299257874488830566e+00
1.454806625843048096e-01
2.193659782409667969e+00
1.106675788760185242e-01
1.316592454910278320e+00
9.227690100669860840e-01
-9.568437337875366211e-01
-2.945803664624691010e-02
-3.732358694076538086e+00
2.096726149320602417e-01
3.190252780914306641e-01
-7.170026898384094238e-01
-8.232506513595581055e-01
-2.724770605564117432e-01
-9.533450007438659668e-01
-8.697074055671691895e-01
5.947252511978149414e-01
-1.702111810445785522e-01
-3.742848396301269531e+00
-9.333862662315368652e-01
-9.414239902980625629e-04
8.224887847900390625e-01
-2.457599937915802002e-01
-1.142653822898864746e+00
2.972208559513092041e-01
-7.573892474174499512e-01
-9.023255109786987305e-01
4.631277024745941162e-01
8.900344967842102051e-01
2.092640161514282227e+00
1.119603514671325684e+00
-5.594535470008850098e-01
-1.464029431343078613e+00
-9.934022426605224609e-01
-8.403237909078598022e-02
1.102532505989074707e+00
-1.999330163002014160e+00
1.997575759887695312e-01
-9.594604969024658203e-01
5.832879543304443359e-01
1.597267031669616699e+00
-2.226625919342041016e+00
-1.037509739398956299e-01
4.837241172790527344e-01
2.078731775283813477e+00
-1.461280941963195801e+00
-1.154261469841003418e+00
-3.531692624092102051e-01
5.897278785705566406e-01
1.057101845741271973e+00
1.256322026252746582e+00
-1.067063435912132263e-01
-6.613575220108032227e-01
1.132096648216247559e+00
2.187881708145141602e+00
1.354644894599914551e+00
1.385301444679498672e-02
2.944439411163330078e+00
1.475877642631530762e+00
-1.104480624198913574e+00
3.039704859256744385e-01
1.121580243110656738e+00
-8.622685670852661133e-01
-6.271015405654907227e-01
-1.434072494506835938e+00
-3.449137210845947266e-01
-7.748346328735351562e-01
5.426798462867736816e-01
-1.108563423156738281e+00
-1.861472427845001221e-01
-7.618970870971679688e-01
1.005056798458099365e-01
-1.107873439788818359e+00
-1.377223372459411621e+00
1.723460912704467773e+00
-1.134207844734191895e+00
9.705573320388793945e-01
2.193224430084228516e+00
-1.943689107894897461e+00
1.348329067230224609e+00
-2.961533069610595703e-01
-1.665626049041748047e+00
1.889555007219314575e-01
1.407398939132690430e+00
-5.123183131217956543e-01
-8.566669821739196777e-01
6.448979973793029785e-01
-2.391621321439743042e-01
7.044737339019775391e-01
-3.279781043529510498e-01
9.655719995498657227e-02
8.045196533203125000e-01
6.078567728400230408e-02
-9.669139049947261810e-03
-2.296310365200042725e-01
7.721583843231201172e-01
5.023205280303955078e-01
-1.285763680934906006e-01
5.865651965141296387e-01
-3.818189203739166260e-01
-3.024427592754364014e-01
1.285419940948486328e+00
-1.066544771194458008e+00
-1.515522718429565430e+00
-1.827441811561584473e+00
7.971209287643432617e-01
-7.507980465888977051e-01
-3.124575853347778320e+00
-1.247613206505775452e-01
-1.369358152151107788e-01
1.035866975784301758e+00
-7.976471781730651855e-01
-1.492097377777099609e+00
-3.303135335445404053e-01
1.307151317596435547e+00
