-2.362379789352416992e+00
-1.177007317543029785e+00
1.024314999580383301e+00
3.434242904186248779e-01
2.226582527160644531e+00
-1.659037917852401733e-01
1.846487283706665039e+00
-1.906320214271545410e+00
3.700164258480072021e-01
-8.171087503433227539e-01
4.388073086738586426e-02
5.786850452423095703e-01
-1.758436441421508789e+00
3.076916933059692383e-01
3.369718492031097412e-01
-2.285956405103206635e-02
1.494653582572937012e+00
1.618225097656250000e+00
-8.304120302200317383e-01
1.244520783424377441e+00
-8.307241201400756836e-01
-1.615014523267745972e-01
-5.215458869934082031e-01
1.624078512191772461e+00
-1.193007946014404297e+00
3.338754415512084961e+00
1.387834906578063965e+00
-1.119770169258117676e+00
1.373464941978454590e+00
-5.383171439170837402e-01
-8.174207806587219238e-01
-9.219019412994384766e-01
-1.352451920509338379e+00
5.379331111907958984e-01
-4.395936429500579834e-01
1.444560647010803223e+00
2.461108118295669556e-01
-1.096203923225402832e+00
-6.115111112594604492e-01
-7.804479002952575684e-01
-4.248474538326263428e-01
-2.311801433563232422e+00
1.277293205261230469e+00
1.357491254806518555e+00
5.341729521751403809e-01
8.181643486022949219e-01
2.143330097198486328e+00
-2.354273498058319092e-01
-1.637492775917053223e+00
-4.539529681205749512e-01
-9.695963263511657715e-01
-4.068965315818786621e-01
2.097371667623519897e-01
-1.336059927940368652e+00
-3.373241052031517029e-02
-4.883572831749916077e-02
1.702853441238403320e+00
4.224479794502258301e-01
1.805114507675170898e+00
-6.972408294677734375e-01
-2.201521843671798706e-01
2.036378383636474609e-01
-1.564212679862976074e+00
-1.271273374557495117e+00
2.219796180725097656e+00
3.406509459018707275e-01
-2.301270216703414917e-01
1.755981326103210449e+00
-1.358237504959106445e+00
3.355047702789306641e-01
-1.122881293296813965e+00
-1.419035673141479492e+00
2.720811605453491211e+00
7.502792477607727051e-01
-6.234230399131774902e-01
-1.717349410057067871e+00
-1.067565798759460449e+00
-2.061642110347747803e-01
-1.096243262290954590e+00
-4.846587479114532471e-01
3.458298370242118835e-02
-4.762809574604034424e-01
1.939523577690124512e+00
-5.708191394805908203e-01
-1.476348519325256348e+00
2.344226598739624023e+00
5.205874443054199219e-01
-1.602798104286193848e+00
-1.555628776550292969e+00
1.892522335052490234e+00
5.719388127326965332e-01
6.958255171775817871e-01
-1.267659068107604980e-01
-3.957560360431671143e-01
-1.173568248748779297e+00
9.160332083702087402e-01
-2.716292440891265869e-01
2.263900339603424072e-01
-4.773382970597594976e-04
2.023589760065078735e-01
-1.432006955146789551e+00
1.348316550254821777e+00
-1.409883260726928711e+00
5.105294585227966309e-01
1.809726357460021973e+00
3.583296239376068115e-01
3.109214007854461670e-01
-8.052265644073486328e-01
1.182601928710937500e+00
-1.498658180236816406e+00
-1.109448909759521484e+00
1.108229517936706543e+00
1.338747024536132812e+00
1.496224522590637207e+00
2.182687520980834961e-01
4.620835185050964355e-01
1.472830057144165039e+00
-8.568246960639953613e-01
-6.467501521110534668e-01
-3.369273617863655090e-02
-1.234761834144592285e+00
-7.295630574226379395e-01
-8.297458887100219727e-01
-3.492806196212768555e+00
-2.735499739646911621e-01
-2.294867515563964844e+00
-4.343726933002471924e-01
1.242211461067199707e+00
