-1.069852232933044434e+00
-2.634842634201049805e+00
4.160511195659637451e-01
5.651324391365051270e-01
-9.990997910499572754e-01
-1.601738691329956055e+00
-3.300637602806091309e-01
-5.582559108734130859e-01
2.156617879867553711e+00
7.930057644844055176e-01
-9.842363595962524414e-01
4.682797491550445557e-01
-1.239735245704650879e+00
5.492085814476013184e-01
-2.597256600856781006e-01
-1.416551709175109863e+00
9.240514636039733887e-01
1.894378423690795898e+00
7.225231081247329712e-02
1.453639984130859375e+00
-2.083820343017578125e+00
6.313945353031158447e-02
1.759861946105957031e+00
1.210889101028442383e+00
-1.470974564552307129e+00
2.952533364295959473e-01
6.463210582733154297e-01
-3.894758820533752441e-01
3.142830729484558105e-01
3.106914460659027100e-01
-1.937864571809768677e-01
5.074657201766967773e-01
-7.700285315513610840e-02
-1.375695765018463135e-01
3.258407413959503174e-01
2.000881195068359375e+00
2.225108861923217773e+00
-2.835391759872436523e-01
-1.552060842514038086e+00
-3.035650774836540222e-02
-4.755544066429138184e-01
4.301924109458923340e-01
1.003228783607482910e+00
7.253654003143310547e-01
1.038509249687194824e+00
4.644152522087097168e-01
-1.543765902519226074e+00
1.490207791328430176e+00
4.969216883182525635e-01
1.946024656295776367e+00
2.860447168350219727e-01
-2.557617664337158203e+00
-2.667201757431030273e-01
1.833543926477432251e-01
4.371745884418487549e-01
2.448430806398391724e-01
1.333008646965026855e+00
-1.428268074989318848e+00
1.846977323293685913e-01
-4.316192567348480225e-01
-1.561570286750793457e+00
-9.076987504959106445e-01
-2.918347716331481934e-01
-5.030705928802490234e-01
4.668899774551391602e-01
2.140366554260253906e+00
-5.016474723815917969e-01
2.675018608570098877e-01
2.618948221206665039e-01
1.678544163703918457e+00
7.543600201606750488e-01
-2.419967502355575562e-01
2.120050191879272461e+00
4.758764430880546570e-02
-1.080974817276000977e+00
-1.750000238418579102e+00
-2.345889091491699219e+00
9.111679196357727051e-01
1.450604796409606934e+00
-1.878170728683471680e+00
2.818037383258342743e-02
-1.608462929725646973e+00
1.342718839645385742e+00
1.619914770126342773e+00
-1.388451457023620605e+00
1.533869743347167969e+00
-6.047897338867187500e-01
-1.902646660804748535e+00
7.778964638710021973e-01
1.433187127113342285e+00
-1.536475419998168945e+00
-2.395724058151245117e-01
-9.520276188850402832e-01
5.865988135337829590e-01
1.437001585960388184e+00
-5.790370702743530273e-01
-8.216630816459655762e-01
4.560640752315521240e-01
-6.486772894859313965e-01
2.261332035064697266e+00
-5.022326111793518066e-02
5.983107537031173706e-02
1.130392670631408691e+00
1.493768811225891113e+00
-3.440280258655548096e-01
1.377808928489685059e+00
-8.757984042167663574e-01
-3.772665262222290039e-01
5.108151435852050781e-01
-2.519020318984985352e+00
-2.201405167579650879e-01
2.018054485321044922e+00
5.138649940490722656e-01
-3.018425405025482178e-01
4.898187518119812012e-01
-2.444335937500000000e+00
-6.402353644371032715e-01
-1.529860973358154297e+00
-1.286045461893081665e-01
-1.354229450225830078e-01
-1.709000110626220703e+00
2.165095806121826172e-01
1.044421076774597168e+00
-3.926139771938323975e-01
-8.183674216270446777e-01
-3.289881944656372070e+00
-9.190594553947448730e-01
-4.878053963184356689e-01
