-1.707993865013122559e+00
-1.682472229003906250e+00
4.758483469486236572e-01
6.456071734428405762e-01
-6.930693984031677246e-03
1.751343846321105957e+00
-4.604009389877319336e-01
1.413726210594177246e+00
9.430459141731262207e-01
7.571206688880920410e-01
2.819524705410003662e-01
-1.945246458053588867e+00
-5.074189901351928711e-01
-2.552657365798950195e+00
9.241786003112792969e-01
-5.367608666419982910e-01
1.126139640808105469e+00
1.531576514244079590e-01
-9.040226340293884277e-01
-1.741691589355468750e+00
5.677997469902038574e-01
4.637519717216491699e-01
-1.575782418251037598e+00
-5.960071682929992676e-01
7.349987030029296875e-01
-1.055291533470153809e+00
1.325822591781616211e+00
2.164357453584671021e-01
-3.749840259552001953e-01
-3.821684122085571289e-01
-3.278032243251800537e-01
9.370854496955871582e-01
-1.391395092010498047e+00
-1.066924691200256348e+00
1.156453609466552734e+00
1.737397551536560059e+00
2.414014339447021484e+00
6.300319731235504150e-02
-1.339133977890014648e+00
-1.365686416625976562e+00
1.162467837333679199e+00
-5.856465548276901245e-02
1.297927141189575195e+00
6.640350818634033203e-01
1.551100492477416992e+00
-1.180017352104187012e+00
1.283074855804443359e+00
1.521735191345214844e+00
2.238685637712478638e-01
1.774670004844665527e+00
1.859833598136901855e+00
-5.388957858085632324e-01
-6.129492521286010742e-01
7.149347662925720215e-01
6.115763187408447266e-01
-1.679394245147705078e-01
-4.846182167530059814e-01
-9.454085826873779297e-01
5.698711276054382324e-01
-2.958362996578216553e-01
-1.249049186706542969e+00
1.091529965400695801e+00
1.805447816848754883e+00
-1.121589660644531250e+00
6.552283167839050293e-01
-1.676434040069580078e+00
1.501086235046386719e+00
1.068328261375427246e+00
-2.480037510395050049e-01
-1.303002476692199707e+00
7.989932894706726074e-01
-1.482837498188018799e-01
-3.762574791908264160e-01
8.868801593780517578e-01
-7.532274127006530762e-01
-1.159627199172973633e+00
6.394895315170288086e-01
1.573506593704223633e-01
-1.712618708610534668e+00
-1.961350679397583008e+00
-1.026700973510742188e+00
6.934518218040466309e-01
2.327709674835205078e+00
3.443061709403991699e-01
3.956576108932495117e+00
1.211437225341796875e+00
-2.222531557083129883e+00
8.787248134613037109e-01
-1.497075319290161133e+00
-2.256539762020111084e-01
1.785507917404174805e+00
-8.853718042373657227e-01
4.380382001399993896e-01
9.969130158424377441e-02
1.091679453849792480e+00
2.867746949195861816e-01
1.118160843849182129e+00
2.241459935903549194e-01
1.701605319976806641e-01
-1.880939453840255737e-01
7.564895749092102051e-01
-1.748054772615432739e-01
-2.295192718505859375e+00
1.285636544227600098e+00
1.561690449714660645e+00
-4.506294801831245422e-02
-1.653384804725646973e+00
-1.408444046974182129e+00
6.517962217330932617e-01
-1.997022867202758789e+00
4.591308236122131348e-01
-3.851214647293090820e-01
-1.219083309173583984e+00
2.483917921781539917e-01
-5.805887579917907715e-01
1.451195120811462402e+00
-9.631457328796386719e-01
-1.282078623771667480e+00
1.464427590370178223e+00
-3.643827438354492188e-01
-1.781161904335021973e+00
-1.413397192955017090e+00
-5.409491658210754395e-01
-2.259150981903076172e+00
-1.050442457199096680e+00
-7.394526153802871704e-02
-7.011904120445251465e-01
-9.498800635337829590e-01
