4.287359416484832764e-01
-2.888414561748504639e-01
-1.111148595809936523e+00
2.908950448036193848e-01
-5.335015654563903809e-01
-5.352100729942321777e-01
8.599801659584045410e-01
1.818231105804443359e+00
1.628574013710021973e+00
-1.971014261245727539e+00
1.084521174430847168e+00
-2.511959552764892578e+00
-1.769553303718566895e+00
6.720790266990661621e-01
1.010423183441162109e+00
-9.785688519477844238e-01
-5.302327871322631836e-01
9.518025517463684082e-01
-3.971140086650848389e-01
-4.663017690181732178e-01
-1.559613585472106934e+00
-2.055291414260864258e+00
-1.949316620826721191e+00
1.675844430923461914e+00
6.443666219711303711e-01
1.405968070030212402e+00
-4.318211078643798828e-01
-3.112498819828033447e-01
1.787129282951354980e+00
2.725879848003387451e-01
-2.614016294479370117e+00
2.518343627452850342e-01
-1.544536948204040527e+00
6.982372403144836426e-01
3.131776154041290283e-01
1.222889304161071777e+00
-9.814333915710449219e-01
-1.461017876863479614e-01
1.338691592216491699e+00
-1.590324401855468750e+00
1.316485404968261719e+00
3.619008064270019531e-01
6.816446185111999512e-01
1.984785914421081543e+00
4.372260868549346924e-01
5.048196315765380859e-01
2.101798772811889648e+00
1.774759292602539062e+00
-5.144423246383666992e-01
1.773067712783813477e+00
-8.314903378486633301e-01
-1.308699101209640503e-01
-9.700884819030761719e-01
-6.408199667930603027e-01
8.093578219413757324e-01
8.271530270576477051e-01
1.432903051376342773e+00
9.588897824287414551e-01
4.299819171428680420e-01
1.170950531959533691e+00
-1.399413228034973145e+00
-3.674549162387847900e-01
2.966706454753875732e-01
2.467919439077377319e-01
-6.173232197761535645e-02
-1.773276567459106445e+00
1.861317038536071777e+00
-3.113926202058792114e-02
7.118388414382934570e-01
6.404556632041931152e-01
8.023447394371032715e-01
8.980566859245300293e-01
-1.473236799240112305e+00
1.168794631958007812e+00
7.933037877082824707e-01
-1.029379129409790039e+00
2.520464658737182617e+00
1.249355554580688477e+00
-2.383411377668380737e-01
-1.196572780609130859e+00
-6.079429388046264648e-01
2.492761909961700439e-01
2.213119268417358398e+00
-9.416206479072570801e-01
-2.766380645334720612e-02
-2.423839807510375977e+00
1.149122595787048340e+00
-2.887042045593261719e+00
-5.634955763816833496e-01
7.275878787040710449e-01
-2.232318401336669922e+00
4.166942238807678223e-01
-1.480718970298767090e+00
1.100956916809082031e+00
-4.789855182170867920e-01
6.949493288993835449e-01
-1.609246283769607544e-01
-1.778633356094360352e+00
1.794667840003967285e+00
1.801388382911682129e+00
-2.763299047946929932e-01
-1.442964315414428711e+00
-1.580029368400573730e+00
1.560200333595275879e+00
2.751849174499511719e+00
-2.319521158933639526e-01
8.856241106986999512e-01
-1.371467709541320801e+00
-1.344718694686889648e+00
-4.635292053222656250e+00
1.722770333290100098e+00
1.686350584030151367e+00
1.923611998558044434e+00
2.554159052670001984e-02
-8.161340951919555664e-01
-6.313242316246032715e-01
6.448808312416076660e-01
-1.957463860511779785e+00
-8.911924958229064941e-01
-2.164666056632995605e-01
-6.257854104042053223e-01
-1.574265837669372559e+00
-2.086859941482543945e+00
1.502900272607803345e-01
-1.180812120437622070e-01
1.006849929690361023e-01
-6.465062499046325684e-01
-5.425465703010559082e-01
