-4.128113687038421631e-01
1.247483193874359131e-01
6.843216419219970703e-01
3.635086417198181152e-01
-2.433908462524414062e+00
-6.569173336029052734e-01
5.152759552001953125e-01
6.085264682769775391e-01
9.094700217247009277e-01
4.931129515171051025e-01
6.251347064971923828e-01
7.858818769454956055e-02
-5.260387063026428223e-01
-4.072725176811218262e-01
9.599816203117370605e-01
5.797394514083862305e-01
9.324702024459838867e-01
2.537223577499389648e+00
2.546084225177764893e-01
-1.531424999237060547e+00
5.751962661743164062e-01
-1.702402949333190918e+00
-1.038603931665420532e-01
6.297541260719299316e-01
-1.644274234771728516e+00
-2.496881335973739624e-01
5.536969900131225586e-01
-2.177884578704833984e-01
1.836094379425048828e+00
1.948953986167907715e+00
-2.426929235458374023e+00
-1.828272461891174316e+00
-5.796170234680175781e-01
-2.351817637681961060e-01
-8.920148015022277832e-01
1.691246390342712402e+00
-7.764594554901123047e-01
-9.826542437076568604e-02
-3.621994853019714355e-01
-8.549013733863830566e-01
1.984832286834716797e+00
-4.447750449180603027e-01
1.053375482559204102e+00
-7.812994718551635742e-01
-5.630384683609008789e-01
-7.365847229957580566e-01
6.708107590675354004e-01
1.251328945159912109e+00
-1.029417037963867188e+00
-2.039963960647583008e+00
-5.463476851582527161e-02
-8.058421015739440918e-01
8.105943202972412109e-01
-2.005105495452880859e+00
-1.577359586954116821e-01
-7.442318797111511230e-01
-1.371550679206848145e+00
-1.214572191238403320e+00
-5.943676233291625977e-01
-6.583143472671508789e-01
-1.097684741020202637e+00
3.184745550155639648e+00
1.206838369369506836e+00
1.565138578414916992e+00
-2.000377178192138672e+00
-2.757385253906250000e+00
6.259993910789489746e-01
4.205135703086853027e-01
-2.179728746414184570e-01
6.518099457025527954e-02
-1.297204732894897461e+00
2.013713121414184570e+00
1.647442340850830078e+00
5.355235934257507324e-01
2.294770717620849609e+00
-2.319059371948242188e+00
1.286953568458557129e+00
-8.430522084236145020e-01
-3.500391840934753418e-01
-1.246900558471679688e+00
-1.374187916517257690e-01
-2.822689414024353027e-01
9.761351346969604492e-01
-1.202465772628784180e+00
8.588840961456298828e-01
1.575848817825317383e+00
-1.314781546592712402e+00
-4.958591759204864502e-01
7.366406917572021484e-01
2.351554870605468750e+00
1.325499825179576874e-02
5.261782407760620117e-01
-1.965829432010650635e-01
1.057783603668212891e+00
2.973418682813644409e-02
7.324154376983642578e-01
2.870213389396667480e-01
1.230081543326377869e-01
5.537914633750915527e-01
-1.318846344947814941e+00
-1.847201228141784668e+00
-6.015078425407409668e-01
-1.209240913391113281e+00
4.450891494750976562e+00
1.512633681297302246e+00
1.671342253684997559e+00
-7.363142371177673340e-01
-4.258471429347991943e-01
-8.371080756187438965e-01
-1.063916444778442383e+00
-8.246105909347534180e-02
1.987315773963928223e+00
1.793470680713653564e-01
-5.224512815475463867e-01
-1.896275579929351807e-01
-2.626314163208007812e+00
3.022589445114135742e+00
8.358588814735412598e-01
-4.642941057682037354e-01
3.402521908283233643e-01
-2.116329193115234375e+00
1.748054623603820801e+00
-1.095403432846069336e+00
4.917769730091094971e-01
-9.920119494199752808e-02
-2.737966537475585938e+00
-1.042128086090087891e+00
-6.226935982704162598e-01
