6.129138469696044922e-01
-3.422650098800659180e-01
7.301723957061767578e-01
6.096785664558410645e-01
6.751772165298461914e-01
-1.506330221891403198e-01
-4.266328215599060059e-01
1.618106842041015625e+00
-7.844918370246887207e-01
-1.463490486145019531e+00
-1.701804399490356445e+00
1.800259113311767578e+00
1.829278230667114258e+00
-3.264992237091064453e+00
9.608215093612670898e-01
2.758436441421508789e+00
-9.998905658721923828e-01
1.469519615173339844e+00
7.048041820526123047e-01
-1.102405339479446411e-01
-1.814104914665222168e-01
7.857689857482910156e-01
-1.292942047119140625e+00
2.433817982673645020e-01
-1.941850662231445312e+00
1.597159147262573242e+00
-2.467664331197738647e-02
-4.868519604206085205e-01
-1.202602863311767578e+00
1.535368084907531738e+00
-3.662879467010498047e-01
-4.537464380264282227e-01
-3.249408304691314697e-01
-2.752583265304565430e+00
2.397080957889556885e-01
-4.473879039287567139e-01
-1.759628176689147949e+00
-1.334450542926788330e-01
-9.005113244056701660e-01
-9.222217798233032227e-01
3.919864296913146973e-01
-5.096902698278427124e-02
1.036934137344360352e+00
2.799891471862792969e+00
-8.565509319305419922e-01
1.110190391540527344e+00
-1.113198876380920410e+00
1.006568312644958496e+00
-4.314025938510894775e-01
-1.077408552169799805e+00
1.172506690025329590e+00
-3.451281785964965820e-01
-3.651922643184661865e-01
7.046515345573425293e-01
1.546780169010162354e-01
-1.245430469512939453e+00
1.671756625175476074e+00
2.712532520294189453e+00
1.211439490318298340e+00
4.933999478816986084e-01
1.834568530321121216e-01
-2.789701461791992188e+00
7.521888613700866699e-01
-5.855609774589538574e-01
1.428086876869201660e+00
-2.447015047073364258e+00
1.361241698265075684e+00
1.810545682907104492e+00
6.869117617607116699e-01
1.489107131958007812e+00
-2.233522415161132812e+00
1.629695743322372437e-01
1.036141872406005859e+00
6.808634400367736816e-01
1.172503307461738586e-01
-1.038656830787658691e+00
-5.933557152748107910e-01
-1.476580023765563965e+00
1.504356980323791504e+00
-1.707145333290100098e+00
2.635332643985748291e-01
-5.758733153343200684e-01
3.957932293415069580e-01
-4.609669744968414307e-01
1.321030139923095703e+00
-1.468883872032165527e+00
-7.861016988754272461e-01
-7.952328324317932129e-01
-9.252203106880187988e-01
9.407640695571899414e-01
7.967965602874755859e-01
-2.887941360473632812e+00
1.767895221710205078e+00
1.264372617006301880e-01
2.534096240997314453e-01
-9.784367680549621582e-01
8.752753138542175293e-01
-1.521546721458435059e+00
-4.227432012557983398e-01
-2.700082778930664062e+00
-1.037399530410766602e+00
-4.327181279659271240e-01
-3.446407914161682129e-01
6.611031293869018555e-01
3.556644022464752197e-01
1.655572414398193359e+00
-8.437340259552001953e-01
-1.795706987380981445e+00
1.189300894737243652e+00
-7.801331877708435059e-01
-8.356772065162658691e-01
2.199129343032836914e+00
1.069846034049987793e+00
-1.886265993118286133e+00
1.526475250720977783e-01
1.097808837890625000e+00
2.042130470275878906e+00
1.211308002471923828e+00
1.161476597189903259e-01
4.464647471904754639e-01
4.028313755989074707e-01
-1.399242639541625977e+00
-7.329775691032409668e-01
-8.573663830757141113e-01
-2.854793965816497803e-01
-1.570354580879211426e+00
4.084486365318298340e-01
5.911386013031005859e-01
