6.732450723648071289e-01
-3.925461694598197937e-02
-1.559619545936584473e+00
2.850504517555236816e-01
2.882601022720336914e-01
-5.317935347557067871e-01
-8.867718577384948730e-01
-1.045157194137573242e+00
-2.172275930643081665e-01
2.909674346446990967e-01
2.979114353656768799e-01
-1.032287597656250000e+00
-8.287176489830017090e-01
2.648880958557128906e+00
-2.898390889167785645e-01
9.765603579580783844e-03
-6.676336377859115601e-02
2.261518716812133789e+00
-6.327007412910461426e-01
-8.494437336921691895e-01
1.966386198997497559e+00
-7.035323977470397949e-01
-1.253495931625366211e+00
8.916605710983276367e-01
-1.743273615837097168e+00
-6.676229834556579590e-02
4.325731098651885986e-01
-9.452745914459228516e-01
1.488740682601928711e+00
7.470209598541259766e-01
-1.792165935039520264e-01
-1.023464202880859375e+00
6.998420357704162598e-01
2.394347190856933594e+00
-3.360217511653900146e-01
1.815788269042968750e+00
-4.147226214408874512e-01
-5.795964002609252930e-01
3.365803360939025879e-01
7.431887388229370117e-01
2.285623550415039062e+00
6.558948010206222534e-02
1.333933949470520020e+00
-1.862592548131942749e-01
-2.624213397502899170e-01
-1.848173439502716064e-01
2.139374911785125732e-01
-8.859830498695373535e-01
1.833373785018920898e+00
2.179222345352172852e+00
-3.568795919418334961e-01
-7.478467226028442383e-01
8.867526054382324219e-02
-1.001033067703247070e+00
-9.893687367439270020e-01
1.221364617347717285e+00
-5.627735257148742676e-01
-1.260437369346618652e+00
-1.639358639717102051e+00
1.006093740463256836e+00
8.271845430135726929e-02
-2.790822386741638184e-01
-1.047655582427978516e+00
2.014517188072204590e-01
3.241353109478950500e-02
-2.775109373033046722e-03
-1.418660044670104980e+00
2.004308938980102539e+00
1.783162951469421387e+00
-3.017603047192096710e-02
-3.117114901542663574e-01
-9.704527854919433594e-01
-1.809807270765304565e-01
1.275769829750061035e+00
-7.590201497077941895e-01
-7.545135170221328735e-02
3.907176256179809570e-01
9.753089547157287598e-01
-2.628391981124877930e-01
4.105972498655319214e-02
2.462016344070434570e+00
-6.026623249053955078e-01
2.156321108341217041e-01
-3.369416892528533936e-01
7.790968418121337891e-01
8.742007613182067871e-01
-8.645390272140502930e-01
-1.334208846092224121e+00
-1.813810586929321289e+00
-1.078476786613464355e+00
1.018631815910339355e+00
-4.051565229892730713e-01
-3.624150156974792480e-01
4.522632658481597900e-01
-2.388988733291625977e+00
6.478289365768432617e-01
-2.578924037516117096e-02
5.876408219337463379e-01
9.459541440010070801e-01
3.215973675251007080e-01
1.916287064552307129e+00
-7.619112133979797363e-01
6.540400385856628418e-01
7.320399880409240723e-01
-3.978600800037384033e-01
-8.898178115487098694e-03
-9.725697636604309082e-01
-2.310475856065750122e-01
1.491780042648315430e+00
-2.596549987792968750e+00
-8.319920301437377930e-01
-6.417040824890136719e-01
-1.026974990963935852e-01
6.154111400246620178e-02
1.387866258621215820e+00
1.254169702529907227e+00
1.192826867103576660e+00
7.476031184196472168e-01
-4.318087995052337646e-01
-1.749543398618698120e-01
-2.015721559524536133e+00
-1.112784385681152344e+00
3.016832172870635986e-01
-1.518588662147521973e+00
-1.382321953773498535e+00
-2.917978465557098389e-01
-4.042562007904052734e+00
5.894842147827148438e-01
