1.006916642189025879e+00
1.504799276590347290e-01
5.457799881696701050e-02
8.401593565940856934e-02
5.120529532432556152e-01
-1.040175557136535645e+00
-1.142212510108947754e+00
1.283752083778381348e+00
-1.741979002952575684e+00
-1.376764893531799316e+00
-5.722408294677734375e-01
-2.283959150314331055e+00
1.996059298515319824e+00
-1.011889576911926270e+00
1.548332571983337402e+00
-1.272346615791320801e+00
-1.112652540206909180e+00
1.643750429153442383e+00
-1.612558841705322266e+00
9.846521615982055664e-01
4.728020131587982178e-01
-6.078652739524841309e-01
-2.042448818683624268e-01
3.850445523858070374e-02
-6.160447001457214355e-01
1.311795115470886230e+00
9.408726692199707031e-01
3.343038260936737061e-01
1.598597526550292969e+00
1.513597607612609863e+00
2.185419350862503052e-01
5.200251340866088867e-01
-5.553863048553466797e-01
-7.734602689743041992e-01
1.259210228919982910e+00
5.129504799842834473e-01
1.463901102542877197e-01
1.026278883218765259e-01
7.572183012962341309e-01
-2.023476123809814453e+00
5.442054867744445801e-01
1.088209629058837891e+00
1.109233617782592773e+00
7.909070849418640137e-01
-9.488233327865600586e-01
1.691551923751831055e+00
5.307229161262512207e-01
2.549915790557861328e+00
1.642246127128601074e+00
1.498240709304809570e+00
-8.484940528869628906e-01
-7.746862769126892090e-01
2.392523437738418579e-01
1.734055399894714355e+00
-1.159767150878906250e+00
-6.648305654525756836e-01
1.261203885078430176e+00
1.221467733383178711e+00
1.309103250503540039e+00
2.522487640380859375e+00
-2.154768407344818115e-01
3.653922304511070251e-02
-8.339205384254455566e-01
2.260002136230468750e+00
1.027007460594177246e+00
-4.826130270957946777e-01
4.919336438179016113e-01
5.256366729736328125e-02
-1.034616112709045410e+00
1.798390865325927734e+00
2.265058904886245728e-01
-1.491873860359191895e+00
1.256227970123291016e+00
4.675209522247314453e-01
8.042097836732864380e-02
-1.101660251617431641e+00
-1.218239903450012207e+00
-1.390474915504455566e+00
-1.463089227676391602e+00
-9.285281300544738770e-01
-1.514201164245605469e-01
-8.350000381469726562e-01
-1.116631388664245605e+00
-1.541105210781097412e-01
-1.748473644256591797e+00
-5.450292229652404785e-01
-1.729166269302368164e+00
-8.455278873443603516e-01
4.551420509815216064e-01
-9.163421392440795898e-01
-8.175711035728454590e-01
-2.247789621353149414e+00
-1.483090043067932129e+00
6.209375858306884766e-01
-3.751488924026489258e-01
1.089296489953994751e-01
1.012245178222656250e+00
-5.962628722190856934e-01
-2.569224357604980469e+00
2.067456483840942383e+00
8.024721741676330566e-01
-5.838880538940429688e-01
1.396356105804443359e+00
-1.082957267761230469e+00
2.321751356124877930e+00
3.165118992328643799e-01
6.341795325279235840e-01
-4.665668122470378876e-03
9.375553131103515625e-01
9.043726921081542969e-01
6.243002414703369141e-01
6.260693669319152832e-01
-2.935457527637481689e-01
-5.942442417144775391e-01
-1.372620582580566406e+00
-4.391791224479675293e-01
1.852407217025756836e+00
-7.727267742156982422e-01
-2.269391864538192749e-01
-2.274621725082397461e+00
-3.276331424713134766e-01
-2.553736448287963867e+00
-1.912191510200500488e+00
-5.409516692161560059e-01
-1.238006830215454102e+00
-1.582080125808715820e+00
-6.449730992317199707e-01
2.955440998077392578e+00
