4.305553138256072998e-01
-1.046258091926574707e+00
1.243613958358764648e+00
-9.449514001607894897e-02
-9.634181857109069824e-01
-5.932337045669555664e-01
9.804080426692962646e-02
5.474420189857482910e-01
3.540828227996826172e-01
-7.407071097986772656e-05
8.440449237823486328e-01
-8.423101902008056641e-01
1.399297356605529785e+00
1.917813122272491455e-01
3.982522189617156982e-01
1.386247992515563965e+00
1.154669165611267090e+00
-1.122121810913085938e+00
-2.771032333374023438e+00
2.124566078186035156e+00
2.117105960845947266e+00
5.033001899719238281e-01
1.474023222923278809e+00
-5.212159082293510437e-02
-5.659476518630981445e-01
1.021267175674438477e+00
-9.819409996271133423e-02
-5.059026926755905151e-02
-1.255398273468017578e+00
-9.342784881591796875e-01
4.841283559799194336e-01
-1.852216243743896484e+00
-1.049582719802856445e+00
1.156615376472473145e+00
4.460416138172149658e-01
7.102879285812377930e-01
-2.058432579040527344e+00
1.989707946777343750e+00
-3.917959332466125488e-01
1.006242483854293823e-01
1.609048604965209961e+00
2.270496606826782227e+00
7.875268459320068359e-01
6.906103491783142090e-01
5.397672653198242188e-01
1.300547868013381958e-01
2.039907723665237427e-01
-1.982023239135742188e+00
1.019523859024047852e+00
-4.213312864303588867e-01
-1.538330316543579102e-01
1.285279542207717896e-01
1.968173831701278687e-01
-9.140849113464355469e-01
1.565174609422683716e-01
1.166129469871520996e+00
-8.006118535995483398e-01
1.203623771667480469e+00
1.066625833511352539e+00
1.147544860839843750e+00
-1.471039839088916779e-02
-1.766441822052001953e+00
-1.825629711151123047e+00
-3.700744509696960449e-01
1.587747812271118164e+00
1.493968367576599121e-01
8.240634202957153320e-01
-6.521238088607788086e-01
-2.663030326366424561e-01
-2.448174506425857544e-01
-2.377250671386718750e+00
5.803994536399841309e-01
1.295526266098022461e+00
6.383622288703918457e-01
-7.204846739768981934e-01
-1.041508078575134277e+00
-8.998026847839355469e-01
-2.311339229345321655e-01
-1.328037023544311523e+00
-1.694677114486694336e+00
4.793846607208251953e-01
6.406503915786743164e-01
-4.412169456481933594e-01
-1.261628270149230957e+00
4.222650051116943359e+00
-1.732849515974521637e-02
1.336979746818542480e+00
-1.153914451599121094e+00
-8.630072474479675293e-01
-3.099083900451660156e-01
1.764737844467163086e+00
-1.564896345138549805e+00
8.021741509437561035e-01
-7.563299536705017090e-01
-4.031193852424621582e-01
-2.626368284225463867e+00
6.248453259468078613e-01
1.477727890014648438e+00
-1.094477891921997070e+00
1.275935769081115723e+00
-2.321887254714965820e+00
2.644456148147583008e+00
5.891515016555786133e-01
-1.152997970581054688e+00
9.776130318641662598e-01
2.347813367843627930e+00
-5.987783670425415039e-01
-6.929556727409362793e-01
1.935335040092468262e+00
-1.973943114280700684e+00
-1.920304536819458008e+00
-4.160628840327262878e-02
6.150023546069860458e-03
-1.840574264526367188e+00
-1.245374441146850586e+00
-3.048732876777648926e-01
-1.462679386138916016e+00
-7.078990340232849121e-01
-1.639099836349487305e+00
1.024894595146179199e+00
-2.380459785461425781e+00
-9.597383737564086914e-01
-5.964478850364685059e-01
-3.992413580417633057e-01
-1.578312665224075317e-01
3.419530391693115234e-02
-3.320112451910972595e-02
3.394910097122192383e+00
