3.381142914295196533e-01
-2.353538751602172852e+00
9.771162867546081543e-01
-6.103786826133728027e-02
7.187736630439758301e-01
-2.241419404745101929e-01
1.378161430358886719e+00
-1.357570409774780273e+00
-1.745685696601867676e+00
-3.107044994831085205e-01
-3.886080086231231689e-01
1.982055306434631348e+00
1.346745993942022324e-02
-2.098716735839843750e+00
-1.598538905382156372e-01
-6.127821803092956543e-01
9.059947133064270020e-01
9.644029289484024048e-02
-1.555375814437866211e+00
1.520127505064010620e-01
-9.266890287399291992e-01
-3.328291177749633789e-01
6.062673926353454590e-01
-1.268338561058044434e-01
-1.034699320793151855e+00
9.549865722656250000e-01
8.155983686447143555e-01
-2.573508501052856445e+00
-1.769540429115295410e+00
-8.715905547142028809e-01
-1.422312378883361816e+00
1.099654316902160645e+00
3.467422425746917725e-01
-2.618846595287322998e-01
-4.947882294654846191e-01
2.049671649932861328e+00
7.313910722732543945e-01
9.905488491058349609e-01
4.659941494464874268e-01
-7.679857015609741211e-01
4.668350517749786377e-01
2.063183307647705078e+00
1.244206309318542480e+00
-1.118614435195922852e+00
1.056526780128479004e+00
1.042275667190551758e+00
-9.215123057365417480e-01
4.147675931453704834e-01
5.731512904167175293e-01
1.088389873504638672e+00
-8.317607641220092773e-01
-8.086711764335632324e-01
-1.414528369903564453e+00
2.629432678222656250e-01
-1.122321009635925293e+00
9.192770719528198242e-01
-2.167008966207504272e-01
1.488337516784667969e+00
1.442114830017089844e+00
-1.124141644686460495e-02
-1.393245816230773926e+00
-9.904416650533676147e-02
2.173946857452392578e+00
-1.288100957870483398e+00
-5.619529485702514648e-01
-1.961268901824951172e+00
-1.387240886688232422e+00
1.444313406944274902e+00
2.646918296813964844e-01
-7.677414417266845703e-01
1.173691868782043457e+00
3.595203906297683716e-02
2.082968473434448242e+00
1.748182177543640137e+00
5.132973790168762207e-01
4.780944585800170898e-01
-2.002770900726318359e-01
7.971729636192321777e-01
2.024888038635253906e+00
-1.152600884437561035e+00
5.695648193359375000e-01
1.001437187194824219e+00
-1.225931048393249512e+00
1.293967843055725098e+00
-1.569037914276123047e+00
-2.175194025039672852e+00
-2.192985117435455322e-01
4.123136997222900391e-01
-9.400399327278137207e-01
1.619489669799804688e+00
1.144405007362365723e+00
-1.671062350273132324e+00
3.205304443836212158e-01
7.479454278945922852e-01
7.361970543861389160e-01
-1.455664932727813721e-01
-3.419367969036102295e-01
2.034181356430053711e+00
-6.394351720809936523e-01
8.815992474555969238e-01
-4.660477936267852783e-01
9.367431402206420898e-01
-3.019856289029121399e-02
-6.440678238868713379e-01
-9.408839344978332520e-01
-2.485236376523971558e-01
-3.664226830005645752e-01
-2.640489339828491211e-01
1.486959218978881836e+00
-9.773808121681213379e-01
1.125490143895149231e-01
1.670623898506164551e+00
-1.193776369094848633e+00
1.701460480690002441e+00
-1.343118429183959961e+00
-7.256117463111877441e-01
3.621712923049926758e-01
-3.660193383693695068e-01
-1.020246982574462891e+00
-4.940698444843292236e-01
-5.475513935089111328e-01
-2.245451696217060089e-02
2.567494392395019531e+00
-1.110445022583007812e+00
-1.396293520927429199e+00
-9.417879581451416016e-01
-1.126520395278930664e+00
-8.159230351448059082e-01
