2.448893070220947266e+00
2.738620340824127197e-01
-4.749681055545806885e-01
3.361150920391082764e-01
-3.266803920269012451e-01
-1.529341101646423340e+00
-8.100346922874450684e-01
2.802734971046447754e-01
-3.231746435165405273e+00
-1.584615111351013184e+00
1.919432759284973145e+00
-1.561291813850402832e+00
-5.631563067436218262e-01
-3.007335066795349121e-01
-6.455116868019104004e-01
2.048212528228759766e+00
-5.082672238349914551e-01
6.463593244552612305e-01
-7.195236086845397949e-01
3.161335587501525879e-01
2.035514354705810547e+00
-2.421043217182159424e-01
-1.486462473869323730e+00
-3.503675758838653564e-02
-1.395805478096008301e+00
-6.385838240385055542e-02
3.259969234466552734e+00
4.868372380733489990e-01
2.127519130706787109e+00
2.428723871707916260e-01
-9.268715977668762207e-01
-3.900565505027770996e-01
-1.132625699043273926e+00
6.646756082773208618e-02
-5.795984268188476562e-01
1.146793127059936523e+00
-2.096658796072006226e-01
-1.471224546432495117e+00
6.364593505859375000e-01
-4.901306927204132080e-01
1.080279201269149780e-01
-1.117164611816406250e+00
5.485743284225463867e-01
1.758563280105590820e+00
-1.524706602096557617e+00
9.910213947296142578e-01
5.097149405628442764e-03
2.809961318969726562e+00
-1.231490850448608398e+00
1.686371326446533203e+00
-2.833475172519683838e-01
-1.536638736724853516e+00
-2.460464239120483398e-01
2.331597805023193359e+00
-7.222313284873962402e-01
-1.016310811042785645e+00
2.957178115844726562e+00
-4.008871018886566162e-01
-2.385252565145492554e-01
1.599147081375122070e+00
7.566259503364562988e-01
1.808010637760162354e-01
1.261402487754821777e+00
1.456244111061096191e+00
2.322204351425170898e+00
-2.108090162277221680e+00
4.151036739349365234e-01
1.956772208213806152e+00
-3.376502692699432373e-01
9.815813899040222168e-01
-1.405112504959106445e+00
-5.856793522834777832e-01
1.220331430435180664e+00
1.059512615203857422e+00
1.968050837516784668e+00
-2.102368593215942383e+00
2.409612417221069336e+00
-1.703768968582153320e+00
9.733024239540100098e-01
-1.154277324676513672e+00
2.062296628952026367e+00
-1.407035112380981445e+00
-1.239506483078002930e+00
-1.543332189321517944e-01
-7.876386493444442749e-02
-1.296180129051208496e+00
-1.023761272430419922e+00
-1.132214069366455078e+00
-5.960359573364257812e-01
2.547323107719421387e-01
-1.061176061630249023e+00
-1.666147589683532715e+00
-8.679581880569458008e-01
2.231194734573364258e+00
9.666590094566345215e-01
1.267723083496093750e+00
5.071796774864196777e-01
2.561215162277221680e-01
1.111343026161193848e+00
6.556348800659179688e-01
-6.505610346794128418e-01
-4.696509242057800293e-01
-1.732959985733032227e+00
3.995446264743804932e-01
1.144963860511779785e+00
4.401884675025939941e-01
-6.643264293670654297e-01
-8.682616949081420898e-01
-5.859969854354858398e-01
-1.285277724266052246e+00
2.079914510250091553e-01
1.566972494125366211e+00
-9.960011243820190430e-01
-2.212779521942138672e+00
-1.539853215217590332e+00
-5.725495219230651855e-01
8.807677030563354492e-01
7.585865855216979980e-01
-1.958678245544433594e+00
-1.422158718109130859e+00
-1.460475444793701172e+00
-1.037647724151611328e+00
-2.234836667776107788e-02
-1.945015639066696167e-01
-4.639871716499328613e-01
-7.374833822250366211e-01
-1.490639299154281616e-01
1.382574439048767090e+00
