2.174095153808593750e+00
3.853517770767211914e-01
8.069571256637573242e-01
3.770932853221893311e-01
8.355666399002075195e-01
-2.964290618896484375e+00
8.114945292472839355e-01
2.889843881130218506e-01
-1.156786441802978516e+00
1.285418510437011719e+00
-1.330974251031875610e-01
-1.259618401527404785e+00
-8.697204589843750000e-01
-1.338921308517456055e+00
9.832866787910461426e-01
1.328581452369689941e+00
1.192474007606506348e+00
9.216690063476562500e-02
-1.519615292549133301e+00
4.688793122768402100e-01
1.141228079795837402e+00
3.195417225360870361e-01
1.097506433725357056e-01
-1.443630576133728027e+00
-8.667693734169006348e-01
-1.005653262138366699e+00
-9.870793223381042480e-01
9.935693740844726562e-01
2.280855417251586914e+00
8.186715245246887207e-01
-2.702808380126953125e+00
-2.527423143386840820e+00
-7.392441630363464355e-01
3.604180514812469482e-01
9.929642081260681152e-02
1.704437971115112305e+00
-8.333302140235900879e-01
-7.911282032728195190e-02
-4.270383715629577637e-01
-1.097878575325012207e+00
2.507390260696411133e+00
7.937412708997726440e-02
1.051860451698303223e+00
7.644161581993103027e-01
-8.742281794548034668e-01
-4.805157184600830078e-01
2.650917768478393555e-01
6.467005610466003418e-01
-1.982163667678833008e+00
4.676671922206878662e-01
-3.924122452735900879e-02
-5.523749589920043945e-01
-6.437205076217651367e-01
2.332809269428253174e-01
-7.577065229415893555e-01
-1.969843506813049316e-01
-1.148363232612609863e+00
-9.357997775077819824e-02
-9.895450472831726074e-01
1.773192048072814941e+00
-5.163697004318237305e-01
1.432924568653106689e-01
9.040150046348571777e-01
6.397067308425903320e-01
7.204377651214599609e-01
-1.110366344451904297e+00
1.896335482597351074e+00
-1.582475304603576660e+00
1.051806569099426270e+00
1.620756834745407104e-01
-7.328683137893676758e-01
9.824411869049072266e-01
1.718719601631164551e+00
1.633629947900772095e-01
-2.941120564937591553e-01
-9.905771017074584961e-01
-7.218171954154968262e-01
-1.575641989707946777e+00
-7.989436388015747070e-01
-3.353847980499267578e+00
5.282410383224487305e-01
-7.579489946365356445e-01
1.573530316352844238e+00
-9.622884392738342285e-01
1.939755201339721680e+00
-6.428524851799011230e-01
6.729261279106140137e-01
-7.482703924179077148e-01
-1.916375011205673218e-01
3.943091928958892822e-01
-1.177291035652160645e+00
-4.316662251949310303e-02
4.454697072505950928e-01
6.415227055549621582e-01
-7.488915324211120605e-01
9.884842634201049805e-01
1.028124690055847168e+00
1.997432351112365723e+00
1.156448960304260254e+00
1.119951486587524414e+00
1.197934985160827637e+00
4.480792284011840820e-01
-4.167721569538116455e-01
1.497978210449218750e+00
1.100535154342651367e+00
4.866192638874053955e-01
-1.218881160020828247e-01
-2.732751131057739258e+00
9.031354784965515137e-01
-1.687454342842102051e+00
-8.496778607368469238e-01
-2.756535112857818604e-01
6.272517442703247070e-01
-8.371574282646179199e-01
-9.857432246208190918e-01
-1.781655669212341309e+00
1.955641508102416992e+00
-1.021241307258605957e+00
-1.346029758453369141e+00
2.078598022460937500e+00
-6.620841026306152344e-01
2.183652818202972412e-01
-6.051288247108459473e-01
2.727246284484863281e-01
-1.258770227432250977e+00
-9.039900451898574829e-02
1.892159581184387207e-01
2.938906192779541016e+00
