1.015947908163070679e-01
-1.822911858558654785e+00
-1.245569586753845215e+00
6.661931276321411133e-01
3.096710681915283203e+00
1.742205142974853516e+00
-1.714345693588256836e+00
-2.180557698011398315e-01
-2.540520906448364258e+00
2.222637832164764404e-01
-4.199050366878509521e-01
-2.215187251567840576e-01
1.982040286064147949e+00
-2.871322631835937500e+00
3.457265794277191162e-01
4.638866186141967773e-01
1.026261210441589355e+00
-1.118385314941406250e+00
-1.307502865791320801e+00
-2.088802903890609741e-01
1.936125278472900391e+00
3.709247112274169922e-01
-8.900764584541320801e-01
2.345523118972778320e+00
-1.680518150329589844e+00
1.813741475343704224e-01
9.539922475814819336e-01
-8.241257071495056152e-01
-8.256158977746963501e-02
-8.956584930419921875e-01
-8.154078722000122070e-01
-4.698979556560516357e-01
-1.931493520736694336e+00
2.221565134823322296e-02
3.481796756386756897e-02
-3.744933307170867920e-01
1.161582589149475098e+00
1.274707674980163574e+00
-2.596445083618164062e+00
9.937152862548828125e-01
1.528854489326477051e+00
-5.003846883773803711e-01
9.540834426879882812e-01
-5.137608647346496582e-01
-1.146135091781616211e+00
-9.429562687873840332e-01
7.275259494781494141e-01
-4.831669032573699951e-01
6.486877202987670898e-01
-1.423042297363281250e+00
1.109634876251220703e+00
-1.736225962638854980e+00
-1.554559022188186646e-01
-4.457436874508857727e-02
-9.426460266113281250e-01
-7.737184166908264160e-01
5.356138944625854492e-01
1.931766152381896973e+00
3.019765615463256836e+00
2.412310391664505005e-01
-2.785902619361877441e-01
1.913401603698730469e+00
-9.646872878074645996e-01
1.687275409698486328e+00
-9.304291009902954102e-01
-1.258965969085693359e+00
1.476339221000671387e+00
1.765487790107727051e+00
-1.411755919456481934e+00
7.498559355735778809e-02
1.258077263832092285e+00
-3.337572813034057617e-01
-1.680839210748672485e-01
4.703381955623626709e-01
-6.123396158218383789e-01
-8.540310859680175781e-01
-7.841838598251342773e-01
2.716034054756164551e-01
-1.303634166717529297e+00
-1.126008272171020508e+00
-2.068273782730102539e+00
1.250238060951232910e+00
2.153570175170898438e+00
-1.995259523391723633e-01
1.655538797378540039e+00
-4.757328331470489502e-02
-7.215021848678588867e-01
7.209325432777404785e-01
-2.383544296026229858e-01
4.240592718124389648e-01
-4.237489104270935059e-01
-1.102171182632446289e+00
-1.691572427749633789e+00
-7.430398464202880859e-01
1.154224634170532227e+00
1.996105164289474487e-01
-6.334857940673828125e-01
9.725147485733032227e-01
8.534666299819946289e-01
-1.874889284372329712e-01
-7.925459742546081543e-01
-1.422510862350463867e+00
2.531414031982421875e-01
1.335988998413085938e+00
-5.134261846542358398e-01
-9.957035779953002930e-01
-1.963146805763244629e+00
-1.195031285285949707e+00
2.455702066421508789e+00
-1.984371662139892578e+00
3.927173614501953125e-01
-5.964571833610534668e-01
1.189438104629516602e+00
2.415433168411254883e+00
4.566086232662200928e-01
1.303941011428833008e+00
-7.894501090049743652e-01
-2.043202161788940430e+00
2.150634676218032837e-01
4.763542711734771729e-01
1.688126802444458008e+00
1.787439286708831787e-01
3.653468191623687744e-01
8.746730685234069824e-01
-2.446992099285125732e-01
-1.712256193161010742e+00
2.114990711212158203e+00
-5.973681211471557617e-01
