-4.009884595870971680e-01
6.397610902786254883e-01
3.649511933326721191e-01
4.207699894905090332e-01
1.481359481811523438e+00
-7.902857661247253418e-01
-2.221165597438812256e-02
3.999453186988830566e-01
-1.674072980880737305e+00
9.398497641086578369e-02
1.794085741043090820e+00
1.905630677938461304e-01
3.202675879001617432e-01
-4.213809370994567871e-01
-6.230448484420776367e-01
3.047186613082885742e+00
-5.516721010208129883e-01
5.341166257858276367e-01
-1.335499286651611328e+00
1.211047649383544922e+00
-7.155824303627014160e-01
-6.413307785987854004e-01
-6.575776934623718262e-01
1.643679976463317871e+00
-2.347124367952346802e-01
-1.671741716563701630e-02
5.947520732879638672e-01
-4.468720778822898865e-02
4.680345952510833740e-01
7.197569608688354492e-01
-1.423519730567932129e+00
6.954483389854431152e-01
-8.138508200645446777e-01
1.440979987382888794e-01
-1.820628285408020020e+00
5.110976099967956543e-01
-4.875045120716094971e-01
-5.998461842536926270e-01
1.734384179115295410e+00
1.741677284240722656e+00
-1.180559277534484863e+00
-2.581458091735839844e-01
9.081486463546752930e-01
1.443021655082702637e+00
-1.337604761123657227e+00
2.695873260498046875e+00
-1.438096880912780762e+00
6.755894422531127930e-01
-5.233521461486816406e-01
3.335107266902923584e-01
9.973146766424179077e-02
2.209955155849456787e-01
9.913222193717956543e-01
5.903755500912666321e-02
7.224178314208984375e-02
8.199957609176635742e-01
1.618997931480407715e+00
1.385850757360458374e-01
-1.954931378364562988e+00
1.124688863754272461e+00
5.470605492591857910e-01
2.082201242446899414e+00
-2.500015974044799805e+00
6.193569898605346680e-01
8.081698417663574219e-01
6.579282879829406738e-01
-9.449589848518371582e-01
6.099523305892944336e-01
7.024855017662048340e-01
8.526461720466613770e-01
1.134168267250061035e+00
2.073956131935119629e-01
1.135406255722045898e+00
1.197133183479309082e+00
5.828381180763244629e-01
-1.841627717018127441e+00
2.950648367404937744e-01
-2.087749719619750977e+00
1.131808161735534668e-01
-1.394641637802124023e+00
1.106146216392517090e+00
-2.424107313156127930e+00
1.264957070350646973e+00
-6.172151863574981689e-02
-6.400945782661437988e-01
-9.908845424652099609e-01
-1.722905278205871582e+00
-1.141186580061912537e-01
5.459685325622558594e-01
2.785164356231689453e+00
-1.110794767737388611e-01
-2.584064960479736328e+00
-1.988111138343811035e+00
9.239927530288696289e-01
3.210460841655731201e-01
-1.095426917076110840e+00
-1.812845654785633087e-02
-1.262802600860595703e+00
4.023780673742294312e-02
-5.273172259330749512e-02
1.121124029159545898e+00
-2.871885299682617188e-01
-2.164098262786865234e+00
2.285833060741424561e-01
2.188255488872528076e-01
-7.499584555625915527e-01
9.711885452270507812e-01
1.224075436592102051e+00
-8.963130712509155273e-01
-3.309986591339111328e+00
-9.553466439247131348e-01
1.960657715797424316e+00
-2.510050833225250244e-01
-1.994942188262939453e+00
-2.177810192108154297e+00
-1.502998471260070801e+00
1.273424267768859863e+00
1.344935774803161621e+00
-2.984206005930900574e-02
-5.558967590332031250e-01
-4.237141311168670654e-01
-3.030654191970825195e+00
8.903201818466186523e-01
1.838046014308929443e-01
-9.513636827468872070e-01
1.500719189643859863e+00
-7.185544371604919434e-01
-4.472934007644653320e-01
