1.454339623451232910e+00
-5.510783195495605469e-01
6.543596386909484863e-01
-2.501888513565063477e+00
-1.991032123565673828e+00
-1.732256412506103516e-01
2.983997344970703125e+00
1.850345969200134277e+00
-2.818870067596435547e+00
3.191163837909698486e-01
4.362016618251800537e-01
3.933661878108978271e-01
2.141989231109619141e+00
-1.245229959487915039e+00
6.049786806106567383e-01
-1.293412923812866211e+00
8.971871733665466309e-01
1.525052040815353394e-01
-2.236683130264282227e+00
1.305918812751770020e+00
9.146188497543334961e-01
4.344555437564849854e-01
8.660119175910949707e-01
1.836247563362121582e+00
-1.179995298385620117e+00
7.397976517677307129e-01
5.708493590354919434e-01
-1.638420104980468750e+00
-8.313914388418197632e-02
6.361179947853088379e-01
-1.374371886253356934e+00
-2.100590705871582031e+00
-1.308520585298538208e-01
-1.876209735870361328e+00
6.799129247665405273e-01
1.461462616920471191e+00
-1.131050348281860352e+00
1.536607027053833008e+00
-2.811008989810943604e-01
-1.258373498916625977e+00
2.633357942104339600e-01
4.541959166526794434e-01
1.575611472129821777e+00
-5.806235671043395996e-01
1.330557346343994141e+00
2.654762864112854004e-01
9.233602136373519897e-02
4.064977765083312988e-01
-1.063846871256828308e-01
4.025303721427917480e-01
1.164742588996887207e+00
-1.540060937404632568e-01
-3.100674133747816086e-03
2.159901410341262817e-01
-1.379661113023757935e-01
1.079758763313293457e+00
-5.494415760040283203e-01
2.685211896896362305e-01
7.988217473030090332e-01
8.867462873458862305e-01
8.246651291847229004e-01
-1.354570031166076660e+00
6.850976347923278809e-01
-4.226140081882476807e-01
-7.735629379749298096e-02
-2.662603616714477539e+00
1.403418898582458496e+00
-5.865054130554199219e-01
-3.702515959739685059e-01
-5.153123736381530762e-01
1.194054007530212402e+00
1.913870453834533691e+00
2.133366107940673828e+00
-4.836660325527191162e-01
-1.457700610160827637e+00
-4.902109801769256592e-01
-1.965638875961303711e+00
-6.003877520561218262e-01
-1.332212924957275391e+00
-1.118896603584289551e+00
-2.075761795043945312e+00
2.883750677108764648e+00
1.006292626261711121e-01
-7.034152150154113770e-01
2.911485195159912109e+00
4.184452071785926819e-02
1.316636651754379272e-01
8.327049612998962402e-01
-2.613539934158325195e+00
1.409680843353271484e-01
1.674045324325561523e-01
-2.306449651718139648e+00
1.984682977199554443e-01
-6.296287477016448975e-02
1.418172359466552734e+00
-7.309839725494384766e-01
9.098494648933410645e-01
1.517242938280105591e-01
7.210962772369384766e-01
9.316220283508300781e-01
1.168390393257141113e+00
-1.112868666648864746e+00
-3.997953236103057861e-01
-1.598730444908142090e+00
1.751903593540191650e-01
8.870298266410827637e-01
-1.337066590785980225e-01
8.724041581153869629e-01
8.407438397407531738e-01
-1.563443899154663086e+00
-7.416620254516601562e-01
-1.262940645217895508e+00
-1.594256758689880371e+00
2.809279784560203552e-02
3.120865821838378906e-01
-1.974979490041732788e-01
-2.669256031513214111e-01
-6.637563109397888184e-01
-1.783725023269653320e+00
6.244255304336547852e-01
2.455533444881439209e-01
-1.404409408569335938e+00
1.749678611755371094e+00
-4.632629156112670898e-01
-8.786813616752624512e-01
-8.697412610054016113e-01
9.650353789329528809e-01
1.192826986312866211e+00
