-8.930192589759826660e-01
-1.403887748718261719e+00
-1.642519384622573853e-01
5.517511442303657532e-02
9.374235868453979492e-01
-1.044380664825439453e+00
-9.821879863739013672e-01
2.655781209468841553e-01
-1.720527648925781250e+00
-4.282163456082344055e-02
8.205737173557281494e-02
-1.823511004447937012e+00
-5.397863984107971191e-01
7.980114221572875977e-01
-2.428431063890457153e-01
6.307627558708190918e-01
-1.354802027344703674e-02
8.956322073936462402e-01
-1.177393794059753418e+00
5.200893878936767578e-01
-1.217722177505493164e+00
-5.154622346162796021e-02
2.001790553331375122e-01
-1.073328256607055664e+00
4.525592923164367676e-01
1.180895790457725525e-01
1.253093957901000977e+00
7.175683975219726562e-01
-1.441918611526489258e+00
-1.147207021713256836e+00
7.006748914718627930e-01
2.979574918746948242e+00
2.724042534828186035e-01
-6.303698420524597168e-01
1.635693311691284180e+00
2.281745195388793945e+00
4.472124576568603516e-01
2.691159844398498535e-01
9.512287378311157227e-01
1.283908933401107788e-01
-7.419489622116088867e-01
-2.568250596523284912e-01
1.423922061920166016e+00
1.502209782600402832e+00
1.077661395072937012e+00
6.633052825927734375e-01
1.394565939903259277e+00
2.640950381755828857e-01
1.397239923477172852e+00
4.734671413898468018e-01
2.488996684551239014e-01
-2.643119573593139648e+00
-6.435540914535522461e-01
9.832534790039062500e-01
1.008718848228454590e+00
-4.063760340213775635e-01
2.472183227539062500e+00
1.441974639892578125e+00
6.416490674018859863e-01
1.861048936843872070e+00
-3.762868642807006836e-01
-2.545067787170410156e+00
-7.174499630928039551e-01
-1.837717592716217041e-01
-1.574319005012512207e+00
9.550164639949798584e-02
2.420845985412597656e+00
7.474777847528457642e-02
-1.173480629920959473e+00
-1.992790699005126953e-01
1.470835804939270020e-01
-2.052877396345138550e-01
1.714879274368286133e+00
1.051856637001037598e+00
1.928187161684036255e-01
3.033038079738616943e-01
-1.849103868007659912e-01
4.945578426122665405e-02
6.720964908599853516e-01
-9.994993209838867188e-01
1.285502672195434570e+00
-1.096729278564453125e+00
7.974944263696670532e-02
3.558083176612854004e-01
1.466187715530395508e+00
2.693217694759368896e-01
4.101383313536643982e-02
-4.552149176597595215e-01
-1.000737309455871582e+00
-2.511999845504760742e+00
3.325212478637695312e+00
-9.220421910285949707e-01
-1.262554526329040527e+00
-1.744641065597534180e-01
1.140026092529296875e+00
-6.119212508201599121e-01
2.475558370351791382e-01
1.031777858734130859e+00
-1.254503965377807617e+00
9.169120341539382935e-02
4.092056155204772949e-01
8.513950556516647339e-02
-2.646123886108398438e+00
-2.474814951419830322e-01
-1.311183452606201172e+00
-5.827200412750244141e-01
-1.066998600959777832e+00
-2.631716966629028320e+00
6.183415651321411133e-01
-1.830340623855590820e+00
1.537096738815307617e+00
1.332962870597839355e+00
-7.555648088455200195e-01
1.326607346534729004e+00
-1.499848246574401855e+00
-1.679359555244445801e+00
-8.937374353408813477e-01
-1.867197275161743164e+00
8.398807644844055176e-01
-1.917349934577941895e+00
5.890656113624572754e-01
8.869095146656036377e-02
1.414890028536319733e-02
-1.069303631782531738e+00
-1.092417716979980469e+00
-1.412705659866333008e+00
1.251679897308349609e+00
-9.776367545127868652e-01
