1.783762574195861816e-01
1.298487931489944458e-01
2.230122685432434082e-01
8.553453683853149414e-01
-1.279180288314819336e+00
-7.642878890037536621e-01
-1.558559536933898926e-01
-2.467164546251296997e-01
2.866306602954864502e-01
-3.658336639404296875e+00
-1.596359461545944214e-01
-1.965831041336059570e+00
3.122907400131225586e+00
-2.836389303207397461e+00
-9.708528965711593628e-02
-2.094231098890304565e-01
-1.406434923410415649e-01
5.593117475509643555e-01
1.107106566429138184e+00
1.964148759841918945e+00
-2.466767311096191406e+00
-5.176552385091781616e-02
6.866906881332397461e-01
-1.444028854370117188e+00
3.334146440029144287e-01
-2.281200140714645386e-01
1.833453297615051270e+00
-1.561549544334411621e+00
-2.527116537094116211e-01
1.031383395195007324e+00
-1.823216199874877930e+00
8.022929430007934570e-01
-1.917737483978271484e+00
-1.227403640747070312e+00
1.912638247013092041e-01
1.550356984138488770e+00
-1.554267555475234985e-01
1.323690891265869141e+00
-1.339070320129394531e+00
-9.810911417007446289e-01
2.131445646286010742e+00
5.408924221992492676e-01
1.494113564491271973e+00
2.105790138244628906e+00
7.309495210647583008e-01
1.002481460571289062e+00
-4.900583922863006592e-01
2.305076360702514648e+00
1.705994457006454468e-01
6.571634411811828613e-01
4.939522147178649902e-01
-1.403391718864440918e+00
-3.006765246391296387e-01
-1.103235602378845215e+00
2.803499102592468262e-01
8.304549455642700195e-01
5.861703157424926758e-01
1.807177901268005371e+00
-1.082274675369262695e+00
2.440861463546752930e+00
1.266390442848205566e+00
-7.485358715057373047e-01
-6.292387843132019043e-01
2.216055870056152344e+00
-2.120655477046966553e-01
-1.152277350425720215e+00
1.289809107780456543e+00
2.030990839004516602e+00
2.357451319694519043e-01
-8.263425827026367188e-01
9.808053374290466309e-01
8.177275210618972778e-02
1.568104028701782227e+00
6.154257059097290039e-01
-6.111958622932434082e-01
-8.957280516624450684e-01
-2.381124019622802734e+00
-2.149147748947143555e+00
6.813443303108215332e-01
-1.535283803939819336e+00
1.222811564803123474e-01
3.894400894641876221e-01
-1.996580600738525391e+00
-2.770321071147918701e-01
-3.790600895881652832e-01
-5.721980929374694824e-01
-1.893371939659118652e+00
5.126771330833435059e-01
-2.316986322402954102e+00
1.916365504264831543e+00
1.859026908874511719e+00
-2.732975006103515625e+00
1.514911837875843048e-02
8.171272277832031250e-01
-2.296900302171707153e-01
2.479654788970947266e+00
2.575992941856384277e-01
-1.956476420164108276e-01
-7.345309853553771973e-01
1.598489284515380859e+00
-4.608467817306518555e-01
-9.873300790786743164e-01
-2.381539940834045410e-01
7.734835147857666016e-01
3.511434793472290039e-01
-1.879003494977951050e-01
-1.612264275550842285e+00
-3.219962716102600098e-01
2.204367071390151978e-01
1.212042290717363358e-02
-1.169572353363037109e+00
2.590965032577514648e-01
-9.062134623527526855e-01
-9.125809371471405029e-02
-2.008907794952392578e+00
-5.964716672897338867e-01
1.558673024177551270e+00
8.763368129730224609e-01
-4.082824587821960449e-01
1.412977576255798340e+00
-1.750452280044555664e+00
9.125581383705139160e-01
-1.558854818344116211e+00
-1.515369415283203125e+00
-1.686121076345443726e-01
1.325471162796020508e+00
1.334797263145446777e+00
-7.995612919330596924e-02
