4.005817174911499023e-01
-1.363535642623901367e+00
8.006769418716430664e-01
-2.321040183305740356e-01
1.740639209747314453e+00
-9.874591827392578125e-01
1.026487112045288086e+00
-9.626684188842773438e-01
-2.682574689388275146e-01
2.215052843093872070e+00
-2.720178961753845215e-01
3.094058334827423096e-01
3.666922077536582947e-02
-1.788227319717407227e+00
1.307883143424987793e+00
-3.673119470477104187e-02
1.051760196685791016e+00
-1.478843390941619873e-01
-1.465342521667480469e+00
1.324055671691894531e+00
4.710666537284851074e-01
-5.351133942604064941e-01
8.681111335754394531e-01
5.755774974822998047e-01
9.850452095270156860e-02
-1.174362182617187500e+00
4.557074606418609619e-01
-1.520590066909790039e+00
-2.278910875320434570e-01
7.240858674049377441e-01
-4.283208847045898438e-01
1.395050525665283203e+00
1.562818288803100586e-01
-2.701912820339202881e-01
-2.322755753993988037e-01
5.700237751007080078e-01
-1.976222038269042969e+00
-6.436477303504943848e-01
-1.036654710769653320e+00
2.636381089687347412e-01
1.258798956871032715e+00
-1.905006468296051025e-01
1.563887476921081543e+00
4.153677821159362793e-02
1.191216349601745605e+00
-7.447463870048522949e-01
-1.262211203575134277e+00
-1.135550022125244141e+00
1.378378748893737793e+00
1.015915513038635254e+00
-5.348879694938659668e-01
-2.963044404983520508e+00
1.484295487403869629e+00
5.019126534461975098e-01
-5.171689987182617188e-01
1.814433813095092773e+00
2.337856777012348175e-02
-1.165113970637321472e-01
6.534982919692993164e-01
1.493129014968872070e+00
-1.061201691627502441e+00
6.287720799446105957e-01
3.857152462005615234e-01
-1.304553508758544922e+00
-3.760594725608825684e-01
4.993088841438293457e-01
8.695372194051742554e-02
8.604202270507812500e-01
-2.646445930004119873e-01
-4.061827063560485840e-01
-9.987056255340576172e-01
-8.254246711730957031e-01
2.588448047637939453e+00
1.610604882240295410e+00
5.712701082229614258e-01
-8.234789967536926270e-01
-1.431435227394104004e+00
-9.011489748954772949e-01
1.189387917518615723e+00
-1.082038521766662598e+00
-1.034216523170471191e+00
-2.429375499486923218e-01
-2.921178638935089111e-01
4.528878331184387207e-01
-2.747994065284729004e-01
5.473446846008300781e-01
-6.778444051742553711e-01
-1.023679375648498535e+00
-1.362341642379760742e-02
1.865999102592468262e-01
-2.716023623943328857e-01
2.730347514152526855e-01
-1.533964633941650391e+00
1.678634285926818848e+00
1.566456556320190430e+00
4.853590130805969238e-01
-1.203182619065046310e-02
2.347986936569213867e+00
4.135638664592988789e-05
1.499771595001220703e+00
8.116301894187927246e-01
-1.100777029991149902e+00
8.202905058860778809e-01
-1.126115202903747559e+00
-3.064129114151000977e+00
8.081654310226440430e-01
9.384024143218994141e-01
5.269176363945007324e-01
-5.572777613997459412e-02
-1.293525457382202148e+00
-1.199525952339172363e+00
1.048208475112915039e+00
-1.138631343841552734e+00
1.714079737663269043e+00
-4.265613257884979248e-01
-2.469549655914306641e+00
1.275660037994384766e+00
-8.255363106727600098e-01
-4.877585917711257935e-02
-8.317058682441711426e-01
-2.593422174453735352e+00
4.453978687524795532e-02
-3.174249529838562012e-01
-9.496855735778808594e-01
-1.456503868103027344e+00
-6.078216060996055603e-02
-5.767638683319091797e-01
1.512296915054321289e+00
