-7.636414766311645508e-01
-3.360703885555267334e-01
-5.937205553054809570e-01
-8.445745110511779785e-01
-4.757712185382843018e-01
1.705809831619262695e+00
1.233545064926147461e+00
-3.819325566291809082e-01
-1.706565380096435547e+00
9.807953983545303345e-02
-1.522020101547241211e-01
1.569709300994873047e+00
2.304584503173828125e+00
-4.422855079174041748e-01
-1.234677433967590332e+00
-2.228323221206665039e+00
-1.509087383747100830e-01
4.695808589458465576e-01
1.806800484657287598e+00
4.739233106374740601e-02
-4.362485930323600769e-02
-4.006400108337402344e-01
6.240378618240356445e-01
-3.192428052425384521e-01
-1.143195748329162598e+00
-1.693490743637084961e-01
-5.326099991798400879e-01
-1.979876011610031128e-01
3.995448946952819824e-01
-1.079902648925781250e+00
-4.099861085414886475e-01
-3.429684400558471680e+00
-7.066724300384521484e-01
1.959095476195216179e-03
-6.319987773895263672e-01
1.928605914115905762e+00
5.063138604164123535e-01
4.864101111888885498e-01
-9.239479899406433105e-01
7.110052108764648438e-01
1.405805706977844238e+00
8.669111132621765137e-01
2.347363948822021484e+00
1.690939664840698242e-01
-1.567079305648803711e+00
-1.657026290893554688e+00
-1.766769289970397949e+00
1.481907486915588379e+00
1.043488159775733948e-01
-9.557453542947769165e-02
-6.081240773200988770e-01
-7.732204794883728027e-01
-1.149088382720947266e+00
-8.627422153949737549e-02
-9.661737084388732910e-01
3.343012809753417969e+00
1.188217774033546448e-01
6.856418251991271973e-01
5.826966166496276855e-01
-1.221987724304199219e+00
-2.196391820907592773e-01
3.363295793533325195e-01
1.848656237125396729e-01
-1.830030381679534912e-01
-7.624788880348205566e-01
-7.634825110435485840e-01
1.899730563163757324e+00
2.511777877807617188e+00
1.562071084976196289e+00
-2.244528383016586304e-01
-9.809886813163757324e-01
8.753092288970947266e-01
4.784990549087524414e-01
-1.859440803527832031e-01
-2.221230268478393555e+00
-1.712733507156372070e+00
7.110414654016494751e-02
-5.981465578079223633e-01
-5.368002653121948242e-01
-1.191088438034057617e+00
-2.141253471374511719e+00
-1.350682139396667480e+00
1.668948054313659668e+00
-1.045465946197509766e+00
2.606685400009155273e+00
-5.268920063972473145e-01
-1.830647945404052734e+00
1.186167001724243164e+00
-7.107992768287658691e-01
1.572231799364089966e-01
3.029626131057739258e+00
4.517572224140167236e-01
2.423898316919803619e-03
-2.486816942691802979e-01
-1.255849599838256836e+00
1.023380398750305176e+00
1.008868694305419922e+00
-1.821946740150451660e+00
6.170870661735534668e-01
-1.385956645011901855e+00
-8.256862163543701172e-01
5.030519366264343262e-01
-1.046491026878356934e+00
-9.681979566812515259e-02
-7.464185953140258789e-01
-3.344978019595146179e-02
-1.728491187095642090e+00
-2.023251205682754517e-01
3.262309432029724121e-01
-1.593248367309570312e+00
1.675865173339843750e+00
2.078848332166671753e-01
6.473544239997863770e-01
2.193647146224975586e+00
1.053902387619018555e+00
-3.759695887565612793e-01
9.150555729866027832e-01
-4.002952277660369873e-01
-8.500499129295349121e-01
1.283398389816284180e+00
1.746026396751403809e+00
-1.541851997375488281e+00
2.613159894943237305e+00
2.211720123887062073e-02
-3.130858540534973145e-01
2.151971817016601562e+00
3.097765147686004639e-01
-1.385736584663391113e+00
