-5.882211327552795410e-01
1.205622076988220215e+00
-1.260477453470230103e-01
6.474600732326507568e-02
2.543737649917602539e+00
-4.917451739311218262e-01
-5.615568161010742188e-01
-4.895898401737213135e-01
-1.282198905944824219e+00
3.000515326857566833e-02
-3.024843037128448486e-01
2.094597816467285156e+00
-4.768458902835845947e-01
-3.015645027160644531e+00
1.199725389480590820e+00
-2.703371644020080566e-01
6.602004766464233398e-01
1.854845434427261353e-01
-5.291214585304260254e-01
-1.437190532684326172e+00
-4.135491549968719482e-01
2.811486721038818359e-01
-1.204313859343528748e-01
1.591153502464294434e+00
-9.898223876953125000e-01
-6.748886108398437500e-01
-1.109937429428100586e+00
-9.181017279624938965e-01
8.951576352119445801e-01
1.412165284156799316e+00
-1.969742536544799805e+00
1.050553202629089355e+00
-1.101176619529724121e+00
1.217713356018066406e+00
5.412635803222656250e-01
-1.640787422657012939e-01
1.034018397331237793e+00
-1.662117391824722290e-01
-1.852167844772338867e+00
-1.985934972763061523e+00
2.564201354980468750e+00
-2.893631160259246826e-01
2.870193004608154297e+00
5.794191956520080566e-01
-1.568104982376098633e+00
-2.125722885131835938e+00
-1.498349159955978394e-01
2.073808908462524414e+00
-5.268214344978332520e-01
-3.352198898792266846e-01
2.604340791702270508e+00
-2.577171325683593750e-01
-3.670736253261566162e-01
-1.063229441642761230e+00
-1.879632323980331421e-01
1.937621355056762695e+00
1.328416615724563599e-01
2.137823998928070068e-01
-7.965652942657470703e-01
-6.750918924808502197e-02
-1.056175827980041504e+00
1.708487749099731445e+00
1.164847686886787415e-01
4.993313252925872803e-01
-5.118398666381835938e-01
-3.489825725555419922e-01
6.548317670822143555e-01
6.762932986021041870e-02
-4.410189390182495117e-02
-6.124477386474609375e-01
-1.606712341308593750e-01
2.236651659011840820e+00
7.025627493858337402e-01
-1.313547730445861816e+00
-2.202565908432006836e+00
-5.005959868431091309e-01
4.203958213329315186e-01
4.414751827716827393e-01
-3.301545977592468262e-01
-2.823042869567871094e+00
-1.248675227165222168e+00
-9.324049353599548340e-01
1.208530068397521973e+00
-7.321743965148925781e-01
1.937842130661010742e+00
9.797097444534301758e-01
-7.540710568428039551e-01
9.611117243766784668e-01
-1.342740535736083984e+00
3.335102498531341553e-01
1.217956781387329102e+00
-3.792056441307067871e-01
4.730402678251266479e-02
8.515703082084655762e-01
-6.236807703971862793e-01
-7.389554977416992188e-01
3.513680934906005859e+00
-5.919937491416931152e-01
5.883950591087341309e-01
-1.676622033119201660e+00
5.934473276138305664e-01
1.601656317710876465e+00
-2.783555388450622559e-01
-1.558717191219329834e-01
-9.351203441619873047e-01
-6.781836152076721191e-01
-1.461164593696594238e+00
1.673970967531204224e-01
4.589898884296417236e-02
-2.672266066074371338e-01
-3.269762396812438965e-01
-1.245332002639770508e+00
5.420750379562377930e-01
-2.761268615722656250e+00
-3.702606260776519775e-01
-1.301888823509216309e+00
-6.571213006973266602e-01
-6.656256318092346191e-01
-3.196666538715362549e-01
2.257453918457031250e+00
-6.959664225578308105e-01
-6.175716593861579895e-02
1.164433360099792480e+00
8.377212882041931152e-01
3.786284625530242920e-01
5.856672525405883789e-01
-7.874199748039245605e-01
1.707255095243453979e-01
