-9.697389006614685059e-01
9.781076908111572266e-01
6.036502774804830551e-03
-9.566827416419982910e-01
-9.024447798728942871e-01
1.460787773132324219e+00
-3.787247538566589355e-01
7.244182229042053223e-01
-1.920360088348388672e+00
1.053528115153312683e-01
-3.723007440567016602e-01
-5.399996042251586914e-01
-1.633132338523864746e+00
-1.342860817909240723e+00
5.979308485984802246e-01
-1.629541993141174316e+00
-5.179430842399597168e-01
1.197361201047897339e-01
-2.239070236682891846e-01
1.176848933100700378e-01
-1.456356793642044067e-01
-7.734434008598327637e-01
3.611579835414886475e-01
1.231767296791076660e+00
-7.826884388923645020e-01
2.901522815227508545e-01
-8.238551020622253418e-01
9.117781519889831543e-01
5.063861012458801270e-01
1.357401013374328613e+00
-5.129140615463256836e-01
2.948614835739135742e+00
5.070174932479858398e-01
1.498073697090148926e+00
-6.977988481521606445e-01
3.871444463729858398e-01
1.523672938346862793e-01
1.862061619758605957e+00
1.562425494194030762e+00
2.587461769580841064e-01
2.081792831420898438e+00
1.422605395317077637e+00
2.558122634887695312e+00
5.792802572250366211e-01
-2.091414481401443481e-01
-1.636088848114013672e+00
-6.002814769744873047e-01
-4.374959468841552734e-01
-2.236677408218383789e-01
-1.502991199493408203e+00
-6.519701480865478516e-01
-2.654193714261054993e-02
-2.479555159807205200e-01
4.569017291069030762e-01
-3.814891576766967773e-01
2.818337917327880859e+00
6.321868300437927246e-01
8.908316493034362793e-01
-8.652082085609436035e-01
9.013577699661254883e-01
-5.859609842300415039e-01
-1.092717647552490234e+00
5.612232089042663574e-01
1.243863999843597412e-02
1.269531399011611938e-01
-3.120305776596069336e+00
4.530708193778991699e-01
-3.822127580642700195e-01
1.653831839561462402e+00
3.035786002874374390e-02
4.509521126747131348e-01
1.942688345909118652e+00
4.681358635425567627e-01
7.454019784927368164e-01
5.379223227500915527e-01
-5.100695490837097168e-01
7.332223653793334961e-01
-2.126800537109375000e+00
-1.520782589912414551e+00
-8.117955923080444336e-01
2.022141218185424805e-01
-1.029698967933654785e+00
6.203471422195434570e-01
-3.197151720523834229e-01
7.215666770935058594e-01
-1.668510913848876953e+00
1.948260664939880371e-01
9.747188538312911987e-02
-1.434863209724426270e+00
2.922007441520690918e-01
-8.720347285270690918e-01
-9.373608231544494629e-01
-1.025918841361999512e+00
4.821620509028434753e-02
1.120628476142883301e+00
-9.436488747596740723e-01
-5.732877850532531738e-01
3.998696506023406982e-01
1.032540678977966309e+00
2.906043231487274170e-01
-2.698031425476074219e+00
1.977197825908660889e-01
8.392019569873809814e-02
7.918483018875122070e-02
-3.099262952804565430e+00
8.304413557052612305e-01
1.284083604812622070e+00
-5.358291864395141602e-01
1.993587166070938110e-01
-5.052634701132774353e-02
-1.479699492454528809e+00
-1.287145614624023438e-01
1.510357707738876343e-01
5.241687893867492676e-01
3.850834608078002930e+00
-2.758151888847351074e-01
-3.367773890495300293e-01
-9.093466401100158691e-01
-8.748311400413513184e-01
2.680811882019042969e+00
4.868130981922149658e-01
-1.019416689872741699e+00
-1.724324464797973633e+00
-8.963961601257324219e-01
-8.647863864898681641e-01
7.694407105445861816e-01
-1.526432037353515625e+00
-9.357572793960571289e-01
