2.657317399978637695e+00
-1.151676535606384277e+00
-6.358309984207153320e-01
-1.240273639559745789e-01
1.071689248085021973e+00
7.147544622421264648e-01
5.665072798728942871e-01
7.116588354110717773e-01
-1.518158674240112305e+00
-1.644046425819396973e+00
-9.880024194717407227e-01
4.110820889472961426e-01
5.194658637046813965e-01
-1.451466441154479980e+00
-1.918803453445434570e-01
5.413741245865821838e-02
-1.870937943458557129e+00
3.154340505599975586e+00
-1.064591761678457260e-02
1.031924962997436523e+00
1.581645607948303223e+00
-1.585580229759216309e+00
6.475523114204406738e-01
1.033775210380554199e+00
1.304758191108703613e+00
4.912155121564865112e-02
-2.111862182617187500e+00
-2.665989696979522705e-01
2.780565246939659119e-02
3.938363790512084961e-01
3.517190217971801758e-01
2.064112663269042969e+00
1.009579226374626160e-01
-2.944871187210083008e-01
1.406356930732727051e+00
-3.045861721038818359e-01
-1.215741515159606934e+00
4.158508181571960449e-01
-2.834385633468627930e-01
6.199579834938049316e-01
-2.181545644998550415e-01
5.673108156770467758e-03
7.423142194747924805e-01
-8.686525821685791016e-01
-4.654726684093475342e-01
-9.025294780731201172e-01
5.109815597534179688e-01
1.214448928833007812e+00
5.793415307998657227e-01
3.441469430923461914e+00
-8.498682379722595215e-01
-3.728868961334228516e-01
9.297965168952941895e-01
1.337427616119384766e+00
-4.359020665287971497e-02
3.116874992847442627e-01
2.455171108245849609e+00
3.234755992889404297e-01
-1.514040708541870117e+00
3.690717816352844238e-01
2.330461591482162476e-01
6.208817362785339355e-01
-1.163365483283996582e+00
8.659737706184387207e-01
1.685393571853637695e+00
3.829522132873535156e-01
1.913251519203186035e+00
2.023370265960693359e+00
3.974964916706085205e-01
1.078815817832946777e+00
1.070375919342041016e+00
-1.520511627197265625e+00
-1.855119228363037109e+00
1.023409008979797363e+00
5.031578540802001953e-01
-1.019339084625244141e+00
1.937180399894714355e+00
-1.657219648361206055e+00
-1.421471118927001953e+00
-7.001302838325500488e-01
1.336893200874328613e+00
-1.409665346145629883e+00
-1.872385025024414062e+00
-5.585324764251708984e-01
6.832226514816284180e-01
2.023588567972183228e-01
6.360363960266113281e-01
1.533567667007446289e+00
-5.936561822891235352e-01
-4.541862905025482178e-01
9.861210584640502930e-01
-1.684546947479248047e+00
-1.146395564079284668e+00
1.604342937469482422e+00
-1.093467473983764648e-01
-1.192300200462341309e+00
-6.480218768119812012e-01
-1.258193969726562500e+00
2.317871153354644775e-01
-2.816725671291351318e-01
5.402041673660278320e-01
5.379071235656738281e-01
-2.578959465026855469e+00
-5.496590733528137207e-01
-2.306419134140014648e+00
1.123446583747863770e+00
-8.512569665908813477e-01
2.674510776996612549e-01
5.021647363901138306e-02
-1.093455791473388672e+00
-8.027659058570861816e-01
4.686701670289039612e-02
-3.274072706699371338e-01
3.373843431472778320e-01
8.212097883224487305e-01
-6.503213196992874146e-02
-1.113677740097045898e+00
-1.851388692855834961e+00
-2.552471756935119629e-01
-1.799101591110229492e+00
6.287840753793716431e-02
-1.444060444831848145e+00
4.395388960838317871e-01
-9.945479035377502441e-01
-1.541180968284606934e+00
2.112374603748321533e-01
-7.673718333244323730e-01
5.900033116340637207e-01
