-2.079047918319702148e+00
-1.616223007440567017e-01
-1.096687316894531250e+00
-1.316330879926681519e-01
1.211827635765075684e+00
-3.330843448638916016e-01
-8.413762450218200684e-01
1.970146417617797852e+00
-1.302157640457153320e-01
-6.877654045820236206e-02
4.473707377910614014e-01
7.284410595893859863e-01
1.782764911651611328e+00
-2.426580786705017090e-01
1.497164368629455566e+00
1.296366930007934570e+00
-4.696786403656005859e-01
1.545474529266357422e-01
-8.635853528976440430e-01
1.523628830909729004e+00
7.722921371459960938e-01
-6.625238656997680664e-01
-1.260631442070007324e+00
-7.039676904678344727e-01
-1.990996360778808594e+00
6.887485384941101074e-01
5.261488556861877441e-01
-1.994059205055236816e+00
5.808682441711425781e-01
2.227439165115356445e+00
1.589173078536987305e+00
-2.840235948562622070e+00
-2.713899374008178711e+00
-8.465970754623413086e-01
-9.504894167184829712e-02
1.384074807167053223e+00
2.244328409433364868e-01
-5.466315150260925293e-01
-6.432503461837768555e-01
7.933400571346282959e-02
-9.803121685981750488e-01
1.968455612659454346e-01
1.021034836769104004e+00
9.907196760177612305e-01
-8.243091106414794922e-01
1.568875551223754883e+00
-3.418137729167938232e-01
-4.907603189349174500e-02
-8.882107138633728027e-01
-3.949497342109680176e-01
9.940093159675598145e-01
1.670602679252624512e+00
-7.628427743911743164e-01
7.147008180618286133e-01
-1.467188239097595215e+00
4.262796640396118164e-01
1.255763918161392212e-01
-6.283891201019287109e-01
-4.224385321140289307e-01
-2.939330041408538818e-01
1.813823699951171875e+00
3.245029449462890625e+00
-1.454413771629333496e+00
1.614579916000366211e+00
1.668073773384094238e+00
-1.243753194808959961e+00
-5.760812163352966309e-01
1.278864622116088867e+00
4.079609215259552002e-01
-3.066472411155700684e-01
7.150413990020751953e-01
-1.735316157341003418e+00
2.006614446640014648e+00
-9.487545490264892578e-02
-1.490136027336120605e+00
-1.313072562217712402e+00
-1.485770940780639648e+00
-2.508880496025085449e-01
6.260893344879150391e-01
-1.126589298248291016e+00
-1.011926054954528809e+00
5.755208134651184082e-01
1.945354700088500977e+00
-9.872347116470336914e-01
1.845604181289672852e+00
7.768881320953369141e-02
9.059535264968872070e-01
-1.539300084114074707e+00
2.151948213577270508e+00
2.231704235076904297e+00
1.397914528846740723e+00
-2.104055434465408325e-01
-5.492364168167114258e-01
1.479289770126342773e+00
-1.078908205032348633e+00
9.320560693740844727e-01
4.796501994132995605e-01
-2.004976987838745117e+00
1.197186946868896484e+00
6.499348282814025879e-01
-1.112213730812072754e+00
-9.110208749771118164e-01
2.312986738979816437e-02
1.549129962921142578e+00
2.543590366840362549e-01
-1.475464463233947754e+00
-9.437519311904907227e-01
-1.787559986114501953e+00
1.694679856300354004e+00
2.547561526298522949e-01
-1.035302758216857910e+00
7.869787514209747314e-02
7.491633892059326172e-01
-7.480851411819458008e-01
4.423141479492187500e-01
1.231575757265090942e-02
1.446411013603210449e+00
-8.139225840568542480e-01
-4.213286042213439941e-01
-2.791628599166870117e+00
-2.259315013885498047e+00
1.532185226678848267e-01
1.292159795761108398e+00
-1.108045816421508789e+00
-1.001965522766113281e+00
-5.901752710342407227e-01
4.432975649833679199e-01
-1.487872838973999023e+00
