-3.110942542552947998e-01
-2.685111999511718750e+00
5.778437256813049316e-01
-2.656953930854797363e-01
1.240844964981079102e+00
1.932702541351318359e+00
3.756366074085235596e-01
-1.394241809844970703e+00
-7.897924780845642090e-01
4.287056028842926025e-01
-1.092594385147094727e+00
-1.367494821548461914e+00
9.458075761795043945e-01
8.994572162628173828e-01
6.667025089263916016e-01
2.498256266117095947e-01
-1.117742896080017090e+00
1.128281712532043457e+00
-2.244876146316528320e+00
1.439405322074890137e+00
1.996956020593643188e-02
5.969095826148986816e-01
1.102471590042114258e+00
1.332153081893920898e+00
-1.075590729713439941e+00
3.404235243797302246e-01
-3.937361016869544983e-02
-7.392187714576721191e-01
5.582996010780334473e-01
-9.108660221099853516e-01
2.796100378036499023e-01
9.615538120269775391e-01
-3.048440217971801758e-01
-2.028876990079879761e-01
-5.114012360572814941e-01
1.637444496154785156e+00
5.475515723228454590e-01
-6.348975300788879395e-01
-9.419910311698913574e-01
5.559900999069213867e-01
-1.394083648920059204e-01
-1.071488022804260254e+00
1.555599093437194824e+00
1.425081938505172729e-01
-5.471419095993041992e-01
-1.715288400650024414e+00
3.121475875377655029e-01
1.867903590202331543e+00
1.030535101890563965e+00
8.157539367675781250e-01
-1.421795606613159180e+00
8.981988579034805298e-02
-1.230294853448867798e-01
2.094161510467529297e-01
1.243382811546325684e+00
-8.092002868652343750e-01
1.523445487022399902e+00
-1.030068397521972656e+00
1.041796326637268066e+00
1.182357430458068848e+00
-1.101800799369812012e+00
-9.455609917640686035e-01
1.903108716011047363e+00
9.941695630550384521e-02
-8.862423151731491089e-02
2.389507532119750977e+00
-4.194238781929016113e-01
1.767844438552856445e+00
1.638305902481079102e+00
-1.625081658363342285e+00
1.416513204574584961e+00
-1.253255009651184082e+00
-1.504458904266357422e+00
1.099895238876342773e+00
-8.707601428031921387e-01
-8.357704877853393555e-01
-6.705383062362670898e-01
3.398827910423278809e-01
-1.254472881555557251e-01
-2.107361704111099243e-01
8.338622450828552246e-01
7.315201312303543091e-02
-1.399734258651733398e+00
1.200687959790229797e-01
1.252454876899719238e+00
-8.700325489044189453e-01
-4.444409906864166260e-01
-1.426542162895202637e+00
1.958582364022731781e-02
1.458588004112243652e+00
7.951778769493103027e-01
4.935302436351776123e-01
-4.510777071118354797e-02
-4.724531173706054688e-01
1.446650266647338867e+00
-2.370220661163330078e+00
-5.599740147590637207e-01
-1.743819117546081543e-01
3.830488026142120361e-01
-9.737078100442886353e-02
1.232612252235412598e+00
-6.761218607425689697e-02
-3.666050732135772705e-01
-3.185257017612457275e-01
7.749260067939758301e-01
9.705111980438232422e-01
-1.415034174919128418e+00
-1.014351174235343933e-01
-9.515027403831481934e-01
-1.248514056205749512e+00
1.216791749000549316e+00
-2.973139882087707520e-01
1.124229431152343750e+00
4.325175285339355469e-01
-6.149436235427856445e-01
-7.444450855255126953e-01
-2.000835180282592773e+00
5.341542959213256836e-01
4.284620881080627441e-01
-4.351024031639099121e-01
6.574224829673767090e-01
-1.256755471229553223e+00
7.425509691238403320e-01
-3.236095666885375977e+00
-1.276891469955444336e+00
-1.435360789299011230e+00
-1.951484680175781250e+00
1.228658556938171387e+00
