5.760506987571716309e-01
-9.001069664955139160e-01
1.390328884124755859e+00
-9.172070771455764771e-02
-9.781078696250915527e-01
6.989924311637878418e-01
2.132999300956726074e-01
9.464327096939086914e-01
1.708540678024291992e+00
-1.587587237358093262e+00
1.830916047096252441e+00
-2.345367074012756348e-01
2.080521821975708008e+00
2.921304106712341309e-01
7.120949774980545044e-02
1.155385971069335938e+00
5.336409211158752441e-01
-5.877755284309387207e-01
-1.665515303611755371e+00
2.001216650009155273e+00
1.043515205383300781e+00
-2.595380842685699463e-01
1.380265831947326660e+00
5.702311992645263672e-01
-6.036894917488098145e-01
1.008763194084167480e+00
-3.176220059394836426e-01
-2.772409319877624512e-01
-1.641013026237487793e+00
-4.456875324249267578e-01
8.771340250968933105e-01
-2.098659753799438477e+00
-1.323092937469482422e+00
2.104755640029907227e-01
-1.475050598382949829e-01
7.223864793777465820e-01
-1.520116448402404785e+00
5.177075862884521484e-01
-1.249877452850341797e+00
-5.737149715423583984e-01
5.839720368385314941e-01
1.381405591964721680e+00
6.928253173828125000e-01
1.378301620483398438e+00
1.995805799961090088e-01
7.435355186462402344e-01
3.555045723915100098e-01
-1.380835533142089844e+00
1.119150996208190918e+00
-1.092674970626831055e+00
-6.214156746864318848e-02
-1.313397735357284546e-01
1.829262822866439819e-01
-7.448000907897949219e-01
5.669854581356048584e-02
-6.437276601791381836e-01
7.544884085655212402e-02
1.323489189147949219e+00
1.931838393211364746e+00
9.885515570640563965e-01
-3.460887446999549866e-02
-1.030660510063171387e+00
-2.121949672698974609e+00
3.882010877132415771e-01
9.476286768913269043e-01
-8.088083863258361816e-01
5.999572873115539551e-01
1.932615973055362701e-02
-3.817375600337982178e-01
4.135202169418334961e-01
-2.218809127807617188e+00
5.375403761863708496e-01
1.015868425369262695e+00
6.537088155746459961e-01
-5.443444252014160156e-01
-2.107122182846069336e+00
-1.027133822441101074e+00
-6.466508507728576660e-01
-1.265527844429016113e+00
-1.392812252044677734e+00
7.646398544311523438e-01
-7.219855189323425293e-01
-6.326962709426879883e-01
-1.327116370201110840e+00
3.781827449798583984e+00
-2.094164490699768066e-01
7.346199750900268555e-01
-1.367966413497924805e+00
-1.461667865514755249e-01
6.069453358650207520e-01
2.682649612426757812e+00
-2.201425552368164062e+00
9.307246804237365723e-01
-1.220030784606933594e+00
1.170774176716804504e-01
-1.767601370811462402e+00
1.146131038665771484e+00
9.152659177780151367e-01
-2.078441143035888672e+00
1.316436052322387695e+00
-3.232357978820800781e+00
2.697700977325439453e+00
-2.244576811790466309e-01
-1.476446390151977539e-01
2.594135046005249023e+00
1.709749579429626465e+00
-4.129146635532379150e-01
-6.015563607215881348e-01
2.719667196273803711e+00
-9.128619432449340820e-01
-1.793416142463684082e+00
1.084488630294799805e+00
-1.188907474279403687e-01
-3.029625654220581055e+00
-9.962291717529296875e-01
1.334609687328338623e-01
-1.097700476646423340e+00
-8.538340330123901367e-01
-1.507777690887451172e+00
4.174565672874450684e-01
-2.569164276123046875e+00
-9.068422317504882812e-01
4.813308417797088623e-01
-3.653341159224510193e-02
-8.996435254812240601e-02
-4.656955599784851074e-01
6.880733370780944824e-01
2.968425989151000977e+00
