-1.369551718235015869e-01
-8.982347846031188965e-01
2.044419527053833008e+00
-1.599464416503906250e-01
1.555970668792724609e+00
3.354099690914154053e-01
-1.705876469612121582e+00
-8.032224178314208984e-01
-4.100877940654754639e-01
-4.118138253688812256e-01
-1.653348561376333237e-03
2.817533314228057861e-01
-2.861346244812011719e+00
3.169814646244049072e-01
-6.581341624259948730e-01
1.367809176445007324e+00
-1.766142964363098145e+00
5.679017305374145508e-01
4.116146862506866455e-01
3.292496204376220703e-01
6.943673491477966309e-01
1.105520248413085938e+00
1.960015177726745605e+00
5.615657567977905273e-01
-6.830655336380004883e-01
-1.586576342582702637e+00
2.562471330165863037e-01
6.985361576080322266e-01
-1.358737587928771973e+00
1.801266312599182129e+00
-1.322938203811645508e+00
-2.143673658370971680e+00
8.460891842842102051e-01
7.020889520645141602e-01
1.515729904174804688e+00
1.669478178024291992e+00
3.114881515502929688e-01
4.555702209472656250e-01
-4.557456970214843750e-01
8.632032871246337891e-01
1.031425833702087402e+00
-1.256133168935775757e-01
2.007907629013061523e+00
-4.539981484413146973e-02
1.180675864219665527e+00
-1.357371449470520020e+00
-8.969382047653198242e-01
-1.028471708297729492e+00
5.610718131065368652e-01
1.714472174644470215e-01
-9.302111268043518066e-01
-1.810508489608764648e+00
-1.145687513053417206e-02
1.433094143867492676e+00
-5.194216966629028320e-01
3.505104780197143555e-01
4.867452681064605713e-01
4.372489750385284424e-01
1.536400988698005676e-02
3.105310201644897461e+00
7.354171872138977051e-01
-7.426883578300476074e-01
6.555175781250000000e-01
-3.045133948326110840e-01
-1.690948903560638428e-01
7.011533975601196289e-01
-6.300636529922485352e-01
7.820317745208740234e-01
-9.286542534828186035e-01
-4.672363772988319397e-02
-1.867323517799377441e-01
1.042708277702331543e+00
-6.945846676826477051e-01
1.181503534317016602e+00
1.595980525016784668e+00
-1.673751354217529297e+00
1.636005043983459473e+00
2.009284019470214844e+00
-2.027907609939575195e+00
-5.661382153630256653e-02
-2.161278277635574341e-01
-1.714016199111938477e+00
-4.073549509048461914e-01
-5.581311583518981934e-01
1.928273677825927734e+00
-5.987457036972045898e-01
-1.065123438835144043e+00
1.020084619522094727e+00
4.878276884555816650e-01
-9.589759707450866699e-01
-1.118930578231811523e+00
-6.235415935516357422e-01
-9.289408922195434570e-01
2.058115959167480469e+00
1.802543878555297852e+00
-5.431823134422302246e-01
-3.540406525135040283e-01
7.723409533500671387e-01
-9.654005169868469238e-01
-1.173076748847961426e+00
-1.584970355033874512e+00
3.648118972778320312e-01
-1.593029856681823730e+00
1.171775341033935547e+00
1.101877391338348389e-01
-1.957798600196838379e-01
1.031791806221008301e+00
-7.213524580001831055e-01
-4.522287547588348389e-01
-1.772430390119552612e-01
1.370514333248138428e-01
-1.658875346183776855e+00
1.255276322364807129e+00
-1.207711338996887207e+00
6.647334098815917969e-01
-1.506669640541076660e+00
7.199284434318542480e-01
-2.883905470371246338e-01
-1.046435713768005371e+00
-1.033640623092651367e+00
-1.668400406837463379e+00
1.365583896636962891e+00
2.562843561172485352e-01
-5.147128701210021973e-01
-1.382501363754272461e+00
4.029900729656219482e-01
-9.590036869049072266e-01
-1.350168466567993164e+00
