-8.598581552505493164e-01
5.258603692054748535e-01
-8.153849840164184570e-01
-1.986826211214065552e-01
4.590213000774383545e-01
8.943086862564086914e-02
4.900475442409515381e-01
1.722822070121765137e+00
9.436502456665039062e-01
-7.671434879302978516e-01
2.487410306930541992e+00
6.946912407875061035e-01
-1.010976076126098633e+00
-7.617257833480834961e-01
1.960653066635131836e-01
4.305678009986877441e-01
1.449882537126541138e-01
1.252871870994567871e+00
-6.202551126480102539e-01
-4.532897472381591797e-01
-1.072100400924682617e+00
6.699351072311401367e-01
4.963110089302062988e-01
3.442502021789550781e-01
-1.722923517227172852e+00
6.486976146697998047e-01
-5.335016846656799316e-01
3.219386329874396324e-03
1.729712605476379395e+00
4.225213825702667236e-01
-7.679062485694885254e-01
-3.078926801681518555e+00
8.697240352630615234e-01
1.181313171982765198e-01
5.427665710449218750e-01
6.955942511558532715e-01
1.462007522583007812e+00
5.802445411682128906e-01
-7.186184525489807129e-01
1.033302307128906250e+00
-1.613851785659790039e+00
2.985731065273284912e-01
1.371669769287109375e+00
1.306508302688598633e+00
-1.950387597084045410e+00
9.469838142395019531e-01
-6.517485976219177246e-01
5.026333332061767578e-01
-1.796456456184387207e+00
-5.069620162248611450e-02
-6.898396015167236328e-01
5.136057734489440918e-01
-5.795572325587272644e-02
9.290822148323059082e-01
-1.676198482513427734e+00
7.012225389480590820e-01
-1.223360061645507812e+00
1.596911400556564331e-01
-5.416930317878723145e-01
2.848390303552150726e-02
5.901831984519958496e-01
1.455918073654174805e+00
7.875154018402099609e-01
-8.210916519165039062e-01
1.826564192771911621e+00
1.224573329091072083e-01
-7.841979265213012695e-01
-2.711335383355617523e-02
2.447507530450820923e-01
1.582110524177551270e+00
1.379599213600158691e+00
-2.786224603652954102e+00
-1.175511002540588379e+00
1.425310611724853516e+00
1.630818843841552734e+00
-1.392052292823791504e+00
1.605953276157379150e-02
9.937784671783447266e-01
3.037842214107513428e-01
-1.429319083690643311e-01
-8.600587844848632812e-01
-2.627534627914428711e+00
1.600466728210449219e+00
9.323796033859252930e-01
-7.191617488861083984e-01
-4.694544672966003418e-01
-2.637587547302246094e+00
-1.915354609489440918e+00
5.861980915069580078e-01
3.456737995147705078e-01
9.951674342155456543e-01
-1.075726509094238281e+00
-1.808759450912475586e+00
8.793264627456665039e-01
2.852286815643310547e+00
4.229133427143096924e-01
-4.816094338893890381e-01
-1.156903624534606934e+00
-8.532525300979614258e-01
-4.961424041539430618e-03
-8.879216909408569336e-01
1.949407905340194702e-01
3.640698492527008057e-01
1.688867807388305664e+00
-9.264389872550964355e-01
5.263982415199279785e-01
-6.331130862236022949e-01
-3.570477664470672607e-01
6.687579303979873657e-02
-9.921247363090515137e-01
-1.634544730186462402e+00
1.546163439750671387e+00
2.551257610321044922e-01
-1.844960093498229980e+00
-5.106030497699975967e-03
-1.438319444656372070e+00
-7.996371388435363770e-01
9.649246931076049805e-01
-1.905007004737854004e+00
6.838470101356506348e-01
5.173610448837280273e-01
1.471574783325195312e+00
9.019663929939270020e-01
6.144898757338523865e-02
-1.041096329689025879e+00
-1.508378684520721436e-01
-1.536284565925598145e+00
2.026082992553710938e+00
