2.440705537796020508e+00
-8.655925989151000977e-01
-3.084792792797088623e-01
2.992376387119293213e-01
-4.809462130069732666e-01
1.973518013954162598e+00
1.374396234750747681e-01
-1.533728957176208496e+00
-3.665931820869445801e-01
-3.225692808628082275e-01
-4.814969375729560852e-02
5.822038743644952774e-03
1.219953298568725586e+00
-1.432585716247558594e+00
1.559440195560455322e-01
6.832425594329833984e-01
-1.403944849967956543e+00
3.362586498260498047e+00
-1.454894304275512695e+00
-3.431315124034881592e-01
6.505894064903259277e-01
1.103031396865844727e+00
-4.390644133090972900e-01
9.637573361396789551e-01
-2.098974734544754028e-01
-1.230297088623046875e+00
-1.199052482843399048e-01
-9.207251071929931641e-01
-2.363604545593261719e+00
9.701930880546569824e-01
9.074507951736450195e-01
-1.339387893676757812e+00
2.116188526153564453e+00
-1.243996262550354004e+00
2.415136992931365967e-02
1.422052979469299316e+00
-1.528435707092285156e+00
1.366951584815979004e+00
-6.987972259521484375e-01
9.450170993804931641e-01
6.174866110086441040e-02
2.238655537366867065e-01
1.695026040077209473e+00
6.757499575614929199e-01
-1.100619554519653320e+00
-1.133205413818359375e+00
1.097428351640701294e-01
2.072199583053588867e+00
-2.993640422821044922e+00
8.653169870376586914e-01
-1.112887740135192871e+00
-9.745354056358337402e-01
7.523453235626220703e-01
1.593421101570129395e+00
1.714350223541259766e+00
3.870851695537567139e-01
1.210726141929626465e+00
3.861490488052368164e-01
6.850476264953613281e-01
1.071458339691162109e+00
-1.188530087471008301e+00
1.640345007181167603e-01
-7.827846407890319824e-01
-3.237937092781066895e-01
-5.996477603912353516e-02
-1.276612043380737305e+00
-1.451101422309875488e+00
2.535718202590942383e+00
5.666200518608093262e-01
6.572113037109375000e-01
5.917210578918457031e-01
1.595442056655883789e+00
-1.574421048164367676e+00
5.239008069038391113e-01
-4.643449783325195312e-01
-1.484734296798706055e+00
3.700460791587829590e-01
1.577597975730895996e+00
-3.862208127975463867e-01
-3.679885268211364746e-01
7.433386445045471191e-01
8.097286522388458252e-02
-1.197572708129882812e+00
-6.682438403367996216e-02
5.040268898010253906e-01
-7.885503172874450684e-01
9.853392243385314941e-01
-3.423790931701660156e-01
1.504863500595092773e+00
-9.388650059700012207e-01
-6.584042906761169434e-01
2.133214622735977173e-01
-2.400728940963745117e+00
4.969020783901214600e-01
3.592092394828796387e-01
-3.256336152553558350e-01
5.960602760314941406e-01
3.314844667911529541e-01
-4.925061464309692383e-01
-3.532687425613403320e+00
-1.025319457054138184e+00
1.690057277679443359e+00
-1.295831322669982910e+00
1.469692230224609375e+00
1.068074703216552734e+00
-1.173543214797973633e+00
-1.951730549335479736e-01
-1.704814791679382324e+00
2.880621254444122314e-01
-1.083508014678955078e+00
-3.054609894752502441e-01
4.703711867332458496e-01
-4.185626208782196045e-01
8.370151519775390625e-01
2.172040462493896484e+00
-2.788603067398071289e+00
1.090864658355712891e+00
7.289387583732604980e-01
-1.617195844650268555e+00
8.692742884159088135e-02
-2.284597873687744141e+00
1.119703769683837891e+00
7.312115430831909180e-01
-2.155199795961380005e-01
-5.769116878509521484e-01
-7.178907990455627441e-01
-1.111268997192382812e+00
-4.340429008007049561e-01
