-3.123098611831665039e+00
-3.190681338310241699e-01
-2.358279973268508911e-01
1.866258531808853149e-01
1.014137625694274902e+00
1.543214917182922363e-01
1.528123140335083008e+00
-5.653481483459472656e-01
8.827533721923828125e-01
-8.605657219886779785e-01
3.221640586853027344e-01
1.278170347213745117e+00
9.138796925544738770e-01
-2.374469041824340820e-01
2.418279051780700684e-01
-1.753511786460876465e+00
1.625954657793045044e-01
1.368983507156372070e+00
2.499153465032577515e-02
4.355357885360717773e-01
1.589820981025695801e+00
-1.656424880027770996e+00
1.814510226249694824e+00
-2.593155205249786377e-01
-2.852818965911865234e+00
-8.265467882156372070e-01
-8.707775473594665527e-01
-2.955117225646972656e+00
1.152888298034667969e+00
-4.408698976039886475e-01
5.272350087761878967e-02
2.671931028366088867e+00
6.530417203903198242e-01
-6.799411177635192871e-01
9.818283915519714355e-01
6.376545131206512451e-02
4.720155298709869385e-01
-1.110898971557617188e+00
-1.221536993980407715e+00
-2.550251781940460205e-01
-8.937983512878417969e-01
-7.922924160957336426e-01
1.212014198303222656e+00
-1.443012952804565430e+00
-4.701051115989685059e-01
7.889389991760253906e-01
-7.798375487327575684e-01
-2.098106741905212402e-01
-1.039425134658813477e-01
1.716500043869018555e+00
-2.836427986621856689e-01
4.186892807483673096e-01
1.259230732917785645e+00
1.120520353317260742e+00
-4.504268765449523926e-01
2.450707554817199707e-01
1.506884843111038208e-01
-1.349874138832092285e+00
1.288592338562011719e+00
2.774541854858398438e+00
-3.273013830184936523e+00
1.427282214164733887e+00
-1.476189374923706055e+00
6.511166095733642578e-01
8.144574165344238281e-01
1.429728418588638306e-01
-1.033357739448547363e+00
-1.633084058761596680e+00
-4.844572767615318298e-02
2.558797299861907959e-01
-3.860071003437042236e-01
-9.472132921218872070e-01
7.902303934097290039e-01
8.555234670639038086e-01
-9.294455647468566895e-01
1.003143116831779480e-01
-3.690139651298522949e-01
9.498976469039916992e-01
3.130875527858734131e-01
-5.177912116050720215e-01
-2.089826583862304688e+00
-5.536879301071166992e-01
-3.476139307022094727e-01
-7.534865140914916992e-01
3.337022066116333008e-01
8.477416038513183594e-01
2.325662821531295776e-01
2.071033790707588196e-02
-7.369481921195983887e-01
3.963540196418762207e-01
-1.006020307540893555e+00
1.446861177682876587e-01
-1.155874133110046387e+00
5.275555253028869629e-01
-7.093102335929870605e-01
4.639891982078552246e-01
9.365484118461608887e-01
-5.462731122970581055e-01
7.097258418798446655e-02
1.366110920906066895e+00
-1.434526592493057251e-01
-1.279432773590087891e-01
8.071497678756713867e-01
-5.082984268665313721e-02
3.663183927536010742e+00
1.430657625198364258e+00
6.719847917556762695e-01
-1.823774933815002441e+00
-1.518831968307495117e+00
-3.053073644638061523e+00
-1.548821926116943359e+00
-1.098008006811141968e-01
4.170164763927459717e-01
1.445978403091430664e+00
-1.054338574409484863e+00
-1.871791124343872070e+00
2.154129028320312500e+00
2.539786696434020996e-01
4.064496755599975586e-01
6.681741476058959961e-01
8.505177497863769531e-01
9.743376970291137695e-01
1.119099497795104980e+00
-2.615960597991943359e+00
-6.615357995033264160e-01
-8.452128171920776367e-01
3.038562774658203125e+00
-8.595039248466491699e-01
