-3.483881950378417969e-01
-1.316291093826293945e+00
3.102543950080871582e-01
3.515759110450744629e-01
-5.965942740440368652e-01
-6.245163083076477051e-01
-4.412559866905212402e-01
3.624365925788879395e-01
-4.927404224872589111e-01
6.750911474227905273e-01
8.413877487182617188e-01
7.390617728233337402e-01
1.029535055160522461e+00
1.442480921745300293e+00
6.178908944129943848e-01
-3.812497556209564209e-01
1.035806655883789062e+00
6.962211728096008301e-01
-1.155895709991455078e+00
-1.473091989755630493e-01
2.215329557657241821e-01
2.362388521432876587e-01
2.472353130578994751e-01
7.870759963989257812e-01
-2.322613954544067383e+00
-3.962305486202239990e-01
9.490494728088378906e-01
6.628971695899963379e-01
-5.199903249740600586e-01
1.154518008232116699e+00
-2.362251520156860352e+00
1.080432415008544922e+00
-7.047866582870483398e-01
-2.322817593812942505e-01
1.400216072797775269e-01
1.372335314750671387e+00
1.770165681838989258e+00
1.872971057891845703e-01
-8.384910821914672852e-01
2.824879586696624756e-01
-4.228299260139465332e-01
-3.347367048263549805e-01
1.428696393966674805e+00
8.198853731155395508e-01
8.211593031883239746e-01
4.308248460292816162e-01
-1.009829401969909668e+00
-5.297174304723739624e-02
-1.061586976051330566e+00
9.527737498283386230e-01
1.975380629301071167e-01
-2.265959978103637695e+00
2.099135160446166992e+00
-7.147580981254577637e-01
-2.944634258747100830e-01
-7.613984942436218262e-01
-4.949459135532379150e-01
1.852801561355590820e+00
1.133857488632202148e+00
1.006160140037536621e+00
1.282322168350219727e+00
1.509869694709777832e+00
-4.929239749908447266e-01
1.944689154624938965e+00
6.222916841506958008e-01
7.354749441146850586e-01
1.075445890426635742e+00
2.082860022783279419e-01
-5.839093923568725586e-01
1.965870618820190430e+00
-5.695703625679016113e-01
-4.237772524356842041e-02
3.827469646930694580e-01
6.577970385551452637e-01
1.885446906089782715e+00
-1.161162734031677246e+00
2.897426486015319824e-01
-1.831497788429260254e+00
1.168932080268859863e+00
-1.715371370315551758e+00
-2.348140776157379150e-01
-1.732543230056762695e+00
-7.078334689140319824e-01
1.373903155326843262e+00
-9.342963099479675293e-01
-8.586112856864929199e-01
-1.278525114059448242e+00
-6.842159032821655273e-01
-1.088459610939025879e+00
-8.110325336456298828e-01
-1.844597458839416504e+00
-5.641045570373535156e-01
-1.184644937515258789e+00
1.694487929344177246e+00
4.452282488346099854e-01
3.062326908111572266e+00
2.524907290935516357e-01
1.520589590072631836e+00
-2.307909965515136719e+00
2.963381052017211914e+00
-1.042397022247314453e+00
3.492176532745361328e-01
-4.360022246837615967e-01
5.904037952423095703e-01
-5.763495564460754395e-01
-5.514524579048156738e-01
-4.573072493076324463e-01
2.017179690301418304e-02
-5.982159376144409180e-01
-5.677739381790161133e-01
-8.579658269882202148e-01
2.549545764923095703e+00
-1.070911407470703125e+00
7.403938472270965576e-02
2.765929698944091797e-01
-2.106305360794067383e+00
3.896293044090270996e-01
-9.771645069122314453e-01
-8.053225278854370117e-01
-6.635891199111938477e-01
-2.305343866348266602e+00
1.902498453855514526e-01
2.122838020324707031e+00
-1.169702053070068359e+00
-1.404202103614807129e+00
-2.425135135650634766e+00
-4.514087438583374023e-01
-1.459843754768371582e+00
