4.165786504745483398e-01
-1.241927027702331543e+00
1.094292879104614258e+00
6.245173811912536621e-01
-2.590908765792846680e+00
1.922780275344848633e-01
-1.799387454986572266e+00
3.925208747386932373e-01
-1.453838825225830078e+00
-1.596668362617492676e+00
-8.448829054832458496e-01
-4.010836184024810791e-01
-1.253849148750305176e+00
1.522839784622192383e+00
4.408343136310577393e-01
8.735576868057250977e-01
-6.390974521636962891e-01
1.108292818069458008e+00
-1.575086712837219238e+00
-2.139295488595962524e-01
6.173751950263977051e-01
1.943902485072612762e-02
1.342210412025451660e+00
1.077314972877502441e+00
-4.346014261245727539e-01
-7.788066267967224121e-01
1.369129538536071777e+00
1.391134023666381836e+00
-7.155680656433105469e-01
1.082764148712158203e+00
1.398619294166564941e+00
-7.601733207702636719e-01
9.328222870826721191e-01
9.276154041290283203e-01
1.084568738937377930e+00
1.563066959381103516e+00
4.178907573223114014e-01
-6.670976877212524414e-01
-1.390532612800598145e+00
1.657501339912414551e+00
3.760263696312904358e-02
-2.841267287731170654e-01
1.109140992164611816e+00
3.895013928413391113e-01
5.985039472579956055e-01
-1.579014182090759277e+00
-7.118212580680847168e-01
-1.074593544006347656e+00
3.340916335582733154e-01
1.788300752639770508e+00
-3.337525427341461182e-01
-8.985374569892883301e-01
2.142712473869323730e-01
1.522352337837219238e+00
7.740146517753601074e-01
-2.165294811129570007e-02
9.168072342872619629e-01
3.652581274509429932e-01
2.004618197679519653e-01
2.929525852203369141e+00
5.540629029273986816e-01
-1.381896972656250000e+00
-9.049113392829895020e-01
1.307724475860595703e+00
5.591760277748107910e-01
9.247313737869262695e-01
2.513999044895172119e-01
1.278993129730224609e+00
-2.292337864637374878e-01
-2.074451893568038940e-01
2.765555977821350098e-01
-5.383055210113525391e-01
-8.042422682046890259e-02
7.021554708480834961e-01
5.057746171951293945e-01
-1.033805459737777710e-01
1.083888530731201172e+00
6.954881548881530762e-01
-2.111960887908935547e+00
-1.029191732406616211e+00
1.423213601112365723e+00
-2.701479196548461914e+00
1.298395991325378418e+00
-2.980984151363372803e-01
2.987353324890136719e+00
-2.460376262664794922e+00
-1.292711138725280762e+00
2.884162962436676025e-01
-2.224548816680908203e+00
-2.649437904357910156e+00
-8.327988386154174805e-01
2.416748106479644775e-01
8.006293773651123047e-01
-9.971992969512939453e-01
2.555863857269287109e+00
-1.617048382759094238e+00
1.735205292701721191e+00
2.093317061662673950e-01
-5.730085372924804688e-01
1.162421926856040955e-01
-7.162809967994689941e-01
3.145430386066436768e-01
-1.146169185638427734e+00
-5.094429012387990952e-03
1.419063448905944824e+00
-4.640433490276336670e-01
-1.833087503910064697e-01
-1.010687708854675293e+00
1.551101922988891602e+00
-1.267477273941040039e+00
-2.489815354347229004e-01
-1.362900853157043457e+00
1.517527550458908081e-01
-6.523584723472595215e-01
-4.755255281925201416e-01
2.613801658153533936e-01
-1.915672898292541504e+00
3.366012275218963623e-01
-1.388300180435180664e+00
-5.172164440155029297e-01
-3.650963604450225830e-01
6.240608692169189453e-01
-7.298687696456909180e-01
-1.914098858833312988e-01
-1.419882416725158691e+00
1.195381522178649902e+00
-1.436125874519348145e+00
3.576764762401580811e-01
