1.199331045150756836e+00
5.292773842811584473e-01
-6.283239722251892090e-01
-2.979054927825927734e+00
1.762860059738159180e+00
1.080672264099121094e+00
2.979643583297729492e+00
8.761838823556900024e-02
3.818825185298919678e-01
-1.508143901824951172e+00
9.619895815849304199e-01
1.139563083648681641e+00
1.303701996803283691e+00
-7.727887034416198730e-01
-4.522922337055206299e-01
1.595884680747985840e+00
-3.226289451122283936e-01
1.228880956768989563e-01
-1.214286446571350098e+00
1.820143312215805054e-01
-1.324531555175781250e+00
-5.082828402519226074e-01
-5.458487272262573242e-01
2.559256076812744141e+00
-5.810312032699584961e-01
-1.418930053710937500e+00
1.917179226875305176e-01
1.045889735221862793e+00
-1.245059967041015625e+00
1.705319643020629883e+00
-8.811908960342407227e-01
-1.963714122772216797e+00
2.642137110233306885e-01
1.713892459869384766e+00
-1.024207115173339844e+00
-5.929629132151603699e-02
-1.862992644309997559e-01
1.479604393243789673e-01
-2.216420918703079224e-01
2.476463792845606804e-03
7.147069573402404785e-01
1.952524900436401367e+00
1.019466519355773926e+00
1.295139431953430176e+00
-1.170478463172912598e+00
-2.313514947891235352e+00
-4.462318718433380127e-01
3.072105646133422852e+00
-4.563767910003662109e-01
4.244376718997955322e-02
1.138925790786743164e+00
-8.544461727142333984e-01
-5.361388921737670898e-01
-4.848471283912658691e-01
6.433228254318237305e-01
-2.098012924194335938e+00
7.778213024139404297e-01
1.148876070976257324e+00
-4.023473858833312988e-01
7.449201941490173340e-01
-4.396492838859558105e-01
6.291448473930358887e-01
1.419229865074157715e+00
1.553111195564270020e+00
1.042884707450866699e+00
-1.803811192512512207e+00
-3.425173461437225342e-01
1.824597001075744629e+00
9.477519243955612183e-02
-7.431872934103012085e-02
-6.178404763340950012e-02
1.477912515401840210e-01
-1.237750411033630371e+00
-6.094098687171936035e-01
3.277630507946014404e-01
-1.213437318801879883e+00
2.039747089147567749e-01
2.283340543508529663e-01
4.049969315528869629e-01
-3.201746702194213867e+00
2.015576930716633797e-03
-4.105562865734100342e-01
-8.862311840057373047e-01
-9.045337438583374023e-01
2.265641212463378906e+00
-2.258086353540420532e-01
-9.336004853248596191e-01
1.358798503875732422e+00
3.485386073589324951e-01
-1.085425019264221191e+00
6.125962138175964355e-01
-2.424601793289184570e+00
-1.018552780151367188e+00
-5.279526114463806152e-01
5.875106453895568848e-01
7.128121256828308105e-01
5.277066230773925781e-01
-3.124454915523529053e-01
-5.485877990722656250e-01
-3.324884176254272461e-01
3.008861243724822998e-01
-3.081787526607513428e-01
-1.649553298950195312e+00
1.542737722396850586e+00
1.113011360168457031e+00
-7.838076353073120117e-01
1.105933904647827148e+00
7.851400375366210938e-01
2.612116575241088867e+00
-1.134685754776000977e+00
-1.718344211578369141e+00
-8.939170837402343750e-01
-1.850665450096130371e+00
-1.671876788139343262e+00
2.864640712738037109e+00
8.106728196144104004e-01
-1.495567336678504944e-02
-1.600823283195495605e+00
-2.215466499328613281e+00
1.656402230262756348e+00
1.926992774009704590e+00
-1.419218182563781738e+00
5.175177454948425293e-01
1.151925027370452881e-01
1.138065531849861145e-01
-2.185441493988037109e+00
4.479151964187622070e-02
-5.079250931739807129e-01
