-8.545765280723571777e-02
-1.046130418777465820e+00
8.584070801734924316e-01
6.785466521978378296e-02
7.242655158042907715e-01
1.053711056709289551e+00
2.283096313476562500e+00
-6.164660453796386719e-01
8.790459632873535156e-01
-3.088477812707424164e-02
3.040129184722900391e+00
-9.473896026611328125e-01
4.699087142944335938e-01
-5.066104531288146973e-01
3.314742445945739746e-01
1.564411401748657227e+00
-1.883213758468627930e+00
5.553402304649353027e-01
-2.082122564315795898e+00
6.662808656692504883e-01
-1.684849143028259277e+00
-1.696837991476058960e-01
2.338376522064208984e+00
2.918074131011962891e+00
-1.414931774139404297e+00
4.231209158897399902e-01
1.008197069168090820e+00
2.192227840423583984e-01
6.370918154716491699e-01
4.672237038612365723e-01
-9.331569671630859375e-01
-1.483314633369445801e+00
1.285371541976928711e+00
2.474478930234909058e-01
-1.900943368673324585e-01
9.817889332771301270e-01
6.097769141197204590e-01
8.718062639236450195e-01
-1.120540618896484375e+00
-5.088797584176063538e-02
4.509198665618896484e-01
8.932570815086364746e-01
5.453029274940490723e-01
9.204775691032409668e-01
-8.717621117830276489e-02
3.076808750629425049e-01
-2.735348641872406006e-01
-5.925338864326477051e-01
-2.869033098220825195e+00
-8.921397328376770020e-01
-5.259377956390380859e-01
2.057700604200363159e-01
3.598255515098571777e-01
6.827104687690734863e-01
-7.635024189949035645e-01
8.126189112663269043e-01
-5.417864918708801270e-01
-1.878092885017395020e+00
-1.921411514282226562e+00
-2.191302329301834106e-01
-1.213879823684692383e+00
2.888301849365234375e+00
-3.277505040168762207e-01
-7.496702671051025391e-01
2.289774656295776367e+00
3.763825595378875732e-01
-3.470412194728851318e-01
-1.195163369178771973e+00
-8.498028516769409180e-01
8.529052883386611938e-02
-6.722192168235778809e-01
-5.347028970718383789e-01
-1.258605241775512695e+00
1.643608689308166504e+00
7.301942706108093262e-01
-1.055446267127990723e+00
1.070111870765686035e+00
-2.262592166662216187e-01
-2.173330307006835938e+00
1.551382392644882202e-01
1.134797573089599609e+00
-1.510490059852600098e+00
-2.405472993850708008e-01
6.532713025808334351e-02
5.554114580154418945e-01
-1.497014403343200684e+00
-1.901198625564575195e+00
-1.544545888900756836e+00
5.961781144142150879e-01
2.922849655151367188e-01
-1.569582581520080566e+00
1.970975250005722046e-01
1.526910811662673950e-01
7.082905173301696777e-01
6.721429228782653809e-01
-8.592331409454345703e-01
-5.062405765056610107e-02
-2.418982088565826416e-01
-2.825093507766723633e+00
1.250330805778503418e+00
6.701590418815612793e-01
6.041963100433349609e-01
-2.792036831378936768e-01
3.195286691188812256e-01
-2.014448046684265137e-01
-6.323226541280746460e-02
7.243998050689697266e-01
1.033254787325859070e-01
6.243299841880798340e-01
2.074667662382125854e-01
-6.387672424316406250e-01
2.679174184799194336e+00
-3.155864477157592773e-01
-2.758718013763427734e+00
-6.207309365272521973e-01
-1.783626556396484375e+00
1.490193486213684082e+00
-7.086056470870971680e-01
-6.592475771903991699e-01
1.278627038002014160e+00
6.240291893482208252e-02
1.748675704002380371e+00
-1.080906987190246582e+00
-1.097232222557067871e+00
-1.038643598556518555e+00
1.705782175064086914e+00
-1.485701203346252441e+00
1.553842902183532715e+00
