1.928659081459045410e+00
-1.151381373405456543e+00
1.732924580574035645e-01
1.854442805051803589e-02
1.306020736694335938e+00
1.967403173446655273e+00
-2.583443522453308105e-01
9.761964678764343262e-01
1.045536175370216370e-01
-2.806575298309326172e+00
5.460846424102783203e-01
-1.077821254730224609e+00
8.364173173904418945e-01
-1.508350610733032227e+00
2.139869630336761475e-01
-1.168255925178527832e+00
-9.499937891960144043e-01
3.141856908798217773e+00
3.771499693393707275e-01
1.513748526573181152e+00
-1.324200481176376343e-01
-2.150162458419799805e+00
2.450861036777496338e-01
3.257813155651092529e-01
-2.678676843643188477e-01
1.964246749877929688e+00
1.320190668106079102e+00
-1.183183908462524414e+00
2.334994822740554810e-01
1.043588638305664062e+00
3.554737865924835205e-01
-5.277590751647949219e-01
1.332346647977828979e-01
7.617115974426269531e-01
-2.513379096984863281e+00
8.783746957778930664e-01
-1.254615426063537598e+00
-5.614493489265441895e-01
9.019792824983596802e-02
-5.786453485488891602e-01
-7.572353482246398926e-01
-1.328455805778503418e+00
7.074233889579772949e-01
5.740123391151428223e-01
4.366190433502197266e-01
-6.977760195732116699e-01
-2.255270004272460938e+00
-2.934066653251647949e-01
-3.204426467418670654e-01
9.177922010421752930e-01
9.131082892417907715e-01
-1.226763129234313965e+00
8.219537734985351562e-01
1.301298141479492188e-01
-7.454394102096557617e-01
2.828319072723388672e-01
-1.782355904579162598e+00
-1.629960387945175171e-01
-4.475690722465515137e-01
1.302208542823791504e+00
-2.103053033351898193e-01
3.629596233367919922e-01
4.725520014762878418e-01
-1.199190616607666016e+00
-1.207931190729141235e-01
-2.649688005447387695e+00
1.552582740783691406e+00
-5.653350353240966797e-01
5.534179210662841797e-01
6.585738658905029297e-01
3.470083326101303101e-02
1.111805438995361328e+00
-3.185014426708221436e-01
8.086504936218261719e-01
-3.213622570037841797e-01
-9.471589326858520508e-01
-1.238895114511251450e-02
-9.256910681724548340e-01
-9.065469503402709961e-01
-2.232004642486572266e+00
-7.405774593353271484e-01
-1.051590323448181152e+00
1.982855945825576782e-01
-7.173879742622375488e-01
3.451533615589141846e-01
-2.575976848602294922e+00
6.377833485603332520e-01
3.120250225067138672e+00
5.422824993729591370e-02
1.313109755516052246e+00
1.812595605850219727e+00
-2.602552413940429688e+00
-1.373324871063232422e+00
8.641496896743774414e-01
1.142785787582397461e+00
-1.894181221723556519e-02
1.971159875392913818e-01
2.173290491104125977e+00
1.115464091300964355e+00
-2.758661031723022461e+00
4.057779610157012939e-01
1.802717566490173340e+00
-1.649737060070037842e-01
-4.173233807086944580e-01
4.998728632926940918e-01
5.650770664215087891e-01
1.242988467216491699e+00
-1.871861457824707031e+00
2.373106479644775391e+00
8.220397830009460449e-01
-4.551390409469604492e-01
2.019610404968261719e+00
-1.556449413299560547e+00
-1.268658041954040527e+00
-1.041827559471130371e+00
3.595020174980163574e-01
-6.279494166374206543e-01
6.569724082946777344e-01
6.719872355461120605e-01
-1.951003074645996094e-01
-3.247187659144401550e-02
-1.718560814857482910e+00
2.004443883895874023e+00
1.774627566337585449e+00
-8.259443044662475586e-01
-2.193005084991455078e+00
9.873698949813842773e-01
1.148352622985839844e+00
