-2.563718557357788086e-01
-2.156346082687377930e+00
1.296415925025939941e-02
2.337099611759185791e-01
-2.258053123950958252e-01
5.022450685501098633e-01
-1.184181332588195801e+00
-6.412552595138549805e-01
2.619408369064331055e-01
-2.377784013748168945e+00
-1.420942902565002441e+00
1.463455915451049805e+00
-5.415824055671691895e-01
-1.464567422866821289e+00
-5.035787820816040039e-01
7.524115443229675293e-01
1.177636742591857910e+00
-8.934370279312133789e-01
-1.219271421432495117e+00
9.207469820976257324e-01
1.720947980880737305e+00
3.227052688598632812e-01
5.009305849671363831e-02
2.808354139328002930e+00
-1.174591660499572754e+00
-4.959892332553863525e-01
1.358130097389221191e+00
-1.352555990219116211e+00
-7.431766986846923828e-01
-3.989238739013671875e-01
4.220436215400695801e-01
-6.659111380577087402e-01
5.917021036148071289e-01
-5.737538933753967285e-01
6.518806815147399902e-01
1.349800229072570801e+00
1.913587689399719238e+00
-3.613246083259582520e-01
-8.081876635551452637e-01
-8.653920292854309082e-01
-1.268843412399291992e+00
1.717079728841781616e-01
9.599002599716186523e-01
9.346126914024353027e-01
1.459454774856567383e+00
-4.731112420558929443e-01
6.991024017333984375e-01
-1.333468079566955566e+00
1.151794910430908203e+00
-3.655803799629211426e-01
-1.109859824180603027e+00
3.546364009380340576e-01
-2.431149005889892578e+00
-3.132517635822296143e-01
4.623996019363403320e-01
1.183778047561645508e+00
-2.528603792190551758e+00
1.653550148010253906e+00
2.575269699096679688e+00
1.593155741691589355e+00
-7.471763491630554199e-01
-4.752716720104217529e-01
-1.564704298973083496e+00
2.377866208553314209e-02
-1.638246774673461914e+00
3.115974664688110352e-01
1.055437792092561722e-02
3.060589551925659180e+00
-8.314422965049743652e-01
-3.338233828544616699e-01
-6.936733722686767578e-01
1.285765767097473145e+00
-1.182738170027732849e-01
1.633196592330932617e+00
3.105823993682861328e-01
-2.077419042587280273e+00
5.324029326438903809e-01
1.790871143341064453e+00
-6.628991961479187012e-01
-1.286316365003585815e-01
1.925156563520431519e-01
-1.159755229949951172e+00
-2.178143262863159180e-01
6.915886402130126953e-01
2.193417072296142578e+00
1.418366312980651855e+00
5.738008618354797363e-01
1.752992987632751465e+00
-2.850819349288940430e+00
-9.384174942970275879e-01
-2.833994030952453613e-01
-1.710819244384765625e+00
6.216569542884826660e-01
1.661038517951965332e+00
1.473401427268981934e+00
-7.887095212936401367e-01
7.028594613075256348e-01
6.671948730945587158e-02
-7.851903438568115234e-01
2.196046113967895508e+00
-1.169593334197998047e+00
-5.861324667930603027e-01
-1.406004130840301514e-01
-1.409890174865722656e+00
-8.395991325378417969e-01
6.288847327232360840e-02
-2.437474250793457031e+00
-2.554704844951629639e-01
1.606124043464660645e+00
-2.957313060760498047e+00
9.176573753356933594e-01
1.427088141441345215e+00
-4.050922989845275879e-01
1.422612428665161133e+00
-1.755545258522033691e+00
7.212540507316589355e-01
1.272177975624799728e-02
-2.112839221954345703e+00
7.758662700653076172e-01
-8.201530575752258301e-01
-9.226285815238952637e-01
-9.481784701347351074e-01
3.260945975780487061e-01
1.636483073234558105e+00
-3.130063712596893311e-01
-5.419974923133850098e-01
6.079093217849731445e-01
-2.223715782165527344e-01
