-6.892582774162292480e-01
-7.982207536697387695e-01
9.114173054695129395e-01
1.067505553364753723e-01
8.883895277976989746e-01
-4.429603219032287598e-01
3.149245381355285645e-01
-1.580850720405578613e+00
1.440321803092956543e-01
-1.232663631439208984e+00
-1.079941272735595703e+00
-6.349497437477111816e-01
8.141927123069763184e-01
6.121767759323120117e-01
1.288607269525527954e-01
-9.176482260227203369e-02
-2.620829820632934570e+00
1.246082633733749390e-01
-1.707335472106933594e+00
1.695616245269775391e+00
1.259749412536621094e+00
-1.056113958358764648e+00
1.225057482719421387e+00
-9.062790274620056152e-01
4.422325268387794495e-02
-6.174792051315307617e-01
7.103091478347778320e-01
-3.447752445936203003e-02
8.233098387718200684e-01
-6.659678369760513306e-02
3.359366357326507568e-01
-8.430881500244140625e-01
3.716347515583038330e-01
-5.980954766273498535e-01
-1.413112759590148926e+00
1.547160029411315918e+00
-1.624729633331298828e+00
-1.883021712303161621e+00
-1.635174274444580078e+00
-6.650418043136596680e-01
-6.630796194076538086e-01
3.905017971992492676e-01
1.109955668449401855e+00
3.291161775588989258e+00
2.395776957273483276e-01
-1.232528090476989746e+00
1.112703800201416016e+00
2.623022794723510742e+00
3.599884212017059326e-01
-1.778251677751541138e-01
-1.546906590461730957e+00
-1.422921657562255859e+00
1.067036509513854980e+00
-7.185577750205993652e-01
-3.771219253540039062e-01
-1.123377084732055664e+00
1.762427389621734619e-01
1.555324912071228027e+00
4.321516752243041992e-01
1.151420354843139648e+00
-2.898420020937919617e-02
-1.191195726394653320e+00
7.531264424324035645e-01
1.390816867351531982e-01
4.725669622421264648e-01
1.665714569389820099e-02
6.310814619064331055e-01
-2.034587621688842773e+00
9.315741658210754395e-01
4.521692991256713867e-01
1.326811075210571289e+00
-1.615912795066833496e+00
-1.974086835980415344e-02
1.417493820190429688e+00
6.528899073600769043e-01
-1.266384840011596680e+00
-6.439661979675292969e-01
2.915316447615623474e-02
9.698326587677001953e-01
-1.682627916336059570e+00
1.033933162689208984e+00
-1.084044218063354492e+00
1.379257559776306152e+00
6.448214650154113770e-01
-2.093076705932617188e+00
-2.612096548080444336e+00
-8.561195135116577148e-01
-2.642649173736572266e+00
-3.443447127938270569e-02
5.015820860862731934e-01
2.772245705127716064e-01
-8.311268091201782227e-01
-7.086349129676818848e-01
-4.040752351284027100e-01
9.818573594093322754e-01
-5.124403834342956543e-01
1.594857692718505859e+00
1.619373083114624023e+00
5.685834959149360657e-02
1.480486273765563965e+00
6.935459971427917480e-01
5.259603727608919144e-03
1.702722311019897461e+00
-8.807869553565979004e-01
2.944969654083251953e+00
1.600263118743896484e+00
-3.712991178035736084e-01
-1.509756565093994141e+00
9.988917708396911621e-01
3.871884047985076904e-01
8.909463286399841309e-01
2.158490657806396484e+00
-5.197145938873291016e-01
9.725853204727172852e-01
-5.298621654510498047e-01
-8.379939794540405273e-01
4.437358379364013672e-01
-2.618240416049957275e-01
-1.222090721130371094e+00
6.583312153816223145e-01
-1.490886330604553223e+00
-4.277781546115875244e-01
8.057964444160461426e-01
-5.078395009040832520e-01
-1.138482213020324707e+00
-7.858473658561706543e-01
1.218124181032180786e-01
2.511061668395996094e+00
