-1.524946093559265137e+00
9.421242028474807739e-02
8.211451768875122070e-01
-3.298861384391784668e-01
9.781002402305603027e-01
-1.251739978790283203e+00
1.329181075096130371e+00
-5.357598662376403809e-01
-4.721052199602127075e-02
-1.026289463043212891e+00
6.802225112915039062e-02
1.354595422744750977e-01
-1.506669163703918457e+00
8.999597430229187012e-01
9.713944792747497559e-01
-1.882791146636009216e-02
-4.072831869125366211e-01
-3.464907035231590271e-02
1.136185765266418457e+00
-7.207670211791992188e-01
-2.051599025726318359e+00
1.007797956466674805e+00
-4.870216250419616699e-01
3.821498155593872070e-01
-3.641179800033569336e-01
1.808874607086181641e+00
1.659147024154663086e+00
3.005160689353942871e-01
-1.376384377479553223e+00
-4.192147254943847656e-01
1.234447360038757324e+00
-1.272041797637939453e+00
1.511646211147308350e-01
-2.597947597503662109e+00
1.022665619850158691e+00
-1.471510380506515503e-01
-1.566330492496490479e-01
-7.815437316894531250e-01
-3.038966417312622070e+00
-1.081409215927124023e+00
-1.350046753883361816e+00
2.257958352565765381e-01
1.834327220916748047e+00
1.651875734329223633e+00
7.188164591789245605e-01
1.976601004600524902e+00
6.717137098312377930e-01
2.138009548187255859e+00
1.094962954521179199e+00
2.021792411804199219e+00
-1.213015437126159668e+00
-1.446243405342102051e+00
-1.070384144783020020e+00
1.539543628692626953e+00
8.646907210350036621e-01
-3.970141708850860596e-01
3.450914919376373291e-01
-3.331578969955444336e-01
-4.838075637817382812e-01
6.963659524917602539e-01
-2.751766920089721680e+00
9.172483086585998535e-01
-2.151359558105468750e+00
5.588082075119018555e-01
1.839480161666870117e+00
-6.799306869506835938e-01
8.663029670715332031e-01
-1.080734491348266602e+00
3.901644051074981689e-01
2.538416087627410889e-01
-3.161501288414001465e-01
-8.135260343551635742e-01
-9.396410733461380005e-02
8.638165593147277832e-01
-1.147381424903869629e+00
1.629535913467407227e+00
-1.361702203750610352e+00
2.268647193908691406e+00
1.887658983469009399e-02
-9.578656554222106934e-01
8.284679651260375977e-01
-1.384570479393005371e+00
2.937807083129882812e+00
-6.669357419013977051e-01
1.971128940582275391e+00
-1.293694734573364258e+00
-5.546130537986755371e-01
-4.692872166633605957e-01
-6.729652285575866699e-01
-8.703722357749938965e-01
1.269861310720443726e-01
-2.510260604321956635e-02
-2.728470563888549805e+00
1.207790136337280273e+00
-5.801819562911987305e-01
1.425849497318267822e-01
-1.497181415557861328e+00
1.032447442412376404e-01
4.627254903316497803e-01
3.160268962383270264e-01
-1.658517420291900635e-01
-1.017553329467773438e+00
-3.056355714797973633e-01
1.491197347640991211e+00
2.676095247268676758e+00
8.006904125213623047e-01
-1.543204784393310547e+00
-1.812787890434265137e+00
1.503108143806457520e-01
-1.598793625831604004e+00
6.095086038112640381e-02
-8.332496285438537598e-01
-3.623996376991271973e-01
3.025516867637634277e-01
2.379597187042236328e+00
-5.240150690078735352e-01
1.017235398292541504e+00
1.229615688323974609e+00
-2.516867592930793762e-03
1.431568711996078491e-01
8.307307958602905273e-01
8.333631157875061035e-01
-1.961566209793090820e+00
-1.564473986625671387e+00
-1.030305862426757812e+00
4.567871689796447754e-01
-2.579137682914733887e-01
4.529231786727905273e-01
