2.006871104240417480e-01
1.508294343948364258e-01
-7.285634279251098633e-01
6.369443610310554504e-03
2.363265037536621094e+00
-3.036713004112243652e-01
-1.561869502067565918e+00
1.485413908958435059e+00
-9.710934758186340332e-01
-6.555267423391342163e-02
3.907188177108764648e-01
9.309272170066833496e-01
2.963559389114379883e+00
-1.141832113265991211e+00
1.154510259628295898e+00
1.172098040580749512e+00
-1.217265963554382324e+00
1.095053628087043762e-01
-1.365507602691650391e+00
9.106642007827758789e-01
1.306501626968383789e+00
-1.364378571510314941e+00
-9.903641939163208008e-01
-8.073610067367553711e-02
-4.124916791915893555e-01
-1.401358842849731445e-01
-6.710050255060195923e-02
-1.375051856040954590e+00
-1.106834888458251953e+00
2.499213933944702148e+00
1.600735545158386230e+00
-2.084362983703613281e+00
-2.687817573547363281e+00
-4.838084876537322998e-01
6.394187361001968384e-02
1.375628113746643066e+00
-9.592486917972564697e-02
6.167604327201843262e-01
-6.109536886215209961e-01
9.442972540855407715e-01
2.445089370012283325e-01
-3.314581513404846191e-01
9.892684221267700195e-01
1.504265427589416504e+00
-1.109661340713500977e+00
-5.126989483833312988e-01
-6.437490582466125488e-01
3.706258237361907959e-01
-9.845221638679504395e-01
-7.093155384063720703e-01
9.298293590545654297e-01
1.200172066688537598e+00
-2.616711556911468506e-01
1.333707094192504883e+00
-8.877781033515930176e-01
-3.306369483470916748e-01
-2.657402753829956055e-01
8.854036331176757812e-01
5.271467566490173340e-01
1.089813828468322754e+00
2.445663690567016602e+00
1.245573282241821289e+00
1.129602313041687012e+00
1.307807922363281250e+00
1.365682601928710938e+00
-1.990041136741638184e+00
-9.302361607551574707e-01
2.471904039382934570e+00
8.954248428344726562e-01
-2.877984941005706787e-01
1.260329484939575195e+00
-4.132077395915985107e-01
6.289788484573364258e-01
1.736891269683837891e-01
-8.964774608612060547e-01
-1.153030991554260254e+00
-6.363850235939025879e-01
-6.807719469070434570e-01
4.356438517570495605e-01
-9.720153212547302246e-01
-1.214611679315567017e-01
9.350969791412353516e-01
4.292423725128173828e-01
-9.029246568679809570e-01
2.254222393035888672e+00
-8.716566562652587891e-01
4.919943809509277344e-01
-5.546637177467346191e-01
1.927009820938110352e+00
1.546063184738159180e+00
2.211118936538696289e+00
-1.273913145065307617e+00
3.089563250541687012e-01
1.148518681526184082e+00
4.711370542645454407e-02
2.725059092044830322e-01
3.627191483974456787e-01
-2.572288990020751953e+00
-2.196180224418640137e-01
-7.359722256660461426e-01
-1.022936105728149414e+00
-1.348205357789993286e-01
-9.801735877990722656e-01
4.287034571170806885e-01
-8.416787385940551758e-01
-1.005944490432739258e+00
-8.220525085926055908e-02
-1.509265542030334473e+00
1.829226136207580566e+00
7.839863300323486328e-01
-1.655172705650329590e+00
-1.947212219238281250e-01
-6.193808317184448242e-01
-1.560458183288574219e+00
1.640847802162170410e+00
-5.582627654075622559e-01
1.409267663955688477e+00
-1.450479149818420410e+00
-5.497389435768127441e-01
-3.666117906570434570e+00
-2.248684883117675781e+00
1.810994371771812439e-02
9.823586940765380859e-01
-8.195194602012634277e-01
-1.150097727775573730e+00
1.841928809881210327e-01
-4.314563050866127014e-02
-1.892899870872497559e+00
