1.149700045585632324e+00
8.701568841934204102e-01
4.257007837295532227e-01
2.099930197000503540e-01
-2.440579794347286224e-02
-1.454526185989379883e+00
-2.362093687057495117e+00
-1.203409671783447266e+00
-2.027660369873046875e+00
-7.663533091545104980e-01
-2.797776162624359131e-01
6.922817975282669067e-02
1.523822546005249023e+00
-4.444701373577117920e-01
-5.537672042846679688e-01
1.737800091505050659e-01
9.376202523708343506e-02
6.765008568763732910e-01
-3.647539317607879639e-01
1.982876777648925781e+00
1.043114542961120605e+00
-4.925536215305328369e-01
-7.560096383094787598e-01
1.104060888290405273e+00
-3.851764798164367676e-01
-1.543020367622375488e+00
-8.789073228836059570e-01
2.951985299587249756e-01
8.303918242454528809e-01
9.945778846740722656e-01
-7.168782353401184082e-01
9.073615670204162598e-01
-1.565051436424255371e+00
5.057219862937927246e-01
3.885179385542869568e-02
1.470874786376953125e+00
2.065424680709838867e+00
-5.565437078475952148e-01
-4.389594793319702148e-01
-5.564782619476318359e-01
1.650863766670227051e+00
1.804610133171081543e+00
1.878748536109924316e+00
-4.331001639366149902e-01
-1.122028350830078125e+00
-1.388697981834411621e+00
1.343294978141784668e+00
5.654647350311279297e-01
-9.690139293670654297e-01
8.702843785285949707e-01
-1.845267653465270996e+00
-9.931177496910095215e-01
9.989836812019348145e-01
1.466813087463378906e+00
2.125389337539672852e+00
-5.314347743988037109e-01
-3.858816027641296387e-01
1.601866960525512695e+00
-3.651365041732788086e-01
2.421691656112670898e+00
-1.759855598211288452e-01
-1.049052849411964417e-01
4.570265114307403564e-01
5.035898685455322266e-01
-2.497386038303375244e-01
-2.897214293479919434e-01
-9.199056625366210938e-01
2.697097063064575195e+00
5.124694705009460449e-01
-1.410440653562545776e-01
1.681387305259704590e+00
-3.009251952171325684e-01
-8.339033126831054688e-01
6.446348428726196289e-01
2.001812905073165894e-01
-6.367055177688598633e-01
-2.058872729539871216e-01
-9.584176540374755859e-01
-1.458351135253906250e+00
-2.125440388917922974e-01
2.708244621753692627e-01
-1.664756774902343750e+00
9.967716336250305176e-01
1.278687953948974609e+00
2.066422253847122192e-01
-8.035745620727539062e-01
-3.579061627388000488e-01
-1.285930752754211426e+00
-6.458191573619842529e-02
-3.303108215332031250e-01
-2.218803644180297852e+00
-5.631359815597534180e-01
-8.759258389472961426e-01
-7.534350156784057617e-01
1.166037321090698242e+00
2.697440087795257568e-01
1.923186659812927246e+00
-2.561711370944976807e-01
-1.108652472496032715e+00
1.570729017257690430e+00
1.512940883636474609e+00
1.323624730110168457e+00
-3.309673368930816650e-01
-7.639996409416198730e-01
-2.709146976470947266e+00
9.981726109981536865e-02
4.556247293949127197e-01
-7.279677987098693848e-01
7.034189105033874512e-01
6.244593262672424316e-01
1.677044630050659180e-01
-5.714305639266967773e-01
6.896349787712097168e-01
-1.081047773361206055e+00
-8.163824677467346191e-01
-3.577119410037994385e-01
1.907187104225158691e+00
-1.731299996376037598e+00
-4.233708679676055908e-01
-1.231085181236267090e+00
5.905008912086486816e-01
-1.086960956454277039e-01
7.352427393198013306e-02
-7.098004221916198730e-01
-1.207991242408752441e+00
-2.421800851821899414e+00
-2.819838762283325195e+00
1.186190605163574219e+00
