2.337056636810302734e+00
2.402481883764266968e-01
1.781968474388122559e-01
2.420693933963775635e-01
2.216120362281799316e-01
8.798534274101257324e-01
1.201407909393310547e+00
9.551129937171936035e-01
-1.698413491249084473e+00
-4.449016451835632324e-01
2.687345027923583984e+00
3.236109763383865356e-02
4.972849488258361816e-01
-6.483379006385803223e-01
6.828466653823852539e-01
1.753897368907928467e-01
1.440379582345485687e-02
1.184478163719177246e+00
-1.018645048141479492e+00
7.888936996459960938e-02
-2.950271844863891602e+00
-7.349380254745483398e-01
5.359980463981628418e-01
-1.881864853203296661e-02
2.876589000225067139e-01
-3.229268193244934082e-01
-8.554727435111999512e-01
1.184934824705123901e-01
2.015747547149658203e+00
-6.389477252960205078e-01
-1.378580808639526367e+00
-9.055038690567016602e-01
-4.158636089414358139e-03
1.431812405586242676e+00
-9.155919551849365234e-01
1.186559081077575684e+00
-1.420753955841064453e+00
-7.719569206237792969e-01
-1.155464276671409607e-01
9.030638337135314941e-01
2.203109413385391235e-01
3.025094985961914062e+00
7.446412444114685059e-01
1.736731529235839844e+00
-6.195557713508605957e-01
1.266746163368225098e+00
-4.731971919536590576e-01
4.098146855831146240e-01
4.560397565364837646e-01
2.143956899642944336e+00
1.025665283203125000e+00
-3.392428457736968994e-01
2.643209218978881836e+00
9.232277274131774902e-01
-5.593619495630264282e-02
-1.569185256958007812e+00
1.558373808860778809e+00
-5.462608933448791504e-01
-3.512882709503173828e+00
1.938169002532958984e+00
-1.258948922157287598e+00
1.517602324485778809e+00
-2.807447671890258789e+00
6.705671548843383789e-01
1.548727005720138550e-01
-2.614356517791748047e+00
1.890058070421218872e-01
-1.170556619763374329e-01
2.088728904724121094e+00
8.208292722702026367e-01
1.228749513626098633e+00
-1.918409347534179688e+00
1.837354779243469238e+00
5.259871482849121094e-01
2.148493230342864990e-01
-1.882961750030517578e+00
-5.506792664527893066e-01
-1.427639603614807129e+00
-3.895178139209747314e-01
-1.687953591346740723e+00
4.171545207500457764e-01
-2.637454032897949219e+00
1.027188539505004883e+00
-1.324537955224514008e-02
3.204843401908874512e-01
-8.450904488563537598e-01
-1.934239864349365234e+00
-5.173904895782470703e-01
-1.593415588140487671e-01
2.992443740367889404e-01
-3.728865981101989746e-01
-2.483546495437622070e+00
-2.293379306793212891e+00
-1.297733485698699951e-01
2.971066832542419434e-01
8.041453361511230469e-01
4.890529215335845947e-01
1.381546407938003540e-01
-6.735277771949768066e-01
-2.096243202686309814e-01
1.994476318359375000e+00
8.114662170410156250e-01
-5.368039011955261230e-01
-7.467558979988098145e-01
-1.323472619056701660e+00
-1.141444921493530273e+00
-4.988161474466323853e-02
9.334005713462829590e-01
-3.689224123954772949e-01
-3.980529494583606720e-03
-4.514226913452148438e-01
1.894735097885131836e+00
4.255427718162536621e-01
-5.451944097876548767e-02
1.029217839241027832e+00
-1.780141144990921021e-02
1.132583022117614746e+00
1.940600723028182983e-01
-3.133568167686462402e-01
4.864949882030487061e-01
-1.002216339111328125e+00
-1.223368763923645020e+00
1.233217120170593262e+00
-2.465700358152389526e-01
-1.178786873817443848e+00
1.904246956110000610e-02
-1.904684901237487793e+00
-1.168832302093505859e+00
