9.774764776229858398e-01
-7.822197079658508301e-01
-1.977481991052627563e-01
1.412252802401781082e-02
-7.912075519561767578e-02
-2.398993492126464844e+00
2.721826136112213135e-01
-1.788191676139831543e+00
-2.272197961807250977e+00
-3.879459500312805176e-01
-4.499262273311614990e-01
-7.436523437500000000e-01
-5.115026831626892090e-01
-1.510767579078674316e+00
7.164146900177001953e-01
1.584314823150634766e+00
-2.311983823776245117e+00
1.175460100173950195e+00
2.796473801136016846e-01
1.253993988037109375e+00
5.021235346794128418e-01
-2.920998930931091309e-01
1.063931941986083984e+00
1.707860231399536133e+00
-3.495664000511169434e-01
2.655363380908966064e-01
-2.836218118667602539e+00
5.760456919670104980e-01
-1.269213855266571045e-01
-1.455754280090332031e+00
5.952440500259399414e-01
1.107495903968811035e+00
-1.958019971847534180e+00
1.486527800559997559e+00
1.477761507034301758e+00
6.583097577095031738e-01
1.954563617706298828e+00
1.204519271850585938e+00
-4.662298262119293213e-01
-1.968262672424316406e+00
6.213560104370117188e-01
3.431161120533943176e-02
1.685220837593078613e+00
2.829286456108093262e-01
4.343477487564086914e-01
-2.637595832347869873e-01
2.664499998092651367e+00
5.562394857406616211e-01
-6.151441857218742371e-02
1.970121264457702637e+00
-1.964838802814483643e-01
-1.075026392936706543e+00
-3.510938882827758789e-01
7.775598764419555664e-01
1.003686666488647461e+00
2.499692291021347046e-01
2.076098203659057617e+00
1.785966396331787109e+00
1.485316991806030273e+00
1.286362171173095703e+00
2.732651948928833008e+00
-1.423337578773498535e+00
1.785778880119323730e+00
-1.240444421768188477e+00
4.354629516601562500e-01
1.148869037628173828e+00
9.300646185874938965e-01
-1.670725643634796143e-02
-1.743465185165405273e+00
6.199014782905578613e-01
1.110936164855957031e+00
-1.532935380935668945e+00
7.859072685241699219e-01
6.902291774749755859e-01
7.517463564872741699e-01
-9.589966535568237305e-01
-1.337557882070541382e-01
-8.474273085594177246e-01
-4.261819720268249512e-01
-1.380807995796203613e+00
-5.982279181480407715e-01
-1.162001609802246094e+00
-4.074495658278465271e-02
1.297092080116271973e+00
1.709313392639160156e+00
-1.184341430664062500e+00
-7.238770723342895508e-01
9.594065546989440918e-01
-2.413972616195678711e-01
-2.017609119415283203e+00
1.047768443822860718e-01
-1.516219973564147949e+00
-6.522898674011230469e-01
1.333642244338989258e+00
-2.269071817398071289e+00
-3.240367472171783447e-01
6.773676276206970215e-01
6.650892496109008789e-01
-1.124435305595397949e+00
5.154846981167793274e-02
-1.261905193328857422e+00
2.379554033279418945e+00
-7.694440484046936035e-01
-1.383282840251922607e-01
-6.503095030784606934e-01
-7.552829980850219727e-01
-9.544472098350524902e-01
2.014896720647811890e-01
-9.579486846923828125e-01
-2.019920349121093750e+00
1.696577668190002441e+00
-6.088255643844604492e-01
2.635692656040191650e-01
-3.867726325988769531e-01
2.486544400453567505e-01
-7.510964870452880859e-01
3.873876929283142090e-01
-1.042641282081604004e+00
-7.952096462249755859e-01
-3.694224953651428223e-01
-1.341660499572753906e+00
-2.016496658325195312e-01
-8.872340619564056396e-02
-2.804486274719238281e+00
-2.998779118061065674e-01
3.498178347945213318e-02
2.032658576965332031e+00
-1.872128844261169434e+00
