1.921971082687377930e+00
8.203079104423522949e-01
7.179610729217529297e-01
2.397535294294357300e-01
1.648277163505554199e+00
-1.007987633347511292e-01
1.249053001403808594e+00
7.232944369316101074e-01
-3.747720122337341309e-01
-1.936301589012145996e+00
-1.536561250686645508e-01
-5.814441666007041931e-02
9.898892641067504883e-01
-1.621473789215087891e+00
3.017182350158691406e+00
1.873262286186218262e+00
-8.471656441688537598e-01
1.431980729103088379e+00
1.713960528373718262e+00
1.405902028083801270e+00
9.181132912635803223e-01
2.436873167753219604e-01
8.773213624954223633e-01
-2.824387550354003906e-01
-1.286192893981933594e+00
1.269275903701782227e+00
7.793902158737182617e-01
1.064127162098884583e-01
-1.311888098716735840e+00
3.131592869758605957e-01
5.942103266716003418e-01
-1.054039001464843750e+00
-2.445272207260131836e+00
-1.789866089820861816e+00
-2.653773427009582520e-01
8.461193442344665527e-01
1.109735369682312012e+00
-8.957115411758422852e-01
-1.142476648092269897e-01
-1.367702126502990723e+00
2.245531797409057617e+00
4.028621315956115723e-01
1.572537660598754883e+00
3.205271244049072266e+00
-3.020730614662170410e-01
1.078099250793457031e+00
-4.081381857395172119e-01
8.031874895095825195e-01
-5.501801371574401855e-01
-1.665049791336059570e-01
7.815352678298950195e-01
-2.047921180725097656e+00
-1.588318347930908203e+00
-1.431055188179016113e+00
3.955977261066436768e-01
-2.348317146301269531e+00
1.647210955619812012e+00
2.494183778762817383e+00
3.190923035144805908e-01
-1.976611018180847168e-01
1.194340825080871582e+00
-5.444433689117431641e-01
2.373061180114746094e-01
-1.469782948493957520e+00
1.297890782356262207e+00
-3.687417030334472656e+00
-1.388938665390014648e+00
3.040234804153442383e+00
-1.077015418559312820e-03
1.337562441825866699e+00
-7.904132008552551270e-01
-1.003704547882080078e+00
1.070804953575134277e+00
1.185966968536376953e+00
3.789134323596954346e-01
-1.639477133750915527e+00
-2.359812259674072266e+00
-1.306419730186462402e+00
1.361222147941589355e+00
-1.602806210517883301e+00
3.579913973808288574e-01
2.408309727907180786e-01
7.657742500305175781e-02
-8.351240158081054688e-01
1.383320093154907227e+00
-1.626705288887023926e+00
-1.387285828590393066e+00
-1.706588864326477051e+00
-1.264137387275695801e+00
5.992861986160278320e-01
6.420657634735107422e-01
-8.471227288246154785e-01
3.651103079319000244e-01
1.084316134452819824e+00
6.405525207519531250e-01
3.733115792274475098e-01
1.887328773736953735e-01
-1.213150545954704285e-01
-1.090544700622558594e+00
-4.245339334011077881e-01
-1.377148032188415527e+00
8.808127641677856445e-01
-2.127864062786102295e-01
8.671352267265319824e-01
-1.387836337089538574e+00
-2.857786417007446289e-01
8.798730559647083282e-03
-2.274697780609130859e+00
7.295210659503936768e-02
4.123143851757049561e-01
-8.326049447059631348e-01
1.488741278648376465e+00
2.303116619586944580e-01
-1.820163965225219727e+00
3.864178657531738281e-01
-1.204221606254577637e+00
-4.649436175823211670e-01
-6.132099628448486328e-01
6.975230574607849121e-01
-8.740211725234985352e-01
4.303925037384033203e-01
-9.660940170288085938e-01
-9.291023015975952148e-01
-8.303955197334289551e-01
-2.629605829715728760e-01
-1.161669015884399414e+00
1.419478058815002441e+00
-1.218490958213806152e+00
