-1.013927459716796875e+00
7.234677076339721680e-01
-3.633264601230621338e-01
5.393804311752319336e-01
-1.144225120544433594e+00
1.189468264579772949e+00
-1.163000345230102539e+00
1.109998464584350586e+00
-4.188279807567596436e-01
-1.290618777275085449e+00
6.847749352455139160e-01
-2.113541364669799805e-01
-1.368168354034423828e+00
2.170810699462890625e+00
-1.490733772516250610e-01
7.598481774330139160e-01
4.458546936511993408e-01
1.451919674873352051e+00
1.904259085655212402e+00
8.612244725227355957e-01
-6.202781200408935547e-01
-9.945312142372131348e-01
-4.334428310394287109e-01
5.445967987179756165e-02
-1.842166185379028320e+00
1.486644148826599121e+00
2.195079326629638672e+00
-9.266184568405151367e-01
9.609367847442626953e-01
-2.092697620391845703e+00
-2.142087966203689575e-01
-4.148151576519012451e-01
-9.833703637123107910e-01
-1.941438555717468262e+00
-2.073605537414550781e+00
-1.337211489677429199e+00
-6.642818450927734375e-02
-8.386353254318237305e-01
-1.787330508232116699e+00
1.706396937370300293e+00
-8.812155723571777344e-01
4.878167212009429932e-01
4.107094407081604004e-01
1.646092653274536133e+00
2.107304334640502930e-02
1.033314228057861328e+00
1.357903361320495605e+00
1.116269111633300781e+00
2.961223602294921875e+00
2.842287302017211914e+00
-7.056615948677062988e-01
-2.933280356228351593e-02
-2.861544191837310791e-01
-8.805792927742004395e-01
-2.507441759109497070e+00
2.288717404007911682e-02
-4.581307172775268555e-01
4.971512854099273682e-01
-1.002381205558776855e+00
-4.358649253845214844e-02
-3.697303235530853271e-01
3.018837451934814453e+00
-4.648081362247467041e-01
5.513261556625366211e-01
2.229245662689208984e+00
-1.969992995262145996e+00
4.790800809860229492e-01
3.409699201583862305e-01
-2.968708574771881104e-01
1.014619469642639160e+00
-6.947885155677795410e-01
-9.481954574584960938e-01
1.600266844034194946e-01
1.247436642646789551e+00
5.174756646156311035e-01
-6.436883211135864258e-01
-2.351279973983764648e+00
1.204034805297851562e+00
-1.216668844223022461e+00
-1.142933249473571777e+00
2.107447624206542969e+00
1.471179425716400146e-01
2.080163478851318359e+00
-1.669457316398620605e+00
9.984375834465026855e-01
4.759984463453292847e-02
-1.091471761465072632e-01
5.560111999511718750e-02
-1.345712184906005859e+00
-6.524202823638916016e-01
5.668870359659194946e-02
-5.228997468948364258e-01
-2.047392368316650391e+00
-8.492438197135925293e-01
-1.436219930648803711e+00
9.119951725006103516e-01
2.319786787033081055e+00
-7.251447439193725586e-01
5.413405299186706543e-01
2.191062688827514648e+00
-2.000152349472045898e+00
2.562598288059234619e-01
-4.587738513946533203e-01
-1.319503903388977051e+00
2.649528503417968750e+00
-9.877887368202209473e-01
-1.818743944168090820e+00
-2.001375436782836914e+00
1.787749290466308594e+00
1.211212947964668274e-01
1.854496836662292480e+00
-1.373076319694519043e+00
1.306195557117462158e-01
-3.079388290643692017e-02
1.627479046583175659e-01
7.334076762199401855e-01
-9.148593544960021973e-01
5.641643404960632324e-01
1.702701598405838013e-01
1.241282105445861816e+00
-9.811578989028930664e-01
3.728413879871368408e-01
9.864881634712219238e-01
-9.808850884437561035e-01
-6.125632524490356445e-01
-1.086343646049499512e+00
-9.249504804611206055e-01
6.246005296707153320e-01
