1.267230153083801270e+00
-4.063590466976165771e-01
3.233683407306671143e-01
-2.112850248813629150e-01
-2.339872360229492188e+00
1.286601662635803223e+00
2.877594947814941406e+00
1.108760014176368713e-01
-2.863663911819458008e+00
-1.484415411949157715e+00
-7.450222373008728027e-01
-1.710713624954223633e+00
2.329530000686645508e+00
-1.935999870300292969e+00
2.338462918996810913e-01
-6.343046426773071289e-01
-6.528879404067993164e-01
2.810465693473815918e-01
-1.064813256263732910e+00
1.795423746109008789e+00
-4.947157204151153564e-01
7.049356102943420410e-01
-1.052646756172180176e+00
1.953227043151855469e+00
-1.335749983787536621e+00
8.450058698654174805e-01
1.518629431724548340e+00
-7.013304233551025391e-01
-9.796918034553527832e-01
6.307439208030700684e-01
-1.313528418540954590e+00
-8.524152636528015137e-01
1.669561266899108887e-01
-2.521817684173583984e+00
1.044159770011901855e+00
9.167842268943786621e-01
-8.292483687400817871e-01
9.569736719131469727e-01
1.374735951423645020e+00
-1.783005475997924805e+00
2.044910788536071777e-01
-1.734690785408020020e+00
9.102342128753662109e-01
2.171829223632812500e+00
-4.843823909759521484e-01
-2.353620715439319611e-02
3.757420480251312256e-01
2.352309465408325195e+00
-8.888299465179443359e-01
-1.210914373397827148e+00
-8.192401528358459473e-01
-1.885584831237792969e+00
1.066743850708007812e+00
-1.699686050415039062e-01
-4.038155078887939453e-01
-1.012028083205223083e-01
5.130392964929342270e-03
7.985014915466308594e-01
6.519050598144531250e-01
2.302942276000976562e+00
2.276199102401733398e+00
-7.371915578842163086e-01
-7.186545729637145996e-01
4.729339107871055603e-02
1.483442634344100952e-01
-1.797800421714782715e+00
1.167931795120239258e+00
6.907941102981567383e-01
8.111013174057006836e-01
4.583226144313812256e-01
3.813283741474151611e-01
1.072474360466003418e+00
1.673037409782409668e+00
7.998521924018859863e-01
-2.330363839864730835e-01
-2.489329338073730469e+00
-7.022948265075683594e-01
-7.625240683555603027e-01
-3.870843648910522461e-01
-7.827973365783691406e-01
-6.450572013854980469e-01
7.601013779640197754e-01
4.616901874542236328e-01
-2.542415559291839600e-01
8.996672630310058594e-01
-1.011377573013305664e+00
-1.038144111633300781e+00
-5.723162293434143066e-01
-2.391340494155883789e+00
1.275860667228698730e+00
5.393723845481872559e-01
-3.441713571548461914e+00
-1.494464635848999023e+00
3.029357194900512695e-01
1.484044075012207031e+00
6.483778953552246094e-01
2.716940402984619141e+00
-1.256285190582275391e+00
8.561643958091735840e-01
1.394456505775451660e+00
-6.420674175024032593e-02
-9.472175240516662598e-01
-1.269517898559570312e+00
5.290733575820922852e-01
2.975610017776489258e+00
2.502719163894653320e+00
-2.575061284005641937e-02
9.960624575614929199e-01
1.130635499954223633e+00
-7.688205838203430176e-01
4.617694020271301270e-01
1.244507551193237305e+00
-1.816295981407165527e+00
-1.412149429321289062e+00
-9.630579948425292969e-01
1.667021274566650391e+00
2.287068814039230347e-01
-1.164822936058044434e+00
-9.790064096450805664e-01
-1.350150823593139648e+00
-1.545869350433349609e+00
-6.697794795036315918e-01
1.633144497871398926e+00
-1.782792806625366211e-01
-3.052102029323577881e-01
4.573665261268615723e-01
-5.413221716880798340e-01
5.558878779411315918e-01
