1.535015463829040527e+00
5.136837363243103027e-01
-4.280463457107543945e-01
3.557963967323303223e-01
1.019415497779846191e+00
-1.842071771621704102e+00
5.346459522843360901e-02
-5.322791934013366699e-01
-7.096536755561828613e-01
2.797899842262268066e-01
-7.494686841964721680e-01
1.544717669486999512e+00
1.912537336349487305e+00
6.596166640520095825e-02
-1.449218630790710449e+00
1.522091150283813477e+00
-3.748539447784423828e+00
-9.321417808532714844e-01
-2.294319391250610352e+00
-2.956824302673339844e-01
-4.385908544063568115e-01
4.676473736763000488e-01
-1.019525408744812012e+00
-3.515057563781738281e-01
-1.521863579750061035e+00
1.009388923645019531e+00
-1.319146752357482910e+00
-8.710920214653015137e-01
5.555371046066284180e-01
1.628928631544113159e-01
-2.649412751197814941e-01
5.311387181282043457e-01
-1.151206254959106445e+00
1.282407402992248535e+00
3.000513017177581787e-01
-7.306318283081054688e-01
-1.280002355575561523e+00
-1.619701385498046875e+00
-9.623591303825378418e-01
1.929163098335266113e+00
1.294229149818420410e+00
-1.081961631774902344e+00
1.507333517074584961e+00
1.954449772834777832e+00
-4.778141528367996216e-02
-2.049359798431396484e+00
6.168996691703796387e-01
1.089217424392700195e+00
-5.904631018638610840e-01
5.726604461669921875e-01
-6.908276677131652832e-01
-1.470344066619873047e+00
3.569492697715759277e-02
1.019962072372436523e+00
1.250673413276672363e+00
6.289084553718566895e-01
2.643376588821411133e+00
1.719055414199829102e+00
7.122207880020141602e-01
2.756340742111206055e+00
5.949890613555908203e-01
3.001376986503601074e-01
1.022592425346374512e+00
1.313408255577087402e+00
-3.056622743606567383e-01
2.730964422225952148e-01
3.097368776798248291e-01
9.907400608062744141e-01
-7.298254966735839844e-01
-3.307903185486793518e-02
7.262909412384033203e-01
9.413688778877258301e-01
-5.221748352050781250e-01
1.005731940269470215e+00
5.662224888801574707e-01
-4.325730726122856140e-02
-1.855787634849548340e-01
1.445605456829071045e-01
4.068482816219329834e-01
-4.557223320007324219e-01
2.031690120697021484e+00
3.042532205581665039e-01
1.104241132736206055e+00
9.539695382118225098e-01
1.744939386844635010e-01
-2.224775552749633789e+00
-3.047636747360229492e-01
-1.086370348930358887e+00
-7.562404870986938477e-01
-2.277671396732330322e-01
2.291031837463378906e+00
-2.487343788146972656e+00
1.203381419181823730e+00
-9.031413197517395020e-01
3.623022735118865967e-01
-6.641471385955810547e-01
-5.945205092430114746e-01
-1.129886627197265625e+00
-1.669446468353271484e+00
7.261550426483154297e-01
-6.636413931846618652e-02
3.088471591472625732e-01
-2.689969062805175781e+00
1.679646968841552734e+00
1.542932152748107910e+00
-2.693140208721160889e-01
1.946880578994750977e+00
-7.269095778465270996e-01
-1.045713663101196289e+00
-1.768713235855102539e+00
-6.872277259826660156e-01
2.105103969573974609e+00
-6.490514278411865234e-01
-2.093776702880859375e+00
7.408501505851745605e-01
-2.850001335144042969e+00
1.176252603530883789e+00
-1.177946090698242188e+00
-2.843177080154418945e+00
3.115556538105010986e-01
3.520613908767700195e-01
-1.541214108467102051e+00
1.017383337020874023e+00
1.840266771614551544e-02
-1.337338089942932129e-01
-9.711205363273620605e-01
-1.844428926706314087e-01
2.253007441759109497e-01
