2.474412024021148682e-01
2.031148038804531097e-02
1.754886060953140259e-01
4.814148247241973877e-01
1.387913346290588379e+00
-2.736671268939971924e-01
1.243257284164428711e+00
-1.509616613388061523e+00
5.055319070816040039e-01
-1.106874227523803711e+00
2.783137261867523193e-01
-9.943919777870178223e-01
7.910954952239990234e-01
-3.217045962810516357e-02
-8.256917595863342285e-01
8.149223923683166504e-01
1.558273136615753174e-01
1.084557652473449707e+00
1.443062901496887207e+00
1.213573217391967773e+00
-6.993645429611206055e-01
-1.704311370849609375e-01
1.494933366775512695e+00
1.527128219604492188e+00
-1.018730401992797852e+00
5.560965538024902344e-01
-4.386532902717590332e-01
5.501726269721984863e-01
1.150210618972778320e+00
1.330369710922241211e+00
-2.025690078735351562e+00
-7.457944750785827637e-01
2.901819944381713867e-01
-7.484294772148132324e-01
-6.176832318305969238e-01
-1.106121897697448730e+00
6.416844725608825684e-01
8.805665969848632812e-01
-5.370856523513793945e-01
-1.637634277343750000e+00
-9.713412523269653320e-01
-5.767886042594909668e-01
1.819470882415771484e+00
3.174861907958984375e+00
-1.106565296649932861e-01
1.920678734779357910e+00
-5.730032920837402344e-01
1.055498480796813965e+00
2.233561575412750244e-01
1.107874393463134766e+00
4.353216886520385742e-01
-1.479543328285217285e+00
1.217610955238342285e+00
2.366811335086822510e-01
-1.725460767745971680e+00
-5.601145029067993164e-01
2.742824852466583252e-01
1.079337477684020996e+00
-5.490677356719970703e-01
8.505329489707946777e-01
7.611569762229919434e-01
-1.108705997467041016e-01
-1.644200563430786133e+00
8.168128132820129395e-01
6.955503225326538086e-01
1.332204341888427734e+00
-4.915552735328674316e-01
6.973930597305297852e-01
1.614953994750976562e+00
-9.277722239494323730e-01
-8.344354629516601562e-01
-1.521248817443847656e+00
2.733029127120971680e+00
9.799596071243286133e-01
-1.561251997947692871e+00
2.223717719316482544e-01
7.279248833656311035e-01
-9.938982129096984863e-01
-8.854265213012695312e-01
-4.268148541450500488e-01
2.499962329864501953e+00
-2.078163623809814453e+00
-1.475765705108642578e+00
-9.113680720329284668e-01
-6.260088682174682617e-01
-2.127609729766845703e+00
6.858529448509216309e-01
-7.484589815139770508e-01
5.414566397666931152e-01
-1.668408513069152832e-01
-7.223250865936279297e-01
-1.714575886726379395e+00
-2.171141147613525391e+00
2.890341281890869141e-01
5.314713716506958008e-01
-1.221466541290283203e+00
-6.844736933708190918e-01
1.128014177083969116e-01
9.035082459449768066e-01
5.886094644665718079e-02
-1.695750504732131958e-01
1.834147214889526367e+00
-3.705663681030273438e-01
-1.037411212921142578e+00
8.936389684677124023e-01
1.400059759616851807e-01
1.361932158470153809e+00
1.331496596336364746e+00
1.333752393722534180e+00
5.296822190284729004e-01
-1.263098120689392090e+00
-3.816839158535003662e-01
-3.527027666568756104e-01
4.705602675676345825e-02
1.844811141490936279e-01
-2.778758287429809570e+00
1.495031863451004028e-01
2.348961532115936279e-01
-1.472794532775878906e+00
8.251325488090515137e-01
-1.424866914749145508e+00
-1.303957581520080566e+00
6.328533291816711426e-01
-1.659412145614624023e+00
-1.589690923690795898e+00
-3.146151304244995117e-01
-1.755605218932032585e-03
1.591823101043701172e-01
