-1.754450798034667969e+00
3.061341047286987305e-01
7.321146726608276367e-01
1.292248517274856567e-01
-2.496198177337646484e+00
3.454889953136444092e-01
-5.576313734054565430e-01
2.106617927551269531e+00
1.579880595207214355e+00
5.282464623451232910e-01
1.725767731666564941e+00
6.817394495010375977e-01
-1.259714722633361816e+00
6.129573583602905273e-01
-1.650881171226501465e+00
-2.084146022796630859e+00
-2.809449434280395508e-01
2.734116792678833008e+00
-1.566006243228912354e-01
-6.921614706516265869e-02
9.161309599876403809e-01
3.611903786659240723e-01
9.510480165481567383e-01
-1.325195908546447754e+00
-1.020088672637939453e+00
3.640691637992858887e-01
1.900702238082885742e+00
1.310124278068542480e+00
9.546981453895568848e-01
2.153369486331939697e-01
1.690539956092834473e+00
-8.268548250198364258e-01
1.384009003639221191e+00
-2.508954405784606934e-01
-4.286114573478698730e-01
-1.990081071853637695e+00
-1.758703708648681641e+00
1.646334767341613770e+00
-2.418497085571289062e+00
-5.586206316947937012e-01
-2.816141843795776367e-01
-1.389955729246139526e-01
1.445161104202270508e+00
1.778304696083068848e+00
-1.311998218297958374e-01
-4.526714384555816650e-01
1.737026095390319824e+00
7.222126722335815430e-01
-3.675515353679656982e-01
2.472150087356567383e+00
-1.725081503391265869e-01
-3.702730417251586914e+00
-3.937229812145233154e-01
1.555807709693908691e+00
1.670465469360351562e+00
1.247874021530151367e+00
7.766271829605102539e-01
4.478089809417724609e-01
4.822452068328857422e-01
1.319704413414001465e+00
-8.578947782516479492e-01
1.279086828231811523e+00
-1.154412508010864258e+00
-1.104922771453857422e+00
-2.901345491409301758e-02
-1.404438138008117676e+00
-7.011656165122985840e-01
1.581735730171203613e+00
-2.125211060047149658e-01
-2.781400978565216064e-01
2.281161099672317505e-01
1.011967882513999939e-01
-1.287215352058410645e+00
3.481379747390747070e-01
8.971453309059143066e-01
-7.209509015083312988e-01
1.823480606079101562e+00
1.291449546813964844e+00
-6.345692276954650879e-01
-2.165259361267089844e+00
3.365849256515502930e-01
-1.278208374977111816e+00
1.190428495407104492e+00
2.506400942802429199e-01
-2.940763950347900391e+00
-1.376267433166503906e+00
1.358339905738830566e+00
-9.285767078399658203e-01
-3.455140292644500732e-01
5.196483135223388672e-01
9.321401119232177734e-01
-4.113369882106781006e-01
-2.846991539001464844e+00
1.911423802375793457e+00
-1.502101302146911621e+00
-5.417876243591308594e-01
1.496704369783401489e-01
-1.655439883470535278e-01
1.500212669372558594e+00
8.329406380653381348e-01
7.887077331542968750e-01
7.099418044090270996e-01
-7.258185148239135742e-01
1.127717614173889160e+00
2.197296380996704102e+00
-4.994332492351531982e-01
-1.038632631301879883e+00
-9.928813576698303223e-01
-1.526139259338378906e+00
-2.973314762115478516e+00
-1.049408316612243652e+00
5.692867636680603027e-01
2.127735137939453125e+00
5.739964842796325684e-01
2.086744904518127441e-01
-1.185112714767456055e+00
-1.210243821144104004e+00
-2.464575916528701782e-01
-9.571022391319274902e-01
7.178843021392822266e-01
-4.092184603214263916e-01
-9.970719814300537109e-01
-7.358905673027038574e-01
-1.638407707214355469e-01
-4.200493991374969482e-01
-6.274264454841613770e-01
-4.688162505626678467e-01
-8.549038767814636230e-01
