5.314112305641174316e-01
-7.032496929168701172e-01
-4.915196001529693604e-01
1.275546193122863770e+00
-2.864427864551544189e-01
-8.782052993774414062e-01
8.156987428665161133e-01
3.255129754543304443e-01
-9.198056459426879883e-01
-4.368277639150619507e-02
8.846818208694458008e-01
-1.059625387191772461e+00
2.043006569147109985e-01
-1.941388100385665894e-01
4.810299575328826904e-01
1.439173221588134766e+00
-1.206847190856933594e+00
4.879765510559082031e-01
-7.749044299125671387e-01
1.954256653785705566e+00
1.026436924934387207e+00
-5.795790553092956543e-01
2.562091350555419922e-01
3.303120136260986328e-01
5.474590659141540527e-01
-2.087365537881851196e-01
1.402166843414306641e+00
1.127239108085632324e+00
7.572350502014160156e-01
1.098501801490783691e+00
-2.089600265026092529e-01
1.450648069381713867e+00
7.715501189231872559e-01
-1.549249887466430664e+00
7.041233181953430176e-01
2.483822256326675415e-01
-5.197735428810119629e-01
-2.443906292319297791e-02
-1.418271183967590332e+00
6.836404204368591309e-01
-7.772423326969146729e-02
-1.847539782524108887e+00
1.266280055046081543e+00
2.316496849060058594e+00
1.306956768035888672e+00
7.612140178680419922e-01
1.115567460656166077e-01
1.261755347251892090e+00
4.504255652427673340e-01
1.568965315818786621e+00
5.491001009941101074e-01
-2.868811845779418945e+00
2.048008888959884644e-02
-6.959582567214965820e-01
-3.924836814403533936e-01
-1.025547146797180176e+00
1.304428577423095703e+00
-6.239333748817443848e-01
-1.236385107040405273e+00
1.160134434700012207e+00
-3.547416329383850098e-01
-4.713710248470306396e-01
3.004962801933288574e-01
1.348540067672729492e+00
4.739557206630706787e-01
1.195040941238403320e+00
2.724999427795410156e+00
-1.773933619260787964e-01
5.606293082237243652e-01
6.799460649490356445e-01
9.585345536470413208e-02
-2.365970373153686523e+00
2.730600237846374512e-01
9.690518379211425781e-01
9.157666563987731934e-01
-2.108740091323852539e+00
-1.977545022964477539e+00
-7.716409564018249512e-01
1.928369283676147461e+00
-1.489162892103195190e-01
1.916906833648681641e-01
-1.469247460365295410e+00
-1.690644383430480957e+00
1.256227791309356689e-01
-8.954374790191650391e-01
-1.065119728446006775e-01
-6.178610324859619141e-01
-1.702510595321655273e+00
-1.454362511634826660e+00
1.072605475783348083e-01
6.244904175400733948e-02
-1.209990978240966797e+00
-4.465906620025634766e-01
-2.677922844886779785e-01
1.272446870803833008e+00
-1.942597627639770508e+00
-6.556967496871948242e-01
5.130872130393981934e-01
-3.477741777896881104e-01
2.959276735782623291e-02
-2.694743275642395020e-01
3.363946080207824707e-01
-2.516679525375366211e+00
2.045173883438110352e+00
-3.661302030086517334e-01
1.371928930282592773e+00
1.777373370714485645e-03
1.332427978515625000e+00
8.442523330450057983e-02
2.741121053695678711e-01
-8.143146634101867676e-01
1.687819123268127441e+00
-1.183601856231689453e+00
-5.889030098915100098e-01
5.104912519454956055e-01
-2.012357234954833984e+00
-1.882387250661849976e-01
-1.311615705490112305e+00
9.021926522254943848e-01
-1.471714973449707031e+00
-1.346396923065185547e+00
-3.287958383560180664e+00
1.977398872375488281e+00
-7.595539689064025879e-01
-1.487565517425537109e+00
-3.137305676937103271e-01
-4.091216325759887695e-01
1.565425992012023926e+00
