-1.451274275779724121e+00
2.669916450977325439e-01
1.253371119499206543e+00
-6.662176549434661865e-02
-1.181121826171875000e+00
7.893664836883544922e-01
7.965417504310607910e-01
-7.670820355415344238e-01
7.446861863136291504e-01
-1.200924515724182129e+00
2.302037239074707031e+00
9.797661304473876953e-01
-1.880984783172607422e+00
2.362589687108993530e-01
1.926604509353637695e+00
-7.920754551887512207e-01
1.135900974273681641e+00
1.863487720489501953e+00
-5.196740031242370605e-01
1.394854485988616943e-01
1.047574654221534729e-01
2.922307550907135010e-01
5.650233030319213867e-01
-1.439416289329528809e+00
-2.735984802246093750e+00
5.970656871795654297e-01
5.411305427551269531e-01
-7.065314650535583496e-01
1.320407986640930176e-01
1.737537384033203125e+00
6.449461579322814941e-01
-1.515408158302307129e+00
-1.551685452461242676e+00
-1.740006804466247559e+00
3.605640232563018799e-01
1.523149609565734863e+00
-1.279810547828674316e+00
7.902860641479492188e-01
1.613453507423400879e+00
-7.107273936271667480e-01
-4.361974895000457764e-01
6.204435825347900391e-01
1.640679717063903809e+00
1.583119988441467285e+00
1.456832408905029297e+00
-1.637254953384399414e+00
2.784543514251708984e+00
2.105609178543090820e+00
-8.771144747734069824e-01
-5.351035594940185547e-01
-1.585308194160461426e+00
-1.672797501087188721e-01
2.510261535644531250e-01
-3.283000886440277100e-01
-2.727999389171600342e-01
8.477790355682373047e-01
-5.102298855781555176e-01
7.854694724082946777e-01
-8.234534859657287598e-01
-1.035897850990295410e+00
-2.152125597000122070e+00
-1.527790188789367676e+00
-4.892097115516662598e-01
6.050693392753601074e-01
2.557572536170482635e-02
1.006192445755004883e+00
1.101399064064025879e+00
-4.039041697978973389e-01
-2.208849668502807617e+00
-1.254084825515747070e+00
1.288450837135314941e+00
-1.769536495208740234e+00
2.372626364231109619e-01
6.492577195167541504e-01
-9.480103850364685059e-01
-3.405228555202484131e-01
4.182296395301818848e-01
1.880367159843444824e+00
-1.166233047842979431e-01
-6.748589277267456055e-01
2.470306754112243652e-01
-1.652981519699096680e+00
5.791743397712707520e-01
7.048413157463073730e-02
-1.890489906072616577e-01
1.738163113594055176e+00
-4.480683505535125732e-01
-2.675963163375854492e+00
-9.431299567222595215e-02
-2.847393155097961426e-01
-7.816212773323059082e-01
1.613847851753234863e+00
2.315368950366973877e-01
-7.722686529159545898e-01
-7.542052865028381348e-02
-5.489528179168701172e-01
1.937395453453063965e+00
-2.164254903793334961e+00
-1.224055588245391846e-01
2.006677865982055664e+00
-3.219147026538848877e-01
-7.100275754928588867e-01
8.688791990280151367e-01
1.748572587966918945e+00
1.901025176048278809e+00
3.821135163307189941e-01
-1.338821798563003540e-01
-1.516458511352539062e+00
-1.435073137283325195e+00
-1.094885826110839844e+00
1.795554161071777344e+00
2.683506011962890625e-01
2.305235862731933594e+00
-2.852775156497955322e-01
5.042234659194946289e-01
1.158364489674568176e-01
-6.888827085494995117e-01
-1.827198714017868042e-01
-4.884981811046600342e-01
-5.286974310874938965e-01
-5.368791222572326660e-01
2.358551740646362305e+00
-1.725487112998962402e+00
-1.280653119087219238e+00
-8.295720219612121582e-01
-1.216758370399475098e+00
-4.630132317543029785e-01
-1.545823216438293457e+00
