2.216230154037475586e+00
-5.067760944366455078e-01
4.389787614345550537e-01
-3.134599626064300537e-01
-1.059888839721679688e+00
-2.043703012168407440e-02
2.311035871505737305e+00
6.171142458915710449e-01
3.511117398738861084e-01
-1.986317634582519531e+00
2.691974401473999023e+00
1.157800078392028809e+00
-1.599598377943038940e-01
-8.003704547882080078e-01
-2.914364039897918701e-01
-5.482171773910522461e-01
-9.372937679290771484e-01
-1.897990465164184570e+00
-7.567174732685089111e-02
-6.431639194488525391e-02
-1.380201220512390137e+00
-1.096950054168701172e+00
-7.275472879409790039e-01
3.178115606307983398e+00
-2.206446647644042969e+00
1.814291834831237793e+00
-8.404130339622497559e-01
-1.499021798372268677e-01
8.025228381156921387e-01
-9.484491944313049316e-01
1.164055466651916504e+00
-2.192911386489868164e+00
-2.057647705078125000e+00
1.327864885330200195e+00
-1.385388851165771484e+00
1.454716205596923828e+00
-4.322742521762847900e-01
3.941839039325714111e-01
-8.890327215194702148e-01
-1.719192743301391602e+00
-2.078157901763916016e+00
1.362693905830383301e+00
3.043475151062011719e-01
1.487365603446960449e+00
-6.473813652992248535e-01
2.940353870391845703e+00
-1.521816611289978027e+00
-3.198174238204956055e-01
-8.439318537712097168e-01
-1.832713484764099121e+00
4.348613321781158447e-01
4.420229196548461914e-01
-3.716995120048522949e-01
-1.141309812664985657e-01
1.098883152008056641e+00
1.910530328750610352e+00
-3.256385028362274170e-01
-2.575723528861999512e-01
-1.281791925430297852e-01
1.402191281318664551e+00
4.855217039585113525e-01
1.967122316360473633e+00
-1.425022840499877930e+00
1.112105607986450195e+00
-1.715013861656188965e+00
-6.263794302940368652e-01
-1.190948858857154846e-01
1.248067617416381836e+00
-1.584346055984497070e+00
4.679133296012878418e-01
-1.062865648418664932e-02
-4.480925798416137695e-01
5.799223780632019043e-01
1.643560767173767090e+00
2.765870571136474609e+00
-2.425063848495483398e+00
1.631000757217407227e+00
1.484678864479064941e+00
1.207487061619758606e-01
-2.169757783412933350e-01
8.769236505031585693e-02
-1.225414991378784180e+00
1.086423158645629883e+00
4.371463656425476074e-01
1.440569758415222168e+00
3.010230660438537598e-01
-3.703488707542419434e-01
-2.726550579071044922e+00
8.993846774101257324e-01
-4.534661769866943359e-01
1.228477619588375092e-02
-8.337280154228210449e-01
-5.044081211090087891e-01
1.921893469989299774e-02
1.550118088722229004e+00
1.129601001739501953e-01
5.354965925216674805e-01
-2.237370461225509644e-01
1.251493453979492188e+00
6.048576235771179199e-01
-1.941287517547607422e-01
2.805774211883544922e-01
9.458087682723999023e-01
-4.714562296867370605e-01
5.713023543357849121e-01
-1.424145102500915527e-01
-8.499176502227783203e-01
-1.302694380283355713e-01
-3.859052062034606934e-01
-2.291050195693969727e+00
-4.473191797733306885e-01
6.686600446701049805e-01
3.120598495006561279e-01
-3.615895032882690430e+00
-9.613631963729858398e-01
-1.900572896003723145e+00
7.498711943626403809e-01
-3.044429123401641846e-01
-2.776992321014404297e+00
6.717537045478820801e-01
-1.614701509475708008e+00
-3.961702585220336914e-01
6.694589257240295410e-01
1.718656539916992188e+00
8.852241933345794678e-02
-4.315346851944923401e-02
-3.557005524635314941e-01
1.747065067291259766e+00
