-5.824056267738342285e-01
6.705853343009948730e-02
-1.614924669265747070e-01
2.269075512886047363e-01
2.059996604919433594e+00
7.895610332489013672e-01
1.783597588539123535e+00
9.795236587524414062e-01
6.063551306724548340e-01
1.307243466377258301e+00
2.152583360671997070e+00
2.206068634986877441e-01
7.919884324073791504e-01
9.442390799522399902e-01
6.983493454754352570e-03
-2.492513805627822876e-01
-9.712878465652465820e-01
6.485036015510559082e-01
-2.531334757804870605e-01
-8.306302428245544434e-01
-1.508126616477966309e+00
-1.304352402687072754e+00
9.147806763648986816e-01
7.976644635200500488e-01
-2.330032587051391602e+00
2.247062027454376221e-01
7.276056408882141113e-01
-5.336741209030151367e-01
1.453698992729187012e+00
3.345262289047241211e+00
3.445941805839538574e-01
-1.265173792839050293e+00
1.605252176523208618e-01
-2.003004789352416992e+00
-6.677493453025817871e-01
8.274510502815246582e-01
7.670918107032775879e-01
-8.014019727706909180e-01
-1.460680007934570312e+00
8.881366252899169922e-01
5.517185330390930176e-01
4.691390991210937500e-01
4.442803263664245605e-01
-9.106745719909667969e-01
2.559860467910766602e+00
1.483783721923828125e-01
-8.462514877319335938e-01
-3.595775067806243896e-01
-1.350501656532287598e+00
9.807042479515075684e-01
-6.684424281120300293e-01
-3.991627991199493408e-01
-2.776094973087310791e-01
-8.729817867279052734e-01
-6.572679877281188965e-01
-1.423347741365432739e-01
1.075439333915710449e+00
-8.542905449867248535e-01
-1.479510545730590820e+00
1.175874710083007812e+00
-1.413743972778320312e+00
1.854372501373291016e+00
-1.137504577636718750e+00
-1.242958188056945801e+00
6.930179595947265625e-01
-4.926420152187347412e-01
-1.721837669610977173e-01
1.123919114470481873e-01
2.580437362194061279e-01
-1.953836202621459961e+00
2.883818447589874268e-01
-7.731923460960388184e-01
4.515696763992309570e-01
1.774821162223815918e+00
-4.141601920127868652e-01
-1.531182765960693359e+00
2.838074788451194763e-02
1.971963495016098022e-01
-3.731096684932708740e-01
-1.035977125167846680e+00
2.070314623415470123e-02
-1.393333196640014648e+00
1.977770626544952393e-01
-1.548995137214660645e+00
7.981119155883789062e-01
7.480817288160324097e-02
4.585911333560943604e-01
-2.058974266052246094e+00
-1.154841303825378418e+00
7.265502810478210449e-01
2.097884006798267365e-02
-1.838868260383605957e-01
2.508685588836669922e-01
1.257133483886718750e-01
-5.729051232337951660e-01
2.378664612770080566e-01
2.712064981460571289e-01
-4.531377255916595459e-01
-1.929401159286499023e+00
1.751794934272766113e+00
-1.464465141296386719e+00
-7.258964180946350098e-01
8.029875755310058594e-01
4.460065364837646484e+00
-1.154341578483581543e+00
-1.809426188468933105e+00
-1.434373378753662109e+00
-1.935956478118896484e+00
2.518364667892456055e+00
-5.021064877510070801e-01
1.789970278739929199e+00
2.919958114624023438e+00
-4.625208973884582520e-01
6.934936642646789551e-01
-1.885723710060119629e+00
-3.103676319122314453e+00
7.448916435241699219e-01
8.175212144851684570e-02
-1.209102153778076172e+00
-2.337796846404671669e-03
-4.592376053333282471e-01
1.227404952049255371e+00
-1.405599117279052734e-01
-1.273077964782714844e+00
-6.687629222869873047e-01
1.489207863807678223e+00
1.067131042480468750e+00
1.987473726272583008e+00
