-1.049425721168518066e+00
4.163423478603363037e-01
-6.162510812282562256e-02
-1.037603735923767090e+00
-1.118507504463195801e+00
2.860072135925292969e+00
2.609165906906127930e-01
8.563538789749145508e-01
-1.494479179382324219e-01
-1.379748463630676270e+00
-2.063811272382736206e-01
-1.825281977653503418e+00
-1.105919003486633301e+00
-1.048115491867065430e+00
1.391120314598083496e+00
-1.698132634162902832e+00
-3.737092614173889160e-01
5.078913569450378418e-01
-4.924531280994415283e-02
1.616626858711242676e+00
-4.104007780551910400e-01
-4.754451215267181396e-01
4.372589662671089172e-02
1.403888225555419922e+00
-1.298859477043151855e+00
1.531372964382171631e-01
1.761765480041503906e-01
2.773297727108001709e-01
6.403976082801818848e-01
1.669730305671691895e+00
-3.777632862329483032e-02
2.361625671386718750e+00
3.528066277503967285e-01
-4.254311919212341309e-01
-6.355940103530883789e-01
1.464546620845794678e-01
3.388437926769256592e-01
1.237773820757865906e-01
7.019519209861755371e-01
-5.116265416145324707e-01
1.031024098396301270e+00
3.854967057704925537e-01
2.479283094406127930e+00
1.222165226936340332e+00
2.105418145656585693e-01
-3.350794315338134766e-01
-4.326540529727935791e-01
-3.904177248477935791e-02
-3.966641426086425781e-02
-1.864301681518554688e+00
-5.227027535438537598e-01
-1.183641910552978516e+00
-6.016302704811096191e-01
4.420090317726135254e-01
-8.013432025909423828e-01
1.271798968315124512e+00
5.817487239837646484e-01
1.433077454566955566e+00
-2.433334738016128540e-01
1.223932862281799316e+00
-3.451562225818634033e-01
-8.375101685523986816e-01
2.099557965993881226e-01
1.247727274894714355e+00
1.864206492900848389e-01
-3.118463754653930664e+00
1.194261074066162109e+00
-8.425500988960266113e-01
9.661651849746704102e-01
2.085177451372146606e-01
3.817200064659118652e-01
9.822977185249328613e-01
1.590399622917175293e+00
6.625874638557434082e-01
4.396994113922119141e-01
-2.561679363250732422e+00
-4.745679497718811035e-01
-3.075879335403442383e+00
-1.690357565879821777e+00
-4.633290171623229980e-01
-1.219291463494300842e-01
-2.110903978347778320e+00
-2.465825825929641724e-01
-4.503979086875915527e-01
9.170244336128234863e-01
-2.014004468917846680e+00
-8.084760308265686035e-01
-6.147992014884948730e-01
-1.069635272026062012e+00
9.928023219108581543e-01
4.884453117847442627e-01
-1.985567212104797363e+00
-1.217268347740173340e+00
-5.347050428390502930e-01
2.098005533218383789e+00
5.063855648040771484e-02
-1.590885519981384277e-01
1.058079600334167480e+00
1.197723895311355591e-01
1.809268832206726074e+00
-3.002888917922973633e+00
-1.283942013978958130e-01
2.061653509736061096e-02
9.027255177497863770e-01
-9.623090624809265137e-01
8.517913818359375000e-01
7.406815886497497559e-01
-3.692004084587097168e-01
1.027138233184814453e+00
2.923640012741088867e-01
-2.960397489368915558e-02
7.742351889610290527e-01
-1.413835734128952026e-01
2.280230075120925903e-01
3.349881887435913086e+00
1.044615268707275391e+00
-1.322876214981079102e-01
2.797026745975017548e-02
-1.345578432083129883e-01
1.968440771102905273e+00
-6.783955544233322144e-02
-2.028539419174194336e+00
-1.110980510711669922e+00
-1.735276103019714355e+00
-9.244021773338317871e-01
2.251602560281753540e-01
-3.436627984046936035e-01
-2.473377585411071777e-01
