-7.621058821678161621e-01
-1.458525300025939941e+00
-5.032458901405334473e-01
1.752898991107940674e-01
-5.658265352249145508e-01
-6.295476555824279785e-01
-1.843181848526000977e-01
4.353977143764495850e-01
-1.241423130035400391e+00
1.985856652259826660e+00
8.942493200302124023e-01
-5.892887115478515625e-01
-1.905410289764404297e-01
1.501589298248291016e+00
4.318430423736572266e-01
-1.106324866414070129e-01
-6.903854012489318848e-01
7.880597710609436035e-01
-1.340613961219787598e+00
1.823320746421813965e+00
-2.081692457199096680e+00
6.037082076072692871e-01
4.311095550656318665e-02
8.304672241210937500e-01
-1.002414822578430176e+00
-9.544726610183715820e-01
1.117526531219482422e+00
8.137919902801513672e-01
1.878473311662673950e-01
1.635523557662963867e+00
-1.734855175018310547e+00
-9.824336320161819458e-02
-1.487999260425567627e-01
1.305537343025207520e+00
-6.945623755455017090e-01
1.073050737380981445e+00
4.540952146053314209e-01
-3.712399303913116455e-02
-9.375929236412048340e-01
1.171103954315185547e+00
-5.679829716682434082e-01
-1.117839455604553223e+00
1.587439537048339844e+00
2.159925222396850586e+00
3.506913781166076660e-01
1.618811637163162231e-01
-1.573331356048583984e+00
5.646782517433166504e-01
1.946827620267868042e-01
1.152621150016784668e+00
8.645285367965698242e-01
-5.750260949134826660e-01
4.787593483924865723e-01
-3.784964606165885925e-02
-9.252765774726867676e-01
1.619398146867752075e-01
6.665267348289489746e-01
2.400156557559967041e-01
-3.474203124642372131e-02
6.799730062484741211e-01
-1.854771971702575684e+00
2.491432666778564453e+00
5.808470770716667175e-02
1.012546658515930176e+00
2.860538661479949951e-01
4.832226037979125977e-01
-1.137869954109191895e+00
-9.258008748292922974e-02
-2.425321787595748901e-01
-1.585198402404785156e+00
2.961439788341522217e-01
-1.452990412712097168e+00
-2.473659813404083252e-01
1.714807391166687012e+00
2.574015855789184570e+00
-6.371039152145385742e-01
2.542800037190318108e-03
-6.855190992355346680e-01
2.288561820983886719e+00
7.444631457328796387e-01
1.440715074539184570e+00
-1.957981467247009277e+00
-5.330916643142700195e-01
-7.498770356178283691e-01
-1.716673016548156738e+00
1.756250113248825073e-01
1.461598426103591919e-01
-1.508199810981750488e+00
7.303643226623535156e-01
5.651271343231201172e-01
1.586088657379150391e+00
2.726004719734191895e-01
-3.727428913116455078e-01
6.647045612335205078e-01
-1.374432206153869629e+00
-1.140065193176269531e+00
-9.548255205154418945e-01
-2.561979770660400391e+00
-8.560168743133544922e-01
-6.980046629905700684e-01
2.482083559036254883e+00
-9.145961999893188477e-01
2.163743227720260620e-01
1.688872098922729492e+00
1.897961974143981934e+00
7.123336195945739746e-01
9.868692606687545776e-02
-9.892639517784118652e-01
2.733623683452606201e-01
2.205465734004974365e-01
-6.208932399749755859e-01
2.559834957122802734e+00
-1.285501837730407715e+00
-9.943885207176208496e-01
9.095386862754821777e-01
-2.176079750061035156e+00
-3.016266971826553345e-02
-1.530828952789306641e+00
-1.274505853652954102e+00
-6.976988911628723145e-01
-7.578123807907104492e-01
-1.566318273544311523e+00
1.299267292022705078e+00
-2.115448564291000366e-02
-1.264309763908386230e+00
2.322709858417510986e-01
-1.451484084129333496e+00
4.217953979969024658e-01
