-2.072307825088500977e+00
-6.950711607933044434e-01
9.431909918785095215e-01
8.211305737495422363e-01
-2.023287534713745117e+00
1.567396879196166992e+00
1.722118020057678223e+00
2.202738285064697266e+00
4.322500526905059814e-01
-1.991159796714782715e+00
9.852742552757263184e-01
2.050045728683471680e-01
-6.108142733573913574e-01
2.126958221197128296e-01
-5.971144512295722961e-02
1.017790555953979492e+00
-7.469694614410400391e-01
-1.378528121858835220e-02
-3.139189779758453369e-01
1.397318840026855469e+00
-1.015078902244567871e+00
-4.848896563053131104e-01
1.151277661323547363e+00
1.638725399971008301e-01
-2.438292503356933594e+00
5.634388923645019531e-01
1.160427331924438477e+00
-1.050429463386535645e+00
1.084422349929809570e+00
-1.733661293983459473e-01
1.310369491577148438e+00
-2.703791141510009766e+00
-1.046287178993225098e+00
3.660811185836791992e-01
2.476978898048400879e-01
6.418777704238891602e-01
-5.985293388366699219e-01
6.419808864593505859e-01
-6.515784859657287598e-01
8.012928366661071777e-01
-8.131646513938903809e-01
2.285113573074340820e+00
1.722304224967956543e+00
1.647173643112182617e+00
7.860621809959411621e-02
1.655289053916931152e+00
-9.976589679718017578e-01
-3.912275731563568115e-01
1.340414047241210938e+00
1.094968557357788086e+00
1.179302930831909180e+00
-1.024984002113342285e+00
-1.106743216514587402e+00
-3.807846009731292725e-01
-1.283587217330932617e+00
8.927443027496337891e-01
-4.079481363296508789e-01
1.742825388908386230e+00
-5.320129171013832092e-02
-4.755366966128349304e-02
5.177061557769775391e-01
1.876790970563888550e-01
-2.189212560653686523e+00
9.842982888221740723e-01
7.258751988410949707e-01
5.925999879837036133e-01
-9.523644447326660156e-01
-8.293245919048786163e-04
-2.003103971481323242e+00
-3.554645925760269165e-02
-2.345136642456054688e+00
-2.150505781173706055e+00
1.319138646125793457e+00
1.888734549283981323e-01
5.158216357231140137e-01
-3.456241190433502197e-01
8.848271965980529785e-01
1.161652654409408569e-01
8.606193214654922485e-02
-6.908911466598510742e-01
1.515171170234680176e+00
-1.959004282951354980e+00
2.357644081115722656e+00
-1.127995625138282776e-01
1.259652495384216309e+00
-2.848060429096221924e-01
-1.651954531669616699e+00
-6.063792705535888672e-01
-2.449904918670654297e+00
-3.569824099540710449e-01
-8.813377618789672852e-01
7.086436748504638672e-01
-2.190508604049682617e+00
2.783619463443756104e-01
-7.786782383918762207e-01
3.314849138259887695e-01
1.004789471626281738e+00
6.683202981948852539e-01
-9.492247551679611206e-02
4.815760850906372070e-01
-2.486429452896118164e+00
-1.627405881881713867e-01
-1.398741483688354492e+00
5.979620814323425293e-01
1.789345979690551758e+00
-8.806933164596557617e-01
-1.296960830688476562e+00
-7.162636518478393555e-01
1.446112275123596191e+00
-1.059629082679748535e+00
2.193754464387893677e-01
-8.737877011299133301e-01
1.086268663406372070e+00
-1.076587557792663574e+00
7.663956880569458008e-01
1.735461831092834473e+00
-1.771582841873168945e+00
5.437417626380920410e-01
6.104382872581481934e-01
2.779567837715148926e-01
-4.247857034206390381e-01
1.474970698356628418e+00
2.013370275497436523e+00
-5.538007020950317383e-01
-1.015322923660278320e+00
-1.459609866142272949e+00
-9.295629709959030151e-02
-1.054074406623840332e+00
