-2.355314970016479492e+00
-1.731357336044311523e+00
-7.169438153505325317e-02
2.986794710159301758e-01
-1.139489412307739258e+00
3.126541674137115479e-01
-6.888806819915771484e-01
-3.349847793579101562e-01
8.487427234649658203e-02
-1.634940624237060547e+00
9.587699174880981445e-01
-1.934345662593841553e-01
-1.312478184700012207e+00
7.124535441398620605e-01
7.909377813339233398e-01
2.427015453577041626e-02
1.619331836700439453e+00
-3.390426039695739746e-01
4.588995575904846191e-01
1.016882896423339844e+00
4.203294515609741211e-01
-2.426800504326820374e-02
8.879919052124023438e-01
6.081238389015197754e-01
-4.898306131362915039e-01
4.260490238666534424e-01
2.767706057056784630e-03
-8.052490949630737305e-01
1.164868831634521484e+00
7.074512243270874023e-01
6.980863213539123535e-01
1.445462465286254883e+00
-1.453498154878616333e-01
1.680294051766395569e-02
-2.482080936431884766e+00
8.980799913406372070e-01
2.442642599344253540e-01
-5.034351944923400879e-01
-8.927549719810485840e-01
2.282070815563201904e-01
4.923497140407562256e-01
-2.268616706132888794e-01
1.293663978576660156e+00
-1.025107279419898987e-01
4.559498727321624756e-01
-1.647241786122322083e-02
-8.594821095466613770e-01
-1.191050767898559570e+00
2.424172639846801758e+00
2.024316787719726562e+00
-1.119927406311035156e+00
-9.417871236801147461e-01
3.440613150596618652e-01
5.592258572578430176e-01
6.298251152038574219e-01
8.884709477424621582e-01
3.591567873954772949e-01
-2.188145875930786133e+00
-7.099428772926330566e-01
2.708411455154418945e+00
-2.294569969177246094e+00
2.519350528717041016e+00
-1.355265736579895020e+00
1.608248472213745117e+00
1.490671157836914062e+00
8.417325019836425781e-01
1.765224575996398926e+00
-5.656018257141113281e-01
5.133358240127563477e-01
1.227005124092102051e+00
2.602045238018035889e-01
-5.123813748359680176e-01
8.726981878280639648e-01
1.001165270805358887e+00
2.364330887794494629e-01
3.725661635398864746e-01
-1.885372877120971680e+00
1.909528225660324097e-01
2.263258993625640869e-01
-7.709028720855712891e-01
-3.188787698745727539e-01
-2.165935277938842773e+00
-4.013439118862152100e-01
1.014461636543273926e+00
1.787942945957183838e-01
-9.288777709007263184e-01
-2.219130098819732666e-01
-3.318515717983245850e-01
3.157134950160980225e-01
1.261182904243469238e+00
5.985549092292785645e-01
-6.137418746948242188e-01
3.295784294605255127e-01
-7.316790819168090820e-01
-9.550309740006923676e-03
7.549101710319519043e-01
1.008911151438951492e-02
-1.696737051010131836e+00
-5.061920285224914551e-01
1.595735847949981689e-01
2.387172460556030273e+00
-2.144827365875244141e+00
-2.836195528507232666e-01
1.876756906509399414e+00
5.807854533195495605e-01
1.401779413223266602e+00
-2.672254741191864014e-01
-7.093442678451538086e-01
-2.222366571426391602e+00
-2.142334461212158203e+00
5.827099680900573730e-01
-1.866893321275711060e-01
1.533438801765441895e+00
-1.085090637207031250e+00
-1.580023527145385742e+00
-1.508895277976989746e+00
-4.731211364269256592e-01
-5.022134780883789062e-01
2.851483821868896484e-01
1.554435849189758301e+00
4.548894762992858887e-01
-1.094892844557762146e-01
-4.944128096103668213e-01
-2.409625291824340820e+00
-1.470754265785217285e+00
-1.989546418190002441e+00
-9.530168771743774414e-01
9.471957683563232422e-01
