4.444324597716331482e-02
-3.276535868644714355e-02
5.547239184379577637e-01
1.241690278053283691e+00
-3.475564122200012207e-01
-2.166020870208740234e-01
2.909400463104248047e-01
-5.708726048469543457e-01
3.184787034988403320e-01
2.510953247547149658e-01
-1.809750556945800781e+00
-1.715077877044677734e+00
1.767143011093139648e+00
1.884869217872619629e+00
1.361529946327209473e+00
1.328065633773803711e+00
-3.263102173805236816e-01
1.198840737342834473e+00
1.149820163846015930e-01
1.160427212715148926e+00
2.904576659202575684e-01
-1.397770166397094727e+00
-1.122549176216125488e+00
2.647204875946044922e+00
-8.081334233283996582e-01
1.028812170028686523e+00
6.919531226158142090e-01
-3.815902173519134521e-01
8.700608611106872559e-01
6.903575062751770020e-01
-3.432481884956359863e-01
-1.153293728828430176e+00
-1.002122163772583008e+00
8.792979121208190918e-01
-1.255570888519287109e+00
2.879452705383300781e-01
-1.154067277908325195e+00
-3.446415066719055176e-01
1.317290782928466797e+00
1.388498783111572266e+00
-1.002569317817687988e+00
-5.869007110595703125e-01
9.762887954711914062e-01
1.235598564147949219e+00
7.090800255537033081e-02
1.722749114036560059e+00
-8.277638554573059082e-01
-2.309108227491378784e-01
-8.518323302268981934e-01
5.213568806648254395e-01
6.232124567031860352e-01
2.372736781835556030e-01
-4.807222485542297363e-01
2.897974848747253418e-01
2.713311016559600830e-01
-4.641995131969451904e-01
2.184240579605102539e+00
-1.005406379699707031e+00
2.521559596061706543e-01
1.437334775924682617e+00
7.606087327003479004e-01
1.371256828308105469e+00
1.483700871467590332e+00
1.137871861457824707e+00
1.843900233507156372e-01
4.457226693630218506e-01
-1.084511578083038330e-01
1.075587630271911621e+00
1.268983125686645508e+00
-1.849870979785919189e-01
8.564113378524780273e-01
-1.257576704025268555e+00
-1.516548246145248413e-01
1.172824621200561523e+00
1.076830625534057617e-01
-1.903283834457397461e+00
-1.706920385360717773e+00
-2.007702827453613281e+00
5.673169493675231934e-01
2.043409198522567749e-01
1.401646375656127930e+00
-5.097748637199401855e-01
-1.258064150810241699e+00
-5.216134190559387207e-01
1.027253031730651855e+00
6.915251612663269043e-01
-1.018401861190795898e+00
-8.245145678520202637e-01
2.241845056414604187e-02
-5.557603761553764343e-02
-1.205069273710250854e-01
-2.023480892181396484e+00
-2.136353492736816406e+00
1.688634872436523438e+00
-1.564734458923339844e+00
-1.182029008865356445e+00
1.497652053833007812e+00
-3.924975991249084473e-01
-4.365665316581726074e-01
7.116712927818298340e-01
-2.012753963470458984e+00
-6.291702389717102051e-01
1.201580762863159180e+00
2.211342811584472656e+00
-6.718346476554870605e-01
-4.378988146781921387e-01
-5.957700014114379883e-01
4.409005641937255859e-01
1.515487134456634521e-01
-7.331880331039428711e-01
-1.844946384429931641e+00
1.449070930480957031e+00
-5.697882771492004395e-01
-7.501893639564514160e-01
5.775542557239532471e-02
-1.754679799079895020e+00
1.899768829345703125e+00
1.578842997550964355e+00
-8.572416305541992188e-01
-2.015096187591552734e+00
-3.150923252105712891e+00
-1.063282266259193420e-01
-1.341724514961242676e+00
-1.549392700195312500e+00
-1.257191181182861328e+00
-9.058970957994461060e-02
-2.742998838424682617e+00
4.415868520736694336e-01
