-6.333109140396118164e-01
-3.783672153949737549e-01
5.173252820968627930e-01
3.064518272876739502e-01
1.763404130935668945e+00
-2.566048145294189453e+00
-6.225915551185607910e-01
9.296489357948303223e-01
-5.597030520439147949e-01
1.476141095161437988e+00
3.965552449226379395e-01
2.505893230438232422e+00
4.191458225250244141e-01
4.512489736080169678e-01
-2.003708600997924805e+00
5.473017692565917969e-01
-1.753782153129577637e+00
1.390928983688354492e+00
4.638080894947052002e-01
1.663833707571029663e-01
-1.680895566940307617e+00
-1.143721103668212891e+00
1.965588688850402832e+00
1.431744098663330078e+00
-2.942987203598022461e+00
1.383901238441467285e-01
6.820421814918518066e-01
-1.566802412271499634e-01
-2.262155860662460327e-01
1.169538974761962891e+00
-1.486258745193481445e+00
1.581929177045822144e-01
5.982922390103340149e-02
4.237921237945556641e-01
-1.454196095466613770e+00
1.067056179046630859e+00
3.694758117198944092e-01
-1.885677099227905273e+00
1.776428699493408203e+00
-3.037571012973785400e-01
-3.199292719364166260e-01
3.034269809722900391e-01
1.625952839851379395e+00
3.639488667249679565e-02
-1.422132372856140137e+00
1.013050079345703125e+00
-1.703828096389770508e+00
1.382603406906127930e+00
1.123708963394165039e+00
-9.666068851947784424e-02
1.277789831161499023e+00
-2.468343496322631836e+00
1.032157540321350098e+00
-1.285377264022827148e+00
-9.389598965644836426e-01
-1.412351608276367188e+00
-4.317697882652282715e-01
1.477832198143005371e+00
3.897859454154968262e-01
1.479746818542480469e+00
-5.122780799865722656e-01
7.448611855506896973e-01
9.660992622375488281e-01
4.036789834499359131e-01
6.759297102689743042e-02
-4.758504033088684082e-02
-1.245971083641052246e+00
-1.164919972419738770e+00
2.498915344476699829e-01
4.785919785499572754e-01
2.656902000308036804e-02
-1.156390428543090820e+00
3.121367931365966797e+00
-3.626356273889541626e-02
-3.065706193447113037e-01
-2.248695850372314453e+00
5.263969898223876953e-01
-5.846346020698547363e-01
4.170344769954681396e-01
-1.444708704948425293e+00
1.030332565307617188e+00
-2.777297019958496094e+00
1.151444911956787109e+00
4.857608973979949951e-01
-4.240260124206542969e-01
-7.994890809059143066e-01
3.859603106975555420e-01
-4.922706782817840576e-01
1.629183053970336914e+00
1.627051353454589844e+00
-1.692623257637023926e+00
-1.463053822517395020e-01
-9.861766099929809570e-01
1.631875157356262207e+00
4.142501950263977051e-01
1.139755323529243469e-01
-4.904968440532684326e-01
1.138226389884948730e+00
-8.901377320289611816e-01
1.321809649467468262e+00
-1.605625152587890625e+00
-3.715537786483764648e-01
8.635076284408569336e-01
-1.305299401283264160e+00
1.333422780036926270e+00
-4.341949522495269775e-01
-6.325274705886840820e-01
5.688852071762084961e-01
5.522425770759582520e-01
3.147361874580383301e-01
-2.654297590255737305e+00
6.229449510574340820e-01
-9.139466285705566406e-01
8.218936920166015625e-01
1.282748103141784668e+00
-4.405673444271087646e-01
4.691205918788909912e-02
-2.303573608398437500e+00
-1.058186054229736328e+00
-7.163233757019042969e-01
2.742114067077636719e-01
1.392837986350059509e-02
1.937696337699890137e+00
8.922679722309112549e-02
-6.266829371452331543e-01
-5.486989021301269531e-01
-1.127148747444152832e+00
5.977529287338256836e-01
