-1.126129031181335449e+00
-1.396900653839111328e+00
-1.552652359008789062e+00
-3.522056043148040771e-01
-1.126953512430191040e-01
-2.872511148452758789e-01
-7.467994093894958496e-01
-1.471883177757263184e+00
-6.395380496978759766e-01
8.037774562835693359e-01
-1.917407155036926270e+00
6.631718873977661133e-01
-1.312084645032882690e-01
-5.303101539611816406e-01
4.531819522380828857e-01
2.447071373462677002e-01
1.705792844295501709e-01
1.694826245307922363e+00
-1.175108738243579865e-02
-9.457870721817016602e-01
9.962887763977050781e-01
5.995248556137084961e-01
5.016182661056518555e-01
7.976152896881103516e-01
-8.461917750537395477e-03
1.958879679441452026e-01
-8.179447650909423828e-01
-1.177676022052764893e-01
-9.645888209342956543e-01
1.043531537055969238e+00
3.307227790355682373e-01
-8.661764264106750488e-01
-4.827145040035247803e-01
-1.530262470245361328e+00
-9.956949949264526367e-02
1.888195633888244629e+00
4.918675720691680908e-01
5.754408836364746094e-01
-7.493299841880798340e-01
1.324882149696350098e+00
3.796350061893463135e-01
-7.642269730567932129e-01
2.204828500747680664e+00
1.666902899742126465e-01
-9.137818217277526855e-01
3.889639377593994141e-01
5.573821663856506348e-01
-1.258378744125366211e+00
3.094774484634399414e-01
-1.182660102844238281e+00
-1.042624354362487793e+00
-4.591505825519561768e-01
1.681910604238510132e-01
-1.564465403556823730e+00
3.295833468437194824e-01
1.709256649017333984e+00
-7.658727467060089111e-02
1.487144231796264648e+00
1.327601552009582520e+00
-1.355295419692993164e+00
-9.816916584968566895e-01
1.436152935028076172e+00
7.798075079917907715e-01
2.275413870811462402e-01
1.081390976905822754e+00
-5.334981679916381836e-01
1.061963319778442383e+00
1.066707968711853027e+00
3.150090575218200684e-01
1.898510694503784180e+00
-5.459008738398551941e-02
-1.563837409019470215e+00
-1.229306221008300781e+00
4.613111913204193115e-01
9.478673338890075684e-01
-4.628078639507293701e-01
-6.877425312995910645e-01
-1.122335195541381836e+00
3.115336000919342041e-01
8.805034756660461426e-01
-5.839762687683105469e-01
-6.856384873390197754e-01
1.277062773704528809e+00
9.496957659721374512e-01
4.392732679843902588e-01
1.165576457977294922e+00
4.168381094932556152e-01
-2.298232078552246094e+00
-4.680184721946716309e-01
7.443261146545410156e-01
2.474874258041381836e+00
-8.770618438720703125e-01
3.068517446517944336e-01
-9.984325766563415527e-01
3.081783950328826904e-01
1.477068781852722168e+00
-5.755511578172445297e-03
-1.251619100570678711e+00
2.657521665096282959e-01
-2.246707201004028320e+00
1.624125480651855469e+00
5.075401067733764648e-01
-7.652852535247802734e-01
-6.452776491641998291e-02
-3.239589452743530273e+00
-1.299574136734008789e+00
-1.580467820167541504e+00
-8.360732197761535645e-01
2.606862545013427734e+00
-2.280538558959960938e+00
-7.004321813583374023e-01
3.457404673099517822e-01
6.196658611297607422e-01
-3.845583200454711914e-01
-8.036243170499801636e-02
1.018585085868835449e+00
-1.002633929252624512e+00
-1.404992818832397461e+00
-6.589639931917190552e-02
2.426608324050903320e+00
-6.558652222156524658e-02
4.189433529973030090e-02
2.100153446197509766e+00
-2.249889224767684937e-01
-1.249783873558044434e+00
1.040281653404235840e-01
1.394027769565582275e-01
7.296976447105407715e-01
