-7.561826109886169434e-01
4.341652691364288330e-01
-1.399925947189331055e-01
-1.510778348892927170e-02
2.192733526229858398e+00
4.008875191211700439e-01
4.027018323540687561e-02
-5.380773544311523438e-01
-3.130992949008941650e-01
-5.766729116439819336e-01
-1.202904343605041504e+00
3.548235595226287842e-01
-6.713337898254394531e-01
-3.102348089218139648e+00
1.275330901145935059e+00
-3.295611739158630371e-01
1.271318674087524414e+00
-1.162035465240478516e-01
-5.621848106384277344e-01
9.333321452140808105e-02
-3.323622345924377441e-01
4.640887379646301270e-01
2.174896746873855591e-01
1.240780472755432129e+00
-1.199675798416137695e+00
-1.526517868041992188e-01
8.100303821265697479e-03
-1.859873414039611816e+00
5.556951761245727539e-01
1.320433139801025391e+00
-9.580545425415039062e-01
9.338220953941345215e-01
-1.120744466781616211e+00
-3.685427010059356689e-01
8.423397541046142578e-01
-5.422616377472877502e-02
1.877576589584350586e+00
-2.073087245225906372e-01
-2.800788879394531250e+00
-2.579733848571777344e+00
2.243202209472656250e+00
-4.194784462451934814e-01
2.819922685623168945e+00
3.784066438674926758e-01
-6.312006711959838867e-01
-2.232500314712524414e+00
5.581878423690795898e-01
1.854378342628479004e+00
-2.763585150241851807e-01
-3.056250214576721191e-01
2.725824832916259766e+00
-1.028024673461914062e+00
-1.041123747825622559e+00
-8.691801428794860840e-01
-2.890247665345668793e-02
1.474528074264526367e+00
9.152954816818237305e-02
1.104175522923469543e-01
6.638388037681579590e-01
-5.597199872136116028e-02
-7.172998785972595215e-01
1.003429293632507324e+00
5.411117672920227051e-01
1.058550119400024414e+00
-1.698320358991622925e-01
-2.498454451560974121e-01
1.026448607444763184e+00
-1.548805087804794312e-01
-5.205453038215637207e-01
-6.243496537208557129e-01
1.363750547170639038e-01
1.991926550865173340e+00
9.341266155242919922e-01
-1.167366385459899902e+00
-2.701495409011840820e+00
-1.101683497428894043e+00
-7.339741587638854980e-01
2.413812130689620972e-01
-3.561495542526245117e-01
-2.770764112472534180e+00
-1.906284451484680176e+00
-7.965517640113830566e-01
8.477984070777893066e-01
-6.786661744117736816e-01
2.533438444137573242e+00
9.121500849723815918e-01
-7.186314463615417480e-01
1.003050208091735840e+00
-1.759419322013854980e+00
8.345145583152770996e-01
1.658867359161376953e+00
-1.326880335807800293e+00
-6.828399002552032471e-02
-7.137680891901254654e-03
-2.125176191329956055e-01
-4.465350508689880371e-01
3.668621778488159180e+00
-7.275660037994384766e-01
1.291620582342147827e-01
-1.026674866676330566e+00
-1.133169978857040405e-01
1.126870036125183105e+00
-3.637026846408843994e-01
3.076764643192291260e-01
2.372891008853912354e-01
-6.670081615447998047e-01
-1.570157647132873535e+00
-3.117422107607126236e-03
5.620990991592407227e-01
-2.427534013986587524e-01
7.641882300376892090e-01
-1.406177520751953125e+00
8.522323369979858398e-01
-2.259384870529174805e+00
-1.262184023857116699e+00
-2.933771610260009766e-01
-1.189473986625671387e+00
-7.894195616245269775e-02
8.608234524726867676e-01
1.859648346900939941e+00
-2.833103537559509277e-01
-9.748172163963317871e-01
1.451264381408691406e+00
-2.170783132314682007e-01
4.421166777610778809e-01
-6.457129120826721191e-02
-1.022837962955236435e-02
3.197925984859466553e-01
