-2.354368209838867188e+00
8.091901540756225586e-01
1.359716802835464478e-01
7.784111499786376953e-01
-4.870329499244689941e-01
-2.317909747362136841e-01
-7.155433297157287598e-01
3.016756176948547363e-01
3.745179474353790283e-01
-1.440294623374938965e+00
2.067712068557739258e+00
1.152261495590209961e+00
-3.259252756834030151e-02
-2.920162677764892578e+00
9.606555104255676270e-01
-1.502936929464340210e-01
-3.355086147785186768e-01
4.908375740051269531e-01
1.182138442993164062e+00
-9.723153710365295410e-01
-1.144451618194580078e+00
1.683972477912902832e+00
-3.652299046516418457e-01
-2.060122601687908173e-02
-2.082165718078613281e+00
-3.797361254692077637e-01
-2.429355233907699585e-01
7.070562839508056641e-01
6.861259937286376953e-01
8.456127047538757324e-01
-2.041188001632690430e+00
1.541214466094970703e+00
-9.492176771163940430e-01
1.174528360366821289e+00
1.162124946713447571e-01
9.304888248443603516e-01
1.283848881721496582e+00
-7.829089760780334473e-01
-5.986903309822082520e-01
-3.115539550781250000e+00
3.828367292881011963e-01
1.182786703109741211e+00
1.790019512176513672e+00
1.708334326744079590e+00
-1.408338665962219238e+00
1.495854854583740234e+00
-5.963295102119445801e-01
1.357642531394958496e+00
9.275443553924560547e-01
-7.584940642118453979e-02
1.497529506683349609e+00
6.206586956977844238e-01
-8.151927590370178223e-02
-1.232490897178649902e+00
-1.226578712463378906e+00
-1.223356500267982483e-01
6.656423807144165039e-01
-1.171289682388305664e-01
-2.681872606277465820e+00
2.504885911941528320e+00
3.283725678920745850e-01
3.592134237289428711e+00
-9.613636136054992676e-01
1.125146269798278809e+00
2.861641719937324524e-02
-3.515581367537379265e-03
-8.466112613677978516e-01
8.059568405151367188e-01
-3.935266435146331787e-01
-9.985162019729614258e-01
-1.046936035156250000e+00
-5.996206030249595642e-02
1.374810338020324707e+00
-3.859912976622581482e-02
-1.985529810190200806e-01
-1.636745691299438477e+00
5.749199986457824707e-01
-4.082190692424774170e-01
-6.919328570365905762e-01
-1.038041353225708008e+00
1.968754529953002930e-01
3.322960734367370605e-01
1.887014985084533691e+00
-9.173516035079956055e-01
3.502371072769165039e+00
-7.502464056015014648e-01
-1.242525935173034668e+00
4.735806286334991455e-01
8.751707673072814941e-01
1.714119553565979004e+00
5.276959538459777832e-01
-2.236241817474365234e+00
-1.195527687668800354e-01
-7.453212738037109375e-01
-9.618600010871887207e-01
6.245490908622741699e-01
1.616994261741638184e+00
1.650034487247467041e-01
-4.364606440067291260e-01
1.936019659042358398e-01
-8.924099802970886230e-01
-4.560606479644775391e-01
-4.468249380588531494e-01
1.747134327888488770e+00
-1.480044245719909668e+00
1.129423737525939941e+00
-9.402350783348083496e-01
-4.005101621150970459e-01
1.205676719546318054e-01
7.489018440246582031e-01
-2.125725507736206055e+00
3.679137468338012695e+00
-8.756523728370666504e-01
-1.894483089447021484e+00
-6.013206839561462402e-01
1.567591130733489990e-01
-3.581648766994476318e-01
-6.842853426933288574e-01
-7.529029250144958496e-01
1.201609373092651367e+00
-8.326171636581420898e-01
6.505202651023864746e-01
-9.010099619626998901e-02
-6.833668947219848633e-01
-3.532142341136932373e-01
-1.385864853858947754e+00
-1.570461392402648926e+00
-2.037703752517700195e+00
