-2.852648019790649414e+00
1.819958090782165527e+00
-1.139516949653625488e+00
1.105002239346504211e-01
-5.291520953178405762e-01
-5.317100286483764648e-01
-5.963711813092231750e-02
4.434237182140350342e-01
1.808413982391357422e+00
-1.718514680862426758e+00
1.015862941741943359e+00
-7.789725065231323242e-01
-3.853808939456939697e-01
-6.947227120399475098e-01
-7.627333998680114746e-01
-2.439545840024948120e-01
9.448811411857604980e-01
9.817142486572265625e-01
-1.107363104820251465e+00
-2.383393287658691406e+00
-6.563910245895385742e-01
-1.004402518272399902e+00
-2.707368135452270508e-01
-9.873481988906860352e-01
-1.838331818580627441e-01
1.183067083358764648e+00
-5.094485357403755188e-02
8.064106702804565430e-01
-3.133341670036315918e-02
1.671708822250366211e+00
5.382802486419677734e-01
2.847797572612762451e-01
-1.189541459083557129e+00
-2.475899696350097656e+00
-9.045283198356628418e-01
7.355402112007141113e-01
6.047251224517822266e-01
-1.086475014686584473e+00
-1.279057711362838745e-01
-3.087246119976043701e-01
-1.403915286064147949e+00
-1.865997463464736938e-01
1.162756085395812988e+00
1.157099843025207520e+00
7.312141656875610352e-01
1.572815179824829102e+00
-3.941388428211212158e-01
-2.096879631280899048e-01
2.077662944793701172e-02
1.496732950210571289e+00
-7.400354743003845215e-01
6.115545332431793213e-02
1.316825747489929199e-01
-4.340843558311462402e-01
-3.723277747631072998e-01
1.759267210960388184e+00
9.582539796829223633e-01
2.082811832427978516e+00
6.077215075492858887e-02
7.252443432807922363e-01
-1.209468916058540344e-01
8.813587576150894165e-02
-8.233441114425659180e-01
4.045563936233520508e-01
9.817304611206054688e-01
2.275430969893932343e-02
-5.239139199256896973e-01
-2.127454131841659546e-01
3.397035300731658936e-01
1.269007086753845215e+00
5.338855981826782227e-01
-2.102340459823608398e+00
1.579896688461303711e+00
1.240533888339996338e-01
-7.190932035446166992e-01
-1.429706692695617676e+00
-2.040712356567382812e+00
7.798373699188232422e-01
1.032036304473876953e+00
-1.467465758323669434e+00
-1.128074765205383301e+00
-3.230301618576049805e+00
1.329304814338684082e+00
-4.681470245122909546e-02
2.207022190093994141e+00
2.886943817138671875e+00
3.198340833187103271e-01
-3.675500392913818359e+00
6.302594393491744995e-02
3.749328255653381348e-01
-1.009250044822692871e+00
-5.715050101280212402e-01
-8.531430959701538086e-01
-1.139258980751037598e+00
2.297838687896728516e+00
5.889673829078674316e-01
2.665668487548828125e+00
-3.956949710845947266e-01
1.759837269783020020e+00
1.721727967262268066e+00
-2.271606177091598511e-01
7.536784410476684570e-01
3.863028287887573242e-01
-1.973667554557323456e-02
3.983255624771118164e-01
-1.069455146789550781e+00
-6.426129937171936035e-01
-1.142704337835311890e-01
1.426040887832641602e+00
-2.182942628860473633e+00
9.708761572837829590e-01
2.117325067520141602e-01
-5.237269401550292969e-01
1.543185234069824219e+00
-2.415153264999389648e+00
-4.139672815799713135e-01
7.144759297370910645e-01
-1.038785099983215332e+00
-1.561673760414123535e+00
-1.014779806137084961e+00
-4.643470644950866699e-01
1.995397061109542847e-01
1.405364751815795898e+00
6.947333216667175293e-01
-8.332560658454895020e-01
-1.365722894668579102e+00
5.456066727638244629e-01
1.935047984123229980e+00
