1.751009941101074219e+00
-9.507587552070617676e-01
-2.003011405467987061e-01
5.845582485198974609e-01
2.197500467300415039e-01
1.889672040939331055e+00
4.246583282947540283e-01
-8.654437065124511719e-01
1.152139544486999512e+00
-5.202980041503906250e-01
4.018658399581909180e-01
-1.420194625854492188e+00
5.257146954536437988e-01
-1.573121070861816406e+00
1.052834868431091309e+00
-5.111636519432067871e-01
-1.640528082847595215e+00
9.981314539909362793e-01
-1.518094301223754883e+00
1.656547188758850098e-01
-2.009124994277954102e+00
-5.492281913757324219e-01
-1.264184862375259399e-01
3.357232809066772461e-01
1.396774411201477051e+00
1.832576692104339600e-01
1.105087637901306152e+00
-7.343537807464599609e-01
-7.096227407455444336e-01
-5.681893825531005859e-01
2.428738176822662354e-01
8.312088996171951294e-02
-5.658593773841857910e-01
-1.357831835746765137e+00
-9.926863312721252441e-01
-2.513473927974700928e-01
-2.060590744018554688e+00
-2.726032972335815430e+00
-4.506371617317199707e-01
-7.930436730384826660e-02
-8.051733970642089844e-01
2.459487318992614746e-01
1.794764399528503418e+00
2.441146969795227051e-01
2.130239486694335938e+00
-1.584556460380554199e+00
4.307334721088409424e-01
1.350213050842285156e+00
9.798035621643066406e-01
1.111727118492126465e+00
9.424993395805358887e-01
-1.320152759552001953e+00
-6.564350724220275879e-01
-1.175195217132568359e+00
-5.970273613929748535e-01
1.002487987279891968e-01
-6.856276392936706543e-01
2.201998710632324219e+00
-2.780124247074127197e-01
1.694094538688659668e+00
-1.803117394447326660e+00
2.306688547134399414e+00
-3.275773525238037109e-01
7.175688743591308594e-01
-1.946876198053359985e-01
-1.280308127403259277e+00
1.229183435440063477e+00
-2.395796626806259155e-01
-3.464897871017456055e-01
-4.119127988815307617e-01
1.302336692810058594e+00
-7.450733184814453125e-01
7.983532547950744629e-01
1.025781631469726562e+00
1.326217353343963623e-01
-8.168177604675292969e-01
-1.964038848876953125e+00
8.828835487365722656e-01
-3.463664948940277100e-01
-7.360627502202987671e-02
1.032758951187133789e+00
-5.772857666015625000e-01
6.219370961189270020e-01
5.372951626777648926e-01
5.680460929870605469e-01
-1.209886670112609863e+00
-6.339562535285949707e-01
-1.896826386451721191e+00
-8.480331301689147949e-01
-1.941246539354324341e-01
1.262693643569946289e+00
-1.357514619827270508e+00
1.245358943939208984e+00
-4.738825857639312744e-01
8.342897295951843262e-01
-4.164685308933258057e-01
1.274742722511291504e+00
-2.141825705766677856e-01
-1.666344881057739258e+00
9.343636631965637207e-01
1.850078552961349487e-01
-3.868872523307800293e-01
1.015994071960449219e+00
-2.416285514831542969e+00
2.309887170791625977e+00
2.237234562635421753e-01
6.935750842094421387e-01
-1.097637891769409180e+00
2.406756639480590820e+00
-8.341152667999267578e-01
-1.409062296152114868e-01
2.169235229492187500e+00
-2.119677305221557617e+00
1.648649692535400391e+00
1.216709971427917480e+00
-1.255954384803771973e+00
-6.067519187927246094e-01
-2.514385879039764404e-01
1.420104265213012695e+00
-9.484453201293945312e-01
-7.865220308303833008e-01
-9.139849990606307983e-02
1.442534089088439941e+00
2.923068106174468994e-01
-1.277143239974975586e+00
-1.249739885330200195e+00
-6.794710755348205566e-01
1.938483715057373047e+00
