-7.276815772056579590e-01
-1.192589879035949707e+00
3.011623024940490723e-01
5.799215435981750488e-01
-1.000730156898498535e+00
4.688458740711212158e-01
7.285058498382568359e-03
-9.386923313140869141e-01
-2.713912129402160645e-01
-2.202732324600219727e+00
-4.169803857803344727e-01
-9.880087375640869141e-01
-1.239121630787849426e-01
-7.263540029525756836e-01
2.527466118335723877e-01
-2.875984609127044678e-01
-1.393960356712341309e+00
-1.682382076978683472e-01
-7.321183681488037109e-01
4.357224702835083008e-02
1.907360911369323730e+00
-1.292690992355346680e+00
7.845563292503356934e-01
2.312922477722167969e+00
5.518898963928222656e-01
-5.474207997322082520e-01
-4.412733912467956543e-01
-8.991144299507141113e-01
-6.604116559028625488e-01
-5.884568095207214355e-01
1.435201644897460938e+00
1.860614180564880371e+00
2.575181722640991211e-01
-6.279460787773132324e-01
-2.880897223949432373e-01
8.110631704330444336e-01
-2.590406894683837891e+00
-1.107197046279907227e+00
-3.877469152212142944e-02
6.913051605224609375e-01
1.288153290748596191e+00
-1.172011852264404297e+00
1.203746795654296875e+00
-3.517197668552398682e-01
-2.155522815883159637e-02
-1.849063634872436523e+00
1.639787912368774414e+00
2.239478111267089844e+00
6.259784698486328125e-01
2.807288646697998047e+00
5.506466031074523926e-01
-1.333418607711791992e+00
1.170653820037841797e+00
-1.007867336273193359e+00
-2.627680301666259766e-01
1.234291195869445801e+00
4.973599910736083984e-01
-2.502482235431671143e-01
-4.972316622734069824e-01
2.939289569854736328e+00
-1.548572182655334473e+00
1.017282009124755859e+00
9.811791181564331055e-01
1.361562848091125488e+00
1.220108270645141602e-01
1.243044137954711914e+00
1.258128643035888672e+00
1.135819315910339355e+00
9.080811142921447754e-01
1.689112931489944458e-01
1.372630715370178223e+00
-1.282692193984985352e+00
-9.403566271066665649e-02
5.386957526206970215e-01
-3.435224592685699463e-01
-1.353957533836364746e+00
-1.288998961448669434e+00
4.817464575171470642e-02
-1.606461286544799805e+00
-4.812319576740264893e-01
1.038708314299583435e-01
-1.326603412628173828e+00
3.677998483180999756e-01
-5.728429555892944336e-01
1.540575146675109863e+00
-3.268083333969116211e-01
4.529453814029693604e-01
1.500908851623535156e+00
3.270003497600555420e-01
2.287844568490982056e-01
1.533142030239105225e-01
3.711867630481719971e-01
2.263799190521240234e+00
-1.276092410087585449e+00
4.704864621162414551e-01
-2.780638933181762695e+00
-6.913344264030456543e-01
-1.211038947105407715e+00
-1.457130074501037598e+00
-8.658797740936279297e-01
2.098036050796508789e+00
8.333882689476013184e-01
-5.724734663963317871e-01
1.931107938289642334e-01
9.783410429954528809e-01
5.011308193206787109e-01
-1.009241789579391479e-01
-7.639622688293457031e-01
7.174235768616199493e-03
-1.321568250656127930e+00
-5.981128811836242676e-01
-7.935094833374023438e-01
-3.253042399883270264e-01
2.064312219619750977e+00
7.990795969963073730e-01
-8.843634128570556641e-01
9.793483465909957886e-02
-1.210553765296936035e+00
-6.184036731719970703e-01
-5.661746859550476074e-01
-1.950080841779708862e-01
1.083911538124084473e+00
-1.505111813545227051e+00
-1.520670652389526367e+00
-1.495288133621215820e+00
-1.966796875000000000e+00
9.919410198926925659e-02
1.901390075683593750e+00
