3.949721157550811768e-01
1.314467906951904297e+00
1.558844745159149170e-01
3.838082402944564819e-02
2.213869333267211914e+00
-3.329434692859649658e-01
-8.815377950668334961e-01
-6.449748873710632324e-01
-4.022115468978881836e-01
-6.629076600074768066e-01
2.719721198081970215e-01
9.984052181243896484e-01
2.051948606967926025e-01
-2.547785997390747070e+00
1.001959919929504395e+00
-1.935348361730575562e-01
-9.015269577503204346e-02
1.920894086360931396e-01
-2.671187520027160645e-01
-5.989179611206054688e-01
-2.849527895450592041e-01
-1.332973092794418335e-01
5.260715484619140625e-01
1.874994277954101562e+00
-3.796282708644866943e-01
-1.529937386512756348e+00
-1.330348610877990723e+00
-3.949782252311706543e-01
-3.525301814079284668e-01
2.210340499877929688e+00
-1.834131598472595215e+00
1.284778594970703125e+00
-1.325587987899780273e+00
9.807943105697631836e-01
7.953566312789916992e-02
-3.499290943145751953e-01
6.397431492805480957e-01
-2.340731956064701080e-02
-2.180266857147216797e+00
-2.115257978439331055e+00
1.589035272598266602e+00
-2.246385812759399414e-01
2.884739637374877930e+00
1.292004346847534180e+00
-9.611731171607971191e-01
-2.315470933914184570e+00
6.306928396224975586e-02
2.836899757385253906e+00
-1.081251502037048340e+00
3.093409240245819092e-01
2.408324718475341797e+00
-1.025549888610839844e+00
1.147063612937927246e+00
-6.179698109626770020e-01
4.799082577228546143e-01
-7.873845845460891724e-02
8.822441697120666504e-01
9.024209380149841309e-01
1.569157540798187256e-01
1.301926970481872559e+00
-7.499896883964538574e-01
7.486101388931274414e-01
8.863746523857116699e-01
9.364971518516540527e-01
2.505297064781188965e-01
-1.751760393381118774e-01
5.938712358474731445e-01
3.837723731994628906e-01
3.559156656265258789e-01
-2.265335768461227417e-01
4.353989958763122559e-01
2.919958353042602539e+00
4.208250045776367188e-01
-1.292890429496765137e+00
-1.433300733566284180e+00
-7.096257805824279785e-01
1.041682004928588867e+00
-4.671183526515960693e-01
-3.370083272457122803e-01
-2.666692733764648438e+00
-4.828887283802032471e-01
-2.045365810394287109e+00
5.338992178440093994e-02
-6.258273720741271973e-01
1.490822672843933105e+00
-5.513865873217582703e-02
-4.504598081111907959e-01
1.575667738914489746e+00
-1.357699513435363770e+00
1.816380172967910767e-01
1.067808032035827637e+00
-1.348856568336486816e+00
3.973018229007720947e-01
9.325213432312011719e-01
3.009132146835327148e-01
-8.921726942062377930e-01
3.490366220474243164e+00
-1.019069194793701172e+00
-4.046944677829742432e-01
-1.217178344726562500e+00
-1.503099594265222549e-02
2.050193071365356445e+00
-7.221258878707885742e-01
-5.173805952072143555e-01
-2.440210282802581787e-01
-1.693943291902542114e-01
-1.248343437910079956e-01
6.325463652610778809e-01
-8.210653066635131836e-01
5.184727311134338379e-01
-1.000047326087951660e+00
-1.004046559333801270e+00
-4.481271803379058838e-01
-3.892467260360717773e+00
7.458831667900085449e-01
-1.684676051139831543e+00
-5.608586072921752930e-01
-7.240075469017028809e-01
-1.883930265903472900e-01
2.125089764595031738e-01
-1.355578303337097168e+00
-3.404801711440086365e-02
2.033902555704116821e-01
-4.880811870098114014e-01
2.756919264793395996e-01
4.572254791855812073e-02
-8.396023511886596680e-01
-2.839268743991851807e-01
