1.663246452808380127e-01
-1.030579566955566406e+00
-5.515207648277282715e-01
-1.811765693128108978e-02
-2.373913675546646118e-01
-1.214360356330871582e+00
3.423025906085968018e-01
-6.162482500076293945e-02
-1.413619995117187500e+00
2.010033577680587769e-01
-3.149117529392242432e-01
-2.811741232872009277e-01
7.768598198890686035e-02
1.102005481719970703e+00
-1.191122055053710938e+00
-9.748393893241882324e-01
-1.375561594963073730e+00
5.153190493583679199e-01
-5.669938921928405762e-01
1.527267932891845703e+00
8.380498886108398438e-01
-6.109418272972106934e-01
7.466825246810913086e-01
1.079569697380065918e+00
-1.459816455841064453e+00
-1.079523205757141113e+00
-8.989036083221435547e-01
-4.103863537311553955e-01
-8.181266784667968750e-01
2.413962602615356445e+00
-8.718720078468322754e-01
1.308105587959289551e+00
1.691003322601318359e+00
-3.218104243278503418e-01
9.016236066818237305e-01
-1.471449375152587891e+00
8.455146551132202148e-01
6.826003789901733398e-01
-9.826458692550659180e-01
4.053771793842315674e-01
1.895661115646362305e+00
-2.835840463638305664e+00
1.074500679969787598e+00
3.724095225334167480e-01
1.269706487655639648e+00
-3.506244421005249023e+00
-1.349511384963989258e+00
1.560777306556701660e+00
-1.299623966217041016e+00
2.402312755584716797e+00
1.174567341804504395e-01
-5.407099723815917969e-01
3.037505626678466797e+00
-3.979081809520721436e-01
-5.254914760589599609e-01
1.322835326194763184e+00
-6.492083668708801270e-01
-2.489634513854980469e+00
1.465591669082641602e+00
2.275171279907226562e+00
-1.129147887229919434e+00
1.151230335235595703e+00
2.014179229736328125e-01
1.364666342735290527e+00
7.052513957023620605e-01
-1.216913238167762756e-01
4.555362462997436523e-01
2.372817754745483398e+00
1.611686050891876221e-01
-7.706398367881774902e-01
5.417980551719665527e-01
-2.530592381954193115e-01
-6.195297464728355408e-02
1.973886132240295410e+00
8.378177881240844727e-01
-1.068099379539489746e+00
-1.998287737369537354e-01
-1.223971486091613770e+00
-6.485616564750671387e-01
5.128014683723449707e-01
7.773988246917724609e-01
-4.786148667335510254e-01
-9.041243791580200195e-02
-9.881801605224609375e-01
6.443101167678833008e-01
-6.060127019882202148e-01
-6.250444054603576660e-01
8.922204971313476562e-01
6.462603211402893066e-01
-1.244754433631896973e+00
-1.161377906799316406e+00
-6.172093749046325684e-01
1.438523888587951660e+00
9.541175961494445801e-01
1.051431179046630859e+00
-2.324410438537597656e+00
2.725208699703216553e-01
-1.649650812149047852e+00
-1.162175059318542480e+00
-2.242862939834594727e+00
1.894994527101516724e-01
1.368699908256530762e+00
-1.384199738502502441e+00
1.084838390350341797e+00
1.827431321144104004e+00
1.077929735183715820e+00
1.106979131698608398e+00
-2.560671269893646240e-01
-1.645802140235900879e+00
-2.201566457748413086e+00
8.508046865463256836e-01
-2.779524922370910645e-01
-1.862239390611648560e-01
-4.413135945796966553e-01
-3.425653874874114990e-01
-1.960512876510620117e+00
1.054748654365539551e+00
9.775616927072405815e-04
-1.350386500358581543e+00
-7.514628171920776367e-01
4.115734100341796875e-01
2.675218582153320312e-01
1.210365295410156250e+00
-6.303092837333679199e-01
-2.001501433551311493e-02
2.515898704528808594e+00
-3.464370727539062500e+00
-4.053890705108642578e-03
