2.320997714996337891e+00
2.097898721694946289e+00
-4.343847930431365967e-01
-1.923146605491638184e+00
3.035291433334350586e+00
1.992727041244506836e+00
2.404200792312622070e+00
1.905878663063049316e+00
-8.188725709915161133e-01
-7.214667201042175293e-01
1.116169333457946777e+00
8.877447247505187988e-01
1.552983760833740234e+00
-1.187108397483825684e+00
-2.262512207031250000e+00
6.837633252143859863e-01
-1.586322426795959473e+00
-4.203699901700019836e-02
-1.493329167366027832e+00
-7.384839057922363281e-01
-2.337764024734497070e+00
-1.155434489250183105e+00
-1.030315995216369629e+00
1.416726589202880859e+00
2.169077873229980469e+00
-1.060769081115722656e+00
-3.003544509410858154e-01
7.389813065528869629e-01
-5.664093494415283203e-01
1.130589842796325684e+00
-6.100993156433105469e-01
-1.571943640708923340e+00
-6.163168549537658691e-01
5.386391282081604004e-01
-1.354070782661437988e+00
-2.121842503547668457e-01
9.680039286613464355e-01
9.512561559677124023e-01
-7.558634877204895020e-01
-1.586267471313476562e+00
2.734843492507934570e-01
2.986122965812683105e-01
8.772136569023132324e-01
1.603777766227722168e+00
-1.122401356697082520e+00
-1.767069697380065918e+00
2.300643920898437500e-01
1.420374870300292969e+00
1.609523415565490723e+00
1.477618664503097534e-01
1.657966375350952148e-01
-2.825285196304321289e-01
-7.312941551208496094e-01
-3.472031354904174805e-01
1.694156408309936523e+00
-4.819013178348541260e-01
1.180777192115783691e+00
3.547605574131011963e-01
-1.656389236450195312e-01
-3.904139399528503418e-01
1.250650048255920410e+00
1.859695911407470703e-01
5.057094693183898926e-01
7.092465758323669434e-01
2.360634326934814453e+00
-1.885027527809143066e+00
4.940488040447235107e-01
-7.672879844903945923e-02
1.467015624046325684e+00
3.068854510784149170e-01
4.691095352172851562e-01
2.078892290592193604e-01
5.192235112190246582e-01
3.393544256687164307e-01
9.428240060806274414e-01
-1.662624835968017578e+00
1.350391805171966553e-01
-4.537439346313476562e-01
-7.154325842857360840e-01
-2.042001962661743164e+00
-1.912166476249694824e-01
-1.915305018424987793e+00
-5.794572234153747559e-01
-2.233061790466308594e+00
2.670131921768188477e+00
5.560147762298583984e-01
-1.549736022949218750e+00
4.708071053028106689e-01
-7.312840819358825684e-01
-3.258834481239318848e-01
2.499016284942626953e+00
-2.194316625595092773e+00
-1.726451992988586426e+00
4.218409359455108643e-01
9.625385403633117676e-01
1.207633540034294128e-01
2.749038457870483398e+00
-4.662157595157623291e-01
-1.143801689147949219e+00
-1.216398715972900391e+00
3.078037202358245850e-01
9.817961454391479492e-01
-1.392446994781494141e+00
-1.717519998550415039e+00
2.815427184104919434e-01
-2.538008689880371094e-01
2.219166457653045654e-01
-4.388488233089447021e-01
1.164485335350036621e+00
3.177736103534698486e-01
-2.010695487260818481e-01
3.732129633426666260e-01
-2.104562044143676758e+00
-1.643503904342651367e+00
1.547130942344665527e+00
-8.336421847343444824e-01
1.189805507659912109e+00
-1.436618924140930176e+00
-2.784114360809326172e+00
7.449442744255065918e-01
1.159878969192504883e+00
-1.023055791854858398e+00
-5.657925456762313843e-02
-6.963672041893005371e-01
-1.964114457368850708e-01
-7.369986176490783691e-01
4.450023174285888672e-01
4.840452671051025391e-01
