-9.244616031646728516e-01
-1.654991388320922852e+00
-9.928480386734008789e-01
7.697511911392211914e-01
-4.991606175899505615e-01
8.618521690368652344e-01
-4.473086595535278320e-01
-1.178930640220642090e+00
-5.305398702621459961e-01
-8.736402988433837891e-01
-2.140510320663452148e+00
6.945106387138366699e-01
8.105324506759643555e-01
-4.427929222583770752e-01
-7.913365364074707031e-01
-1.332993149757385254e+00
-1.355677936226129532e-02
-1.141580045223236084e-01
-1.371219635009765625e+00
1.237644553184509277e+00
2.117832660675048828e+00
-9.462475180625915527e-01
-9.696345031261444092e-02
1.536675572395324707e+00
-7.103185653686523438e-01
-1.778721511363983154e-01
5.011503696441650391e-01
-1.182517781853675842e-01
-1.347031295299530029e-01
6.821532845497131348e-01
-1.044504404067993164e+00
3.274555921554565430e+00
-8.474677801132202148e-02
-7.599471807479858398e-01
-9.661955386400222778e-02
1.873485326766967773e+00
2.177055358886718750e+00
3.213669955730438232e-01
-1.222539544105529785e+00
2.788591384887695312e-02
-5.643891543149948120e-02
1.207020521163940430e+00
1.183545351028442383e+00
-2.985171228647232056e-02
1.257436752319335938e+00
-1.432533025741577148e+00
-9.664955735206604004e-01
-2.872602701187133789e+00
6.049526929855346680e-01
8.556137681007385254e-01
-7.667486369609832764e-02
-1.793376445770263672e+00
1.317831039428710938e+00
6.773105859756469727e-01
5.613917112350463867e-01
-1.091043114662170410e+00
1.055890679359436035e+00
1.054967284202575684e+00
9.297146201133728027e-01
2.499530076980590820e+00
5.176701545715332031e-01
-1.883530020713806152e+00
-1.775232106447219849e-01
1.788421630859375000e+00
-9.775838851928710938e-01
-4.963908493518829346e-01
2.271273374557495117e+00
8.139843940734863281e-01
-8.871558308601379395e-01
4.456275328993797302e-02
8.975085020065307617e-01
8.255004286766052246e-01
2.379749298095703125e+00
3.595885634422302246e-01
-1.129461288452148438e+00
-2.001278288662433624e-02
-2.058046340942382812e+00
-1.323920935392379761e-01
-1.074339628219604492e+00
-1.857874512672424316e+00
6.321223378181457520e-01
-6.979823112487792969e-01
3.844062387943267822e-01
-6.080177053809165955e-02
1.721840739250183105e+00
6.692563295364379883e-01
3.848064243793487549e-01
1.379603743553161621e+00
-2.299137599766254425e-02
-9.204228520393371582e-01
2.199836224317550659e-01
1.300090074539184570e+00
-5.242705941200256348e-01
6.095613837242126465e-01
3.040115237236022949e-01
1.639951705932617188e+00
-4.213573932647705078e-01
-4.881125390529632568e-01
-2.093379974365234375e+00
2.202568769454956055e+00
1.367135941982269287e-01
8.501324057579040527e-01
-2.449225038290023804e-01
-3.165268003940582275e-01
-6.838341355323791504e-01
7.900992035865783691e-01
-1.617575883865356445e+00
-1.719758749008178711e+00
2.294275760650634766e-01
-1.632192611694335938e+00
2.175914764404296875e+00
1.774468421936035156e-01
8.333286643028259277e-02
3.449774980545043945e-01
-7.707595229148864746e-01
-1.065407276153564453e+00
-3.764473497867584229e-01
-8.252071142196655273e-01
9.960463643074035645e-01
-1.449732542037963867e+00
5.227102041244506836e-01
-7.206957340240478516e-01
8.880703449249267578e-01
-9.792814850807189941e-01
-1.158498764038085938e+00
-1.954971432685852051e+00
-1.193448424339294434e+00
-8.567668795585632324e-01
