7.295755743980407715e-01
-1.634613037109375000e+00
7.840555906295776367e-01
3.336747884750366211e-01
2.665547132492065430e+00
-1.670580863952636719e+00
-1.256434082984924316e+00
3.115532696247100830e-01
-1.750787973403930664e+00
1.885653853416442871e+00
-7.889620065689086914e-01
1.809741139411926270e+00
6.717552542686462402e-01
-1.157393455505371094e+00
-1.800505518913269043e+00
-2.351367026567459106e-01
-1.010641336441040039e+00
1.317448377609252930e+00
3.105160295963287354e-01
-1.296552538871765137e+00
-1.440116047859191895e+00
-1.531039595603942871e+00
1.247476458549499512e+00
2.391598939895629883e+00
-2.203589916229248047e+00
6.934529542922973633e-02
6.323156952857971191e-01
6.044405102729797363e-01
-4.297188818454742432e-01
-3.047735095024108887e-01
-9.130552411079406738e-01
-4.431721568107604980e-02
3.417010232806205750e-02
2.488103389739990234e+00
-2.971885204315185547e-01
1.545514106750488281e+00
9.388099908828735352e-01
-1.051842331886291504e+00
1.641295075416564941e+00
1.042250275611877441e+00
1.195784091949462891e+00
1.492872238159179688e-01
1.949735045433044434e+00
-3.587876558303833008e-01
-1.043112754821777344e+00
-1.619162201881408691e+00
2.584905326366424561e-01
-1.356088221073150635e-01
1.609608769416809082e+00
2.346867024898529053e-01
1.119664311408996582e+00
-1.885069370269775391e+00
1.132637739181518555e+00
-1.243476510047912598e+00
-1.405693650245666504e+00
2.196048945188522339e-01
-3.738988041877746582e-01
1.173612117767333984e+00
-9.269010424613952637e-01
8.632895350456237793e-01
-8.948768973350524902e-01
-8.044549822807312012e-01
-4.471065402030944824e-01
-6.025343537330627441e-01
-7.603014111518859863e-01
-7.759919762611389160e-01
-3.826985359191894531e-01
-7.487170863896608353e-03
3.393293619155883789e-01
-9.213218092918395996e-01
1.591262817382812500e-01
-8.144772052764892578e-01
1.954132437705993652e+00
5.612111687660217285e-01
-1.252030134201049805e+00
-1.472383499145507812e+00
-5.804286003112792969e-01
5.672785043716430664e-01
2.462924830615520477e-02
-3.168061077594757080e-01
9.021155834197998047e-01
-9.773724675178527832e-01
2.391151428222656250e+00
1.298227310180664062e-01
4.491354525089263916e-01
9.208146333694458008e-01
4.207060635089874268e-01
-3.223844170570373535e-01
1.671585798263549805e+00
-8.615061640739440918e-02
-2.160671710968017578e+00
7.969009280204772949e-01
-1.119254112243652344e+00
1.177402019500732422e+00
-7.736984491348266602e-01
-7.930129021406173706e-02
9.580105543136596680e-02
1.434562355279922485e-01
-4.942778646945953369e-01
-1.618044495582580566e+00
5.986534357070922852e-01
-4.752099812030792236e-01
2.275380790233612061e-01
-1.393826842308044434e+00
1.365665793418884277e-01
-4.932527840137481689e-01
-2.059191226959228516e+00
1.074109554290771484e+00
7.609465122222900391e-01
-1.980448365211486816e+00
-3.711832165718078613e-01
-1.264579594135284424e-01
1.436767220497131348e+00
1.856580018997192383e+00
2.039004802703857422e+00
-1.250755786895751953e+00
-1.931970268487930298e-01
-2.290405750274658203e+00
1.330856978893280029e-01
1.126659631729125977e+00
6.230211257934570312e-01
-3.733012378215789795e-01
7.461629509925842285e-01
-2.551804184913635254e-01
-8.059238791465759277e-01
-1.544753164052963257e-01
-2.105866432189941406e+00
4.578615427017211914e-01
