-7.488633692264556885e-02
-6.943061947822570801e-01
1.601662993431091309e+00
2.026166319847106934e-01
-1.396433264017105103e-02
5.902125835418701172e-01
-9.013023376464843750e-01
-1.196283221244812012e+00
-2.100862003862857819e-02
4.132893383502960205e-01
-1.590868830680847168e+00
-5.595341920852661133e-01
1.719488739967346191e+00
2.168831676244735718e-01
5.174098908901214600e-02
1.965693235397338867e+00
-6.946316957473754883e-01
1.545306593179702759e-01
-1.011351823806762695e+00
-3.930940330028533936e-01
-6.267526745796203613e-01
2.215780019760131836e+00
1.950314402580261230e+00
8.351520299911499023e-01
3.392546176910400391e-01
3.563415408134460449e-01
1.662104487419128418e+00
-3.587264716625213623e-01
-5.215697288513183594e-01
-2.250319004058837891e+00
1.059545040130615234e+00
2.260104119777679443e-01
-1.026091337203979492e+00
-1.737848162651062012e+00
1.181295156478881836e+00
1.051021456718444824e+00
3.573136329650878906e-01
4.410420954227447510e-01
-1.250260829925537109e+00
-6.155858561396598816e-02
-1.243906378746032715e+00
4.673581421375274658e-01
9.194366931915283203e-01
-5.122035741806030273e-01
4.069484770298004150e-01
-7.313576340675354004e-01
1.839144706726074219e+00
-9.953889995813369751e-02
-5.117771029472351074e-01
1.456860184669494629e+00
-1.575330972671508789e+00
-1.774048507213592529e-01
-3.492109477519989014e-01
4.038461148738861084e-01
1.245610356330871582e+00
-1.127463579177856445e+00
-8.365964889526367188e-01
4.941700100898742676e-01
7.647113800048828125e-01
1.617859125137329102e+00
-5.113195776939392090e-01
-1.663871705532073975e-01
2.128600358963012695e+00
-7.676570862531661987e-02
7.308947443962097168e-01
-1.157058596611022949e+00
-6.934987306594848633e-01
-1.898683011531829834e-01
-1.080551624298095703e+00
7.782502770423889160e-01
1.278550028800964355e+00
7.896562814712524414e-01
6.082624793052673340e-01
5.533717274665832520e-01
-1.161591291427612305e+00
-1.444196939468383789e+00
1.756381988525390625e-02
4.185833036899566650e-01
-1.569200634956359863e+00
-6.663663983345031738e-01
1.356589078903198242e+00
3.226237595081329346e-01
9.638206362724304199e-01
-1.397799968719482422e+00
2.720602750778198242e+00
-1.905675083398818970e-01
1.918089836835861206e-01
1.502171903848648071e-01
-6.458079814910888672e-01
-1.601223826408386230e+00
1.304553031921386719e+00
-1.246125102043151855e+00
-2.147046089172363281e+00
-6.710220575332641602e-01
1.450296998023986816e+00
-4.852848649024963379e-01
-6.406699419021606445e-01
-1.487863361835479736e-01
1.937375664710998535e+00
1.914508461952209473e+00
9.401880502700805664e-01
1.495607733726501465e+00
-1.700499415397644043e+00
1.302800536155700684e+00
2.075667381286621094e+00
-1.444261431694030762e+00
-1.006177186965942383e+00
-3.027053833007812500e+00
1.306647300720214844e+00
-1.043353915214538574e+00
2.700346946716308594e+00
-5.606205463409423828e-01
1.658259987831115723e+00
1.342903733253479004e+00
9.041360616683959961e-01
-1.205568015575408936e-01
-2.767693400382995605e-01
-9.727446436882019043e-01
-2.409863710403442383e+00
-2.683237552642822266e+00
7.349105477333068848e-01
-1.954334616661071777e+00
-1.671153068542480469e+00
-1.628227233886718750e+00
-4.720711112022399902e-01
-1.214623808860778809e+00
-2.322055339813232422e+00
-1.393387019634246826e-01
