-1.098141908645629883e+00
-4.022589921951293945e-01
1.126329421997070312e+00
4.523880481719970703e-01
-9.473191499710083008e-01
-3.230467438697814941e-02
-6.673496365547180176e-01
1.474558115005493164e+00
2.047430276870727539e-01
-1.683477759361267090e+00
4.047368466854095459e-01
1.459197521209716797e+00
5.731346458196640015e-02
7.798322439193725586e-01
1.215995669364929199e+00
2.913088500499725342e-01
-1.356000781059265137e+00
9.076665043830871582e-01
-7.343444228172302246e-01
1.073532462120056152e+00
6.547793149948120117e-01
-3.626790344715118408e-01
1.084126114845275879e+00
1.786255836486816406e+00
-1.958277583122253418e+00
-2.206188678741455078e+00
5.379705876111984253e-02
2.046972036361694336e+00
1.538472652435302734e+00
5.715312957763671875e-01
8.768156766891479492e-01
-2.162010192871093750e+00
-1.592589378356933594e+00
2.029802322387695312e+00
1.611130237579345703e-01
8.519901037216186523e-01
-1.099658250808715820e+00
-1.692703068256378174e-01
-4.751884937286376953e-01
-5.714417435228824615e-03
-9.321607947349548340e-01
9.599355459213256836e-01
1.451123356819152832e+00
2.503119468688964844e+00
-1.946310400962829590e-01
2.216131687164306641e+00
-9.678135067224502563e-02
-1.947541713714599609e+00
9.567950367927551270e-01
9.952411651611328125e-01
-7.029765248298645020e-01
3.047195076942443848e-01
1.290917098522186279e-01
-7.529385685920715332e-01
-9.760733842849731445e-01
-1.413307785987854004e+00
-1.471856594085693359e+00
1.132554650306701660e+00
8.888028264045715332e-01
1.624183297157287598e+00
5.765854716300964355e-01
1.002727389335632324e+00
-4.080139994621276855e-01
3.141692578792572021e-01
1.185707092285156250e+00
8.832406401634216309e-01
9.530013799667358398e-01
7.286084890365600586e-01
5.339673161506652832e-01
1.702601790428161621e+00
-9.118163585662841797e-01
-4.373787343502044678e-01
2.097382307052612305e+00
-4.902412891387939453e-01
7.756654024124145508e-01
-2.027241230010986328e+00
3.709192276000976562e-01
5.643987059593200684e-01
-2.922554016113281250e-01
-1.627511262893676758e+00
9.788640737533569336e-01
-2.706566810607910156e+00
-1.000753998756408691e+00
-8.867359161376953125e-01
2.373227596282958984e+00
-1.548798322677612305e+00
-1.233706474304199219e+00
9.059597253799438477e-01
-2.361568689346313477e+00
-3.835902512073516846e-01
-1.693860292434692383e+00
-9.165915846824645996e-01
-5.747944712638854980e-01
-3.976120054721832275e-02
3.113187849521636963e-01
4.135128259658813477e-01
1.716289222240447998e-01
9.771166443824768066e-01
-1.780899524688720703e+00
5.112706422805786133e-01
-1.604035973548889160e+00
8.655993938446044922e-01
-1.272104978561401367e+00
3.837157487869262695e-01
1.722733855247497559e+00
-9.794722199440002441e-01
-7.644102573394775391e-01
1.376595020294189453e+00
2.811329960823059082e-01
-7.254317998886108398e-01
-2.304964303970336914e+00
2.470108270645141602e-01
-8.435786962509155273e-01
-5.678980946540832520e-01
1.567394852638244629e+00
-7.547984123229980469e-01
-1.608115315437316895e+00
8.173132538795471191e-01
-2.439347654581069946e-01
-2.907525897026062012e-01
-1.104277968406677246e+00
1.274325489997863770e+00
-1.382336616516113281e+00
-3.716368377208709717e-01
-1.074303984642028809e+00
-1.535202622413635254e+00
2.021518945693969727e-01
1.349006652832031250e+00
