1.389419555664062500e+00
-1.498531579971313477e+00
8.514413833618164062e-01
1.455509811639785767e-01
-2.077383249998092651e-01
-9.843371510505676270e-01
4.197561442852020264e-01
1.225700080394744873e-01
7.086865603923797607e-02
1.340382844209671021e-01
-6.254778504371643066e-01
6.735653877258300781e-01
9.146237373352050781e-01
-9.912892580032348633e-01
1.912854053080081940e-02
-1.357103466987609863e+00
-4.410426616668701172e-01
9.666558355093002319e-02
1.014065593481063843e-01
2.513277053833007812e+00
-4.023494720458984375e-01
8.861790299415588379e-01
9.843191504478454590e-01
1.392017722129821777e+00
-2.052321434020996094e+00
-1.171592697501182556e-01
-1.477915287017822266e+00
5.309637263417243958e-02
1.979616641998291016e+00
-1.831516861915588379e+00
5.036186575889587402e-01
-1.205087453126907349e-01
1.364617794752120972e-01
5.934906601905822754e-01
8.729414343833923340e-01
1.116656303405761719e+00
1.502620100975036621e+00
-1.098008632659912109e+00
-1.515021085739135742e+00
-1.478151679039001465e+00
9.522592425346374512e-01
-1.240314990282058716e-01
7.565836906433105469e-01
-1.912076115608215332e+00
3.863510787487030029e-01
2.286989241838455200e-01
7.997237443923950195e-01
3.726059794425964355e-01
-5.558397769927978516e-01
-1.746446847915649414e+00
-1.081193208694458008e+00
1.239532947540283203e+00
-1.352086663246154785e+00
-5.267146229743957520e-01
3.498682081699371338e-01
7.974994778633117676e-01
-9.918118119239807129e-01
5.679482817649841309e-01
1.908708214759826660e+00
-6.410052627325057983e-02
-1.304506063461303711e+00
5.679104924201965332e-01
6.675635576248168945e-01
-2.285631597042083740e-01
-2.521779537200927734e-01
7.854611277580261230e-01
1.294498324394226074e+00
2.500554084777832031e+00
-8.362653851509094238e-01
-9.113287925720214844e-01
1.755403876304626465e+00
-1.551286101341247559e+00
-1.466945052146911621e+00
2.076694011688232422e+00
1.333159923553466797e+00
-1.004223942756652832e+00
-7.081410884857177734e-01
2.211248159408569336e+00
-4.069196283817291260e-01
2.132183462381362915e-01
-2.099375277757644653e-01
-2.042394399642944336e+00
1.930815815925598145e+00
1.287191033363342285e+00
1.759664177894592285e+00
7.311447262763977051e-01
-2.380515336990356445e-01
-2.777779102325439453e-01
-2.221442937850952148e+00
-1.317944526672363281e-01
1.008715391159057617e+00
-2.101688623428344727e+00
5.623246431350708008e-01
-7.297783493995666504e-01
1.785788655281066895e+00
3.806707859039306641e-01
-2.097377926111221313e-01
2.486529946327209473e-01
-1.607916474342346191e+00
-5.416399240493774414e-01
-4.331227540969848633e-01
-1.857969760894775391e+00
-5.119549036026000977e-01
1.020737767219543457e+00
-1.325504183769226074e+00
-3.972357809543609619e-01
-1.363474249839782715e+00
-1.840879797935485840e+00
1.745591521263122559e+00
-1.915396690368652344e+00
-5.652717351913452148e-01
-1.388312280178070068e-01
-2.420888096094131470e-01
-5.231140851974487305e-01
-1.620285511016845703e+00
-2.144272565841674805e+00
-1.815485805273056030e-01
1.265741467475891113e+00
-6.761623024940490723e-01
2.359926223754882812e+00
-9.077001810073852539e-01
-7.756021022796630859e-01
1.563791275024414062e+00
-2.848701715469360352e+00
-1.808315813541412354e-01
2.359669208526611328e+00
5.000561475753784180e-01
8.495885133743286133e-01
