-4.877314567565917969e-01
-1.045856714248657227e+00
-1.015800476074218750e+00
2.095353007316589355e-01
2.507521510124206543e-01
1.407392024993896484e-01
6.673136353492736816e-02
-2.966725826263427734e-01
-1.871850013732910156e+00
-1.549130678176879883e-01
1.295580744743347168e+00
1.106682419776916504e+00
-1.681983113288879395e+00
-1.460422992706298828e+00
-1.605374932289123535e+00
-1.092722177505493164e+00
-8.546544611454010010e-02
8.329668045043945312e-01
-9.648849964141845703e-01
1.964936852455139160e-01
2.871797382831573486e-01
4.579366743564605713e-01
1.981625556945800781e-01
-4.746587574481964111e-01
-9.516379833221435547e-01
-6.150895953178405762e-01
4.729633331298828125e-01
-1.466377854347229004e+00
3.811263144016265869e-01
-3.439015746116638184e-01
-2.727558612823486328e-01
1.913029074668884277e+00
1.442513942718505859e+00
-7.769472151994705200e-02
-1.490591049194335938e+00
1.196404337882995605e+00
-6.454841494560241699e-01
-1.226152300834655762e+00
1.245003193616867065e-01
2.598583996295928955e-01
1.802247047424316406e+00
-1.925231069326400757e-01
1.711913466453552246e+00
-3.898110091686248779e-01
-8.342829942703247070e-01
-1.189345121383666992e+00
-1.015471577644348145e+00
-1.123248457908630371e+00
1.108792901039123535e+00
-2.845982611179351807e-01
-1.115850210189819336e+00
-2.625286579132080078e-01
-1.143684148788452148e+00
1.019919991493225098e+00
-1.076488494873046875e+00
1.171287775039672852e+00
-1.662177324295043945e+00
-9.608738422393798828e-01
-1.561246663331985474e-01
1.073597550392150879e+00
-1.654930353164672852e+00
3.032255411148071289e+00
1.255526304244995117e+00
-5.200591683387756348e-01
-1.801339387893676758e+00
1.358696669340133667e-01
-6.310797333717346191e-01
2.030381441116333008e+00
-6.384903192520141602e-01
-3.943172097206115723e-02
1.230425834655761719e+00
-2.055751800537109375e+00
4.732642471790313721e-01
1.249035358428955078e+00
-5.814413726329803467e-02
-1.180141806602478027e+00
8.127965331077575684e-01
1.420061469078063965e+00
-2.152744531631469727e-01
6.374677419662475586e-01
-5.090544819831848145e-01
7.532675266265869141e-01
-1.861414164304733276e-01
-2.098145335912704468e-01
3.229644536972045898e+00
-3.954547643661499023e-01
2.856879830360412598e-01
1.722231507301330566e+00
-5.556082725524902344e-02
1.257393598556518555e+00
3.261042356491088867e+00
-2.031924724578857422e+00
4.876928031444549561e-01
-5.276374220848083496e-01
-1.593062877655029297e+00
5.655133128166198730e-01
1.146776318550109863e+00
-9.151595234870910645e-01
-2.100027650594711304e-01
-3.055990219116210938e+00
1.358116626739501953e+00
8.785671740770339966e-02
-1.308877229690551758e+00
1.036404609680175781e+00
-6.269121915102005005e-02
1.033443450927734375e+00
-1.031888723373413086e+00
-3.000158369541168213e-01
8.302623629570007324e-01
-1.715837597846984863e+00
1.419625878334045410e+00
4.302036166191101074e-01
9.589609503746032715e-01
7.451121211051940918e-01
-6.699284911155700684e-01
-1.195891618728637695e+00
7.340734601020812988e-01
-5.187371373176574707e-01
-8.712772130966186523e-01
2.817236185073852539e-01
1.287445276975631714e-01
-5.242171287536621094e-01
3.145384073257446289e+00
-5.206404924392700195e-01
-9.936122894287109375e-01
1.095399618148803711e+00
-8.128678798675537109e-02
-1.085243701934814453e+00
