-2.994614839553833008e-02
7.445824146270751953e-01
9.324917942285537720e-02
2.364141196012496948e-01
-6.670342087745666504e-01
-4.832631051540374756e-01
-2.978345751762390137e-01
3.729342520236968994e-01
1.614230871200561523e+00
-5.907817482948303223e-01
5.044703483581542969e-01
-1.537860870361328125e+00
7.577173113822937012e-01
1.504460215568542480e+00
6.905474662780761719e-01
-9.844449162483215332e-01
-9.070065021514892578e-01
-1.935921907424926758e-01
-3.036153614521026611e-01
-3.504509031772613525e-01
1.743767738342285156e+00
-1.759886026382446289e+00
-1.316980004310607910e+00
2.301495671272277832e-01
-9.723798036575317383e-01
-4.857349693775177002e-01
1.842187881469726562e+00
-1.861419439315795898e+00
-5.063717812299728394e-02
5.281352400779724121e-01
1.752250194549560547e+00
-3.044614076614379883e+00
-1.963588833808898926e+00
1.399443268775939941e+00
-1.595565438270568848e+00
1.060948014259338379e+00
-1.104922413825988770e+00
-1.098873496055603027e+00
2.372638463973999023e+00
-1.043377041816711426e+00
-4.933173358440399170e-01
1.454359292984008789e+00
1.175687074661254883e+00
1.221333026885986328e+00
1.253819465637207031e+00
2.878310084342956543e-01
8.642832636833190918e-01
2.356324642896652222e-01
3.004254698753356934e-01
6.059862375259399414e-01
2.106018304824829102e+00
-4.969454109668731689e-01
-1.895800232887268066e-01
9.548386931419372559e-01
-1.482738614082336426e+00
-9.669458270072937012e-01
-3.639037013053894043e-01
-2.541801333427429199e-01
2.585080623626708984e+00
6.896930336952209473e-01
1.583723545074462891e+00
4.410697221755981445e-01
5.048715472221374512e-01
2.888342857360839844e+00
2.755996704101562500e+00
-4.730871617794036865e-01
-1.582156866788864136e-02
-4.775160849094390869e-01
9.486401677131652832e-01
7.872246503829956055e-01
4.280952215194702148e-01
-1.401467442512512207e+00
1.749831795692443848e+00
-1.658922284841537476e-01
-1.712583303451538086e+00
-1.322243571281433105e+00
-1.126611828804016113e+00
-2.536166906356811523e+00
-2.866875939071178436e-02
-1.692640066146850586e+00
5.887821316719055176e-01
-6.050346493721008301e-01
-2.052131414413452148e+00
-4.519303739070892334e-01
1.296590805053710938e+00
-5.919544696807861328e-01
-2.167340278625488281e+00
1.905971914529800415e-01
6.410291790962219238e-01
-5.567293167114257812e-01
1.483458995819091797e+00
-2.788670539855957031e+00
-3.249015808105468750e-01
2.156566858291625977e+00
8.137068152427673340e-01
-9.560279250144958496e-01
1.360455632209777832e+00
9.911653995513916016e-01
2.292581647634506226e-02
1.871413946151733398e+00
-6.319313645362854004e-01
4.628138840198516846e-01
1.379913806915283203e+00
8.788166046142578125e-01
4.692668914794921875e-01
2.744893729686737061e-01
-1.057974696159362793e+00
-2.710900008678436279e-01
7.312504649162292480e-01
-1.047293663024902344e+00
-4.879071712493896484e-01
8.866727352142333984e-01
-1.361833214759826660e+00
-1.809842705726623535e+00
1.957971602678298950e-02
7.375324964523315430e-01
1.281837224960327148e+00
4.412568807601928711e-01
-7.942019104957580566e-01
-1.037668824195861816e+00
-1.419112563133239746e+00
-5.204410478472709656e-02
-1.069931164383888245e-01
-2.100466012954711914e+00
-8.921741843223571777e-01
-1.531604528427124023e-01
-1.517777681350708008e+00
-6.029430627822875977e-01
