-7.688460946083068848e-01
-3.437773585319519043e-01
2.781685113906860352e+00
4.863350391387939453e-01
-1.164068698883056641e+00
2.238895148038864136e-01
-3.924563825130462646e-01
5.133364200592041016e-01
-1.047807335853576660e+00
-1.914138078689575195e+00
2.926430404186248779e-01
2.133840322494506836e+00
-1.400816440582275391e+00
-2.019299864768981934e-01
-1.303262948989868164e+00
1.442756652832031250e+00
3.135016262531280518e-01
-7.503468394279479980e-01
-9.332915395498275757e-02
-1.697980523109436035e+00
1.925388813018798828e+00
8.086986541748046875e-01
6.485406160354614258e-01
3.166316270828247070e+00
-2.061922550201416016e+00
2.437456101179122925e-01
-2.291933447122573853e-01
-6.054597496986389160e-01
-9.812197685241699219e-01
8.268550634384155273e-01
-3.446369171142578125e-01
1.334377825260162354e-01
-9.295919537544250488e-02
1.963991522789001465e+00
-7.678369283676147461e-01
1.417043209075927734e+00
7.464854046702384949e-03
8.469003438949584961e-01
-5.868636369705200195e-01
3.028270900249481201e-01
-2.665133178234100342e-01
-1.375648617744445801e+00
1.132938265800476074e+00
-3.820373117923736572e-01
-1.685382962226867676e+00
-1.425021290779113770e+00
-2.140640735626220703e+00
-1.766337513923645020e+00
6.343371272087097168e-01
-5.499832630157470703e-01
-1.576015800237655640e-01
-1.119201898574829102e+00
-2.952620983123779297e+00
5.866100192070007324e-01
-2.678656876087188721e-01
1.878088355064392090e+00
-1.780203580856323242e+00
-9.225503206253051758e-01
1.211647748947143555e+00
9.674994945526123047e-01
-1.334654688835144043e+00
3.651988506317138672e-01
2.362157553434371948e-01
-2.038777589797973633e+00
-1.469544410705566406e+00
-2.812494635581970215e-01
-6.104091405868530273e-01
7.166845798492431641e-01
-2.251747399568557739e-01
-1.345504641532897949e+00
-4.151444733142852783e-01
-1.294185757637023926e+00
1.366710901260375977e+00
1.028514862060546875e+00
4.809884727001190186e-01
-5.844323635101318359e-01
2.150755643844604492e+00
4.152494072914123535e-01
1.384210437536239624e-01
5.844674259424209595e-02
3.043962419033050537e-01
-1.730728983879089355e+00
2.140081226825714111e-01
-1.059850096702575684e+00
1.287581205368041992e+00
6.063632369041442871e-01
-8.036143183708190918e-01
5.502725243568420410e-01
-1.369492053985595703e+00
-6.626489162445068359e-01
-8.863629102706909180e-01
-2.186166942119598389e-01
9.654328227043151855e-01
5.020775794982910156e-01
2.321271181106567383e+00
-1.767652869224548340e+00
1.407648682594299316e+00
-5.851325392723083496e-01
1.210643768310546875e+00
-6.398209929466247559e-01
1.006888151168823242e+00
5.987230539321899414e-01
-9.257290363311767578e-01
-4.666116088628768921e-02
1.038034200668334961e+00
-6.749693751335144043e-01
-9.759632945060729980e-01
-2.579180896282196045e-01
3.004805803298950195e+00
-2.711378812789916992e+00
-8.269884586334228516e-01
4.788465052843093872e-02
-4.002119414508342743e-03
3.761379420757293701e-01
2.451268881559371948e-01
-9.015538692474365234e-01
5.295797586441040039e-01
-1.505534291267395020e+00
-1.413899660110473633e+00
1.714598298072814941e+00
1.025023221969604492e+00
-4.187065660953521729e-01
1.508976370096206665e-01
3.597088575363159180e+00
-2.854703664779663086e-01
2.269417047500610352e-01
-2.551264464855194092e-01
1.539163231849670410e+00
