-2.553449273109436035e-01
-5.549576878547668457e-01
4.652759060263633728e-02
-2.509067654609680176e-01
2.686662912368774414e+00
-4.299639537930488586e-02
3.031996011734008789e+00
-8.808580040931701660e-01
6.258562803268432617e-01
3.252598345279693604e-01
1.830511927604675293e+00
2.942713975906372070e+00
4.031928479671478271e-01
-1.577582955360412598e+00
1.390838980674743652e+00
-9.128475189208984375e-01
-2.140274047851562500e+00
6.434316039085388184e-01
1.260019183158874512e+00
1.454287767410278320e-01
-3.963566124439239502e-01
1.339858651161193848e+00
1.030485630035400391e+00
9.350314140319824219e-01
-1.138848066329956055e+00
-1.244616031646728516e+00
-3.842204213142395020e-01
-2.256471395492553711e+00
-9.179466366767883301e-01
1.496750235557556152e+00
-8.884074687957763672e-01
-1.193140268325805664e+00
2.175436764955520630e-01
-2.474157512187957764e-01
6.353012472391128540e-02
6.161580085754394531e-01
1.709088325500488281e+00
-9.778730273246765137e-01
-6.912719011306762695e-01
-5.959463119506835938e-01
-2.477080106735229492e+00
1.211696267127990723e+00
2.065296173095703125e+00
2.146829128265380859e+00
1.244295120239257812e+00
8.670425415039062500e-01
-2.140412330627441406e+00
1.941587567329406738e+00
8.408508449792861938e-02
-2.360847890377044678e-01
-8.772202730178833008e-01
-4.932016432285308838e-01
1.145739793777465820e+00
7.873094081878662109e-01
-7.949721813201904297e-01
7.008017897605895996e-01
2.326985895633697510e-01
-6.820517182350158691e-01
1.012840986251831055e+00
-2.734195232391357422e+00
3.288631439208984375e-01
1.478617429733276367e+00
-5.108846426010131836e-01
6.868327260017395020e-01
3.808512389659881592e-01
-1.184929013252258301e+00
-1.449319958686828613e+00
-1.424360752105712891e+00
6.526373028755187988e-01
1.188310503959655762e+00
-2.250674247741699219e+00
-6.522059440612792969e-01
-2.764119803905487061e-01
4.915085136890411377e-01
4.456735551357269287e-01
3.477849066257476807e-01
7.369309663772583008e-01
3.412348628044128418e-01
7.435372471809387207e-02
-3.968862295150756836e-01
1.452509015798568726e-01
-4.684891700744628906e-01
2.719870209693908691e-01
-2.301023602485656738e-01
-4.232246279716491699e-01
-1.608081221580505371e+00
-1.337658643722534180e+00
-1.149399876594543457e+00
1.310978770256042480e+00
2.121543735265731812e-01
6.180036664009094238e-01
-1.570996999740600586e+00
-2.099865674972534180e+00
1.092753291130065918e+00
1.548267453908920288e-01
6.027348637580871582e-01
1.136279925704002380e-01
6.603595614433288574e-01
1.279865503311157227e+00
-1.305962324142456055e+00
-3.300139307975769043e-01
-1.082821516320109367e-03
4.846304953098297119e-01
1.998703598976135254e+00
1.802625060081481934e+00
-1.094611525535583496e+00
-8.579491972923278809e-01
-6.817268729209899902e-01
-4.796697199344635010e-01
-1.173369407653808594e+00
-8.457063436508178711e-01
9.806142747402191162e-02
2.661350965499877930e-01
1.057551980018615723e+00
4.696190059185028076e-01
-9.879825115203857422e-01
-6.366946101188659668e-01
1.273481547832489014e-01
-1.255334258079528809e+00
3.245195150375366211e-01
-1.302219867706298828e+00
6.188020706176757812e-01
1.213936805725097656e+00
3.922522068023681641e-01
-9.196873903274536133e-01
6.131739914417266846e-02
-2.724043607711791992e+00
-1.933340877294540405e-01
