-6.297198534011840820e-01
-1.399125695228576660e+00
-1.162170767784118652e+00
-4.996353387832641602e-01
-2.544265985488891602e+00
1.032492637634277344e+00
3.793613314628601074e-01
1.076218724250793457e+00
5.843390822410583496e-01
1.530383676290512085e-01
-2.514458633959293365e-02
1.069984078407287598e+00
-1.353698134422302246e+00
-4.669573307037353516e-01
-1.010796666145324707e+00
-6.498913764953613281e-01
-1.201185107231140137e+00
2.916564702987670898e+00
-2.009720057249069214e-01
1.495027184486389160e+00
-3.767115622758865356e-02
-2.247548341751098633e+00
-8.029938340187072754e-01
-3.060582578182220459e-01
4.682324826717376709e-01
1.138393282890319824e-01
-2.601396799087524414e+00
9.134853482246398926e-01
1.009480834007263184e+00
9.589528441429138184e-01
-7.093781232833862305e-01
2.690389871597290039e+00
-9.451984763145446777e-01
1.999523788690567017e-01
7.511235773563385010e-02
9.368069767951965332e-01
5.372992753982543945e-01
6.248848140239715576e-02
-1.362610340118408203e+00
-5.074709057807922363e-01
-8.091482520103454590e-02
-2.821765542030334473e-01
1.835036516189575195e+00
4.190921485424041748e-01
-6.914994716644287109e-01
-3.342317044734954834e-01
8.058739304542541504e-01
1.391729563474655151e-01
1.655005455017089844e+00
1.602884054183959961e+00
-3.717716932296752930e-01
-1.338086247444152832e+00
-1.697361707687377930e+00
-1.990761458873748779e-01
2.441056668758392334e-01
1.944883108139038086e+00
1.437633991241455078e+00
3.763436675071716309e-01
-4.208775162696838379e-01
-1.437024235725402832e+00
4.441781342029571533e-01
5.114611387252807617e-01
-1.638932466506958008e+00
1.719112992286682129e+00
2.238934040069580078e+00
1.465837955474853516e+00
1.817803263664245605e+00
-6.468911170959472656e-01
7.402740120887756348e-01
1.675384521484375000e+00
-8.966307044029235840e-01
-4.905097484588623047e-01
-6.139348745346069336e-01
6.676728725433349609e-01
4.941587150096893311e-02
8.021506667137145996e-01
-1.147235408425331116e-01
-7.096538543701171875e-01
4.029424488544464111e-02
-1.774110347032546997e-01
7.079160213470458984e-01
-1.133153319358825684e+00
4.480307400226593018e-01
1.641960591077804565e-01
6.258297711610794067e-02
-1.279312670230865479e-01
2.011749029159545898e+00
-1.529758572578430176e+00
-3.881042450666427612e-02
-2.078449964523315430e+00
-7.828968167304992676e-01
-1.092440485954284668e+00
2.807474136352539062e-02
1.621978878974914551e+00
-6.037345528602600098e-01
1.349919736385345459e-01
-1.673772633075714111e-01
1.404390931129455566e-01
-1.013220310211181641e+00
1.893593907356262207e+00
-4.337781667709350586e-01
-1.619749903678894043e+00
-6.814416646957397461e-01
7.416939735412597656e-01
3.967161178588867188e-01
9.215660095214843750e-01
6.197201460599899292e-02
-6.391400098800659180e-01
8.992081284523010254e-01
-2.585313796997070312e+00
-7.923081517219543457e-01
1.586762666702270508e+00
1.689123153686523438e+00
1.125920653343200684e+00
8.968957662582397461e-01
-1.624934911727905273e+00
5.161178112030029297e-01
-2.962764263153076172e+00
7.549398541450500488e-01
2.516753375530242920e-01
4.042134881019592285e-01
8.907719701528549194e-02
-3.241540119051933289e-02
-1.031069397926330566e+00
-1.085620522499084473e+00
-1.039521574974060059e+00
-1.405421972274780273e+00
-1.973038077354431152e+00
