3.210438489913940430e+00
1.075574517250061035e+00
2.889719307422637939e-01
2.683266401290893555e-01
8.458186686038970947e-02
-1.273501366376876831e-01
-7.328609228134155273e-01
-1.601961851119995117e-01
-2.998150110244750977e+00
-1.510384917259216309e+00
4.257289767265319824e-01
-2.129843235015869141e+00
1.653284430503845215e+00
-1.327015280723571777e+00
-3.777667284011840820e-01
8.353240489959716797e-01
-1.666481018066406250e+00
1.731837689876556396e-01
-1.789742857217788696e-01
-8.234103322029113770e-01
-1.133794307708740234e+00
1.311977386474609375e+00
2.612650394439697266e-01
2.573336124420166016e+00
2.011420130729675293e-01
1.567836642265319824e+00
6.088310480117797852e-01
1.402037292718887329e-01
-4.432703554630279541e-02
-3.341529667377471924e-01
-7.385911345481872559e-01
-5.530389547348022461e-01
4.745112732052803040e-02
7.924441248178482056e-02
-9.525625705718994141e-01
3.410982489585876465e-01
-1.880685806274414062e+00
2.059257745742797852e+00
9.443725347518920898e-01
2.961028516292572021e-01
4.517607688903808594e-01
-2.264173030853271484e+00
7.773715853691101074e-01
8.209941983222961426e-01
-9.812864661216735840e-01
-1.611617088317871094e+00
8.255574107170104980e-01
2.940022230148315430e+00
-6.000399589538574219e-01
2.746878191828727722e-03
-7.170117497444152832e-01
-1.380025267601013184e+00
1.086778640747070312e+00
1.513735175132751465e+00
2.291074275970458984e+00
-1.081445574760437012e+00
1.874989032745361328e+00
-2.574838399887084961e-01
-2.346443980932235718e-01
1.416783571243286133e+00
-3.305560648441314697e-01
8.504272103309631348e-01
6.510887742042541504e-01
5.465367436408996582e-01
-4.778547286987304688e-01
-3.957540750503540039e+00
8.137202858924865723e-01
2.280908346176147461e+00
5.445792078971862793e-01
-1.860552094876766205e-02
4.651017487049102783e-01
2.082860946655273438e+00
4.701730608940124512e-01
8.226756453514099121e-01
5.869577527046203613e-01
-1.047770500183105469e+00
4.998416602611541748e-01
5.740518569946289062e-01
-6.030099987983703613e-01
-8.900409936904907227e-01
1.582260251045227051e+00
1.236876100301742554e-01
1.459014415740966797e+00
6.309649348258972168e-01
1.184418797492980957e+00
-3.745273053646087646e-01
-2.123160362243652344e+00
-8.177317380905151367e-01
-1.944241076707839966e-01
-1.765802502632141113e+00
6.619020700454711914e-01
-2.264600515365600586e+00
-2.006111860275268555e+00
1.476918101310729980e+00
4.098891019821166992e-01
9.364578723907470703e-01
9.022956490516662598e-01
-1.004421949386596680e+00
1.599474847316741943e-01
-7.091837525367736816e-01
-1.360641598701477051e+00
1.893756151199340820e+00
-1.439880132675170898e+00
1.816151022911071777e+00
-1.152945518493652344e+00
-4.667958617210388184e-01
-4.337012171745300293e-01
6.805498618632555008e-03
-8.722926378250122070e-01
6.728144884109497070e-01
4.330569505691528320e-01
-1.108086466789245605e+00
-1.588196158409118652e+00
-1.202270865440368652e+00
3.994362652301788330e-01
-1.987391352653503418e+00
-1.076104864478111267e-01
-7.772407531738281250e-01
-1.257014870643615723e+00
-4.168968200683593750e-01
-2.499615907669067383e+00
1.644092321395874023e+00
1.175945878028869629e+00
-4.507801830768585205e-01
-7.491843700408935547e-01
4.506056308746337891e-01
-5.876721739768981934e-01
-1.395948827266693115e-01
