-7.554417252540588379e-01
4.190320968627929688e-01
-8.500625491142272949e-01
-7.753744721412658691e-02
9.614391326904296875e-01
1.453977346420288086e+00
1.340548038482666016e+00
-7.188842892646789551e-01
1.445910930633544922e+00
5.877302885055541992e-01
2.706145524978637695e+00
2.099838495254516602e+00
-8.043880760669708252e-02
2.643893361091613770e-01
1.434681534767150879e+00
-6.380198001861572266e-01
-1.485808610916137695e+00
1.082660555839538574e+00
-5.628618597984313965e-01
-6.363003849983215332e-01
7.541985511779785156e-01
8.841505646705627441e-02
9.150569438934326172e-01
-1.145687937736511230e+00
-3.511205434799194336e+00
-4.263294488191604614e-02
-1.071878194808959961e+00
1.752124130725860596e-01
1.694993734359741211e+00
1.787423968315124512e+00
-1.603483200073242188e+00
-1.040330410003662109e+00
-1.213915869593620300e-01
-1.205842614173889160e+00
1.928161531686782837e-01
1.731256008148193359e+00
-4.166680574417114258e-01
-1.263935327529907227e+00
1.388852834701538086e+00
-6.160219907760620117e-01
-1.665490627288818359e+00
2.557613253593444824e-01
1.669608950614929199e+00
4.370356798171997070e-01
-1.710972905158996582e+00
-2.499920502305030823e-02
-2.745321989059448242e+00
-2.923261225223541260e-01
-1.925039768218994141e+00
4.582016915082931519e-02
-9.952978491783142090e-01
-6.974125504493713379e-01
2.918159663677215576e-01
1.164414361119270325e-01
1.742771744728088379e+00
4.074112772941589355e-01
-1.745495080947875977e+00
-3.117805123329162598e-01
6.757737398147583008e-01
-6.621004343032836914e-01
-3.116972446441650391e-01
9.607775211334228516e-01
-9.533087164163589478e-02
7.682992815971374512e-01
2.242845296859741211e+00
-1.055475831031799316e+00
-1.979017138481140137e+00
-1.481314152479171753e-01
4.199213087558746338e-01
-1.353932261466979980e+00
1.076102495193481445e+00
4.619742929935455322e-02
-6.294085979461669922e-01
1.492842793464660645e+00
-1.780226230621337891e-01
5.813248828053474426e-02
7.186679542064666748e-02
6.616166830062866211e-01
5.783722996711730957e-01
-4.446540176868438721e-01
8.759195208549499512e-01
-2.402883052825927734e+00
-1.950924247503280640e-01
-5.990960001945495605e-01
2.695992588996887207e-01
-9.747793525457382202e-02
-8.264982104301452637e-01
-7.813953757286071777e-01
2.390206098556518555e+00
4.020018279552459717e-01
1.135107636451721191e+00
-1.156496629118919373e-01
4.669584035873413086e-01
3.081073760986328125e-01
2.192845582962036133e+00
-9.397671818733215332e-01
-9.252216219902038574e-01
-1.425329208374023438e+00
7.299519777297973633e-01
1.324503421783447266e+00
-7.642160058021545410e-01
6.184275150299072266e-01
1.099768519401550293e+00
-1.019022941589355469e+00
1.918400526046752930e+00
9.737985134124755859e-01
-8.793302774429321289e-01
7.339138984680175781e-01
5.426223874092102051e-01
5.646855235099792480e-01
-3.196442034095525742e-03
8.810431361198425293e-01
6.315084695816040039e-01
3.874776065349578857e-01
6.253200173377990723e-01
-3.297916889190673828e+00
4.413735568523406982e-01
1.466437458992004395e+00
-2.402223348617553711e+00
-9.757854342460632324e-01
-7.214407920837402344e-01
7.090013027191162109e-01
-1.855932950973510742e+00
-1.431365162134170532e-01
-1.105936884880065918e+00
-2.922667264938354492e-01
-6.461439728736877441e-01
-6.125560998916625977e-01
