2.042450189590454102e+00
-3.016294240951538086e+00
-1.050615429878234863e+00
-3.737408518791198730e-01
1.390190362930297852e+00
-8.816576004028320312e-01
1.274834752082824707e+00
1.407246947288513184e+00
1.974441170692443848e+00
-2.614958524703979492e+00
-1.212239503860473633e+00
-3.816529512405395508e-01
5.155060887336730957e-01
5.340124368667602539e-01
-9.995761513710021973e-01
4.549440462142229080e-03
-4.098686575889587402e-01
9.663964509963989258e-01
6.784151792526245117e-01
7.407882809638977051e-01
1.496227741241455078e+00
9.069961905479431152e-01
-6.538699567317962646e-02
5.034188628196716309e-01
-5.903961062431335449e-01
8.861675858497619629e-01
8.464062809944152832e-01
-1.341867566108703613e+00
8.634278178215026855e-01
7.221875190734863281e-01
2.415239959955215454e-01
-6.488208770751953125e-01
-1.639262288808822632e-01
2.117921113967895508e-01
1.292315006256103516e+00
1.554321646690368652e+00
1.806814551353454590e+00
-4.807060062885284424e-01
2.740383148193359375e-01
-1.236998915672302246e+00
9.789631366729736328e-01
-5.323534458875656128e-02
1.653642773628234863e+00
-1.425690352916717529e-01
3.323820233345031738e-01
5.762229561805725098e-01
1.395533699542284012e-02
9.876296520233154297e-01
-2.905657589435577393e-01
-1.290477633476257324e+00
-1.292200446128845215e+00
4.449943006038665771e-01
-2.453861683607101440e-01
-1.003013849258422852e+00
5.011390447616577148e-01
-6.072266697883605957e-01
-2.614268541336059570e+00
7.358456850051879883e-01
-4.075857102870941162e-01
6.518103480339050293e-01
1.365454554557800293e+00
-4.513041079044342041e-01
1.247646689414978027e+00
-9.453696012496948242e-01
-4.812472462654113770e-01
-1.574653387069702148e+00
1.678573191165924072e-01
-7.906910777091979980e-01
4.669389873743057251e-02
1.438982725143432617e+00
5.177847146987915039e-01
-4.123118519783020020e-02
-1.745524048805236816e+00
1.281075954437255859e+00
1.374859094619750977e+00
2.326374202966690063e-01
-1.250866204500198364e-01
9.312255382537841797e-01
2.748507559299468994e-01
-1.810947299003601074e+00
-1.170760393142700195e-01
-1.021827578544616699e+00
-4.150399267673492432e-01
1.407946944236755371e+00
2.458485126495361328e+00
-5.659489035606384277e-01
-2.139197826385498047e+00
2.842561341822147369e-02
-2.054773092269897461e+00
-5.972856283187866211e-01
1.312343120574951172e+00
-6.741062998771667480e-01
-2.039994716644287109e+00
-3.357165455818176270e-01
1.300352454185485840e+00
-5.639600157737731934e-01
-1.324637293815612793e+00
-9.799818992614746094e-01
5.703242421150207520e-01
4.659616947174072266e-01
-9.837929606437683105e-01
-6.194765567779541016e-01
3.504404127597808838e-01
-1.982383430004119873e-01
5.583611726760864258e-01
-7.128525376319885254e-01
5.240771770477294922e-01
-1.126865267753601074e+00
1.184713006019592285e+00
-2.271538972854614258e+00
1.446281552314758301e+00
-2.174695730209350586e+00
1.012036800384521484e+00
1.408895969390869141e+00
-7.321434020996093750e-01
-1.595722317695617676e+00
-1.870319247245788574e+00
5.574393272399902344e-01
2.107486486434936523e+00
1.031752705574035645e+00
2.157239615917205811e-01
2.488365322351455688e-01
-7.267496585845947266e-01
2.451848238706588745e-01
-1.287659525871276855e+00
-6.305032968521118164e-01
3.822352886199951172e-01
3.644813001155853271e-01
