-1.590705513954162598e+00
6.208787485957145691e-02
1.876427531242370605e-01
6.155055761337280273e-01
-1.181922197341918945e+00
1.785037279129028320e+00
1.290589570999145508e+00
3.433036208152770996e-01
-8.528999984264373779e-03
-6.123491525650024414e-01
3.248763978481292725e-01
-2.309683263301849365e-01
-5.429970026016235352e-01
-1.762625873088836670e-01
-1.086465358734130859e+00
-2.537088692188262939e-01
-4.876685142517089844e-01
3.515267968177795410e-01
4.697432219982147217e-01
-2.159161567687988281e+00
-1.757362037897109985e-01
3.050481379032135010e-01
1.383632421493530273e+00
7.748462557792663574e-01
2.646165899932384491e-02
2.398063898086547852e+00
1.657125353813171387e+00
-2.035003900527954102e+00
2.904116511344909668e-01
1.008677959442138672e+00
1.134615182876586914e+00
-3.302607238292694092e-01
2.615535557270050049e-01
-1.110911130905151367e+00
-1.161490559577941895e+00
9.167792201042175293e-01
1.560872673988342285e+00
-2.544353246688842773e+00
-7.145240902900695801e-01
-1.129243016242980957e+00
-7.160010337829589844e-01
3.758613765239715576e-01
1.563950657844543457e+00
6.006070375442504883e-01
-1.726390838623046875e+00
1.747197270393371582e+00
-4.159876406192779541e-01
8.765453845262527466e-02
5.386661887168884277e-01
-8.314439058303833008e-01
8.498106598854064941e-01
-2.086002111434936523e+00
1.565789937973022461e+00
-6.633362174034118652e-01
-1.991486191749572754e+00
6.907352209091186523e-01
-6.798572838306427002e-02
-4.602646231651306152e-01
-1.068255305290222168e-01
-2.976373434066772461e-01
-3.863591253757476807e-01
7.103871107101440430e-01
-9.586174488067626953e-01
8.635351061820983887e-01
7.257996797561645508e-01
6.302190423011779785e-01
-9.145818352699279785e-01
-2.193749666213989258e+00
-2.165123701095581055e+00
2.296366691589355469e+00
1.003878116607666016e+00
-3.537858426570892334e-01
2.388957738876342773e+00
-2.169298380613327026e-01
-1.821090579032897949e+00
-2.840711832046508789e+00
-3.830754160881042480e-01
1.529489159584045410e+00
6.423724293708801270e-01
-1.033421635627746582e+00
-4.844802618026733398e-01
-9.890474081039428711e-01
1.615990519523620605e+00
1.356627821922302246e+00
2.247242450714111328e+00
2.257308244705200195e+00
-1.125139832496643066e+00
-4.993122220039367676e-01
1.339615821838378906e+00
1.145363450050354004e+00
-4.346205294132232666e-01
-8.223710060119628906e-01
-2.388459444046020508e-01
-5.705561637878417969e-01
-2.774770259857177734e-01
-1.291048049926757812e+00
1.000471949577331543e+00
1.549854993820190430e+00
-8.268580436706542969e-01
-4.839375317096710205e-01
-1.858847141265869141e-01
-5.065403580665588379e-01
1.191364765167236328e+00
1.513255000114440918e+00
1.938598275184631348e+00
9.876484274864196777e-01
-5.559317469596862793e-01
-4.660990238189697266e-01
2.770918607711791992e-01
-1.315879702568054199e+00
-1.730955392122268677e-01
-8.096658587455749512e-01
-4.624319374561309814e-01
2.250315427780151367e+00
1.312825977802276611e-01
-1.583019614219665527e+00
-2.100706249475479126e-01
-1.376891613006591797e+00
-2.558965422213077545e-02
-1.157797098159790039e+00
3.060311377048492432e-01
1.364212512969970703e+00
-1.850702881813049316e+00
-1.711145401000976562e+00
-7.521158456802368164e-01
-2.906913757324218750e+00
1.203167885541915894e-01
7.890641689300537109e-01
