-2.321053981781005859e+00
9.948253631591796875e-01
-5.070400834083557129e-01
6.480551511049270630e-02
7.147160768508911133e-01
-6.874504089355468750e-01
-1.700230687856674194e-01
-1.721326634287834167e-02
1.052111268043518066e+00
-6.589516401290893555e-01
-1.951617300510406494e-01
-1.312029659748077393e-01
-1.828333377838134766e+00
-1.569958209991455078e+00
1.292829632759094238e+00
-4.124338328838348389e-01
9.781901240348815918e-01
-1.787892878055572510e-01
1.272364556789398193e-01
8.671172261238098145e-01
-4.675179719924926758e-01
2.978956103324890137e-01
2.006403058767318726e-01
9.341866374015808105e-01
-1.754982233047485352e+00
-3.597701489925384521e-01
6.431798450648784637e-03
-1.102979183197021484e+00
1.206128358840942383e+00
1.835482239723205566e+00
-1.709426283836364746e+00
8.313070535659790039e-01
-1.271749615669250488e+00
5.179250612854957581e-02
4.690164029598236084e-01
-5.808978080749511719e-01
1.019908189773559570e+00
-9.961513280868530273e-01
-2.334357261657714844e+00
-3.401108741760253906e+00
6.008410453796386719e-01
3.005695939064025879e-01
2.590567350387573242e+00
6.350495815277099609e-01
4.867687821388244629e-02
-5.713564753532409668e-01
1.017935991287231445e+00
2.565516471862792969e+00
-6.914205551147460938e-01
1.401324391365051270e+00
2.507185935974121094e+00
-9.586369395256042480e-01
4.407495856285095215e-01
-9.355200529098510742e-01
2.215398997068405151e-01
1.052649378776550293e+00
1.794711351394653320e+00
-8.010909557342529297e-01
-4.957531690597534180e-01
4.935252666473388672e-01
-1.425606608390808105e+00
1.725890755653381348e+00
-1.307816982269287109e+00
1.498895406723022461e+00
1.102706909179687500e+00
9.202189445495605469e-01
9.261678457260131836e-01
-1.072004556655883789e+00
-2.505052387714385986e-01
-1.485347747802734375e-01
-7.001426070928573608e-02
1.904283285140991211e+00
1.745659708976745605e+00
-1.357419252395629883e+00
-2.572877407073974609e+00
-5.523638129234313965e-01
-1.051252335309982300e-01
1.056530550122261047e-01
-2.146632373332977295e-01
-2.967083215713500977e+00
-1.772581696510314941e+00
-2.574267148971557617e+00
1.655207514762878418e+00
-6.741542220115661621e-01
1.008969545364379883e+00
9.406495690345764160e-01
5.352100729942321777e-01
5.393188595771789551e-01
-1.759765982627868652e+00
9.674223661422729492e-01
-3.952758610248565674e-01
-6.619611978530883789e-01
-6.043646335601806641e-01
1.164670825004577637e+00
-4.203023910522460938e-01
-5.998125076293945312e-01
3.734661102294921875e+00
-5.788452029228210449e-01
8.429629206657409668e-01
1.079742789268493652e+00
-1.323496848344802856e-01
8.943575024604797363e-01
3.227661550045013428e-01
3.204995989799499512e-01
1.694709181785583496e+00
7.279757875949144363e-03
-1.144987821578979492e+00
-1.101524755358695984e-02
-1.146526813507080078e+00
-5.261240005493164062e-01
2.484137266874313354e-01
-9.509528875350952148e-01
1.321671485900878906e+00
-2.808446168899536133e+00
-1.111979365348815918e+00
-4.827855825424194336e-01
-7.630794644355773926e-01
-7.370433304458856583e-03
8.466359376907348633e-01
7.095693945884704590e-01
-1.369995474815368652e+00
1.758521050214767456e-01
-5.850179195404052734e-01
-1.988018989562988281e+00
5.751590132713317871e-01
-1.171974182128906250e+00
1.315836459398269653e-01
6.899892538785934448e-02
