1.504642248153686523e+00
-5.525589585304260254e-01
4.165955483913421631e-01
-9.909565448760986328e-01
7.374245524406433105e-01
1.698162555694580078e+00
1.533428788185119629e+00
3.318429887294769287e-01
-1.009020090103149414e+00
5.226934552192687988e-01
3.469242572784423828e+00
-1.323023140430450439e-01
-2.812225222587585449e-01
-1.733718991279602051e+00
-5.964619517326354980e-01
4.058417677879333496e-01
8.200668096542358398e-01
2.322507143020629883e+00
1.163839697837829590e+00
1.635650873184204102e+00
-2.346126548945903778e-02
-1.293574720621109009e-01
-4.372596442699432373e-01
7.244176864624023438e-01
4.457962512969970703e-01
-1.195412650704383850e-01
-2.267609119415283203e+00
-1.418417811393737793e+00
-1.042881608009338379e+00
1.505250573158264160e+00
-9.778627753257751465e-01
1.119435429573059082e+00
-4.571505784988403320e-01
-1.062347769737243652e+00
-1.091364145278930664e+00
1.991816639900207520e+00
-8.689205646514892578e-01
-7.131541371345520020e-01
-1.231959819793701172e+00
2.272960841655731201e-01
-6.423348188400268555e-02
9.000390768051147461e-02
1.791915297508239746e+00
-6.382634639739990234e-01
5.840971469879150391e-01
-1.129696249961853027e+00
-2.512220740318298340e-01
1.004286170005798340e+00
3.701437413692474365e-01
8.152880072593688965e-01
5.734780803322792053e-03
-1.093004107475280762e+00
-7.041164040565490723e-01
-6.960312128067016602e-01
6.144438982009887695e-01
-4.741806685924530029e-01
-1.653842329978942871e-01
4.271577596664428711e-01
-9.180239439010620117e-01
-1.363142579793930054e-01
8.057456612586975098e-01
-6.789018511772155762e-01
2.165304422378540039e-01
1.202512621879577637e+00
6.974695920944213867e-01
-2.677492141723632812e+00
3.143723905086517334e-01
1.773437857627868652e+00
-7.783172130584716797e-01
-7.720370590686798096e-02
5.604265928268432617e-01
-1.196426868438720703e+00
7.782693505287170410e-01
1.220793843269348145e+00
-1.541855692863464355e+00
-1.599282264709472656e+00
2.347017675638198853e-01
-1.463141322135925293e+00
5.978593230247497559e-01
-9.008206725120544434e-01
3.862835466861724854e-01
-2.639654874801635742e+00
-1.212681889533996582e+00
1.204882025718688965e+00
1.154805421829223633e+00
1.350294798612594604e-01
3.962894976139068604e-01
-1.652384042739868164e+00
-3.264040946960449219e-01
2.757043838500976562e-01
1.490682840347290039e+00
-1.428997755050659180e+00
-6.324859261512756348e-01
-2.966574728488922119e-01
2.446146488189697266e+00
4.721913635730743408e-01
2.036583870649337769e-01
-5.858206152915954590e-01
-9.640024304389953613e-01
-2.011128962039947510e-01
7.514193654060363770e-01
-1.710331201553344727e+00
-8.722829818725585938e-01
-1.178434193134307861e-01
-1.188111782073974609e+00
6.940289139747619629e-01
5.314747095108032227e-01
-1.437496542930603027e+00
2.176542043685913086e+00
8.129971623420715332e-01
-5.545970201492309570e-01
1.729873538017272949e+00
-1.881918907165527344e+00
-5.881448388099670410e-01
-9.047256112098693848e-01
1.099989056587219238e+00
1.392097711563110352e+00
6.388334631919860840e-01
5.920131206512451172e-01
-1.695583313703536987e-01
1.013505458831787109e+00
-1.120239853858947754e+00
6.137620806694030762e-01
-2.773565948009490967e-01
-1.425382375717163086e+00
-1.771934777498245239e-01
-1.982899785041809082e+00
1.111087277531623840e-01
