1.249561905860900879e+00
-3.008185625076293945e-01
3.077833354473114014e-01
-4.857568442821502686e-01
-6.814865469932556152e-01
-2.175072431564331055e-01
3.444842576980590820e+00
-6.442963480949401855e-01
-1.481122523546218872e-01
1.235183358192443848e+00
-1.698972344398498535e+00
-1.295182824134826660e+00
1.454103708267211914e+00
6.434606909751892090e-01
6.352590918540954590e-01
1.010001897811889648e+00
-1.663303136825561523e+00
-9.944762587547302246e-01
-3.317827284336090088e-01
2.003069877624511719e+00
-4.304120838642120361e-01
1.189699675887823105e-02
-6.168705224990844727e-01
8.458839654922485352e-01
-2.388005495071411133e+00
-2.664835751056671143e-01
1.249942779541015625e+00
-7.051010131835937500e-01
9.022085070610046387e-01
1.170965194702148438e+00
-1.401161104440689087e-01
8.373293876647949219e-01
-1.785477161407470703e+00
1.353269517421722412e-01
-1.386609375476837158e-01
-9.606731683015823364e-02
-4.420904517173767090e-01
-1.049184679985046387e+00
-2.098286867141723633e+00
-2.204503417015075684e-01
-1.278306007385253906e+00
-1.755429983139038086e+00
2.154951095581054688e+00
-5.274300649762153625e-02
1.018412113189697266e+00
2.016151100397109985e-01
6.226574182510375977e-01
-2.482406854629516602e+00
-8.965926170349121094e-01
-1.133339405059814453e+00
-1.632742285728454590e-01
-1.507952094078063965e+00
7.194180488586425781e-01
-4.307527095079421997e-02
5.291422009468078613e-01
1.128000378608703613e+00
9.095970541238784790e-02
3.984437286853790283e-01
1.236767649650573730e+00
9.644687175750732422e-02
1.179583311080932617e+00
1.024024605751037598e+00
6.407981514930725098e-01
-6.063950061798095703e-01
7.819166779518127441e-01
-9.936204552650451660e-01
-9.602270126342773438e-01
1.677125096321105957e+00
-7.842971682548522949e-01
-1.785404205322265625e+00
1.142436027526855469e+00
4.604945480823516846e-01
2.367870658636093140e-01
1.167220234870910645e+00
9.098420739173889160e-01
-2.449375152587890625e+00
1.618919968605041504e-01
-5.586470365524291992e-01
3.553482890129089355e-01
1.749878227710723877e-01
8.583415150642395020e-01
-1.017406731843948364e-01
-2.992887794971466064e-01
1.414065241813659668e+00
8.204064369201660156e-01
6.347294449806213379e-01
-1.490023285150527954e-01
-2.392033815383911133e+00
-3.994706571102142334e-01
8.835740685462951660e-01
1.730514407157897949e+00
-9.203482866287231445e-01
5.386224389076232910e-01
-2.744438052177429199e-01
1.947390198707580566e+00
-3.156498968601226807e-01
-7.158586382865905762e-01
-4.197799563407897949e-01
-6.400496959686279297e-01
3.085539340972900391e-01
-1.180987581610679626e-01
3.339474499225616455e-01
-1.076840877532958984e+00
-5.419965386390686035e-01
2.068322896957397461e+00
-8.470504879951477051e-01
1.045459985733032227e+00
-5.980002880096435547e-01
1.865321248769760132e-01
3.361217081546783447e-01
-2.310121655464172363e-01
1.006573200225830078e+00
-3.519089147448539734e-02
-5.077983140945434570e-01
-5.140993595123291016e-01
-8.699639439582824707e-01
1.328990817070007324e+00
-3.857935667037963867e-01
-7.892017960548400879e-01
-1.584890931844711304e-01
-4.609647765755653381e-02
-2.314019441604614258e+00
1.831311225891113281e+00
-2.861470699310302734e+00
-1.202055573463439941e+00
-1.053913593292236328e+00
3.618475049734115601e-02
1.368368268013000488e+00
