1.201029419898986816e+00
-1.183103322982788086e+00
1.002205759286880493e-01
9.124711155891418457e-01
1.705042719841003418e+00
1.710635304450988770e+00
-1.508206725120544434e-01
-1.064654961228370667e-01
2.382499426603317261e-01
-2.416054457426071167e-01
6.217778325080871582e-01
-3.012161016464233398e+00
2.078540802001953125e+00
-1.565549373626708984e-01
1.493630856275558472e-01
2.229716442525386810e-02
-2.908149035647511482e-03
8.846572637557983398e-01
-3.108558416366577148e+00
1.429044842720031738e+00
-8.435220122337341309e-01
8.064199090003967285e-01
4.202951788902282715e-01
-9.186466932296752930e-01
-3.821775615215301514e-01
1.157780408859252930e+00
1.107824563980102539e+00
6.320851445198059082e-01
-2.805568873882293701e-01
-1.350191593170166016e+00
-1.008689403533935547e-01
-1.189718842506408691e+00
-9.908891320228576660e-01
-4.799516201019287109e-01
-5.064965486526489258e-01
5.751562714576721191e-01
-2.679525911808013916e-01
1.036440506577491760e-01
-6.558397412300109863e-01
-1.906242966651916504e-01
-3.686343729496002197e-01
-3.772913515567779541e-01
1.360116958618164062e+00
7.120164632797241211e-01
1.636458039283752441e+00
5.665617585182189941e-01
-8.349142670631408691e-01
2.602869510650634766e+00
-1.131533145904541016e+00
2.651037275791168213e-01
-9.020634293556213379e-01
-1.708183526992797852e+00
5.401514768600463867e-01
-2.484484761953353882e-01
1.210469603538513184e+00
-8.820129632949829102e-01
1.047078728675842285e+00
4.648775979876518250e-02
1.569624900817871094e+00
7.916661500930786133e-01
-1.716020703315734863e+00
6.506629586219787598e-01
6.222937107086181641e-01
2.916716814041137695e+00
1.579040139913558960e-01
2.630658745765686035e-01
-8.254046440124511719e-01
1.199254631996154785e+00
4.656257033348083496e-01
-4.719708263874053955e-01
-8.754007518291473389e-02
2.427648901939392090e-01
4.152917861938476562e-01
4.727137088775634766e-01
5.873856544494628906e-01
-3.468610942363739014e-01
-4.862813055515289307e-01
-6.134203076362609863e-01
8.804970234632492065e-02
-2.113109230995178223e-01
1.626291990280151367e+00
-9.611977338790893555e-01
-1.601357936859130859e+00
-7.121028900146484375e-01
6.326928734779357910e-01
-9.697718024253845215e-01
-1.537560701370239258e+00
-2.101788759231567383e+00
-1.429935574531555176e+00
1.214080214500427246e+00
7.365461587905883789e-01
-2.393567562103271484e+00
-4.276275038719177246e-01
-3.156856894493103027e-01
6.189843639731407166e-02
3.459810838103294373e-02
4.355572760105133057e-01
-9.248778223991394043e-01
-1.293764829635620117e+00
-6.953177452087402344e-01
-8.249308913946151733e-02
-2.123550325632095337e-01
9.493339657783508301e-01
9.669650197029113770e-01
3.811614274978637695e+00
4.588546454906463623e-01
-1.595408797264099121e+00
-8.938241750001907349e-02
1.541002511978149414e+00
-2.213525772094726562e+00
6.951180696487426758e-01
-2.523191869258880615e-01
-1.970100998878479004e+00
-1.149139881134033203e+00
7.407074570655822754e-01
-1.383375763893127441e+00
-1.178500413894653320e+00
3.207275867462158203e-01
8.513260483741760254e-01
-5.305254459381103516e-01
-1.548809856176376343e-01
-3.439052104949951172e-01
3.156296730041503906e+00
-3.406806886196136475e-01
-1.474103569984436035e+00
-4.359316527843475342e-01
-1.034807920455932617e+00
2.095578670501708984e+00
