4.026956483721733093e-02
-8.878946900367736816e-01
7.545686960220336914e-01
3.210416734218597412e-01
1.838811039924621582e+00
-5.059190988540649414e-01
-5.245675444602966309e-01
9.985628724098205566e-01
-3.620156347751617432e-01
1.088738083839416504e+00
6.859036684036254883e-01
1.900006771087646484e+00
8.344891071319580078e-01
-9.499241709709167480e-01
-1.565721869468688965e+00
-3.658101558685302734e-01
-1.187325835227966309e+00
1.707944035530090332e+00
9.112307429313659668e-01
-9.381664991378784180e-01
-2.440287351608276367e+00
-2.083405256271362305e+00
1.203810453414916992e+00
1.917779445648193359e+00
-3.018815040588378906e+00
3.482116162776947021e-01
1.305902361869812012e+00
5.039317011833190918e-01
-4.951043725013732910e-01
3.727498352527618408e-01
-1.159452438354492188e+00
-5.768269896507263184e-01
-1.127893477678298950e-01
1.609311938285827637e+00
-1.676185369491577148e+00
1.326001524925231934e+00
9.790915250778198242e-01
-2.020349264144897461e+00
9.589325189590454102e-01
2.034995257854461670e-01
-4.384418129920959473e-01
3.526710271835327148e-01
1.796432375907897949e+00
3.431111574172973633e-01
-6.747674345970153809e-01
4.069960415363311768e-01
9.863637387752532959e-02
4.428865909576416016e-01
1.466476082801818848e+00
-3.633490800857543945e-01
1.018744230270385742e+00
-1.837887167930603027e+00
8.099864721298217773e-01
-2.120526790618896484e+00
-2.001168251037597656e+00
-1.079721808433532715e+00
4.207461178302764893e-01
1.112938284873962402e+00
-7.103012204170227051e-01
4.253652393817901611e-01
-1.018424987792968750e+00
4.994748830795288086e-01
-1.180028319358825684e+00
3.606773167848587036e-02
-1.387273520231246948e-01
-1.334738492965698242e+00
-4.152802526950836182e-01
-6.051821112632751465e-01
3.008693456649780273e-01
-4.469321370124816895e-01
1.069196909666061401e-01
-1.547333836555480957e+00
3.051243543624877930e+00
6.452506780624389648e-01
-7.147395610809326172e-01
-2.372638225555419922e+00
-8.241246938705444336e-01
-7.770396769046783447e-02
8.847371339797973633e-01
6.534786429256200790e-03
8.097772002220153809e-01
-2.000786542892456055e+00
1.950220227241516113e+00
4.206426814198493958e-02
-8.782519102096557617e-01
4.270655214786529541e-01
-6.367329508066177368e-02
-9.453588128089904785e-01
2.278163194656372070e+00
1.246733903884887695e+00
-1.686920285224914551e+00
-1.579207479953765869e-01
-7.909138798713684082e-01
8.334625363349914551e-01
-5.653771162033081055e-01
8.401403427124023438e-01
4.391917586326599121e-02
3.410739302635192871e-01
-1.311908960342407227e+00
-1.044120192527770996e+00
-4.680319726467132568e-01
-1.503362417221069336e+00
8.102614879608154297e-01
-5.071986913681030273e-01
1.990531802177429199e+00
-8.411551117897033691e-01
-1.287920713424682617e+00
1.641648888587951660e+00
1.240414619445800781e+00
-3.403846025466918945e-01
-1.137250661849975586e+00
1.596020221710205078e+00
1.271106839179992676e+00
9.244310259819030762e-01
1.921966314315795898e+00
-1.252284407615661621e+00
4.810514450073242188e-01
-1.484547019004821777e+00
2.422163188457489014e-01
3.583009243011474609e-01
-7.657340914011001587e-02
-8.073672652244567871e-01
1.423946022987365723e+00
-3.762324452400207520e-01
-6.583811044692993164e-01
-9.054032564163208008e-01
-1.595534324645996094e+00
7.663740515708923340e-01
