1.769883394241333008e+00
1.704826354980468750e-01
-3.046265803277492523e-02
7.327345609664916992e-01
9.659792184829711914e-01
3.115484714508056641e+00
4.004070460796356201e-01
6.532173156738281250e-01
-2.499362379312515259e-01
1.994429469108581543e+00
1.953030675649642944e-01
-3.250864148139953613e-01
1.913507938385009766e+00
-6.547580957412719727e-01
9.561078548431396484e-01
3.896456658840179443e-01
1.038964748382568359e+00
8.168315887451171875e-01
4.613672792911529541e-01
1.605125069618225098e+00
-1.902816444635391235e-01
-1.832513660192489624e-01
5.662972331047058105e-01
-4.135482311248779297e-01
-3.319416344165802002e-01
9.263520240783691406e-01
7.161255478858947754e-01
-6.673731803894042969e-01
2.588942646980285645e-01
-1.848639994859695435e-01
-6.513951420783996582e-01
-5.382131338119506836e-01
-8.559938669204711914e-01
1.500547647476196289e+00
9.749990105628967285e-01
1.389302134513854980e+00
1.596927642822265625e+00
1.144881606101989746e+00
-7.689511179924011230e-01
4.132286608219146729e-01
-5.200609564781188965e-01
-4.583564698696136475e-01
5.583270788192749023e-01
1.525674343109130859e+00
-9.845693707466125488e-01
-1.470450997352600098e+00
-3.942137658596038818e-01
-4.273936450481414795e-01
1.788965225219726562e+00
-9.876891374588012695e-01
7.138037681579589844e-01
-1.481570482254028320e+00
1.163607120513916016e+00
-1.237027406692504883e+00
1.027947068214416504e+00
-1.267807960510253906e+00
-3.009241223335266113e-01
1.175364851951599121e+00
1.263654232025146484e+00
1.334785580635070801e+00
-9.428958296775817871e-01
2.154491186141967773e+00
-9.425106048583984375e-01
2.015693664550781250e+00
8.371798396110534668e-01
-3.170216560363769531e+00
7.787231802940368652e-01
-7.588387727737426758e-01
1.171492189168930054e-01
8.319844603538513184e-01
9.601380676031112671e-02
8.874970078468322754e-01
1.649006843566894531e+00
8.098644018173217773e-01
-1.819811701774597168e+00
-6.760755777359008789e-01
-6.695039868354797363e-01
-1.956386089324951172e+00
3.988893702626228333e-02
-8.547942042350769043e-01
1.900907874107360840e+00
7.801456451416015625e-01
-3.508637472987174988e-02
-3.316348314285278320e+00
-1.774646759033203125e+00
-2.299353599548339844e+00
-6.842751502990722656e-01
-1.092695713043212891e+00
2.792631387710571289e-01
-1.004717469215393066e+00
1.149315476417541504e+00
-1.928874015808105469e+00
-4.569475054740905762e-01
-1.854567050933837891e+00
1.537038922309875488e+00
-2.014705657958984375e+00
-1.118071675300598145e+00
-1.503158658742904663e-01
-1.223346710205078125e+00
-2.218381643295288086e+00
9.148220717906951904e-02
1.450493693351745605e+00
-1.490154981613159180e+00
6.553319692611694336e-01
3.765287876129150391e+00
1.640797406435012817e-01
-1.830901503562927246e+00
-5.218658447265625000e-01
-2.778093516826629639e-01
1.692213892936706543e+00
2.206401079893112183e-01
2.613664627075195312e+00
-4.132207334041595459e-01
-1.456717252731323242e+00
-8.678437471389770508e-01
-8.546513319015502930e-01
-9.519080519676208496e-01
-4.870661795139312744e-01
-1.268882274627685547e+00
-1.616499781608581543e+00
9.995858073234558105e-01
-2.593607187271118164e+00
6.395601630210876465e-01
1.087571457028388977e-01
-4.053476154804229736e-01
-6.068200469017028809e-01
-1.013402342796325684e+00
-7.548964023590087891e-01
