3.746377229690551758e-01
3.757178187370300293e-01
2.429333701729774475e-02
4.795197844505310059e-01
7.889250516891479492e-01
-4.841170832514762878e-02
3.420414328575134277e-01
1.355860233306884766e+00
-6.732009053230285645e-01
-1.193726778030395508e+00
1.850852370262145996e+00
-2.596436262130737305e+00
-2.032159864902496338e-01
3.794094026088714600e-01
1.571286201477050781e+00
2.557926177978515625e-01
-1.059861898422241211e+00
1.757015943527221680e+00
-2.541024923324584961e+00
-4.054419323801994324e-02
2.375090569257736206e-01
-5.243642330169677734e-01
-7.028933763504028320e-01
3.881576955318450928e-01
4.452330172061920166e-01
1.318242788314819336e+00
1.254086136817932129e+00
5.975305438041687012e-01
6.556573510169982910e-01
-9.469669461250305176e-01
-2.149236679077148438e+00
-3.830384612083435059e-01
-2.292930841445922852e+00
-2.892983853816986084e-01
-2.733196914196014404e-01
1.148951292037963867e+00
-6.006987094879150391e-01
-1.149943709373474121e+00
7.283135652542114258e-01
-1.398122757673263550e-01
1.181119441986083984e+00
-1.099880576133728027e+00
9.583780765533447266e-01
2.607703924179077148e+00
-3.120411038398742676e-01
2.132440567016601562e+00
1.642302989959716797e+00
4.738212108612060547e+00
-6.076998114585876465e-01
6.792867183685302734e-01
2.324593663215637207e-01
-1.966126114130020142e-01
1.953062891960144043e+00
7.461972832679748535e-01
3.342605233192443848e-01
6.439502537250518799e-02
1.701665639877319336e+00
-5.319022536277770996e-01
-9.331065416336059570e-01
1.114830493927001953e+00
-2.548420131206512451e-01
1.862978041172027588e-01
1.760576486587524414e+00
7.413392886519432068e-03
3.299136757850646973e-01
-5.384153127670288086e-01
9.070432186126708984e-01
-4.327024817466735840e-01
-9.098540991544723511e-02
4.317814111709594727e-01
4.482897818088531494e-01
-4.059389531612396240e-01
1.037390589714050293e+00
1.296696513891220093e-01
1.457974672317504883e+00
-2.972062110900878906e+00
8.024261891841888428e-02
-2.469779253005981445e+00
-3.750145062804222107e-02
-1.242576599121093750e+00
1.808776259422302246e+00
-6.012185811996459961e-01
7.527378201484680176e-01
-5.173807144165039062e-01
-3.148163110017776489e-02
-1.013095498085021973e+00
-1.158339262008666992e+00
-3.089242219924926758e+00
-5.002620816230773926e-01
-3.605753183364868164e-01
-2.109188318252563477e+00
-1.272316813468933105e+00
-1.354336738586425781e+00
1.203569412231445312e+00
1.350123882293701172e+00
-5.343106389045715332e-01
-3.285301625728607178e-01
-3.006933815777301788e-02
-8.418561220169067383e-01
1.786312341690063477e+00
-9.709632992744445801e-01
-1.829934716224670410e-01
-4.380991756916046143e-01
1.378780126571655273e+00
3.564238786697387695e+00
-7.656214237213134766e-01
1.286091566085815430e+00
-2.121679782867431641e-01
-4.266828596591949463e-01
-2.685279846191406250e+00
-1.011593580245971680e+00
8.339067697525024414e-01
-2.183855295181274414e+00
-1.722442746162414551e+00
3.225824534893035889e-01
-2.549371004104614258e+00
1.690835475921630859e+00
2.522101402282714844e-01
-2.489573955535888672e+00
3.012999594211578369e-01
-9.171766042709350586e-02
-7.212764620780944824e-01
-2.181636571884155273e+00
5.153977870941162109e-02
-4.382899403572082520e-01
-1.978319287300109863e-01
1.140390932559967041e-01
1.357025384902954102e+00
