-7.556035518646240234e-01
1.289915591478347778e-01
3.720248043537139893e-01
-1.510414928197860718e-01
-3.439387083053588867e-01
-1.415690034627914429e-01
3.536464869976043701e-01
1.299565315246582031e+00
1.158179998397827148e+00
1.678224056959152222e-01
1.821253299713134766e+00
-1.849804401397705078e+00
-1.582690596580505371e+00
-1.121915936470031738e+00
1.916184782981872559e+00
-5.010029673576354980e-01
-1.092430353164672852e+00
9.468481540679931641e-01
9.242536425590515137e-01
-1.937957108020782471e-01
1.165420413017272949e+00
-9.762735962867736816e-01
-1.415801525115966797e+00
-3.021474778652191162e-01
-1.564458489418029785e+00
-2.069344997406005859e+00
1.943630933761596680e+00
4.170780777931213379e-01
2.020118981599807739e-01
-1.076639294624328613e-01
-6.232340335845947266e-01
9.856226444244384766e-01
-2.333631992340087891e+00
3.146833181381225586e-01
1.925351381301879883e+00
-1.263675987720489502e-01
-6.871755123138427734e-01
-2.041026115417480469e+00
5.915075540542602539e-01
-1.254102230072021484e+00
-1.546542644500732422e+00
8.031719923019409180e-01
1.947801828384399414e+00
7.214924693107604980e-01
1.634103536605834961e+00
1.644452452659606934e+00
-7.652552723884582520e-01
2.766001701354980469e+00
-1.395050406455993652e+00
1.383330225944519043e+00
1.960160851478576660e+00
-6.914642453193664551e-01
4.393693506717681885e-01
-1.214046001434326172e+00
4.045394659042358398e-01
-1.398883104324340820e+00
1.529996871948242188e+00
3.293981552124023438e-01
2.405784130096435547e+00
1.303308606147766113e+00
-9.852027893066406250e-01
1.785997986793518066e+00
7.853880524635314941e-01
6.028016805648803711e-01
1.320914268493652344e+00
-3.847084939479827881e-01
5.214689970016479492e-01
1.564987301826477051e-01
-1.463729619979858398e+00
2.015484869480133057e-01
2.929972410202026367e-01
3.644503653049468994e-02
1.150908708572387695e+00
-6.779348850250244141e-01
-5.533761978149414062e-01
-1.974536061286926270e+00
-1.165829896926879883e+00
-7.490056157112121582e-01
-9.608310461044311523e-01
-2.415318489074707031e+00
-8.238789439201354980e-01
-1.034954935312271118e-02
-1.172457218170166016e+00
-8.511741161346435547e-01
2.187797546386718750e+00
-1.607379078865051270e+00
-8.771634101867675781e-02
1.043260693550109863e+00
7.163087129592895508e-01
-8.414136171340942383e-01
4.987260103225708008e-01
-3.157193183898925781e+00
9.460772275924682617e-01
-4.166178777813911438e-02
5.862178206443786621e-01
2.581776380538940430e-01
1.588591456413269043e+00
7.761833667755126953e-01
1.692648231983184814e-01
1.024809956550598145e+00
9.193354845046997070e-02
2.775235891342163086e+00
2.281086146831512451e-01
3.533522784709930420e-01
1.928111195564270020e+00
1.143253922462463379e+00
-2.119975566864013672e+00
1.273338556289672852e+00
1.534608960151672363e+00
4.791643321514129639e-01
3.709904849529266357e-01
-6.125559806823730469e-01
-1.897048234939575195e+00
-3.285882949829101562e+00
-5.182914733886718750e-01
-1.562575101852416992e+00
-2.378433644771575928e-01
1.636834144592285156e+00
-5.078318119049072266e-01
-4.506812989711761475e-01
-1.803898572921752930e+00
-1.853138327598571777e+00
-3.338349461555480957e-01
-1.821155190467834473e+00
-2.633381783962249756e-01
-5.352755784988403320e-01
-3.990334272384643555e-02
-2.720659673213958740e-01
