1.295855879783630371e+00
-1.338150024414062500e+00
6.488159894943237305e-01
6.720961332321166992e-01
1.311497807502746582e+00
1.044423818588256836e+00
-1.086198210716247559e+00
-1.124562978744506836e+00
-3.235358297824859619e-01
-2.945961356163024902e-01
-6.067090108990669250e-02
1.978346943855285645e+00
1.660526275634765625e+00
-1.848292231559753418e+00
-2.674739360809326172e-01
-1.042036056518554688e+00
-1.155301332473754883e+00
1.380942106246948242e+00
-1.457602739334106445e+00
-1.401705741882324219e+00
-8.794419765472412109e-01
-1.680469632148742676e+00
1.180967211723327637e+00
1.926900982856750488e+00
1.520278692245483398e+00
4.419570565223693848e-01
5.660282373428344727e-01
-3.287153542041778564e-01
-9.113208390772342682e-03
8.055629730224609375e-01
7.767779231071472168e-01
8.884878754615783691e-01
-6.814180016517639160e-01
2.013960927724838257e-01
-1.407500982284545898e+00
1.137500286102294922e+00
-5.667203068733215332e-01
-2.244514077901840210e-01
-1.446515440940856934e+00
1.099780917167663574e+00
1.382066369056701660e+00
-1.190746784210205078e+00
1.789786696434020996e+00
5.321233868598937988e-01
2.614999413490295410e-01
-1.372241616249084473e+00
-1.677582383155822754e+00
1.251363158226013184e-01
1.951890230178833008e+00
-2.793880701065063477e-01
9.630486965179443359e-01
-1.860040545463562012e+00
1.167916178703308105e+00
-1.490541815757751465e+00
-8.735377788543701172e-01
-5.563482046127319336e-01
1.238203167915344238e+00
6.951239109039306641e-01
7.974162697792053223e-01
1.164880394935607910e+00
-1.586874127388000488e-01
-9.419389367103576660e-01
1.135591030120849609e+00
1.925002783536911011e-01
1.243825852870941162e-01
-1.083356380462646484e+00
-5.337610840797424316e-01
9.372029900550842285e-01
1.655757188796997070e+00
1.428380966186523438e+00
-3.702119290828704834e-01
-1.039562702178955078e+00
1.391486048698425293e+00
7.329695224761962891e-01
9.561184644699096680e-01
-2.577833235263824463e-01
-2.191836595535278320e+00
-2.457036226987838745e-01
5.242809653282165527e-02
-7.072489857673645020e-01
2.633287608623504639e-01
-1.115083932876586914e+00
5.796619653701782227e-01
1.742672026157379150e-01
-1.320492148399353027e+00
-1.291037559509277344e+00
-1.485281825065612793e+00
-6.225782632827758789e-01
2.793534994125366211e-01
4.677215963602066040e-02
2.426171600818634033e-01
-9.622341990470886230e-01
8.265085816383361816e-01
-9.087803959846496582e-01
4.763790071010589600e-01
1.483091950416564941e+00
2.715662419795989990e-01
-1.946494281291961670e-01
-5.896719098091125488e-01
-2.443506270647048950e-01
-5.502060800790786743e-02
-3.086729347705841064e-01
-2.346720248460769653e-01
1.242569647729396820e-03
-1.746939122676849365e-01
-5.273392796516418457e-01
4.865642488002777100e-01
1.497107744216918945e+00
2.831759452819824219e+00
-9.029400944709777832e-01
-5.499264597892761230e-01
2.548449993133544922e+00
-1.294489026069641113e+00
-6.869837045669555664e-01
1.859058022499084473e+00
-2.934331178665161133e+00
-9.044587612152099609e-01
2.094485461711883545e-01
-3.710846230387687683e-02
-2.395566701889038086e-01
-1.994516849517822266e-01
6.502009630203247070e-01
5.494456887245178223e-01
-1.667471379041671753e-01
-1.523188829421997070e+00
-9.713428616523742676e-01
-1.307519078254699707e+00
-8.850491642951965332e-01
