-2.610963881015777588e-01
1.523990154266357422e+00
9.015728533267974854e-02
2.332840114831924438e-01
-4.458912611007690430e-01
-7.150018215179443359e-01
-4.994808435440063477e-01
7.634256482124328613e-01
7.633410096168518066e-01
-2.655034959316253662e-01
1.478070974349975586e+00
5.693559646606445312e-01
6.137624979019165039e-01
1.803049325942993164e+00
4.642093777656555176e-01
-9.066504836082458496e-01
-1.058144569396972656e+00
2.736704349517822266e-01
2.471649944782257080e-01
-2.053031682968139648e+00
1.155179500579833984e+00
-1.819259405136108398e+00
-1.229002833366394043e+00
6.498518586158752441e-01
-1.414963245391845703e+00
-4.893038868904113770e-01
7.543598413467407227e-01
-1.586283087730407715e+00
5.743049383163452148e-01
8.031266927719116211e-01
1.131143689155578613e+00
-3.011066675186157227e+00
-2.080095291137695312e+00
2.851927757263183594e+00
-2.489014148712158203e+00
1.218782782554626465e+00
-1.093284964561462402e+00
-1.287316322326660156e+00
2.985778808593750000e+00
-8.413398861885070801e-01
-3.046295642852783203e-01
1.490366458892822266e+00
1.156629800796508789e+00
1.533427000045776367e+00
2.424056231975555420e-01
6.436564922332763672e-01
6.207720935344696045e-02
2.673301100730895996e-01
1.041745319962501526e-01
3.323212563991546631e-01
2.163675785064697266e+00
3.607028126716613770e-01
2.411926835775375366e-01
6.422165632247924805e-01
-1.781340956687927246e+00
-3.631890118122100830e-01
1.960082910954952240e-02
-7.428165674209594727e-01
1.693012475967407227e+00
-2.175183296203613281e-01
1.047333598136901855e+00
1.973182797431945801e+00
-3.697634637355804443e-01
2.273445367813110352e+00
2.190629243850708008e+00
-1.060186028480529785e+00
-7.948724031448364258e-01
-1.631688177585601807e-01
1.536474108695983887e+00
7.627667188644409180e-01
3.443210721015930176e-01
-1.376701831817626953e+00
1.330396652221679688e+00
-1.443749368190765381e-01
-1.382838010787963867e+00
-7.788917422294616699e-01
-8.127385377883911133e-02
-1.883477568626403809e+00
-8.819671720266342163e-02
-1.785108447074890137e+00
1.209394335746765137e+00
-1.130253195762634277e+00
-1.080144047737121582e+00
-4.230360984802246094e-01
6.856257915496826172e-01
-1.205087080597877502e-01
-2.391529798507690430e+00
-1.803603768348693848e-01
1.169878959655761719e+00
-5.715149641036987305e-01
1.284165263175964355e+00
-1.622836709022521973e+00
-4.073607027530670166e-01
2.964696645736694336e+00
-3.069925308227539062e-01
-7.950320243835449219e-01
1.154628753662109375e+00
3.459112942218780518e-01
5.458722114562988281e-01
9.314810633659362793e-01
-3.840579092502593994e-02
6.063200831413269043e-01
9.657657146453857422e-01
1.373915791511535645e+00
-2.806321978569030762e-01
-3.784263134002685547e-01
-9.013073444366455078e-01
-4.389717876911163330e-01
5.384432673454284668e-01
-1.059157967567443848e+00
-2.052728176116943359e+00
1.320784926414489746e+00
-1.144946098327636719e+00
-2.406261682510375977e+00
5.990129709243774414e-01
-4.813601672649383545e-01
1.699351906776428223e+00
-3.775049448013305664e-01
-1.963238477706909180e+00
-3.234048187732696533e-01
-1.426315188407897949e+00
7.532085776329040527e-01
4.446403980255126953e-01
-5.560539960861206055e-01
-7.100043892860412598e-01
1.409190595149993896e-01
-2.253885507583618164e+00
-1.144696950912475586e+00
