-8.598815202713012695e-01
7.364544272422790527e-01
-8.194798231124877930e-01
-6.511479616165161133e-01
-2.708952665328979492e+00
3.161196708679199219e-01
4.592955112457275391e-01
4.291843473911285400e-01
1.182836890220642090e+00
-1.458870917558670044e-01
-5.682595372200012207e-01
5.284696444869041443e-02
-1.778981804847717285e+00
4.218979179859161377e-01
-5.127522349357604980e-01
-2.498999118804931641e+00
-8.307126760482788086e-01
-2.716408856213092804e-02
2.161170721054077148e+00
1.120282411575317383e+00
-9.866266846656799316e-01
-6.793456077575683594e-01
1.642491817474365234e+00
2.016950845718383789e+00
-1.178615689277648926e+00
1.280907392501831055e+00
-3.987996280193328857e-01
9.360061883926391602e-01
2.083667963743209839e-01
-1.401131749153137207e-01
-7.913983464241027832e-01
-3.398865938186645508e+00
-6.538558006286621094e-01
1.964427590370178223e+00
-1.287284731864929199e+00
2.047388255596160889e-01
-6.052569746971130371e-01
9.843589067459106445e-01
-1.382368445396423340e+00
8.728078007698059082e-01
2.473918795585632324e-01
-1.537829935550689697e-01
1.935074806213378906e+00
5.767326354980468750e-01
-6.234032511711120605e-01
1.479061484336853027e+00
-3.432356417179107666e-01
2.736801147460937500e+00
-8.586025983095169067e-02
3.849869370460510254e-01
-1.146008133888244629e+00
-7.562892138957977295e-02
7.982887625694274902e-01
6.140183210372924805e-01
9.526810646057128906e-01
2.264794349670410156e+00
1.609699368476867676e+00
4.453267455101013184e-01
-1.803794622421264648e+00
9.544733166694641113e-02
-6.487519741058349609e-01
-3.967185318470001221e-01
-2.160892009735107422e+00
-5.908905267715454102e-01
1.030813574790954590e+00
-1.030074357986450195e+00
2.003397703170776367e+00
7.471494078636169434e-01
1.170404076576232910e+00
-3.367947936058044434e-01
4.953469634056091309e-01
2.913692474365234375e+00
5.164164900779724121e-01
3.205686211585998535e-01
-3.441863358020782471e-01
-9.463587999343872070e-01
-7.799825072288513184e-02
1.315295219421386719e+00
-5.128726959228515625e-01
-2.618050813674926758e+00
-3.217205524444580078e+00
-1.626128792762756348e+00
1.955231666564941406e+00
-1.103812932968139648e+00
6.101407408714294434e-01
-5.168378949165344238e-01
8.938932791352272034e-03
-6.505921483039855957e-01
1.050764441490173340e+00
-2.241781055927276611e-01
-1.045430526137351990e-01
6.916053593158721924e-02
-6.798465251922607422e-01
9.329576492309570312e-01
1.106883063912391663e-01
-1.059206247329711914e+00
1.646111845970153809e+00
-8.182448744773864746e-01
1.056673407554626465e+00
3.414412736892700195e+00
-7.036775350570678711e-01
3.510131835937500000e-01
-9.564602375030517578e-01
8.918712139129638672e-01
2.452011346817016602e+00
1.026919603347778320e+00
-9.603116661310195923e-03
2.823717892169952393e-01
-4.736788272857666016e-01
-2.186619758605957031e+00
-5.522838830947875977e-01
-2.340131998062133789e-01
4.467094838619232178e-01
6.818243861198425293e-02
-3.903043568134307861e-01
-7.068035006523132324e-01
5.301912426948547363e-01
-3.125750541687011719e+00
1.241671442985534668e+00
1.527512073516845703e-01
1.275350451469421387e+00
-6.512402743101119995e-02
-2.094174385070800781e+00
-1.482203006744384766e+00
2.081948667764663696e-01
-6.840041279792785645e-01
3.688551783561706543e-01
-3.626997709274291992e+00
