-1.737664461135864258e+00
1.352000474929809570e+00
-2.542816102504730225e-01
-2.075738506391644478e-03
1.213836669921875000e+00
3.350045979022979736e-01
3.548556864261627197e-01
2.019075453281402588e-01
4.382034242153167725e-01
-6.965756416320800781e-01
7.233898043632507324e-01
1.000088691711425781e+00
-8.858793973922729492e-01
-2.208861827850341797e+00
1.529986262321472168e+00
-2.255828380584716797e-01
8.822945356369018555e-01
2.949990630149841309e-01
-3.451464697718620300e-02
-3.886619582772254944e-02
-1.053489089012145996e+00
3.075674176216125488e-01
8.436297625303268433e-02
1.040660858154296875e+00
-1.952545166015625000e+00
-4.974865317344665527e-01
-2.718031965196132660e-02
-1.221556782722473145e+00
1.194629311561584473e+00
1.984321355819702148e+00
-1.814810991287231445e+00
3.166010081768035889e-01
-1.139177441596984863e+00
1.362675130367279053e-01
-2.808564007282257080e-01
-4.748949706554412842e-01
1.176011681556701660e+00
-1.198960065841674805e+00
-2.609152555465698242e+00
-3.249088048934936523e+00
4.134779274463653564e-01
2.412355393171310425e-01
2.914253473281860352e+00
9.465556740760803223e-01
-6.258741021156311035e-01
2.966568768024444580e-01
3.195960521697998047e-01
2.482084512710571289e+00
-6.852494478225708008e-01
-8.599135279655456543e-02
2.500544786453247070e+00
-4.569000899791717529e-01
-2.951358258724212646e-01
-1.658708691596984863e+00
-4.940112829208374023e-01
7.150310277938842773e-01
1.118729591369628906e+00
-4.824580550193786621e-01
-5.163055062294006348e-01
-3.940553963184356689e-01
-1.199572801589965820e+00
3.045027732849121094e+00
-1.415465354919433594e+00
1.479667544364929199e+00
5.675458908081054688e-01
-1.839533001184463501e-01
9.117846488952636719e-01
-9.868103861808776855e-01
-1.850085258483886719e-01
-5.714316293597221375e-02
-2.367288172245025635e-01
1.461251139640808105e+00
2.158266067504882812e+00
-1.536206126213073730e+00
-1.951863765716552734e+00
-1.265485644340515137e+00
-1.850912272930145264e-01
-9.529912471771240234e-02
1.359980702400207520e-01
-2.755608320236206055e+00
-1.777306079864501953e+00
-2.106202363967895508e+00
1.150397062301635742e+00
-8.659908175468444824e-01
8.141129016876220703e-01
5.118951201438903809e-01
-5.394192934036254883e-01
7.226536422967910767e-02
-1.168537139892578125e+00
1.452893376350402832e+00
6.775732636451721191e-01
-1.102069854736328125e+00
-3.678812682628631592e-01
9.178193807601928711e-01
-7.049359679222106934e-01
1.683077216148376465e-01
3.699394702911376953e+00
-2.764227092266082764e-01
4.812279045581817627e-01
-1.115312576293945312e-01
-4.385630786418914795e-01
6.178607940673828125e-01
3.936456441879272461e-01
7.076871395111083984e-01
1.441688060760498047e+00
-7.666791677474975586e-01
-1.017800092697143555e+00
5.064681768417358398e-01
1.296859793365001678e-02
6.410430073738098145e-01
-5.676223635673522949e-01
-8.005755394697189331e-02
8.765614628791809082e-01
-3.198959589004516602e+00
-9.503579139709472656e-01
-7.972424030303955078e-01
-4.108800590038299561e-01
3.545407950878143311e-01
2.179611772298812866e-01
1.234600663185119629e+00
-1.404513716697692871e+00
-2.855166494846343994e-01
1.115240812301635742e+00
-4.973628818988800049e-01
3.274758458137512207e-01
-8.702660799026489258e-01
2.033535391092300415e-02
5.083940625190734863e-01
