1.197693794965744019e-01
5.026629567146301270e-01
-1.104306057095527649e-01
5.155605673789978027e-01
7.144335508346557617e-01
1.092964649200439453e+00
-8.862657546997070312e-01
4.997706413269042969e-01
-1.822936058044433594e+00
-5.411912202835083008e-01
-5.401981472969055176e-01
1.024979725480079651e-01
4.494428634643554688e-01
-8.479203581809997559e-01
1.508783340454101562e+00
-1.871530525386333466e-02
-8.207101821899414062e-01
-6.978285312652587891e-01
-2.105734825134277344e+00
8.947166204452514648e-01
5.931089073419570923e-02
1.147677183151245117e+00
9.582221508026123047e-03
5.455317497253417969e-01
-1.244486570358276367e+00
2.280221939086914062e+00
1.398536086082458496e+00
-1.280345678329467773e+00
-1.048748135566711426e+00
2.786759734153747559e-01
1.162112355232238770e+00
-6.137900352478027344e-01
-2.258721590042114258e-01
-8.086501955986022949e-01
-2.675799727439880371e-01
8.634362220764160156e-01
2.761210441589355469e+00
2.707119464874267578e+00
-1.036761045455932617e+00
-9.992135763168334961e-01
1.871443152427673340e+00
-3.024094343185424805e+00
1.396711707115173340e+00
-8.542547225952148438e-01
3.227156996726989746e-01
-1.564143538475036621e+00
2.920546829700469971e-01
-1.559406220912933350e-01
-2.673798501491546631e-01
1.124639511108398438e+00
-7.273298501968383789e-01
-2.670419216156005859e+00
-5.750871300697326660e-01
1.472826480865478516e+00
-3.760750293731689453e-01
9.219214916229248047e-01
1.782384276390075684e+00
-2.663372457027435303e-01
2.993951082229614258e+00
1.085683703422546387e+00
-6.636794209480285645e-01
1.422824978828430176e+00
4.371589422225952148e-01
1.029037356376647949e+00
-1.030306935310363770e+00
-6.120838522911071777e-01
8.939085006713867188e-01
1.385450005531311035e+00
-1.170821666717529297e+00
-5.732985734939575195e-01
-8.377106785774230957e-01
2.637810707092285156e-01
8.893373012542724609e-01
4.402766525745391846e-01
-6.000680327415466309e-01
-1.497184395790100098e+00
-1.719153523445129395e+00
-1.855758205056190491e-02
5.695906281471252441e-01
-1.087137222290039062e+00
-1.140122175216674805e+00
1.709596067667007446e-01
1.082711969502270222e-03
-1.680468320846557617e+00
1.153472900390625000e+00
1.023658394813537598e+00
-1.743586778640747070e+00
4.283412396907806396e-01
4.499891996383666992e-01
1.096309646964073181e-01
1.560452580451965332e+00
-5.308767557144165039e-01
7.936672568321228027e-01
-7.833970189094543457e-01
-1.921422123908996582e+00
-1.369984149932861328e+00
8.003305792808532715e-01
1.225322723388671875e+00
-4.512315094470977783e-01
-8.940140008926391602e-01
1.036706805229187012e+00
-4.376001954078674316e-01
-1.867794632911682129e+00
-5.372833609580993652e-01
4.553119242191314697e-01
-2.598355293273925781e+00
-1.037831306457519531e+00
-8.913291692733764648e-01
2.111814022064208984e+00
-4.101589679718017578e+00
8.919306993484497070e-01
-1.141842484474182129e+00
1.432770490646362305e+00
8.897010982036590576e-02
-9.232985377311706543e-01
-6.838043332099914551e-01
-1.377541065216064453e+00
1.821763068437576294e-01
-1.312358856201171875e+00
1.058436110615730286e-01
2.189575433731079102e+00
1.451049894094467163e-01
1.399592995643615723e+00
2.489813327789306641e+00
-5.379849672317504883e-01
-6.534717679023742676e-01
9.360501766204833984e-01
7.899275422096252441e-01
