-3.118589818477630615e-01
-3.399659991264343262e-01
1.297054290771484375e+00
-4.906511306762695312e-02
-1.159945726394653320e+00
-1.705835014581680298e-01
-2.929335534572601318e-01
1.227919936180114746e+00
1.208687782287597656e+00
-1.010388493537902832e+00
3.145593881607055664e+00
1.553563714027404785e+00
1.892668485641479492e+00
1.135842561721801758e+00
3.122992441058158875e-02
1.405644059181213379e+00
2.556671202182769775e-01
-1.887181699275970459e-01
-1.240894198417663574e+00
6.200417280197143555e-01
4.716555774211883545e-01
-2.435857355594635010e-01
1.543570041656494141e+00
9.052313566207885742e-01
-1.198739290237426758e+00
5.316713452339172363e-01
-1.734780669212341309e+00
5.836519002914428711e-01
-7.645606398582458496e-01
-1.539983004331588745e-01
-2.658645510673522949e-01
-2.059795618057250977e+00
-1.508226990699768066e+00
1.859374761581420898e+00
-7.617975473403930664e-01
6.638952493667602539e-01
-1.780490994453430176e+00
6.703876703977584839e-02
-2.677325904369354248e-01
-3.237381577491760254e-01
4.436244368553161621e-01
1.503686547279357910e+00
6.332391500473022461e-01
1.868841648101806641e+00
-7.039980292320251465e-01
1.751516461372375488e+00
-5.163250565528869629e-01
-1.156171560287475586e+00
6.880130171775817871e-01
-6.572478413581848145e-01
-1.567499488592147827e-01
7.073842287063598633e-01
1.268820166587829590e+00
-8.756662011146545410e-01
-1.151584833860397339e-01
-2.170929163694381714e-01
7.579917907714843750e-01
5.899701714515686035e-01
2.854747474193572998e-01
4.183779656887054443e-01
-5.789176225662231445e-01
6.635245084762573242e-01
-3.467887878417968750e+00
-8.703655004501342773e-02
9.716609120368957520e-01
-6.789198517799377441e-01
1.009608525782823563e-02
-2.601326704025268555e-01
2.584182024002075195e-01
4.263823628425598145e-01
-2.447863817214965820e+00
3.043623566627502441e-01
9.666692614555358887e-01
5.980160236358642578e-01
5.005787592381238937e-03
-1.600409984588623047e+00
3.093735277652740479e-01
-2.118939161300659180e-01
-1.377546191215515137e+00
-1.639752268791198730e+00
1.508023142814636230e+00
-1.765363574028015137e+00
3.526702821254730225e-01
-1.352853775024414062e+00
2.834060907363891602e+00
1.599052697420120239e-01
8.769275546073913574e-01
-1.792056918144226074e+00
7.017582654953002930e-01
2.467858642339706421e-01
1.669288992881774902e+00
-5.904306769371032715e-01
6.905730366706848145e-01
-4.024565219879150391e-02
-1.214904546737670898e+00
-1.652964472770690918e+00
8.386465907096862793e-01
8.337072730064392090e-01
-1.242150545120239258e+00
1.112481355667114258e+00
-2.257488250732421875e+00
3.069447517395019531e+00
-3.040992617607116699e-01
9.243325144052505493e-02
1.943820357322692871e+00
1.278156518936157227e+00
-2.031697034835815430e-01
-6.190629601478576660e-01
1.654214501380920410e+00
-1.120247244834899902e+00
-3.287438154220581055e+00
1.473551630973815918e+00
2.620225399732589722e-02
-3.620020151138305664e+00
-2.819504737854003906e-01
-1.317831158638000488e+00
-4.692660272121429443e-01
-1.643179655075073242e+00
-2.656373500823974609e+00
7.270713448524475098e-01
-2.943894624710083008e+00
3.234977424144744873e-01
1.412923783063888550e-01
1.008854031562805176e+00
1.300933063030242920e-01
-2.345970422029495239e-01
-1.855428516864776611e-01
2.640570402145385742e+00
