9.014929533004760742e-01
-3.746099472045898438e-01
4.442178010940551758e-01
-2.441273689270019531e+00
-9.267578721046447754e-01
2.001190185546875000e-01
2.078750610351562500e+00
1.724251866340637207e+00
-2.828002452850341797e+00
-6.574639081954956055e-01
5.675570964813232422e-01
2.569047212600708008e+00
2.198353767395019531e+00
-1.287719368934631348e+00
5.563088506460189819e-02
-1.597171545028686523e+00
4.504087865352630615e-01
1.016072392463684082e+00
-9.822161793708801270e-01
-3.152255415916442871e-01
-3.342881798744201660e-01
1.967883557081222534e-01
6.937133669853210449e-01
3.322903871536254883e+00
-1.649700760841369629e+00
1.179964423179626465e+00
-9.653410315513610840e-01
-2.308169126510620117e+00
5.785771012306213379e-01
5.068739652633666992e-01
-1.112565636634826660e+00
-1.949864625930786133e+00
-2.874321043491363525e-01
-1.426658511161804199e+00
8.552928566932678223e-01
1.960426807403564453e+00
3.703467547893524170e-02
5.432534813880920410e-01
-5.957686305046081543e-01
-1.166510939598083496e+00
7.390606403350830078e-01
-1.050599575042724609e+00
1.533142328262329102e+00
-3.699127137660980225e-01
-2.048628181219100952e-01
-6.046954989433288574e-01
-5.419507622718811035e-03
4.431455731391906738e-01
2.953124642372131348e-01
-4.339486360549926758e-01
1.479226469993591309e+00
1.679744273424148560e-01
-1.207039877772331238e-01
1.080890893936157227e+00
-2.566029727458953857e-01
9.557417035102844238e-01
-1.263613551855087280e-01
1.320661306381225586e-01
5.831797719001770020e-01
-4.651491641998291016e-01
5.439055562019348145e-01
2.684582769870758057e-01
-3.339177966117858887e-01
-7.949202656745910645e-01
-1.909162998199462891e+00
-3.123003244400024414e+00
9.768252968788146973e-01
4.231162667274475098e-01
5.675695836544036865e-02
-4.918593764305114746e-01
9.363571405410766602e-01
1.635322809219360352e+00
1.007315397262573242e+00
-6.130507588386535645e-01
-1.754657983779907227e+00
-8.137493729591369629e-01
-1.825051069259643555e+00
3.824093341827392578e-01
-2.065532207489013672e+00
-1.181319832801818848e+00
-1.332736015319824219e+00
1.738760948181152344e+00
2.052566289901733398e+00
-6.451625823974609375e-01
3.131852865219116211e+00
1.287282824516296387e+00
-9.187897443771362305e-01
7.900928258895874023e-01
-1.960637211799621582e+00
4.885171651840209961e-01
9.356439113616943359e-01
-1.018217921257019043e+00
-2.337684333324432373e-01
-8.301090449094772339e-02
1.595152467489242554e-01
-2.717112004756927490e-01
1.237528920173645020e+00
-1.054367303848266602e+00
8.975911736488342285e-01
-3.446166589856147766e-02
1.594732642173767090e+00
-3.535868823528289795e-01
-1.839139938354492188e+00
-2.984672188758850098e-01
-1.767510622739791870e-01
-1.954149007797241211e-01
-1.168690443038940430e+00
1.225470155477523804e-01
1.473572611808776855e+00
-2.390845060348510742e+00
8.722329139709472656e-02
-1.171710610389709473e+00
-8.311143517494201660e-01
-3.198560178279876709e-01
5.841799974441528320e-01
-3.672187328338623047e-01
-1.779557913541793823e-01
-1.980678796768188477e+00
-2.167227745056152344e+00
2.038226842880249023e+00
1.116212964057922363e+00
-5.626863241195678711e-01
3.004404544830322266e+00
1.660287499427795410e+00
-2.630270123481750488e-01
-2.339034080505371094e-01
8.678936958312988281e-01
3.462713062763214111e-01
