8.258359879255294800e-02
1.173783779144287109e+00
-5.647909045219421387e-01
-5.715814232826232910e-01
1.589567512273788452e-01
-1.727853178977966309e+00
1.212338954210281372e-01
1.265438944101333618e-01
-7.660734057426452637e-01
-6.231500953435897827e-02
2.125752717256546021e-01
1.756510734558105469e+00
-4.721103012561798096e-01
-1.127749800682067871e+00
5.949323177337646484e-01
-2.208206206560134888e-01
8.142412900924682617e-01
1.478212952613830566e+00
-2.185019105672836304e-01
-1.488049507141113281e+00
3.678280115127563477e-01
2.404687702655792236e-01
1.661375522613525391e+00
-1.120807677507400513e-01
-1.724210023880004883e+00
-5.894851684570312500e-01
-2.439482450485229492e+00
-8.053454756736755371e-01
7.041198611259460449e-01
9.290890097618103027e-01
-2.116514682769775391e+00
-9.041808247566223145e-01
1.671809315681457520e+00
1.904095113277435303e-01
3.280973732471466064e-01
-9.417945742607116699e-01
4.636744558811187744e-01
-1.619055986404418945e+00
-1.080649942159652710e-01
2.466747462749481201e-01
-2.150135278701782227e+00
-1.316785693168640137e+00
1.826170921325683594e+00
7.431928515434265137e-01
1.208531737327575684e+00
6.378594636917114258e-01
-7.427822947502136230e-01
-1.008259892463684082e+00
1.079419732093811035e+00
-5.246310234069824219e-01
-9.370490908622741699e-01
-7.550351619720458984e-01
-4.719381034374237061e-01
1.900575011968612671e-01
2.671935260295867920e-01
2.114866971969604492e+00
4.870016276836395264e-01
1.791845560073852539e+00
9.196518659591674805e-01
1.626461893320083618e-01
-2.423841238021850586e+00
1.973414540290832520e+00
-7.873815298080444336e-01
9.937199950218200684e-01
1.687907338142395020e+00
2.529697716236114502e-01
-2.727374076843261719e+00
1.665613889694213867e+00
3.175541460514068604e-01
-1.326287031173706055e+00
1.645270228385925293e+00
-2.893722295761108398e+00
-1.279479742050170898e+00
1.902856588363647461e+00
1.393142491579055786e-01
-4.538804292678833008e-01
-1.340798974037170410e+00
-2.929875254631042480e-01
-2.651195824146270752e-01
6.283565163612365723e-01
1.041099205613136292e-01
-1.929411172866821289e+00
-1.280112624168395996e+00
5.661609396338462830e-02
6.892536282539367676e-01
9.284057021141052246e-01
-3.970743119716644287e-01
-7.603471279144287109e-01
1.128993153572082520e+00
4.705745875835418701e-01
-7.587634325027465820e-01
-8.369547128677368164e-01
1.692090153694152832e+00
1.718682289123535156e+00
-2.118247449398040771e-01
1.249369859695434570e+00
7.231721878051757812e-01
-1.770626068115234375e+00
-5.619556307792663574e-01
5.483461022377014160e-01
-1.090534210205078125e+00
-2.175560951232910156e+00
1.061383008956909180e+00
2.940157175064086914e+00
1.741338372230529785e+00
-1.458469778299331665e-01
3.705264031887054443e-01
3.722764849662780762e-01
1.146449685096740723e+00
-6.277322769165039062e-01
-6.741540431976318359e-01
5.170307159423828125e-01
9.925870299339294434e-01
-7.320882081985473633e-01
-8.775377273559570312e-01
-2.321274995803833008e+00
2.999660015106201172e+00
2.388557642698287964e-01
-3.708486557006835938e-01
2.746145725250244141e-01
-3.724231719970703125e-01
-1.623263597488403320e+00
-5.636136531829833984e-01
-6.011331081390380859e-01
-3.529278934001922607e-01
1.667845845222473145e+00
-1.157987833023071289e+00
-6.071338653564453125e-01
