1.654208540916442871e+00
-2.794788181781768799e-01
-1.211293935775756836e+00
8.520153164863586426e-01
6.818990707397460938e-01
-6.821618080139160156e-01
-1.618276596069335938e+00
-1.543042540550231934e+00
-1.165815591812133789e+00
-1.666258692741394043e+00
4.113907217979431152e-01
1.139015316963195801e+00
5.152682662010192871e-01
-9.718770384788513184e-01
-2.906542122364044189e-01
-1.482819199562072754e+00
5.597912669181823730e-01
2.404234856367111206e-01
-5.053035616874694824e-01
-2.864789068698883057e-01
1.572438478469848633e+00
-1.906550861895084381e-02
7.165269255638122559e-01
2.660249471664428711e+00
-5.845373496413230896e-02
-9.795058965682983398e-01
-6.226414442062377930e-01
-1.108399868011474609e+00
-1.144082665443420410e+00
-5.040688514709472656e-01
-6.763626933097839355e-01
1.966448545455932617e+00
3.581385314464569092e-01
5.264402925968170166e-02
6.726351380348205566e-01
7.733932137489318848e-01
1.034768581390380859e+00
-7.193651199340820312e-01
-6.210756897926330566e-01
9.861704111099243164e-01
1.834130167961120605e+00
5.079218149185180664e-01
1.945643305778503418e+00
-4.060907959938049316e-01
1.391772985458374023e+00
-2.245313405990600586e+00
-1.763572692871093750e+00
-1.837109923362731934e+00
-2.839344143867492676e-01
1.252815485000610352e+00
-8.647559210658073425e-03
-1.420963287353515625e+00
2.585315704345703125e+00
1.925784647464752197e-01
1.137070178985595703e+00
-8.564043641090393066e-01
-3.011263608932495117e-01
1.806170582771301270e+00
2.364509582519531250e+00
2.065489768981933594e+00
-9.364628233015537262e-03
-1.900475978851318359e+00
-7.574110627174377441e-01
1.332835078239440918e+00
1.578320384025573730e+00
-2.723444700241088867e-01
5.869835019111633301e-01
1.611088395118713379e+00
2.477276772260665894e-01
4.552362561225891113e-01
2.029198169708251953e+00
-2.290186136960983276e-01
1.728971958160400391e+00
6.144698858261108398e-01
2.640222609043121338e-01
-1.265506267547607422e+00
-3.486765027046203613e-01
1.237360715866088867e+00
3.783460557460784912e-01
-1.304727792739868164e+00
-7.602367997169494629e-01
-1.998057007789611816e+00
3.946794271469116211e-01
2.378810644149780273e-01
-2.401342801749706268e-02
-1.178516745567321777e-01
3.210357725620269775e-01
3.702111244201660156e-01
-5.848402157425880432e-02
-7.441473007202148438e-01
-6.322835087776184082e-01
1.202578306198120117e+00
-1.034525275230407715e+00
1.270343303680419922e+00
9.138094186782836914e-01
9.097992181777954102e-01
-1.276375353336334229e-01
-2.104683637619018555e+00
1.164592709392309189e-02
1.446109414100646973e+00
-5.011397004127502441e-01
1.856474995613098145e+00
-1.998587131500244141e+00
6.455411016941070557e-02
-1.530937314033508301e+00
4.508814215660095215e-01
-7.803276777267456055e-01
2.772869542241096497e-02
-9.606974720954895020e-01
-1.251075983047485352e+00
-7.724909782409667969e-01
1.492025136947631836e+00
-1.324363112449645996e+00
-3.218484520912170410e-01
1.347156763076782227e+00
-1.319087862968444824e+00
-5.192291140556335449e-01
-1.667851090431213379e+00
-2.859911918640136719e+00
-1.856357932090759277e+00
-1.761099398136138916e-01
1.345477104187011719e-01
-4.217804074287414551e-01
-3.144575953483581543e-01
-6.333990693092346191e-01
-8.386211991310119629e-01
-1.592236757278442383e+00
1.087084412574768066e+00
