-2.253862619400024414e+00
-1.089583516120910645e+00
-1.231363639235496521e-01
4.312644600868225098e-01
-4.585204124450683594e-01
-8.182870149612426758e-01
1.340195983648300171e-01
2.057911634445190430e+00
9.724630117416381836e-01
5.371925830841064453e-01
5.477624535560607910e-01
-2.597645819187164307e-01
-2.482986301183700562e-01
-1.577273368835449219e+00
-1.034052252769470215e+00
-1.178339004516601562e+00
-5.095612406730651855e-01
1.391364932060241699e+00
1.415734171867370605e+00
2.681559562683105469e+00
-1.256407499313354492e+00
-5.879517197608947754e-01
4.121767580509185791e-01
6.394064426422119141e-01
-2.806881666183471680e+00
5.432658791542053223e-01
1.673051238059997559e+00
-1.284644842147827148e+00
1.309083104133605957e-01
8.737419843673706055e-01
1.753236055374145508e+00
-3.812450915575027466e-02
7.634367942810058594e-01
-1.516347050666809082e+00
-1.725172519683837891e+00
2.052090883255004883e+00
1.142131567001342773e+00
-3.533287942409515381e-01
9.887372255325317383e-01
-1.158246040344238281e+00
2.297122627496719360e-01
-1.146644949913024902e+00
1.275520205497741699e+00
-1.115564227104187012e+00
4.094256460666656494e-01
5.824650526046752930e-01
-2.092764616012573242e+00
2.695216238498687744e-01
1.003791570663452148e+00
-4.114871472120285034e-02
1.616617918014526367e+00
-2.154842615127563477e+00
-1.255099326372146606e-01
-1.856709361076354980e+00
-2.210906445980072021e-01
-5.632869601249694824e-01
-4.378766193985939026e-02
1.336323261260986328e+00
1.285768866539001465e+00
-7.506742477416992188e-01
-1.368569135665893555e+00
7.811538875102996826e-02
-6.529561281204223633e-01
1.674552261829376221e-01
8.789455890655517578e-01
1.054560542106628418e+00
-7.403801083564758301e-01
3.469952046871185303e-01
1.467673033475875854e-01
-4.200272858142852783e-01
1.313513994216918945e+00
-2.583741903305053711e+00
3.241837263107299805e+00
3.174918889999389648e-01
-1.386941909790039062e+00
-2.601083755493164062e+00
-1.413800358772277832e+00
2.016968280076980591e-02
-1.547866165637969971e-01
-6.954585313796997070e-01
-6.627352833747863770e-01
-2.449348211288452148e+00
1.945276737213134766e+00
3.016977906227111816e-01
-9.177854657173156738e-02
1.571111917495727539e+00
9.150864928960800171e-02
5.416690707206726074e-01
1.404171228408813477e+00
2.568157434463500977e+00
-1.797830820083618164e+00
1.895559132099151611e-01
-3.203424453735351562e+00
6.728534102439880371e-01
3.421962261199951172e-01
1.197913959622383118e-01
-7.839984297752380371e-01
1.635903716087341309e-01
-2.372548431158065796e-01
1.943386197090148926e-01
8.654016852378845215e-01
-8.740617334842681885e-02
4.082095623016357422e-01
1.077812910079956055e+00
6.243143081665039062e-01
-2.556200325489044189e-01
-2.514742016792297363e-01
-2.107028514146804810e-01
9.649799466133117676e-01
-4.106188714504241943e-01
-1.761836886405944824e+00
1.275804638862609863e+00
7.879140973091125488e-01
2.710178852081298828e+00
-6.608647108078002930e-01
-1.784667253494262695e+00
5.287157744169235229e-02
-2.256287336349487305e-01
-6.544688344001770020e-01
5.016834735870361328e-01
1.330051302909851074e+00
-2.364403307437896729e-01
-8.668301105499267578e-01
-1.303911566734313965e+00
-3.139290213584899902e-01
-1.976035833358764648e+00
1.082572340965270996e-01
2.449921816587448120e-01
