-1.429116368293762207e+00
-2.090763568878173828e+00
1.330538690090179443e-01
-5.947286486625671387e-01
-1.072614192962646484e+00
3.814451694488525391e-01
7.987718582153320312e-01
1.466742634773254395e+00
4.922219514846801758e-01
1.362797021865844727e+00
1.286402940750122070e+00
-3.007521629333496094e-01
2.731715142726898193e-01
-1.275195598602294922e+00
6.492320448160171509e-02
-1.822697520256042480e-01
7.417399287223815918e-01
1.884494900703430176e+00
1.325935125350952148e+00
2.078702688217163086e+00
-3.110040128231048584e-01
6.535978913307189941e-01
1.609572321176528931e-01
3.978015482425689697e-01
-1.513707995414733887e+00
1.113245964050292969e+00
4.895732402801513672e-01
2.138607800006866455e-01
4.200770258903503418e-01
1.537054419517517090e+00
-8.433934450149536133e-01
5.764914155006408691e-01
-9.970626831054687500e-01
-1.457870721817016602e+00
-7.423630952835083008e-01
7.525883316993713379e-01
2.216113328933715820e+00
-5.739578604698181152e-01
2.801586873829364777e-03
-9.779387712478637695e-01
5.595509409904479980e-01
-3.329137265682220459e-01
2.054547071456909180e+00
-1.357087969779968262e+00
1.511805534362792969e+00
-1.446566581726074219e-01
3.158278167247772217e-01
-1.359955549240112305e+00
8.017838597297668457e-01
1.285934805870056152e+00
-6.567617654800415039e-01
-1.856780529022216797e+00
1.094232320785522461e+00
-1.993554085493087769e-01
9.516136646270751953e-01
-3.792060017585754395e-01
-2.893508970737457275e-01
1.789811551570892334e-01
-1.500628829002380371e+00
-4.567614495754241943e-01
-1.213917255401611328e+00
1.535112708806991577e-01
-1.623370409011840820e+00
-6.639907360076904297e-01
1.016807079315185547e+00
7.003010511398315430e-01
-1.437097907066345215e+00
-6.621842980384826660e-01
4.352372586727142334e-01
-5.396738648414611816e-01
1.473578691482543945e+00
-1.062741398811340332e+00
1.245994400233030319e-02
7.321456074714660645e-01
-1.379346013069152832e+00
-1.679933905601501465e+00
2.894970476627349854e-01
-5.704463720321655273e-01
7.862579226493835449e-01
4.324825704097747803e-01
6.193724870681762695e-01
-2.141789913177490234e+00
-3.365835547447204590e-01
1.826852560043334961e+00
2.588061615824699402e-02
1.454509258270263672e+00
1.711369156837463379e+00
-2.034965515136718750e+00
-9.385420083999633789e-01
5.920583382248878479e-02
-4.772250950336456299e-01
-4.101022183895111084e-01
-6.602940559387207031e-01
5.708593726158142090e-01
-7.844770550727844238e-01
1.576956033706665039e+00
-3.365759330336004496e-04
-1.827208757400512695e+00
-7.041712999343872070e-01
3.072859525680541992e+00
1.373994231224060059e+00
-5.481170415878295898e-01
3.041818141937255859e-01
1.799162149429321289e+00
-3.169195652008056641e-01
-7.816824130713939667e-03
4.760024547576904297e-01
-7.428423762321472168e-01
7.579998970031738281e-01
-1.978004813194274902e+00
6.658918261528015137e-01
-5.535759925842285156e-01
-1.053018867969512939e-01
1.292556405067443848e+00
-4.196141660213470459e-01
-1.010869741439819336e+00
1.926319897174835205e-01
-1.165563464164733887e+00
-1.038156002759933472e-01
1.836801648139953613e+00
-9.173825383186340332e-01
-4.532065391540527344e-01
7.704166173934936523e-01
-1.651305079460144043e+00
-1.398508548736572266e+00
-1.584900856018066406e+00
-1.677432417869567871e+00
-3.158296942710876465e-01
