1.531326055526733398e+00
-2.446342259645462036e-01
9.563585370779037476e-02
3.649067282676696777e-01
1.005076646804809570e+00
2.509313106536865234e+00
7.329491525888442993e-02
6.803121417760848999e-02
-5.873728394508361816e-01
-2.677615642547607422e+00
1.468004345893859863e+00
1.902019619941711426e+00
1.701617002487182617e+00
-7.417820692062377930e-01
6.936047077178955078e-01
-9.201001524925231934e-01
3.749918639659881592e-01
7.928099036216735840e-01
-8.150514364242553711e-01
-9.147892594337463379e-01
1.875048130750656128e-01
1.501449584960937500e+00
-4.695572704076766968e-02
-2.704495787620544434e-01
-2.135029584169387817e-01
-9.732515215873718262e-01
4.942196011543273926e-01
1.385563135147094727e+00
-8.543279170989990234e-01
1.339908123016357422e+00
4.422537386417388916e-01
-1.828591465950012207e+00
1.409467607736587524e-01
-7.188729047775268555e-01
-4.707286059856414795e-01
4.522529542446136475e-01
3.650541603565216064e-01
1.086091160774230957e+00
6.027726531028747559e-01
-1.297770261764526367e+00
-6.079872846603393555e-01
-2.234884798526763916e-01
1.322265625000000000e+00
9.911218881607055664e-01
1.661513686180114746e+00
1.506925523281097412e-01
3.804399967193603516e-01
1.227146148681640625e+00
1.659832954406738281e+00
-1.400164723396301270e+00
-1.508831501007080078e+00
-1.208918333053588867e+00
-4.895132482051849365e-01
6.336705088615417480e-01
1.694588184356689453e+00
-1.897002160549163818e-01
-1.280591249465942383e+00
1.709330320358276367e+00
1.720313668251037598e+00
-2.329649478197097778e-01
-1.411581516265869141e+00
-9.723543524742126465e-01
-9.424586892127990723e-01
5.785254240036010742e-01
9.418714642524719238e-01
-6.849744319915771484e-01
-2.697730362415313721e-01
1.990352749824523926e+00
9.310293793678283691e-01
-1.812266349792480469e+00
3.524069190025329590e-01
1.450412034988403320e+00
4.516537487506866455e-01
3.128515183925628662e-01
6.023044586181640625e-01
-4.040446579456329346e-01
6.037451028823852539e-01
1.114387154579162598e+00
2.027231752872467041e-01
-1.133822798728942871e+00
8.887626528739929199e-01
-9.448177218437194824e-01
-8.011193275451660156e-01
1.110543966293334961e+00
9.022073745727539062e-01
3.771970421075820923e-02
-1.360275745391845703e+00
2.765412926673889160e-01
-1.597422212362289429e-01
2.124809324741363525e-01
7.387899607419967651e-02
-1.224009156227111816e+00
5.795226097106933594e-01
2.007973790168762207e-01
1.115514159202575684e+00
1.378013253211975098e+00
3.664818033576011658e-02
8.611891269683837891e-01
-1.630231738090515137e+00
-1.097757816314697266e+00
-3.241389513015747070e+00
-4.262048006057739258e-01
-1.359119176864624023e+00
2.145045280456542969e+00
5.675177276134490967e-02
-1.049831748008728027e+00
-2.495566606521606445e+00
1.405164480209350586e+00
2.440006256103515625e+00
2.713397741317749023e-01
-1.770334839820861816e-01
-5.282195210456848145e-01
-5.561279654502868652e-01
-1.295535206794738770e+00
-1.638397693634033203e+00
-1.960010290145874023e+00
-9.059491008520126343e-02
1.112610220909118652e+00
-3.666875660419464111e-01
-2.169952094554901123e-01
-1.736648678779602051e+00
-1.111235260963439941e+00
-1.026870489120483398e+00
-1.858265995979309082e+00
-1.645225524902343750e+00
-1.611327767372131348e+00
-1.237580850720405579e-01
8.699342012405395508e-01
