1.077003121376037598e+00
-1.061559915542602539e+00
-2.452969551086425781e-01
-1.368790268898010254e-01
-7.860568761825561523e-01
-2.640726566314697266e-01
1.424301624298095703e+00
2.674044072628021240e-01
-2.976789236068725586e+00
3.328839540481567383e-01
-8.817734718322753906e-01
3.389405310153961182e-01
1.692650914192199707e+00
-1.281898498535156250e+00
3.673619329929351807e-01
-5.158600956201553345e-02
2.060703486204147339e-01
2.182456970214843750e+00
-7.387397885322570801e-01
1.868414521217346191e+00
1.708988428115844727e+00
2.442406177520751953e+00
-6.088679432868957520e-01
8.717690706253051758e-01
-1.588023304939270020e+00
-4.178273975849151611e-01
-7.174134254455566406e-01
-4.547080993652343750e-01
7.492325305938720703e-01
-3.971657156944274902e-01
-1.538202404975891113e+00
6.109946966171264648e-01
5.081425905227661133e-01
2.744555175304412842e-01
3.578420728445053101e-02
3.700688481330871582e-01
-1.040269732475280762e+00
4.296063780784606934e-01
1.481039285659790039e+00
-1.075310707092285156e+00
1.319245100021362305e+00
-3.853480219841003418e-01
1.214811563491821289e+00
-1.762585520744323730e+00
4.301180541515350342e-01
7.318847179412841797e-01
1.915777176618576050e-01
1.065694332122802734e+00
8.065754175186157227e-01
1.227042198181152344e+00
9.646196663379669189e-02
-2.058016508817672729e-02
1.255948424339294434e+00
-1.852631568908691406e+00
-4.141309857368469238e-01
1.502186775207519531e+00
-1.251631498336791992e+00
-2.433776408433914185e-01
-1.412904500961303711e+00
-3.388424813747406006e-01
2.308394014835357666e-01
1.185900449752807617e+00
-3.217902779579162598e-01
-3.401148319244384766e-01
1.086648225784301758e+00
-1.113297864794731140e-01
3.052746653556823730e-01
1.419621109962463379e-01
8.375213742256164551e-01
1.841591149568557739e-01
2.002576351165771484e+00
-1.910558819770812988e+00
1.538622021675109863e+00
1.020958900451660156e+00
-1.020547032356262207e+00
-5.026965737342834473e-01
-2.544108629226684570e-01
4.230356588959693909e-02
-9.805907011032104492e-01
-4.456903338432312012e-01
1.821530699729919434e+00
-2.594072818756103516e+00
-5.191231966018676758e-01
2.926058769226074219e-01
-4.539381563663482666e-01
6.217439770698547363e-01
7.636260986328125000e-02
-1.874718189239501953e+00
-4.494518339633941650e-01
-5.007961392402648926e-01
-6.199277043342590332e-01
-5.587645769119262695e-01
-6.703919172286987305e-01
1.511653542518615723e+00
-1.166681051254272461e+00
1.086954474449157715e+00
6.882710456848144531e-01
-1.864512711763381958e-01
-9.432701468467712402e-01
2.199678421020507812e+00
1.194743871688842773e+00
2.742775082588195801e-01
3.149259090423583984e-01
5.377101302146911621e-01
-7.097357511520385742e-01
1.022725343704223633e+00
-5.707758665084838867e-01
1.595771610736846924e-01
1.124842882156372070e+00
-1.131789803504943848e+00
-1.035344600677490234e+00
4.147942736744880676e-02
-1.258488893508911133e+00
1.755396485328674316e+00
-1.463040590286254883e+00
-2.409779787063598633e+00
1.017428040504455566e+00
-2.288022637367248535e-01
-7.456924915313720703e-01
1.258233070373535156e+00
-5.051830410957336426e-01
-2.117986917495727539e+00
9.074332118034362793e-01
-1.569547414779663086e+00
-1.661519646644592285e+00
7.137759923934936523e-01
-2.491085052490234375e+00
4.442103505134582520e-01
