1.004650712013244629e+00
-5.807437896728515625e-01
-3.267462551593780518e-01
3.753680735826492310e-02
-1.604774892330169678e-01
1.462772727012634277e+00
1.655428886413574219e+00
-1.829490214586257935e-01
2.330690145492553711e+00
-2.238985776901245117e+00
1.313992261886596680e+00
7.245910763740539551e-01
-1.719172894954681396e-01
3.030235767364501953e-01
-4.664058685302734375e-01
5.729764699935913086e-01
-8.381964564323425293e-01
8.750646561384201050e-02
-1.920776128768920898e+00
1.095570683479309082e+00
9.507743716239929199e-01
1.573162198066711426e+00
1.295059919357299805e+00
1.219998478889465332e+00
-1.040575027465820312e+00
-1.740229845046997070e+00
2.019645214080810547e+00
-5.341620445251464844e-01
3.541399240493774414e-01
-2.066492080688476562e+00
-5.288699269294738770e-01
-5.029643774032592773e-01
1.010719895362854004e+00
-2.894890308380126953e+00
5.404467582702636719e-01
-9.879602789878845215e-01
2.482535839080810547e-01
7.355203032493591309e-01
1.071808695793151855e+00
-6.115438342094421387e-01
-3.591017723083496094e-01
4.253388047218322754e-01
2.064028978347778320e+00
4.256554841995239258e-01
8.791257143020629883e-01
-5.984414219856262207e-01
-1.023065209388732910e+00
1.255182504653930664e+00
-4.836971759796142578e-01
-1.866402477025985718e-01
5.238450169563293457e-01
-1.632280111312866211e+00
-1.176012277603149414e+00
1.713375747203826904e-01
1.207622051239013672e+00
4.872195422649383545e-01
1.015099808573722839e-01
3.412853479385375977e+00
2.358171939849853516e-01
3.443734943866729736e-01
-9.924839735031127930e-01
1.832548022270202637e+00
4.208498597145080566e-01
-2.872518897056579590e-01
4.297057539224624634e-02
-2.397284954786300659e-01
1.235400438308715820e-01
1.359816908836364746e+00
-1.210864782333374023e+00
8.487069606781005859e-02
1.880344599485397339e-01
8.020179271697998047e-01
-5.446378588676452637e-01
6.299109458923339844e-01
1.045413017272949219e+00
4.661557376384735107e-01
-4.210378825664520264e-01
-1.807695627212524414e+00
2.077094316482543945e-01
2.212128229439258575e-02
-9.636897444725036621e-01
-1.445257544517517090e+00
-1.620719790458679199e+00
7.836633324623107910e-01
-1.138788104057312012e+00
-1.698374390602111816e+00
-6.088753938674926758e-01
-6.427036523818969727e-01
-2.530179917812347412e-01
9.026520848274230957e-01
1.927689433097839355e+00
-1.839452862739562988e+00
-9.938799142837524414e-01
-1.093991994857788086e+00
5.791673064231872559e-01
-9.618303179740905762e-01
6.802670359611511230e-01
-4.770540893077850342e-01
-6.662588119506835938e-01
1.429732441902160645e+00
-2.016472578048706055e+00
-5.222991853952407837e-02
3.627521097660064697e-01
1.165293216705322266e+00
1.971925854682922363e+00
8.714079856872558594e-02
-6.845957636833190918e-01
-1.750532770529389381e-03
3.296382904052734375e+00
-1.175203680992126465e+00
3.541721403598785400e-01
5.314983725547790527e-01
7.996522188186645508e-01
-1.980177313089370728e-01
3.985844552516937256e-02
-1.276487231254577637e+00
-1.793293595314025879e+00
3.421523571014404297e-01
-2.654490470886230469e+00
-2.424788236618041992e+00
-1.541293501853942871e+00
-1.114834249019622803e-01
8.103758096694946289e-01
-1.498625993728637695e+00
-8.949760198593139648e-01
-8.186754584312438965e-01
-2.806627452373504639e-01
2.009988784790039062e+00
