9.233729839324951172e-01
-2.658597946166992188e+00
2.140328407287597656e+00
3.078504502773284912e-01
1.372720479965209961e+00
4.538526237010955811e-01
-8.594575524330139160e-01
1.461834073066711426e+00
-3.837165534496307373e-01
-3.148331940174102783e-01
2.353009223937988281e+00
7.903056740760803223e-01
-8.760757446289062500e-01
-7.206402420997619629e-01
-8.745595216751098633e-01
2.528807163238525391e+00
-1.825346469879150391e+00
-2.071250677108764648e-01
5.721346735954284668e-01
-6.581373214721679688e-01
2.027863264083862305e+00
2.175442576408386230e-01
1.655059933662414551e+00
9.882638454437255859e-01
-1.388165354728698730e+00
-4.955402016639709473e-01
-2.039697468280792236e-01
-8.242081999778747559e-01
-9.801966547966003418e-01
7.261608839035034180e-01
-5.083492994308471680e-01
-1.195193409919738770e+00
-7.895784378051757812e-01
-6.554890275001525879e-01
-6.469395756721496582e-01
2.445268392562866211e+00
1.198338508605957031e+00
-9.395958781242370605e-01
-1.330818176269531250e+00
1.761147230863571167e-01
1.261111378669738770e+00
7.119879126548767090e-01
8.199215531349182129e-01
4.122615456581115723e-01
2.206893444061279297e+00
-8.000419735908508301e-01
1.645579636096954346e-01
8.937538862228393555e-01
7.520518898963928223e-01
-1.823677122592926025e-02
-1.058761596679687500e+00
-1.720008850097656250e+00
-1.585939168930053711e+00
-1.628524184226989746e+00
3.348750174045562744e-01
4.674214720726013184e-01
-5.696686506271362305e-01
9.931715130805969238e-01
-5.080635547637939453e-01
1.673314332962036133e+00
-1.121910929679870605e+00
1.612994313240051270e+00
-3.869503140449523926e-01
-8.788489699363708496e-01
-6.195694804191589355e-01
-1.289798259735107422e+00
2.311151474714279175e-01
1.138224601745605469e+00
-9.414522051811218262e-01
-5.304789543151855469e-01
-9.523026943206787109e-01
5.035542845726013184e-01
2.235299199819564819e-01
1.771398425102233887e+00
1.920310407876968384e-01
-1.310753226280212402e+00
1.192032933235168457e+00
-1.705995559692382812e+00
-1.815892219543457031e+00
-7.385829687118530273e-01
1.294016838073730469e+00
-2.866131365299224854e-01
-2.123411893844604492e+00
1.312059521675109863e+00
5.108858346939086914e-01
-1.495972394943237305e+00
-5.513733029365539551e-01
1.436569213867187500e+00
-1.631744265556335449e+00
5.613933801651000977e-01
5.669041723012924194e-02
-1.224995851516723633e+00
8.825670480728149414e-01
1.432961821556091309e+00
-7.683895826339721680e-01
1.630348563194274902e-01
-7.443687319755554199e-01
1.980269551277160645e-01
-2.876542806625366211e+00
4.208842813968658447e-01
-2.662169933319091797e-01
4.845202565193176270e-01
-7.706572413444519043e-01
1.079211950302124023e+00
9.442332983016967773e-01
-3.247793018817901611e-02
-3.546821773052215576e-01
1.991611719131469727e-01
1.063554644584655762e+00
1.151532292366027832e+00
-1.391727089881896973e+00
1.896824479103088379e+00
-1.678713083267211914e+00
-1.124596595764160156e+00
-5.506809353828430176e-01
-1.640689730644226074e+00
2.640739381313323975e-01
-2.769725322723388672e+00
4.264777004718780518e-01
-5.479502677917480469e-01
5.378395318984985352e-01
8.863151073455810547e-01
2.656944513320922852e+00
1.645779013633728027e-01
-9.505751729011535645e-01
1.771038293838500977e+00
-3.762631490826606750e-02
-1.374623179435729980e-01
