-1.934054493904113770e-01
-9.406962394714355469e-01
7.352053523063659668e-01
-1.311081051826477051e+00
-9.446898698806762695e-01
-1.385318756103515625e+00
-3.701088130474090576e-01
-1.263760685920715332e+00
-4.501326978206634521e-01
1.197924137115478516e+00
4.667674601078033447e-01
9.918481707572937012e-01
1.555115103721618652e+00
1.621582269668579102e+00
-2.655829191207885742e-01
-6.690816879272460938e-01
-1.854737102985382080e-02
1.043206334114074707e+00
2.201403379440307617e-01
6.170501708984375000e-01
1.071607589721679688e+00
7.820786833763122559e-01
7.676920294761657715e-02
1.214838266372680664e+00
-6.982722878456115723e-01
-6.684449315071105957e-01
-9.870637059211730957e-01
-8.071408420801162720e-02
1.999054431915283203e+00
-1.245131045579910278e-01
-3.044115543365478516e+00
-4.041218280792236328e+00
-6.975062489509582520e-01
2.288030385971069336e+00
4.881561398506164551e-01
1.111476898193359375e+00
-9.233356714248657227e-01
-5.560057163238525391e-01
8.062362670898437500e-01
4.313658475875854492e-01
1.037727475166320801e+00
1.960646271705627441e+00
1.700007915496826172e+00
6.577388644218444824e-01
-5.365753769874572754e-01
1.485404610633850098e+00
-5.222698450088500977e-01
1.140087366104125977e+00
-4.171499907970428467e-01
9.961715340614318848e-01
9.955441355705261230e-01
-1.161330819129943848e+00
-9.788578003644943237e-02
1.450451731681823730e+00
-1.419964551925659180e+00
1.708654046058654785e+00
1.759664297103881836e+00
-2.949378192424774170e-01
2.057935595512390137e-01
3.196738958358764648e-01
-3.640867471694946289e-01
7.031890749931335449e-01
-2.845551669597625732e-01
-1.103605866432189941e+00
-4.415967464447021484e-01
-3.780404627323150635e-01
1.603187799453735352e+00
5.502870306372642517e-02
-1.160316228866577148e+00
-2.994772195816040039e-01
-7.070422768592834473e-01
1.593317747116088867e+00
-1.099392864853143692e-02
-4.265598654747009277e-01
-9.007604122161865234e-01
-8.755885362625122070e-01
-9.204518198966979980e-01
7.760226726531982422e-03
-9.999790787696838379e-01
-3.472704648971557617e+00
-5.318654179573059082e-01
-8.211671710014343262e-01
1.709245800971984863e+00
-1.875821948051452637e+00
2.635717391967773438e+00
6.301294565200805664e-01
-3.043505847454071045e-01
-4.472878575325012207e-01
-1.674288153648376465e+00
-1.661855220794677734e+00
-3.821565210819244385e-02
9.097857475280761719e-01
5.854604244232177734e-01
1.115558385848999023e+00
-9.467425942420959473e-01
1.413236651569604874e-02
1.828836202621459961e+00
-6.607059389352798462e-02
2.007163286209106445e+00
4.153786003589630127e-01
1.104679465293884277e+00
6.805417537689208984e-01
-6.040434241294860840e-01
-4.336143136024475098e-01
-1.961941599845886230e+00
5.654264688491821289e-01
-1.107646584510803223e+00
7.686555385589599609e-02
-1.709392905235290527e+00
-2.071470737457275391e+00
-4.854442179203033447e-01
-2.559505030512809753e-02
2.055254280567169189e-01
2.862584829330444336e+00
8.571264743804931641e-01
-1.326731204986572266e+00
-4.591785967350006104e-01
-6.879116892814636230e-01
-2.292052745819091797e+00
8.196370005607604980e-01
2.074517965316772461e+00
-5.951790213584899902e-01
-8.260975778102874756e-02
-5.691827535629272461e-01
-6.843222379684448242e-01
3.263933956623077393e-01
-4.734777808189392090e-01
5.200514197349548340e-01
