2.624918699264526367e+00
-1.762337237596511841e-01
1.338564872741699219e+00
5.513588190078735352e-01
-8.884359002113342285e-01
1.934746861457824707e+00
-3.614578545093536377e-01
-2.956484556198120117e-01
1.196971312165260315e-01
-2.298713922500610352e+00
2.011433362960815430e+00
1.044444084167480469e+00
2.248176574707031250e+00
3.668725788593292236e-01
-1.707153797149658203e+00
-5.312432050704956055e-01
-7.311846017837524414e-01
4.550741314888000488e-01
-2.521009445190429688e-01
1.251765847206115723e+00
-2.296599596738815308e-01
-1.907487869262695312e+00
1.143965959548950195e+00
1.558285355567932129e+00
4.957014024257659912e-01
-4.455666244029998779e-01
-2.548904418945312500e-01
1.397085309028625488e+00
-1.836449861526489258e+00
7.737271189689636230e-01
-3.874661922454833984e-01
3.740806579589843750e-01
-2.246507167816162109e+00
4.744794964790344238e-01
-5.352654457092285156e-01
5.840704441070556641e-01
-1.576331019401550293e+00
7.848945856094360352e-01
-5.057094693183898926e-01
1.268439769744873047e+00
8.177492618560791016e-01
-4.848853871226310730e-02
9.499357640743255615e-02
4.384661018848419189e-01
-1.421119213104248047e+00
-4.854300022125244141e-01
4.557516276836395264e-01
-1.055582880973815918e+00
-8.099652826786041260e-02
9.575740098953247070e-01
-1.068675398826599121e+00
2.168583218008279800e-03
1.189959049224853516e+00
-2.750747501850128174e-01
-1.728764548897743225e-02
-3.512224853038787842e-01
-5.235496759414672852e-01
3.551589846611022949e-01
-2.568066716194152832e-01
7.349712252616882324e-01
1.089720249176025391e+00
-4.207445979118347168e-01
-3.574716746807098389e-01
-2.405222207307815552e-01
-1.270809918642044067e-01
-1.279389858245849609e-01
1.250023126602172852e+00
1.616467595100402832e+00
-9.590151021257042885e-04
-3.182991594076156616e-02
-1.573119461536407471e-01
-5.885486602783203125e-01
-9.675773382186889648e-01
8.024762868881225586e-01
-6.047036647796630859e-01
-7.670949697494506836e-01
1.901155233383178711e+00
1.050447821617126465e+00
-1.276500523090362549e-01
-2.272987127304077148e+00
1.934126257896423340e+00
-6.613166928291320801e-01
5.142536759376525879e-01
-1.775512695312500000e+00
1.357362270355224609e+00
-7.899462431669235229e-02
1.441767454147338867e+00
6.966977119445800781e-01
-1.357855319976806641e+00
-2.003902196884155273e+00
2.345070600509643555e+00
-1.807163834571838379e+00
1.848632812500000000e+00
9.916134178638458252e-02
8.388051986694335938e-01
-1.284213662147521973e-01
1.014063239097595215e+00
1.396306455135345459e-01
-8.991504907608032227e-01
-2.681994438171386719e-01
-1.286085963249206543e+00
2.551155805587768555e+00
-1.156065821647644043e+00
9.779327511787414551e-01
8.969370722770690918e-01
-2.710071504116058350e-01
-1.103908181190490723e+00
-1.956280112266540527e+00
2.449853658676147461e+00
-1.417123317718505859e+00
-3.813782334327697754e-01
1.406197547912597656e+00
-9.230858087539672852e-01
-2.981895923614501953e+00
8.436596989631652832e-01
-2.601374864578247070e+00
-1.935396075248718262e+00
2.201313674449920654e-01
-4.735945701599121094e+00
1.135610222816467285e+00
-3.322512805461883545e-01
9.464474320411682129e-01
-1.615496039390563965e+00
-2.098857313394546509e-01
-2.918963134288787842e-01
1.848552584648132324e+00
5.435361862182617188e-01
7.493699193000793457e-01
