-6.546743512153625488e-01
9.628508985042572021e-02
-2.431748807430267334e-02
6.310206954367458820e-04
1.684821605682373047e+00
-4.347006678581237793e-01
-6.808961033821105957e-01
-7.900835275650024414e-01
4.221168458461761475e-01
-8.323957324028015137e-01
-1.405105829238891602e+00
-1.058641314506530762e+00
-6.841583251953125000e-01
-2.344214916229248047e+00
1.017915964126586914e+00
-2.005743980407714844e-01
6.352128982543945312e-01
-3.161564171314239502e-01
-8.103660345077514648e-01
1.020070195198059082e+00
3.184578120708465576e-01
2.362685650587081909e-01
2.263207882642745972e-01
1.394710183143615723e+00
-3.462275266647338867e-01
-8.585692048072814941e-01
-1.935896575450897217e-01
-1.177468776702880859e+00
2.026183158159255981e-01
1.250615119934082031e+00
-9.774906635284423828e-01
1.124640583992004395e+00
-1.133723139762878418e+00
-2.777903079986572266e-01
1.529940605163574219e+00
-4.104122519493103027e-01
8.516244292259216309e-01
-1.938557773828506470e-01
-2.384330034255981445e+00
-2.587034463882446289e+00
1.602625846862792969e+00
-3.593601882457733154e-01
2.948248863220214844e+00
4.419730901718139648e-01
-1.279575228691101074e-01
-2.533867597579956055e+00
1.053507804870605469e+00
2.470970153808593750e+00
-4.507614970207214355e-01
9.868853092193603516e-01
2.706826686859130859e+00
-1.636282682418823242e+00
4.614662230014801025e-01
-2.637511491775512695e-01
6.020076870918273926e-01
3.456721305847167969e-01
5.857334136962890625e-01
1.595340222120285034e-01
2.248967140913009644e-01
1.518551588058471680e+00
-5.832260251045227051e-01
-4.265897870063781738e-01
7.451000213623046875e-01
1.428282499313354492e+00
5.117631554603576660e-01
1.156417250633239746e+00
1.491376280784606934e+00
-4.950394928455352783e-01
-4.478605985641479492e-01
-4.767173826694488525e-01
3.757597804069519043e-01
2.348995685577392578e+00
7.820790410041809082e-01
-1.337046027183532715e+00
-2.480746269226074219e+00
-9.405192136764526367e-01
-2.838252782821655273e-01
-2.562704086303710938e-01
-4.903920888900756836e-01
-2.842229843139648438e+00
-1.394780516624450684e+00
-1.624345183372497559e+00
3.983121514320373535e-01
-6.885581612586975098e-01
2.363574028015136719e+00
3.696320056915283203e-01
-2.001159265637397766e-02
1.579357504844665527e+00
-1.800434470176696777e+00
-1.304261237382888794e-01
8.984182476997375488e-01
-1.135645508766174316e+00
-3.215578496456146240e-01
5.496522784233093262e-01
6.763623952865600586e-01
-1.082368016242980957e+00
3.728834390640258789e+00
-3.844514191150665283e-01
2.521644234657287598e-01
2.350043058395385742e-01
6.625237315893173218e-02
1.843225121498107910e+00
-5.009371638298034668e-01
-4.982672035694122314e-01
4.286553263664245605e-01
1.214954331517219543e-01
-1.378467440605163574e+00
1.999624222517013550e-01
-6.352671384811401367e-01
-4.117994308471679688e-01
1.099256157875061035e+00
-1.778553605079650879e+00
5.387081503868103027e-01
-2.292131900787353516e+00
-7.857040762901306152e-01
-2.351501584053039551e-01
-1.179533481597900391e+00
-1.185189113020896912e-01
1.146547555923461914e+00
4.656445384025573730e-01
-9.031548500061035156e-01
-2.866848707199096680e-01
-2.400313913822174072e-01
-1.767185330390930176e+00
1.199553906917572021e-01
-3.105999827384948730e-01
2.838054858148097992e-02
1.899760365486145020e-01
