-2.457073211669921875e+00
-1.918649673461914062e+00
-5.797077715396881104e-02
8.721808195114135742e-01
-1.523962855339050293e+00
8.199496269226074219e-01
-2.260852456092834473e-01
-1.056050539016723633e+00
7.022088766098022461e-01
-8.594625592231750488e-01
-1.690096735954284668e+00
-1.666336536407470703e+00
5.500433444976806641e-01
-1.627385139465332031e+00
-1.492038965225219727e-01
7.221541404724121094e-01
-4.395865648984909058e-02
2.870654761791229248e-01
-2.205857038497924805e+00
3.026069641113281250e+00
1.210740923881530762e+00
-7.282223105430603027e-01
-8.253503441810607910e-01
-1.545162558555603027e+00
-1.201555132865905762e+00
1.670498400926589966e-01
2.064164727926254272e-01
7.121603488922119141e-01
2.325787395238876343e-01
1.047738552093505859e+00
5.222041159868240356e-02
1.233537271618843079e-01
-4.233065545558929443e-01
-2.405030280351638794e-01
4.849866032600402832e-01
1.270240664482116699e+00
2.193013191223144531e+00
1.587950348854064941e+00
-2.466910839080810547e+00
-1.053584218025207520e+00
1.648582100868225098e+00
-1.106706857681274414e+00
1.396775841712951660e+00
4.910886287689208984e-01
6.188189145177602768e-03
-1.312701463699340820e+00
-8.620854020118713379e-01
-4.353542998433113098e-02
4.826355278491973877e-01
-1.109152436256408691e+00
-1.353509724140167236e-01
-1.687662363052368164e+00
1.082659482955932617e+00
1.606188893318176270e+00
6.651232242584228516e-01
3.917258083820343018e-01
-1.370231270790100098e+00
2.057568281888961792e-01
4.370868206024169922e-01
2.461552470922470093e-01
2.194294184446334839e-01
2.827368497848510742e+00
-6.784190535545349121e-01
7.414321303367614746e-01
1.296617031097412109e+00
-1.137028336524963379e+00
-9.606344997882843018e-02
3.129754781723022461e+00
1.571765184402465820e+00
2.728805840015411377e-01
-1.122665777802467346e-01
-1.191976666450500488e+00
5.936436727643013000e-02
2.183045744895935059e-01
-2.837957620620727539e+00
-1.389928460121154785e+00
-2.660449266433715820e+00
9.421836137771606445e-01
-1.553902268409729004e+00
-1.068401575088500977e+00
1.896076798439025879e-01
2.068145275115966797e+00
-3.652198612689971924e-01
-1.001653820276260376e-01
2.542691707611083984e+00
1.480170935392379761e-01
1.083615303039550781e+00
-4.380650818347930908e-01
-9.962552785873413086e-01
-8.191598653793334961e-01
1.341255754232406616e-01
-2.378895431756973267e-01
1.027380228042602539e+00
-5.955991148948669434e-01
1.462003946304321289e+00
-3.043059408664703369e-01
-1.396228969097137451e-01
-2.244751900434494019e-01
-2.688986435532569885e-02
-2.933303594589233398e+00
1.996861815452575684e+00
1.058916449546813965e-01
4.733013808727264404e-01
6.513150930404663086e-01
1.700068593025207520e+00
-1.483969688415527344e-01
-1.151269674301147461e+00
-1.371905207633972168e-01
-1.732015609741210938e-01
-5.181083455681800842e-03
2.074314355850219727e+00
-6.966735720634460449e-01
7.711719274520874023e-01
1.470555663108825684e+00
1.520018875598907471e-01
-1.288174152374267578e+00
-6.317751407623291016e-01
5.109538882970809937e-02
1.313005685806274414e+00
-1.128282189369201660e+00
3.414923250675201416e-01
-3.412210941314697266e-01
1.176474809646606445e+00
-3.228151500225067139e-01
-9.029393792152404785e-01
1.711696147918701172e+00
1.828761398792266846e-02
-2.444256067276000977e+00
