5.945912599563598633e-01
-1.394870162010192871e+00
-1.089299470186233521e-01
4.245682954788208008e-01
-3.325562477111816406e+00
-9.780427217483520508e-01
-5.098447799682617188e-01
-9.508609771728515625e-01
-3.035645246505737305e+00
2.292408198118209839e-01
-7.764315009117126465e-01
9.243938922882080078e-01
9.129185676574707031e-01
-3.039198637008666992e+00
6.547147035598754883e-01
5.463284850120544434e-01
4.648276269435882568e-01
-4.001820087432861328e-01
-2.802496671676635742e+00
1.867518424987792969e+00
2.464441299438476562e+00
5.303096175193786621e-01
2.012651920318603516e+00
-3.071188032627105713e-01
2.419579625129699707e-01
-3.786866068840026855e-01
7.394185066223144531e-01
-1.876841336488723755e-01
9.454002976417541504e-01
1.933910846710205078e+00
6.978751718997955322e-02
8.553582429885864258e-01
8.258713781833648682e-02
-1.135931134223937988e+00
-7.501265406608581543e-01
6.733184456825256348e-01
-8.129330277442932129e-01
1.257890462875366211e+00
-1.854510754346847534e-01
-3.940834701061248779e-01
2.695657968521118164e+00
2.372436523437500000e+00
1.216876506805419922e+00
1.079066634178161621e+00
8.974731564521789551e-01
-8.134407401084899902e-01
-6.228228807449340820e-01
-5.242216587066650391e-02
-8.330936729907989502e-02
1.482598900794982910e+00
-8.040797114372253418e-01
-1.177735209465026855e+00
-1.132496476173400879e+00
-1.567885041236877441e+00
-1.632918417453765869e-02
2.133426368236541748e-01
-1.190550923347473145e+00
-4.682760834693908691e-01
-3.479138314723968506e-01
1.315896153450012207e+00
-6.100564002990722656e-01
-6.126450300216674805e-01
-1.490379869937896729e-01
3.915298581123352051e-01
2.539901494979858398e+00
1.054187536239624023e+00
1.703409254550933838e-01
1.285716056823730469e+00
7.726537436246871948e-02
4.817542731761932373e-01
1.973392844200134277e+00
-1.520871758460998535e+00
1.557973861694335938e+00
4.862544238567352295e-01
-8.478563427925109863e-01
-1.828936934471130371e+00
-1.734213471412658691e+00
-1.366047143936157227e+00
-8.632390499114990234e-01
-9.723650813102722168e-01
2.825841866433620453e-02
4.472805857658386230e-01
-1.030659794807434082e+00
-5.915873125195503235e-02
-3.998714089393615723e-01
-1.394836425781250000e+00
6.845610737800598145e-01
-5.274066925048828125e-01
3.747295439243316650e-01
4.640918374061584473e-01
1.281522959470748901e-01
-6.028811931610107422e-01
1.008549213409423828e+00
-8.591924905776977539e-01
4.599114656448364258e-01
-8.223201036453247070e-01
5.219143629074096680e-01
6.833860278129577637e-01
2.475202828645706177e-01
4.157592058181762695e-01
3.275739908218383789e+00
9.246665239334106445e-02
6.234942674636840820e-01
-1.239328622817993164e+00
-1.101368144154548645e-01
-2.604787051677703857e-01
-1.523529529571533203e+00
-9.660156965255737305e-01
1.706760764122009277e+00
-2.010076999664306641e+00
1.084500432014465332e+00
2.283256292343139648e+00
-5.324587821960449219e-01
2.083592653274536133e+00
6.174908876419067383e-01
-1.001099348068237305e+00
-2.215528011322021484e+00
1.015655755996704102e+00
-6.371694803237915039e-01
-1.635820031166076660e+00
1.008768677711486816e+00
-1.072220206260681152e+00
8.644501864910125732e-02
-2.101221323013305664e+00
-5.191938877105712891e-01
7.110038995742797852e-01
-4.741384387016296387e-01
2.697662711143493652e-01
