-2.355493545532226562e+00
-1.927937150001525879e+00
-3.611747622489929199e-01
5.623233690857887268e-02
1.122190356254577637e+00
-2.206053435802459717e-01
-9.155995249748229980e-01
8.167500048875808716e-02
-2.035979181528091431e-02
1.333531498908996582e+00
-6.438224315643310547e-01
2.333138942718505859e+00
2.638952732086181641e-01
-3.735099434852600098e-01
1.605475664138793945e+00
1.733891606330871582e+00
7.052466273307800293e-01
-3.378731757402420044e-02
-4.014915823936462402e-01
3.594085946679115295e-02
-1.463179469108581543e+00
-5.040547847747802734e-01
-5.655034184455871582e-01
2.425119161605834961e+00
4.332355689257383347e-03
-3.032135963439941406e-01
3.021902143955230713e-01
6.868712604045867920e-02
4.854849278926849365e-01
5.618755817413330078e-01
-4.594489037990570068e-01
1.669566035270690918e-01
-6.790829896926879883e-01
2.054010152816772461e+00
-6.132977455854415894e-02
7.489326000213623047e-01
-6.686537265777587891e-01
2.285199642181396484e+00
1.995872855186462402e+00
5.271574854850769043e-01
2.485629558563232422e+00
-1.446540474891662598e+00
1.887468695640563965e+00
2.217432111501693726e-01
2.928041517734527588e-01
1.123424649238586426e+00
8.161976337432861328e-01
-9.006180763244628906e-01
-1.545707583427429199e+00
-3.559905290603637695e-01
-1.319940567016601562e+00
-1.137087702751159668e+00
3.147440850734710693e-01
-9.810167551040649414e-01
-9.522504806518554688e-01
8.107966780662536621e-01
-1.326647877693176270e+00
1.400414109230041504e+00
2.266368418931961060e-01
-5.564880371093750000e-01
-1.450986623764038086e+00
9.801833331584930420e-02
1.299099087715148926e+00
3.816588521003723145e-01
2.480501830577850342e-01
-3.145243227481842041e-02
2.275480479001998901e-01
1.926801085472106934e+00
9.335452318191528320e-01
3.888429105281829834e-01
-1.973914742469787598e+00
2.085459709167480469e+00
-4.075635671615600586e-01
7.067943215370178223e-01
1.112210631370544434e+00
1.245334669947624207e-01
-9.957338571548461914e-01
-3.720496594905853271e-01
-1.009431704878807068e-01
-1.122687101364135742e+00
-8.593996763229370117e-01
-1.091571927070617676e+00
1.583904862403869629e+00
1.341362390667200089e-02
2.878013849258422852e-01
2.621289491653442383e+00
-4.517298340797424316e-01
1.519297480583190918e+00
3.050349056720733643e-01
2.040013521909713745e-01
7.309759855270385742e-01
8.992228507995605469e-01
7.559381723403930664e-01
1.048939943313598633e+00
-1.406046748161315918e+00
-2.276885271072387695e+00
-1.043430328369140625e+00
-1.062579751014709473e+00
-5.512138605117797852e-01
9.349565207958221436e-02
5.143260955810546875e-01
1.450278878211975098e+00
-1.522598624229431152e+00
-2.304620146751403809e-01
-1.671360492706298828e+00
-1.491879701614379883e+00
-2.633899688720703125e+00
-1.130110383033752441e+00
7.195885777473449707e-01
-3.555263757705688477e+00
-1.368353128433227539e+00
-6.762044429779052734e-01
9.651809334754943848e-01
2.156989276409149170e-02
1.238814234733581543e+00
-4.280765652656555176e-01
5.449677109718322754e-01
-3.342610299587249756e-01
-1.446100711822509766e+00
1.975635170936584473e+00
-2.155348658561706543e-01
-7.140059471130371094e-01
-1.273088097572326660e+00
5.374301671981811523e-01
-6.558256149291992188e-01
-1.789990901947021484e+00
-2.025638103485107422e+00
-2.411807477474212646e-01
