1.489784002304077148e+00
-4.146134853363037109e-01
7.956762313842773438e-01
3.146169334650039673e-02
-3.365196660161018372e-02
-2.172700166702270508e-01
1.422884345054626465e+00
-1.280506610870361328e+00
2.667086422443389893e-01
-6.811807155609130859e-01
1.325136899948120117e+00
-1.501887440681457520e+00
-7.828009724617004395e-01
-3.815751969814300537e-01
-5.203887224197387695e-01
1.402155607938766479e-01
8.570651412010192871e-01
-6.336394548416137695e-01
-2.727270126342773438e+00
1.257047057151794434e+00
2.548466444015502930e+00
1.563272625207901001e-01
8.263246417045593262e-01
5.311726927757263184e-01
-1.024833679199218750e+00
-3.276287913322448730e-01
1.032382726669311523e+00
7.999326586723327637e-01
2.251747995615005493e-01
-1.305920124053955078e+00
1.390205860137939453e+00
-1.217796087265014648e+00
1.260789036750793457e+00
-1.645338773727416992e+00
-1.603313207626342773e+00
-1.378253817558288574e+00
-1.105698347091674805e+00
-8.797256648540496826e-02
-1.344172835350036621e+00
-1.587452739477157593e-02
-2.574288129806518555e+00
-7.254488468170166016e-01
1.084407687187194824e+00
1.945388197898864746e+00
-1.079139411449432373e-01
8.377637267112731934e-01
4.629323482513427734e-01
2.104789495468139648e+00
-1.076644062995910645e+00
-3.719853460788726807e-01
-6.703462004661560059e-01
-2.473488807678222656e+00
2.495912611484527588e-01
-4.556185901165008545e-01
1.317065358161926270e+00
-8.589355945587158203e-01
1.703175663948059082e+00
-1.766329854726791382e-01
-2.437984794378280640e-01
2.097425699234008789e+00
2.053861767053604126e-01
3.100110530853271484e+00
1.399773657321929932e-01
1.836346030235290527e+00
-6.768798232078552246e-01
3.568332195281982422e-01
1.988373637199401855e+00
4.963852167129516602e-01
-6.891741156578063965e-01
7.514852285385131836e-01
1.449328184127807617e+00
-3.450421690940856934e-01
2.411406673491001129e-02
4.254494607448577881e-01
2.954722046852111816e-01
-1.177970051765441895e+00
-8.628401160240173340e-01
-3.464612364768981934e-01
-1.006115555763244629e+00
-2.234199047088623047e+00
7.066797465085983276e-02
-1.926319301128387451e-01
-2.557496786117553711e+00
5.771694183349609375e-01
-1.593294441699981689e-01
-8.799954652786254883e-01
-5.264988541603088379e-01
-9.339553117752075195e-01
9.310152381658554077e-02
-8.269271850585937500e-01
1.304727435111999512e+00
-1.668890118598937988e+00
-9.824404716491699219e-01
2.728527069091796875e+00
-8.516620397567749023e-01
-9.428575634956359863e-01
1.228928089141845703e+00
9.097682833671569824e-01
-5.803983658552169800e-02
-1.049431324005126953e+00
-3.566007316112518311e-01
5.020200014114379883e-01
-9.261065162718296051e-03
1.908020496368408203e+00
3.960586309432983398e+00
9.768282771110534668e-01
7.351838052272796631e-02
-1.092759728431701660e+00
4.980612695217132568e-01
1.008969917893409729e-01
-2.370632737874984741e-01
-2.535122334957122803e-01
7.873989343643188477e-01
-9.259364753961563110e-02
1.595126509666442871e+00
-7.447224855422973633e-01
3.579340577125549316e-01
8.319048285484313965e-01
-2.501638531684875488e-01
-1.492551445960998535e+00
-2.376619338989257812e+00
-1.053816914558410645e+00
-3.861911296844482422e-01
-8.278874158859252930e-01
-1.297975063323974609e+00
-1.247740387916564941e+00
7.372054457664489746e-02
1.656957387924194336e+00
