-9.955160319805145264e-02
-4.450389146804809570e-01
3.611137568950653076e-01
-3.425026655197143555e+00
-3.026628494262695312e-01
-5.775459483265876770e-02
-1.184923410415649414e+00
6.723643541336059570e-01
-2.055114805698394775e-01
-4.364681243896484375e-01
-2.006855607032775879e-01
-1.302388668060302734e+00
3.845587372779846191e-01
9.864799976348876953e-01
-1.236922979354858398e+00
2.920211553573608398e+00
-3.043478131294250488e-01
-4.086252152919769287e-01
-7.990007102489471436e-02
1.103782773017883301e+00
4.577829241752624512e-01
-2.609978318214416504e-01
6.164571642875671387e-01
1.532585859298706055e+00
5.040458217263221741e-02
-9.124065041542053223e-01
-1.496831655502319336e+00
-7.973546981811523438e-01
-3.915538191795349121e-01
1.470744609832763672e+00
-1.450489878654479980e+00
-3.584931373596191406e+00
-3.701364696025848389e-01
-3.512333333492279053e-01
5.853711962699890137e-01
-9.876534342765808105e-01
-1.433302640914916992e+00
3.656367361545562744e-01
-6.730375438928604126e-02
3.811222314834594727e-01
1.304917573928833008e+00
3.639172613620758057e-01
1.939144015312194824e+00
3.774497807025909424e-01
3.574166893959045410e-01
-1.890790581703186035e+00
6.228646636009216309e-01
2.134104251861572266e+00
3.280909299850463867e+00
9.163684844970703125e-01
2.545849680900573730e-01
-1.367767214775085449e+00
1.369532108306884766e+00
5.499476194381713867e-01
1.794587850570678711e+00
1.019035652279853821e-01
8.264511823654174805e-01
4.995448291301727295e-01
1.032997488975524902e+00
1.401080012321472168e+00
4.955718219280242920e-01
-8.062859773635864258e-01
8.371878266334533691e-01
1.041031002998352051e+00
-1.891140080988407135e-02
-4.575655162334442139e-01
4.960755109786987305e-01
-4.015928804874420166e-01
-4.442398846149444580e-01
9.496003389358520508e-01
1.017197608947753906e+00
-6.158376336097717285e-01
6.713122874498367310e-02
-6.896250844001770020e-01
-2.237750291824340820e+00
-3.381083905696868896e-01
-2.702996730804443359e-01
-2.458091676235198975e-01
-2.568066716194152832e-01
-3.434048175811767578e+00
-1.926021724939346313e-01
-1.095004439353942871e+00
-4.759741425514221191e-01
-4.663204848766326904e-01
1.397547721862792969e+00
7.785757780075073242e-01
-6.464833617210388184e-01
1.547171115875244141e+00
-1.223207950592041016e+00
3.766332566738128662e-01
5.951576828956604004e-01
-7.792611122131347656e-01
-1.336336016654968262e+00
3.212815821170806885e-01
1.877659440040588379e+00
-1.217664122581481934e+00
1.943560242652893066e+00
7.297637406736612320e-03
-9.073730707168579102e-01
9.135983884334564209e-02
2.852550029754638672e+00
2.122705459594726562e+00
2.402774691581726074e-01
-2.568791508674621582e-01
-5.647208690643310547e-01
5.051107406616210938e-01
-4.692510962486267090e-01
-4.710730016231536865e-01
-6.045827865600585938e-01
-2.644247531890869141e+00
1.192550301551818848e+00
-8.214470148086547852e-01
-1.041272759437561035e+00
-3.580713570117950439e-01
2.480906009674072266e+00
-7.375140190124511719e-01
-4.008154273033142090e-01
-8.497156500816345215e-01
1.315823290497064590e-02
-6.057942509651184082e-01
2.173311233520507812e+00
-8.962149173021316528e-02
-8.637633323669433594e-01
-1.172065973281860352e+00
-1.507372260093688965e-01
-8.014232516288757324e-01
-1.173479855060577393e-02
-1.788556575775146484e+00
