2.063266754150390625e+00
5.040181875228881836e-01
1.340402126312255859e+00
-5.664578676223754883e-01
-2.731287479400634766e-01
1.531412243843078613e+00
9.293058514595031738e-01
-9.565231204032897949e-02
-1.672165989875793457e+00
1.429322123527526855e+00
2.758454717695713043e-02
5.466513037681579590e-01
4.167923927307128906e-01
2.593409502878785133e-03
-6.375405192375183105e-01
7.532058954238891602e-01
4.785699844360351562e-01
1.239134073257446289e+00
-9.830839037895202637e-01
-9.124331921339035034e-02
5.768215060234069824e-01
5.802368521690368652e-01
2.566493749618530273e-01
-1.991593837738037109e+00
1.274154543876647949e+00
-1.381727159023284912e-01
-5.692344903945922852e-01
-1.685073524713516235e-01
9.635808318853378296e-02
9.656521081924438477e-01
-7.811619043350219727e-01
-1.415105909109115601e-01
-1.405251502990722656e+00
1.336179018020629883e+00
-3.971854150295257568e-01
-9.642968326807022095e-02
-1.393569260835647583e-01
2.174623250961303711e+00
-1.455923557281494141e+00
-1.020402088761329651e-01
3.604424238204956055e+00
1.409247159957885742e+00
1.790876507759094238e+00
-1.269481480121612549e-01
6.204255223274230957e-01
-2.238542795181274414e+00
-1.253944873809814453e+00
7.308450937271118164e-01
8.569150567054748535e-01
7.968220710754394531e-01
-1.026878580451011658e-01
-3.606350123882293701e-01
-5.950645804405212402e-01
-1.023525118827819824e+00
1.367072582244873047e+00
9.784314036369323730e-01
-1.198765993118286133e+00
-7.275719046592712402e-01
-1.064728140830993652e+00
4.713971316814422607e-01
1.906287968158721924e-01
-3.771212697029113770e-01
1.966733783483505249e-01
5.567767024040222168e-01
3.334854125976562500e+00
-2.934967756271362305e+00
-1.128209471702575684e+00
1.030211448669433594e+00
9.690350890159606934e-01
1.375019669532775879e+00
5.846533775329589844e-01
2.192458957433700562e-01
-7.053828239440917969e-01
1.297170996665954590e+00
-9.870078414678573608e-02
-8.984342813491821289e-01
1.876006841659545898e+00
4.054809510707855225e-01
9.238757491111755371e-01
-1.488454461097717285e+00
-7.126203775405883789e-01
1.528545469045639038e-01
7.927572727203369141e-01
-4.613375663757324219e-02
1.043099403381347656e+00
-1.327852755784988403e-01
-7.211377024650573730e-01
3.966586887836456299e-01
-1.704547882080078125e+00
-1.173974275588989258e+00
1.455574929714202881e-01
-2.018095731735229492e+00
5.279753208160400391e-01
-4.746948480606079102e-01
-9.681398868560791016e-01
7.868981361389160156e-01
3.002783656120300293e-01
-2.120935678482055664e+00
-2.217371225357055664e+00
3.485349193215370178e-02
-5.210309028625488281e-01
-1.832161545753479004e+00
1.326150894165039062e+00
-7.561079263687133789e-01
-1.466218113899230957e+00
-8.751681447029113770e-01
-2.240525484085083008e-01
7.133785486221313477e-01
2.799171924591064453e+00
7.888824911788105965e-04
-1.538931727409362793e+00
6.148869991302490234e-01
-1.189528703689575195e+00
4.974978268146514893e-01
8.104633688926696777e-01
-1.012298703193664551e+00
3.156868815422058105e-01
-1.093747019767761230e+00
-1.677102208137512207e+00
8.049830198287963867e-01
-1.507328033447265625e+00
-9.497896432876586914e-01
2.805149853229522705e-01
7.462963461875915527e-01
-1.578838706016540527e+00
-2.441972941160202026e-01
-7.273103594779968262e-01
-5.282976627349853516e-01
