1.119978547096252441e+00
2.956528067588806152e-01
-4.556927829980850220e-02
8.116803318262100220e-02
-1.734606981277465820e+00
2.064080089330673218e-01
5.678616762161254883e-01
1.479559421539306641e+00
1.183874249458312988e+00
-4.189194440841674805e-01
3.801664829254150391e+00
4.994867742061614990e-01
-2.130216509103775024e-01
-1.826121211051940918e+00
-1.161573529243469238e+00
-6.296902298927307129e-01
1.300806641578674316e+00
1.237364649772644043e+00
5.585752129554748535e-01
1.582182288169860840e+00
3.449585735797882080e-01
1.651355743408203125e+00
-3.751282691955566406e-01
1.149752259254455566e+00
-3.545767784118652344e+00
6.400303542613983154e-02
-7.203081846237182617e-01
-4.212901294231414795e-01
2.880655825138092041e-01
-1.783248066902160645e+00
4.589774608612060547e-01
5.539687871932983398e-01
-2.109558582305908203e-01
-2.946563243865966797e+00
-4.338893294334411621e-01
-4.239199459552764893e-01
-9.711297154426574707e-01
5.709724426269531250e-01
-6.153650879859924316e-01
8.274480700492858887e-02
-7.973397150635719299e-03
2.007835388183593750e+00
1.012160778045654297e+00
1.486319184303283691e+00
6.810820698738098145e-01
8.124947547912597656e-01
-1.997854858636856079e-01
6.171739697456359863e-01
2.153424918651580811e-01
-6.745758652687072754e-02
-1.431949734687805176e+00
-1.497491240501403809e+00
-1.143204569816589355e+00
-1.015177130699157715e+00
1.635986417531967163e-01
-1.695281744003295898e+00
-1.088254094123840332e+00
-7.849106788635253906e-01
-1.781539440155029297e+00
1.042888402938842773e+00
-2.531932592391967773e-01
3.325664520263671875e+00
5.612538382411003113e-02
-1.030863542109727859e-02
1.587627887725830078e+00
-1.290516614913940430e+00
-1.204042196273803711e+00
-5.810250639915466309e-01
-6.753653287887573242e-01
7.013209462165832520e-01
1.392296999692916870e-01
5.507371425628662109e-01
9.581813812255859375e-01
2.383488267660140991e-01
-1.176310539245605469e+00
-1.646970272064208984e+00
-1.230429649353027344e+00
2.149781227111816406e+00
1.402840577065944672e-02
-1.238498449325561523e+00
4.079670831561088562e-02
-1.808983325958251953e+00
-2.339995950460433960e-01
-3.007214069366455078e-01
-1.370140790939331055e+00
7.269229292869567871e-01
2.855415046215057373e-01
-8.676789999008178711e-01
2.043961524963378906e+00
-6.467882990837097168e-01
5.866516828536987305e-01
-1.021776199340820312e+00
-1.861545085906982422e+00
1.090011477470397949e+00
-5.629101395606994629e-01
7.095904350280761719e-01
1.708060979843139648e+00
-8.863193392753601074e-01
7.844625115394592285e-01
-7.951319217681884766e-01
-2.088625282049179077e-01
-1.162319898605346680e+00
-1.360820829868316650e-01
2.753762960433959961e+00
2.190394401550292969e+00
-1.582128882408142090e+00
-1.496895700693130493e-01
-1.970201253890991211e+00
3.075612545013427734e+00
-6.719326972961425781e-01
1.113143861293792725e-01
-9.730888158082962036e-02
1.831991672515869141e+00
1.173230886459350586e+00
1.318424940109252930e+00
-5.517285466194152832e-01
4.289108216762542725e-01
7.588458061218261719e-02
-7.371518015861511230e-01
9.150495529174804688e-01
-1.911722302436828613e+00
-3.617502748966217041e-01
1.381988525390625000e+00
9.177575111389160156e-01
-7.591976523399353027e-01
-1.984297037124633789e+00
-8.596955537796020508e-01
1.131324321031570435e-01
