1.478955596685409546e-01
1.132874712347984314e-01
2.852575480937957764e-01
8.145397901535034180e-01
-1.345693320035934448e-01
2.892294526100158691e-01
6.150943636894226074e-01
1.190857529640197754e+00
-8.513615727424621582e-01
-9.318737387657165527e-01
2.527532577514648438e-01
-1.156079053878784180e+00
1.443468183279037476e-01
-5.689185261726379395e-01
3.117598295211791992e+00
-4.955151081085205078e-01
4.803595319390296936e-02
-3.011141121387481689e-01
2.148083686828613281e+00
5.146992206573486328e-01
7.023747563362121582e-01
8.296981453895568848e-01
1.469949841499328613e+00
1.079602599143981934e+00
-5.167853236198425293e-01
-7.665047049522399902e-01
-1.789836734533309937e-01
4.877161383628845215e-01
-1.405012905597686768e-01
1.670525312423706055e+00
-1.598750233650207520e+00
9.622579067945480347e-02
-1.167571306228637695e+00
-1.792119741439819336e+00
7.111844420433044434e-01
-1.655022859573364258e+00
-5.302144289016723633e-01
-2.322110652923583984e+00
-2.068976163864135742e+00
-1.983869671821594238e+00
1.771655082702636719e+00
1.336577534675598145e+00
1.412715673446655273e+00
1.055056810379028320e+00
-6.834279000759124756e-02
1.091900110244750977e+00
1.625368371605873108e-02
1.716315507888793945e+00
1.059663653373718262e+00
2.521579742431640625e+00
8.822645545005798340e-01
-2.979654788970947266e+00
1.521982699632644653e-01
-1.407530188560485840e+00
-7.236606478691101074e-01
-3.342649340629577637e-01
1.867286682128906250e+00
4.587235450744628906e-01
-2.644572734832763672e+00
1.751199960708618164e+00
-1.540899634361267090e+00
2.742248773574829102e+00
-8.043056726455688477e-01
5.834202170372009277e-01
1.894243717193603516e+00
-3.423052607104182243e-03
1.131186410784721375e-01
7.640143036842346191e-01
2.548324763774871826e-01
5.977961421012878418e-01
3.893555402755737305e-01
3.709017336368560791e-01
9.289114475250244141e-01
1.221123099327087402e+00
1.106443881988525391e+00
-1.885817527770996094e+00
-7.166892290115356445e-01
-2.864341497421264648e+00
9.269694685935974121e-01
-1.313129901885986328e+00
-4.376631677150726318e-01
-1.333739519119262695e+00
4.501422643661499023e-01
1.252845674753189087e-01
2.991810739040374756e-01
1.150363907217979431e-01
1.123667478561401367e+00
-1.503975033760070801e+00
-1.786407977342605591e-01
-3.594307005405426025e-01
1.382166147232055664e+00
-3.880192935466766357e-01
1.134897708892822266e+00
7.750450968742370605e-01
1.542515754699707031e-01
-1.844722032546997070e+00
1.782584488391876221e-01
4.942139685153961182e-01
-4.762354865670204163e-02
-6.603882908821105957e-01
1.471860527992248535e+00
-2.296430170536041260e-01
3.279298245906829834e-01
3.708167374134063721e-01
-7.027009129524230957e-01
-1.331948161125183105e+00
-1.080545131117105484e-02
-2.204101562500000000e+00
-2.976680696010589600e-01
8.217641711235046387e-01
-9.425845742225646973e-01
-2.492269873619079590e-01
8.467975258827209473e-01
-2.072083950042724609e+00
9.861940145492553711e-01
-1.503833532333374023e+00
1.044209241867065430e+00
-1.001801013946533203e+00
-2.569658756256103516e-01
-2.260528564453125000e+00
-2.385281801223754883e+00
-3.672201037406921387e-01
1.587259322404861450e-01
-2.319280862808227539e+00
-3.955857157707214355e-01
1.965201944112777710e-01
-1.283909797668457031e+00
1.669269204139709473e+00
