-5.856847390532493591e-02
-8.419418931007385254e-01
-2.647018432617187500e-01
-5.850596725940704346e-02
3.739790916442871094e-01
8.761850595474243164e-01
-1.206927657127380371e+00
-6.149099469184875488e-01
-8.041927814483642578e-01
-1.388066172599792480e+00
-9.169171452522277832e-01
4.403647482395172119e-01
3.256635665893554688e-01
-1.375025868415832520e+00
-1.793249249458312988e-01
1.875692605972290039e+00
1.483151435852050781e+00
-2.062668561935424805e+00
-9.056755900382995605e-01
5.295296907424926758e-01
1.935323953628540039e+00
9.389103651046752930e-01
-2.318294905126094818e-02
1.252998948097229004e+00
-1.828991532325744629e+00
5.831528306007385254e-01
1.629965454339981079e-01
-5.222797989845275879e-01
-5.699996650218963623e-02
2.612155377864837646e-01
-4.979822635650634766e-01
-8.533008694648742676e-01
7.650023698806762695e-01
-2.092021852731704712e-01
-7.031719088554382324e-01
1.144709706306457520e+00
4.284555613994598389e-01
1.496019601821899414e+00
-1.136507272720336914e+00
7.630786299705505371e-01
-1.350849747657775879e+00
1.792975187301635742e+00
9.824132919311523438e-01
1.734866499900817871e+00
8.669582009315490723e-01
1.790921211242675781e+00
7.176592350006103516e-01
-1.948732286691665649e-01
-1.450283825397491455e-02
-1.028468966484069824e+00
-1.462348461151123047e+00
1.636093020439147949e+00
-2.466853857040405273e+00
-2.114418745040893555e+00
1.335554242134094238e+00
2.373317480087280273e+00
-1.070656299591064453e+00
2.584452629089355469e+00
1.766296505928039551e+00
1.969222165644168854e-02
-3.256274938583374023e+00
-9.158117175102233887e-01
-4.582827985286712646e-01
-5.288054943084716797e-01
-7.902151942253112793e-01
-1.776342511177062988e+00
-3.368249237537384033e-01
2.602058887481689453e+00
4.092853069305419922e-01
6.902872025966644287e-02
-1.301019430160522461e+00
3.514915704727172852e-01
7.730165719985961914e-01
2.168642282485961914e+00
4.104862920939922333e-03
-1.522131919860839844e+00
3.284384310245513916e-01
1.171243429183959961e+00
8.161409497261047363e-01
8.145442605018615723e-02
2.047694921493530273e-01
7.178006172180175781e-01
-9.508552551269531250e-01
8.644586205482482910e-01
1.465244293212890625e-01
2.654128670692443848e-01
8.760194778442382812e-01
5.200225114822387695e-01
-1.597446560859680176e+00
-4.272371232509613037e-01
1.000770568847656250e+00
-2.689262628555297852e+00
1.811231970787048340e+00
1.196269631385803223e+00
4.746142327785491943e-01
-2.807793617248535156e+00
-1.520092636346817017e-01
-2.270473390817642212e-01
-1.363129377365112305e+00
6.091508865356445312e-01
-1.031510252505540848e-02
-7.265528440475463867e-01
6.685574352741241455e-02
-2.146104335784912109e+00
-2.641740798950195312e+00
-1.225765794515609741e-01
-4.720005989074707031e-01
-3.787454664707183838e-01
8.144584298133850098e-01
-1.270159125328063965e+00
-6.029432415962219238e-01
1.490247488021850586e+00
-1.236159324645996094e+00
-2.087883278727531433e-02
-1.239559888839721680e+00
-2.446745336055755615e-01
1.342904686927795410e+00
8.003582060337066650e-02
1.430294275283813477e+00
-3.641987740993499756e-01
2.371795177459716797e-01
-5.592032670974731445e-01
-1.612218022346496582e-01
1.378991961479187012e+00
-8.938497304916381836e-01
-7.486332058906555176e-01
-1.311010718345642090e+00
1.029426097869873047e+00
