-1.984784007072448730e-01
-1.838466644287109375e+00
2.038570046424865723e-01
3.454152643680572510e-01
9.899619817733764648e-01
1.700520068407058716e-01
1.512065291404724121e+00
-7.510834336280822754e-01
-5.809084773063659668e-01
-1.193048357963562012e+00
4.540408030152320862e-02
-8.033865094184875488e-01
1.531814575195312500e+00
-1.630152344703674316e+00
8.612166047096252441e-01
1.284181952476501465e+00
7.558934092521667480e-01
3.747265338897705078e-01
-2.201719045639038086e+00
1.159856438636779785e+00
6.593404412269592285e-01
2.171554975211620331e-02
2.227401971817016602e+00
2.358081489801406860e-01
-7.257241606712341309e-01
5.580992102622985840e-01
2.048575401306152344e+00
-1.195922732353210449e+00
-1.062100410461425781e+00
-4.003613889217376709e-01
2.358909249305725098e-01
9.941424727439880371e-01
6.451257467269897461e-01
1.055031418800354004e+00
-2.191709280014038086e+00
1.354447007179260254e+00
-1.894898056983947754e+00
8.144329786300659180e-01
1.996768116950988770e-01
1.643055677413940430e+00
1.570289611816406250e+00
1.607627511024475098e+00
1.051578044891357422e+00
2.813452109694480896e-02
2.505855083465576172e+00
-1.019299507141113281e+00
-1.706120610237121582e+00
-9.456231594085693359e-01
-1.186243057250976562e+00
5.167592763900756836e-01
1.306050419807434082e-01
7.082251906394958496e-01
5.667354464530944824e-01
-2.220977544784545898e+00
-3.768154084682464600e-01
1.140553712844848633e+00
-9.805026054382324219e-01
5.038544908165931702e-02
-4.449461996555328369e-01
2.301885843276977539e+00
1.135601699352264404e-01
5.414831042289733887e-01
1.071698069572448730e+00
1.394565224647521973e+00
-3.626508638262748718e-02
-1.340820193290710449e+00
-3.141689896583557129e-01
-5.706619620323181152e-01
-9.893034696578979492e-01
2.354240417480468750e-01
9.661008119583129883e-01
-3.468829691410064697e-01
1.695207595825195312e+00
2.622481286525726318e-01
-1.750028967857360840e+00
-9.343288540840148926e-01
-1.116252899169921875e+00
-9.459100961685180664e-01
2.740808129310607910e-01
-1.229027032852172852e+00
-1.692698717117309570e+00
5.697802901268005371e-01
7.341688615269958973e-04
-9.253449440002441406e-01
1.996192932128906250e+00
-1.915618300437927246e+00
1.043180346488952637e+00
7.588367462158203125e-01
-9.236966818571090698e-02
2.892383038997650146e-01
5.217520594596862793e-01
-2.462196350097656250e+00
2.158833026885986328e+00
-9.005253911018371582e-01
-8.674923777580261230e-01
-1.279845714569091797e+00
1.212599277496337891e-01
-5.783873796463012695e-01
-8.513923883438110352e-01
-3.364524841308593750e-01
1.281783699989318848e+00
-3.922434449195861816e-01
9.319597482681274414e-02
1.030229330062866211e+00
2.297815531492233276e-01
-5.476236939430236816e-01
-8.532771468162536621e-01
3.453906178474426270e-01
1.551520705223083496e+00
-2.083002567291259766e+00
4.224536716938018799e-01
-3.675900995731353760e-01
-6.936450004577636719e-01
1.006744623184204102e+00
-1.059051871299743652e+00
-3.306122422218322754e-01
5.416044592857360840e-01
5.487846136093139648e-01
4.906166791915893555e-01
-1.009995579719543457e+00
1.709360957145690918e+00
-1.261719822883605957e+00
6.595881581306457520e-01
-6.750633120536804199e-01
-1.607568383216857910e+00
-1.319319367408752441e+00
-1.307660222053527832e+00
1.592473864555358887e+00
