For image  0
[ 8.63281415 -1.69558275 -1.74920052 -1.34733737  0.03670045 -3.73167891
 -2.90129611  0.11715896  1.91522514  0.72329776]
ground truth:  0 prediction:  0
For image  1
[ 0.65935696 -1.13512785 -2.09503819  0.3748804   4.70488994 -2.71267276
 -3.18806767  4.0089656  -0.74642989  0.13293306]
ground truth:  7 prediction:  4
For image  2
[ 8.14203588 -1.4141302  -1.42768461 -0.45019399 -1.83035947 -3.35542791
 -1.0609172  -1.08687502  3.61772182 -1.1331404 ]
ground truth:  0 prediction:  0
For image  3
[-0.33130861  8.53216227 -0.61720307 -0.0142548  -1.33741129 -0.39513077
 -1.21208145 -2.40350853 -0.40956451 -1.81048488]
ground truth:  1 prediction:  1
For image  4
[-1.37795473 -1.44921143 -0.88067969  2.11933409 -3.35485839 -0.73240485
 10.74933997 -1.96193464 -0.46707708 -2.64638301]
ground truth:  6 prediction:  6
For image  5
[-1.92194931  0.18186147 -2.53952181 -0.94678972 -3.622055   -0.57850685
 -2.43413744  0.03302591 -1.00400512 12.82986772]
ground truth:  9 prediction:  9
For image  6
[-0.93514447 -2.0836202  -0.86690053 -2.18195105 -0.17697616 -1.68755969
 -3.11029762 15.38881768 -3.18932342 -1.16083926]
ground truth:  7 prediction:  7
For image  7
[-0.15531537 -1.55632104 -2.43295389 -3.00255544  1.45477798 -2.22041671
 -3.31167145 14.98018745 -2.15883854 -1.59841989]
ground truth:  7 prediction:  7
For image  8
[-0.79581191 -2.02165991  0.0497858   0.85946887 -0.92613618 -1.45584564
 -1.75967029  7.07720605  0.81823823 -1.8436863 ]
ground truth:  7 prediction:  7
For image  9
[-0.07491605 -0.45320499 -2.22414484  0.53543759 -1.51778648 -2.0634346
 -1.3090622  -1.39841405  9.3092625  -0.80331964]
ground truth:  8 prediction:  8
For image  10
[ 0.95415407 -1.2428858  -1.83928228 -0.69813819 -2.19971699 -1.84788974
 -1.32841136 -1.92230705 10.61382547 -0.49068363]
ground truth:  8 prediction:  8
For image  11
[-0.14223613 -1.46508514 -3.70248891 -0.82797433  5.98233214 -1.79785777
 -3.44796932  7.44735956 -0.56019221 -1.4753008 ]
ground truth:  4 prediction:  7
For image  12
[ 0.95008379 -0.99610009 -0.59231048 -0.74964397 -2.34037051 -3.05620544
 -2.23382163 -1.6400534  11.30335045 -0.64605013]
ground truth:  8 prediction:  8
For image  13
[-1.75129699 -1.9444655   0.77603326  3.39980508 -0.14438729 -0.54633224
  4.13321559 -2.63503914  0.97500553 -2.26099431]
ground truth:  6 prediction:  6
For image  14
[-0.08595882 -1.91379891 -0.72214671  2.89058661 -1.2742477   0.21970509
  6.48415932 -1.39799747 -2.59223974 -1.60664437]
ground truth:  6 prediction:  6
For image  15
[ 2.10574298 -1.49436318 -1.96679757 -0.54379112 -1.68470029 -3.12457505
 -1.94523488 -0.86853446  9.47795096  0.04362788]
ground truth:  8 prediction:  8
For image  16
[ 0.158433   10.51455728 -3.49821551 -0.54078258 -3.32440514 -0.88358617
 -1.20351888 -2.79509598  1.45452585  0.11736345]
ground truth:  1 prediction:  1
For image  17
[ 0.12301537 -0.28010976 -2.88277012  0.24074768 -2.84690812 -1.14195602
 -1.62494137  0.10942968  2.45334304  5.84354215]
ground truth:  9 prediction:  9
For image  18
[-0.74297718  2.24943238 -2.86467015 -0.48775868 -3.36586466 -2.45097487
 -0.1266126  -0.66031741 -0.26970577  8.71832907]
ground truth:  9 prediction:  9
For image  19
[-1.45221114 11.42078071 -2.60634258 -0.38419895 -3.05273091 -2.03050903
 -1.22280054 -2.07417434 -0.52030495  1.9262258 ]
ground truth:  1 prediction:  1
For image  20
[-0.48446706 -2.74370894  6.71423203  1.01716297  1.363284   -0.6415132
 -0.96006926 -0.82413667 -1.48745971 -1.95578446]
ground truth:  2 prediction:  2
For image  21
[ 1.03855752 -2.84595464 -1.1995748   6.07386056 -2.21185911  0.00841625
 -1.92905692  3.14033893 -0.51198524 -1.56448568]
ground truth:  0 prediction:  3
For image  22
[-2.03964312 -1.66853046 -2.056033    3.28943203 -0.65505068  6.36123836
 -3.68338126  2.9613138  -1.93132311 -0.57891348]
ground truth:  5 prediction:  5
For image  23
[-1.69625182 11.23639007 -2.91605895 -0.95126745 -3.16118352 -2.1689304
 -1.47823478 -2.89771577  0.42455332  3.60805248]
ground truth:  1 prediction:  1
For image  24
[-6.73420386e-01 -2.63027205e+00 -2.21660979e+00  9.53586679e+00
 -2.55296758e+00  6.53407378e+00 -3.91497671e-01 -2.63699039e-04
 -4.50793355e+00 -3.09857179e+00]
ground truth:  5 prediction:  3
For image  25
[-0.28823645 -1.56992596 -0.2845146   0.32937231 -0.71805618 -1.1242178
  6.77455878 -1.56901254  0.24163994 -1.79426559]
ground truth:  6 prediction:  6
