For image  0
[ 9.26352146 -1.76869242 -1.87149279 -1.71030961  0.10125194 -3.95826607
 -2.9760424   0.14615483  1.76812885  1.00748047]
ground truth:  0 prediction:  0
For image  1
[ 0.66751135 -0.97303465 -2.19832409  0.05488842  4.98698799 -2.90363188
 -3.27779531  4.37879122 -0.85889801  0.12822396]
ground truth:  7 prediction:  4
For image  2
[ 8.75753448 -1.43162312 -1.54494018 -0.91051399 -1.8572326  -3.63446679
 -1.16402303 -1.19267414  4.10326094 -1.12274287]
ground truth:  0 prediction:  0
For image  3
[-0.41347419  9.52909534 -0.74367871 -0.54284185 -1.37428684 -0.54880969
 -1.24287221 -2.54824801 -0.28655332 -1.82864365]
ground truth:  1 prediction:  1
For image  4
[-1.51402138 -1.45838034 -0.80924165  1.82901934 -3.39958273 -0.97672824
 11.77541726 -2.15420732 -0.55455858 -2.7383434 ]
ground truth:  6 prediction:  6
