-7.780995965003967285e-01
-1.643806248903274536e-01
-1.033299922943115234e+00
2.340365648269653320e-01
9.369160532951354980e-01
-6.002631783485412598e-01
7.821426987648010254e-01
-1.759339094161987305e+00
-6.642264723777770996e-01
2.522403955459594727e+00
1.092421054840087891e+00
1.770302653312683105e-01
-1.825031787157058716e-01
7.762476205825805664e-01
1.296853661537170410e+00
-6.506170630455017090e-01
8.280082792043685913e-02
1.296380758285522461e+00
-2.026272058486938477e+00
-6.157003641128540039e-01
1.689806461334228516e+00
2.492715567350387573e-01
-4.343686103820800781e-01
-6.913129687309265137e-01
-2.511031389236450195e+00
-1.105051934719085693e-01
7.442019879817962646e-02
-3.879331052303314209e-01
5.811138153076171875e-01
7.255604863166809082e-01
-3.084495663642883301e-01
4.794885218143463135e-02
1.118472576141357422e+00
-1.002180457115173340e+00
-1.068245097994804382e-01
2.623260498046875000e+00
6.265220642089843750e-01
9.756416082382202148e-01
2.655000388622283936e-01
2.982235252857208252e-01
5.586289763450622559e-01
-1.061830401420593262e+00
7.216588258743286133e-01
2.284221053123474121e-01
-2.126551717519760132e-01
6.645869016647338867e-01
-2.296054840087890625e+00
-7.752698063850402832e-01
7.619782686233520508e-01
1.596030831336975098e+00
-9.570963382720947266e-01
2.252223640680313110e-01
1.298736691474914551e+00
-2.431087940931320190e-01
-1.422993183135986328e+00
2.293280363082885742e+00
-6.686586141586303711e-01
1.621508002281188965e-01
-1.213950872421264648e+00
8.939841985702514648e-01
-3.586184978485107422e-01
7.243875861167907715e-01
-5.421851277351379395e-01
2.235032796859741211e+00
-9.766743779182434082e-01
-3.720219135284423828e-01
6.394481658935546875e-01
-1.854151636362075806e-01
-4.655124545097351074e-01
9.923611283302307129e-01
1.156630039215087891e+00
-6.189421415328979492e-01
4.483374357223510742e-01
1.163243174552917480e+00
9.002219438552856445e-01
-1.749417901039123535e+00
-9.361518621444702148e-01
9.254281520843505859e-01
1.938130617141723633e+00
-2.268711805343627930e+00
-8.946640491485595703e-01
-6.451145410537719727e-01
-1.761653721332550049e-01
-1.036911845207214355e+00
1.090700149536132812e+00
1.513799071311950684e+00
-1.080547645688056946e-02
-3.358103930950164795e-01
-9.177842140197753906e-01
-8.819113373756408691e-01
-2.494158595800399780e-01
-3.875709474086761475e-01
-1.015139222145080566e+00
1.966221690177917480e+00
-1.755372285842895508e+00
-4.512178599834442139e-01
5.452808737754821777e-01
1.338864564895629883e+00
-1.264609098434448242e+00
1.436833024024963379e+00
2.421348810195922852e+00
9.837260842323303223e-01
8.110661506652832031e-01
-2.414503097534179688e-01
2.279867976903915405e-01
-3.309909105300903320e-01
4.025301337242126465e-01
-4.043334126472473145e-01
-1.065694689750671387e+00
-3.051537990570068359e+00
-2.396724224090576172e+00
9.454071521759033203e-01
-2.768271446228027344e+00
1.382844090461730957e+00
-2.622960694134235382e-02
7.371614575386047363e-01
-4.691312909126281738e-01
1.483026504516601562e+00
-7.093683481216430664e-01
2.855328321456909180e-01
-9.402887225151062012e-01
-6.839469075202941895e-01
-1.087509170174598694e-01
-5.613207221031188965e-01
-1.748190641403198242e+00
5.593928694725036621e-01
5.220474600791931152e-01
-8.584934473037719727e-01
