1.598126649856567383e+00
-5.852652192115783691e-01
8.213869333267211914e-01
-2.484245061874389648e+00
-1.713374137878417969e+00
-8.197925686836242676e-01
9.083774089813232422e-01
1.132316827774047852e+00
-2.106971025466918945e+00
-9.026941657066345215e-01
1.122778773307800293e+00
1.032042980194091797e+00
2.629365205764770508e+00
-2.111109644174575806e-01
-1.325671970844268799e-01
-1.433288216590881348e+00
-8.150634765625000000e-01
7.841970920562744141e-01
-8.396677970886230469e-01
7.082252502441406250e-01
4.765814542770385742e-01
-1.841657608747482300e-01
1.026904940605163574e+00
3.781509876251220703e+00
-7.423946261405944824e-01
-2.427051812410354614e-01
-1.709443211555480957e+00
-9.926922917366027832e-01
-3.488078117370605469e-01
9.599791765213012695e-01
-1.305448889732360840e+00
-1.510779023170471191e+00
-5.209045410156250000e-01
-9.766090512275695801e-01
7.873649001121520996e-01
1.677378892898559570e+00
-1.008262515068054199e+00
4.102341234683990479e-01
1.284157335758209229e-01
-1.078149676322937012e+00
5.220681056380271912e-02
-1.236754775047302246e+00
1.646701335906982422e+00
1.656419634819030762e-01
5.581296086311340332e-01
-9.925777316093444824e-01
1.844047009944915771e-01
1.208841323852539062e+00
-4.967745840549468994e-01
1.691870808601379395e+00
1.213270306587219238e+00
-6.701186895370483398e-01
2.612652063369750977e+00
1.984187245368957520e+00
8.076853156089782715e-01
-7.735821008682250977e-01
7.888032197952270508e-01
3.023662865161895752e-01
5.213281512260437012e-01
1.982318758964538574e+00
9.192808270454406738e-01
-1.514939188957214355e+00
9.090679883956909180e-02
-5.158176422119140625e-01
-8.227394819259643555e-01
-1.802825450897216797e+00
1.110370755195617676e+00
6.292192935943603516e-01
5.591545701026916504e-01
9.516666829586029053e-02
1.372355937957763672e+00
2.670342206954956055e+00
2.308309674263000488e-01
-4.735136926174163818e-01
-7.803359627723693848e-01
-4.393608272075653076e-01
-5.757864117622375488e-01
-7.639216184616088867e-01
-2.531742572784423828e+00
-9.597920775413513184e-01
-4.458281770348548889e-02
7.913315296173095703e-02
1.092058300971984863e+00
-4.189951121807098389e-01
2.805527448654174805e+00
3.169097602367401123e-01
8.103534579277038574e-02
1.786507129669189453e+00
-1.904664278030395508e+00
-7.156226634979248047e-01
-2.402574568986892700e-01
-9.694687724113464355e-01
-2.765295207500457764e-01
8.929329514503479004e-01
1.226437091827392578e+00
-1.207221388816833496e+00
9.988272190093994141e-01
-1.099019289016723633e+00
5.895719528198242188e-01
1.294759392738342285e+00
1.873474121093750000e+00
7.816195487976074219e-01
-2.374535560607910156e+00
-1.396863937377929688e+00
-9.376490116119384766e-02
8.788729906082153320e-01
-9.951154142618179321e-02
4.656611979007720947e-01
-8.599805235862731934e-01
-2.364129781723022461e+00
-4.396296143531799316e-01
-1.492794394493103027e+00
-1.558232188224792480e+00
-1.385815382003784180e+00
2.382225036621093750e+00
-9.805460572242736816e-01
-5.563814565539360046e-02
-2.466100454330444336e+00
-2.397653102874755859e+00
-3.399988412857055664e-01
-2.174040488898754120e-02
3.731194734573364258e-01
9.052812457084655762e-01
-3.155254721641540527e-01
-5.511332750320434570e-01
-5.779489278793334961e-01
3.886051177978515625e-01
-3.163598477840423584e-01
