1.224272489547729492e+00
3.144331276416778564e-01
-8.823527693748474121e-01
3.314803838729858398e-01
4.525671899318695068e-01
5.768685340881347656e-01
-6.984715163707733154e-02
-1.895228505134582520e+00
-1.956193327903747559e+00
5.535161495208740234e-01
9.135198593139648438e-01
1.753891348838806152e+00
8.416603803634643555e-01
-1.793957233428955078e+00
-4.449201524257659912e-01
-1.424695968627929688e+00
-1.276665449142456055e+00
1.553832650184631348e+00
-2.420188665390014648e+00
-1.205867648124694824e+00
-8.361953496932983398e-01
-8.524185419082641602e-01
-8.562433123588562012e-01
-6.403296254575252533e-03
-3.008576333522796631e-01
-4.893979728221893311e-01
-7.295383214950561523e-01
2.018473386764526367e+00
5.450346469879150391e-01
-1.521160840988159180e+00
-1.022545576095581055e+00
-1.177272915840148926e+00
5.681003332138061523e-01
1.620117306709289551e+00
6.576456427574157715e-01
1.645821332931518555e+00
2.527795135974884033e-01
1.555519938468933105e+00
-1.884465515613555908e-01
1.427510976791381836e-01
2.259872674942016602e+00
1.753436774015426636e-01
1.584560275077819824e+00
9.218357801437377930e-01
-3.757663965225219727e-01
-1.464878797531127930e+00
9.938902258872985840e-01
4.636145755648612976e-02
1.543765783309936523e+00
1.131603598594665527e+00
1.219391345977783203e+00
-1.297096014022827148e+00
8.170815706253051758e-01
3.259340226650238037e-01
1.565540134906768799e-01
2.197910308837890625e+00
-3.083243370056152344e-01
5.170183181762695312e-01
-1.568760752677917480e+00
-8.854719996452331543e-01
-1.069386482238769531e+00
3.415766060352325439e-01
1.457017213106155396e-01
-2.242498546838760376e-01
-7.191029787063598633e-01
-2.103616237640380859e+00
-1.227550864219665527e+00
-5.049908161163330078e-01
-1.844337701797485352e+00
-1.060831785202026367e+00
-1.107035994529724121e+00
5.197609066963195801e-01
-1.924875259399414062e+00
4.333635866641998291e-01
8.354242444038391113e-01
-3.260308504104614258e-01
-4.487191140651702881e-01
5.628703236579895020e-01
-7.898735404014587402e-01
-1.972156167030334473e-01
1.574902050197124481e-02
1.844111561775207520e+00
2.049979686737060547e+00
-3.037582635879516602e-01
2.266144752502441406e+00
2.646160364151000977e+00
-1.484743356704711914e+00
4.506078958511352539e-01
7.064174115657806396e-02
-5.319218039512634277e-01
-5.088532567024230957e-01
-1.742252111434936523e+00
-1.494686841964721680e+00
1.319181084632873535e+00
-3.921634197235107422e+00
5.019183754920959473e-01
1.478632569313049316e+00
6.163401007652282715e-01
-1.814679950475692749e-01
-2.618048906326293945e+00
2.755658328533172607e-02
2.526806354522705078e+00
-1.642723441123962402e+00
7.713937759399414062e-01
8.842335343360900879e-01
-1.632495403289794922e+00
-5.854595899581909180e-01
-1.508275419473648071e-01
2.185302734375000000e+00
-1.169003129005432129e+00
7.906357645988464355e-01
-3.342284560203552246e-01
-6.292016506195068359e-01
-2.799759805202484131e-01
3.253429830074310303e-01
-2.321956455707550049e-01
1.210328817367553711e+00
-5.755940079689025879e-01
-2.044629573822021484e+00
2.753402233123779297e+00
-2.067553520202636719e+00
-1.676087826490402222e-01
2.027449131011962891e+00
4.999856352806091309e-01
-1.861747950315475464e-01
-8.901058435440063477e-01
1.754134058952331543e+00
2.987847626209259033e-01
