-6.692090034484863281e-01
-1.483852505683898926e+00
1.154691219329833984e+00
-5.882227420806884766e-01
-7.030192017555236816e-01
-3.295341134071350098e-01
2.358888864517211914e+00
5.473628640174865723e-01
-5.088539719581604004e-01
-3.027305841445922852e+00
-2.322208404541015625e+00
1.399259924888610840e+00
9.469583034515380859e-01
-1.947667717933654785e+00
-6.574977040290832520e-01
8.342750072479248047e-01
-3.127379417419433594e-01
2.150496959686279297e+00
2.960585355758666992e-01
1.082980990409851074e+00
-1.198623657226562500e+00
5.623317956924438477e-01
3.158501684665679932e-01
-8.325142860412597656e-01
1.410924643278121948e-01
1.299327492713928223e+00
9.327291846275329590e-01
-2.377739667892456055e+00
-1.358997672796249390e-01
1.287508010864257812e+00
4.453612267971038818e-01
-6.814911961555480957e-01
-3.006934165954589844e+00
-2.976735353469848633e+00
1.386764526367187500e+00
1.549965500831604004e+00
-1.198701336979866028e-01
2.466518878936767578e+00
-1.583649218082427979e-01
-3.271582126617431641e-01
5.508311986923217773e-01
-1.483719050884246826e-01
1.154954433441162109e+00
-4.641737341880798340e-01
-1.601692199707031250e+00
-2.487343102693557739e-01
4.515430033206939697e-01
4.390786886215209961e-01
4.336363375186920166e-01
-7.112134099006652832e-01
9.473934173583984375e-01
-2.615046203136444092e-01
5.461283028125762939e-02
-5.094373822212219238e-01
2.474702596664428711e-01
2.599850416183471680e+00
-6.679577231407165527e-01
1.242608070373535156e+00
-1.702364236116409302e-01
-8.344678282737731934e-01
2.628376483917236328e+00
8.788824677467346191e-01
2.119586169719696045e-01
2.324152141809463501e-01
-9.547945857048034668e-01
-4.909229651093482971e-02
1.496269822120666504e+00
-4.810802936553955078e-01
6.070160269737243652e-01
-9.844266623258590698e-02
2.521135285496711731e-02
1.239027619361877441e+00
3.348033130168914795e-01
1.195729255676269531e+00
-2.987743318080902100e-01
-2.331142902374267578e+00
-1.545745730400085449e+00
-6.413407325744628906e-01
-4.089894592761993408e-01
-2.069191217422485352e+00
2.002996355295181274e-01
3.121910095214843750e+00
5.554094314575195312e-01
4.549481868743896484e-01
1.753793597221374512e+00
3.560037910938262939e-01
-1.327673792839050293e+00
1.009040474891662598e+00
-1.490661621093750000e+00
1.987111687660217285e+00
8.821541666984558105e-01
-1.186244249343872070e+00
-1.200696945190429688e+00
-9.377526640892028809e-01
-8.749978989362716675e-02
5.959087014198303223e-01
-1.452131271362304688e-01
-9.672036170959472656e-01
2.354627609252929688e+00
-1.103096365928649902e+00
1.296463966369628906e+00
-5.638141930103302002e-02
-2.226575851440429688e+00
-1.567287892103195190e-01
-1.763187170028686523e+00
-7.038583159446716309e-01
-3.366898059844970703e+00
-1.216132760047912598e+00
6.731001138687133789e-01
-1.518631339073181152e+00
-6.507552266120910645e-01
2.120487391948699951e-02
-3.174887895584106445e-01
-3.055757284164428711e-01
-6.686871051788330078e-01
3.614159226417541504e-01
1.022048592567443848e+00
-1.161929607391357422e+00
1.579186677932739258e+00
4.503718614578247070e-01
1.654098749160766602e+00
6.780255585908889771e-02
-6.315241008996963501e-02
3.421530723571777344e-01
-4.055472612380981445e-01
-1.301585197448730469e+00
1.820185542106628418e+00
-1.434885740280151367e+00
