-2.214689254760742188e+00
3.495950251817703247e-02
-9.578258991241455078e-01
-2.464407384395599365e-01
-5.206524133682250977e-01
1.263349294662475586e+00
1.122996091842651367e+00
-5.725151300430297852e-01
-5.434994697570800781e-01
1.258716940879821777e+00
2.198720693588256836e+00
-9.397316575050354004e-01
-1.842303276062011719e+00
7.805340886116027832e-01
-1.687379598617553711e+00
-6.115334033966064453e-01
-4.638955295085906982e-01
3.068622827529907227e+00
-8.683568835258483887e-01
2.531449317932128906e+00
4.974348843097686768e-01
-1.183688044548034668e-01
-6.867011189460754395e-01
1.341674327850341797e+00
-1.594077825546264648e+00
6.001780629158020020e-01
-1.263379305601119995e-01
-1.150506615638732910e+00
3.044291734695434570e-01
1.654194712638854980e+00
-1.084358543157577515e-01
1.047826647758483887e+00
1.015662431716918945e+00
1.683350354433059692e-01
-1.504002511501312256e-01
6.523915529251098633e-01
-4.856369495391845703e-01
-1.078594803810119629e+00
-1.350093007087707520e+00
1.669711589813232422e+00
-1.761998534202575684e+00
-1.165721058845520020e+00
1.717531800270080566e+00
1.922189146280288696e-01
-1.232469439506530762e+00
6.443135738372802734e-01
-7.585252523422241211e-01
-1.296190023422241211e+00
-1.120941620320081711e-02
-8.558551073074340820e-01
-1.247203469276428223e+00
-2.300574302673339844e+00
-1.459305047988891602e+00
-1.053354740142822266e+00
3.659196197986602783e-01
8.733335733413696289e-01
1.559816360473632812e+00
-1.605041027069091797e+00
-2.338818609714508057e-01
-8.320049643516540527e-01
-9.731533527374267578e-01
2.176772356033325195e+00
-9.125856757164001465e-01
-1.168875217437744141e+00
1.445009112358093262e-01
1.190141737461090088e-01
-4.403070732951164246e-02
1.548915386199951172e+00
-3.004797101020812988e-01
-3.111148476600646973e-01
3.652534633874893188e-02
-1.154815554618835449e+00
9.478290081024169922e-01
1.313662886619567871e+00
-1.662205457687377930e-01
4.555455595254898071e-02
1.063038945198059082e+00
-1.325301170349121094e+00
6.653671860694885254e-01
-2.903278768062591553e-01
5.507682561874389648e-01
-2.170892477035522461e+00
9.257863759994506836e-01
-6.360152959823608398e-01
7.663272023200988770e-01
8.792166113853454590e-01
-3.441684693098068237e-02
-1.540618538856506348e+00
-9.274908304214477539e-01
2.800185680389404297e-01
2.347144365310668945e+00
-1.004581809043884277e+00
-1.006963253021240234e+00
-1.703292965888977051e+00
-1.626764774322509766e+00
2.811932563781738281e-01
3.397797420620918274e-02
-8.457769453525543213e-02
-1.904242932796478271e-01
-2.692591845989227295e-01
9.624944925308227539e-01
-1.344006896018981934e+00
7.906470298767089844e-01
1.819468975067138672e+00
1.460940539836883545e-01
1.741469860076904297e+00
1.344151139259338379e+00
4.293267056345939636e-02
1.680001854896545410e+00
-1.202354550361633301e+00
1.096861004829406738e+00
3.108136892318725586e+00
2.421849370002746582e-01
-5.384429693222045898e-01
-1.342568248510360718e-01
1.129650950431823730e+00
1.014718651771545410e+00
9.587972760200500488e-01
-1.848708629608154297e+00
9.033980965614318848e-01
-5.997349023818969727e-01
-5.296853780746459961e-01
1.463437676429748535e+00
1.235168427228927612e-01
-1.019963264465332031e+00
-1.569517850875854492e+00
-4.191057384014129639e-01
-8.434283733367919922e-02
