8.983875066041946411e-02
9.426170587539672852e-01
-7.023863196372985840e-01
2.954424023628234863e-01
-1.036244750022888184e+00
-2.527762651443481445e+00
9.480569362640380859e-01
7.432915568351745605e-01
-2.704043865203857422e+00
1.642430782318115234e+00
-1.176687598228454590e+00
1.787685304880142212e-01
-2.835960686206817627e-01
-1.643972396850585938e+00
1.387828111648559570e+00
2.037999033927917480e-01
-3.907763361930847168e-01
-2.719107083976268768e-02
3.955310285091400146e-01
-5.999277830123901367e-01
9.239408969879150391e-01
1.887004137039184570e+00
3.274433612823486328e-01
2.355462789535522461e+00
-1.070063591003417969e+00
-1.452156901359558105e+00
-1.802610635757446289e+00
9.325034618377685547e-01
-2.773668766021728516e-01
9.740865826606750488e-01
1.553958654403686523e-01
8.840509653091430664e-01
-1.871979832649230957e+00
1.447991132736206055e+00
2.290126562118530273e+00
1.462443232536315918e+00
6.209697946906089783e-02
-1.067906737327575684e+00
-1.288404941558837891e+00
-2.702155351638793945e+00
2.149241685867309570e+00
1.080909252166748047e+00
1.566422224044799805e+00
1.206255197525024414e+00
-1.080227017402648926e+00
7.924911379814147949e-01
2.690498530864715576e-01
1.987562924623489380e-01
4.550182521343231201e-01
9.372468590736389160e-01
-6.165343523025512695e-01
-1.266292691230773926e+00
-1.552413463592529297e+00
-5.083021521568298340e-01
-5.450070500373840332e-01
1.522940516471862793e+00
8.737626075744628906e-01
-2.074182778596878052e-01
-2.340107917785644531e+00
1.742807924747467041e-01
5.644705891609191895e-01
4.618927836418151855e-01
1.320177912712097168e-01
-1.342795491218566895e+00
-9.738256335258483887e-01
9.215906858444213867e-01
8.917170017957687378e-02
-8.374615907669067383e-01
-3.439650535583496094e-01
1.282296180725097656e+00
1.445534467697143555e+00
-1.252659201622009277e+00
-1.018760323524475098e+00
7.874522805213928223e-01
-6.230393052101135254e-01
-1.869491696357727051e+00
-7.769104838371276855e-02
7.140162587165832520e-01
5.254160761833190918e-01
-1.488694906234741211e+00
7.065179347991943359e-01
-1.361164689064025879e+00
1.735362887382507324e+00
2.502071857452392578e-02
1.326303362846374512e+00
-8.079180121421813965e-01
-5.498838424682617188e-01
8.092988282442092896e-02
6.091632843017578125e-01
-1.283550977706909180e+00
-8.531179428100585938e-01
6.485740542411804199e-01
3.979888260364532471e-01
2.496638536453247070e+00
-3.942222118377685547e+00
-1.948256134986877441e+00
2.493260204792022705e-01
1.743600726127624512e+00
1.926913261413574219e+00
1.163767337799072266e+00
8.529065251350402832e-01
1.740014553070068359e+00
6.134809255599975586e-01
-9.832946062088012695e-01
-8.078669905662536621e-01
-7.835069298744201660e-02
-2.225530624389648438e+00
-6.237196922302246094e-01
1.099314808845520020e+00
-1.816731214523315430e+00
2.197117060422897339e-01
-4.009722769260406494e-01
5.457111820578575134e-02
-6.215952038764953613e-01
1.061340093612670898e+00
-3.809975385665893555e-01
-6.282324790954589844e-01
3.164376914501190186e-01
-4.607340395450592041e-01
3.469808399677276611e-02
5.015392303466796875e-01
1.098865084350109100e-02
1.029311418533325195e+00
-2.647562742233276367e+00
-4.713636338710784912e-01
5.090811252593994141e-01
-3.384332060813903809e-01
2.102031111717224121e-01
