-3.786716461181640625e-01
1.982983469963073730e+00
-2.324638366699218750e-01
-3.062107086181640625e+00
1.315922737121582031e-01
-2.604978084564208984e-01
1.066021680831909180e+00
1.399545073509216309e+00
2.517401278018951416e-01
5.179865360260009766e-01
1.670156240463256836e+00
2.509198904037475586e+00
2.481089979410171509e-01
7.034341096878051758e-01
-4.506954848766326904e-01
5.266398191452026367e-01
-9.755900502204895020e-02
-1.076547056436538696e-01
1.157694935798645020e+00
-1.026388049125671387e+00
-1.711937427520751953e+00
-1.798662096261978149e-01
4.197735711932182312e-02
1.745834708213806152e+00
-7.776518464088439941e-01
-1.380258500576019287e-01
-2.282079905271530151e-01
-4.227192997932434082e-01
1.452939629554748535e+00
3.837781399488449097e-02
-2.172517478466033936e-01
-1.775059342384338379e+00
-7.196647524833679199e-01
2.368968486785888672e+00
-5.443865656852722168e-01
1.192619681358337402e+00
-1.115331053733825684e+00
-1.508788943290710449e+00
-9.057052135467529297e-01
-6.850257515907287598e-01
-1.070680379867553711e+00
-3.751153647899627686e-01
9.929925799369812012e-01
1.809671074151992798e-01
3.256793022155761719e-01
4.530886113643646240e-01
-7.149140834808349609e-01
2.112690210342407227e+00
3.531216681003570557e-01
-1.006740450859069824e+00
1.491880655288696289e+00
-7.616310119628906250e-01
-1.848904371261596680e+00
4.860533401370048523e-02
2.768531441688537598e-01
1.763118147850036621e+00
3.390889167785644531e-01
5.482440441846847534e-02
-2.649649620056152344e+00
7.740538716316223145e-01
-2.869731485843658447e-01
1.565351486206054688e+00
9.558079838752746582e-01
1.297409415245056152e+00
2.442835330963134766e+00
-2.588886260986328125e+00
-6.318177580833435059e-01
-6.379886269569396973e-01
-6.773224100470542908e-03
1.988398790359497070e+00
-6.125550270080566406e-01
-1.316161513328552246e+00
2.198411464691162109e+00
-3.930015563964843750e-01
8.531488180160522461e-01
-1.577375292778015137e+00
1.767624258995056152e+00
5.695684552192687988e-01
-5.401244759559631348e-01
-2.854321479797363281e+00
-1.866747736930847168e+00
-2.901427268981933594e+00
-6.396000385284423828e-01
-1.272411942481994629e+00
2.121482849121093750e+00
1.792097210884094238e+00
-2.482290267944335938e+00
1.409825980663299561e-01
-8.442419171333312988e-01
-5.532404780387878418e-01
-8.451632857322692871e-01
-8.678721785545349121e-01
-1.188849329948425293e+00
-4.296616613864898682e-01
1.776489242911338806e-02
1.239253640174865723e+00
2.429720461368560791e-01
-3.204491436481475830e-01
8.553720116615295410e-01
2.918922305107116699e-01
2.110786914825439453e+00
5.707210302352905273e-01
-4.613684415817260742e-01
3.293793499469757080e-01
2.479712009429931641e+00
-1.287811160087585449e+00
8.180945515632629395e-01
-9.574239253997802734e-01
1.885479450225830078e+00
1.333411876112222672e-02
1.131177991628646851e-01
1.258447051048278809e+00
1.464143544435501099e-01
-2.495243549346923828e+00
1.566498517990112305e+00
-1.560827136039733887e+00
1.061398386955261230e+00
-9.293716549873352051e-01
-2.098187208175659180e+00
5.663325786590576172e-01
-9.284349679946899414e-01
-1.062314271926879883e+00
1.772164344787597656e+00
1.780066043138504028e-01
1.855719834566116333e-01
-1.716914772987365723e+00
-3.373079299926757812e-01
-2.330822348594665527e-01
