1.167323440313339233e-01
1.124598860740661621e+00
-4.442289099097251892e-02
2.256652414798736572e-01
8.993483185768127441e-01
-1.630176603794097900e-01
-4.897386729717254639e-01
3.304286599159240723e-01
-2.233951538801193237e-01
-3.184357285499572754e-01
-6.422011852264404297e-01
9.433324933052062988e-01
3.112521469593048096e-01
3.017105460166931152e-01
3.489876911044120789e-02
-1.382645964622497559e+00
-3.529683947563171387e-01
1.017406210303306580e-01
1.203310042619705200e-01
-2.372108936309814453e+00
1.276315569877624512e+00
-1.606961011886596680e+00
-1.482660889625549316e+00
8.428111672401428223e-01
-1.104029059410095215e+00
6.987751722335815430e-01
1.057226657867431641e+00
-2.998045206069946289e+00
4.038527309894561768e-01
-5.475157499313354492e-02
2.288412570953369141e+00
-2.716872930526733398e+00
-1.760077834129333496e+00
2.350520372390747070e+00
-1.360431432723999023e+00
1.827033042907714844e+00
2.242874354124069214e-01
-3.327205181121826172e-01
2.146070241928100586e+00
-5.010021328926086426e-01
1.608320713043212891e+00
1.118097782135009766e+00
1.267989754676818848e+00
3.964659869670867920e-01
-2.088956832885742188e-01
-1.853349924087524414e+00
5.864935517311096191e-01
-7.174946069717407227e-01
9.321195483207702637e-01
-8.274554610252380371e-01
2.473336935043334961e+00
4.917286336421966553e-01
-1.606081604957580566e+00
1.052639007568359375e+00
-1.664572477340698242e+00
1.092303276062011719e+00
-1.108968615531921387e+00
-4.895915091037750244e-01
2.836877822875976562e+00
-1.113228201866149902e+00
1.267778635025024414e+00
1.197255253791809082e+00
6.331965327262878418e-01
1.655137658119201660e+00
7.529039978981018066e-01
-1.546508669853210449e+00
-6.736526489257812500e-01
7.381296157836914062e-01
1.124084472656250000e+00
1.707958728075027466e-01
3.814047574996948242e-01
-1.202868700027465820e+00
4.765332043170928955e-01
-2.249781936407089233e-01
-2.721596002578735352e+00
-3.817467093467712402e-01
-1.338875174522399902e+00
-6.623601317405700684e-01
-4.492060840129852295e-01
-1.836649060249328613e+00
3.984327614307403564e-01
7.028588056564331055e-01
-4.281663149595260620e-02
-2.515891790390014648e-01
2.291306018829345703e+00
9.294163584709167480e-01
-2.836210727691650391e+00
3.022795915603637695e-01
2.096194773912429810e-01
-5.235254168510437012e-01
2.345937490463256836e+00
-1.760614871978759766e+00
-3.987259268760681152e-01
1.736481547355651855e+00
-5.111469626426696777e-01
-1.182722568511962891e+00
1.412083387374877930e+00
-4.240841269493103027e-01
6.251031160354614258e-01
-3.858500719070434570e-01
-3.054982721805572510e-01
5.673611164093017578e-01
4.154126644134521484e-01
1.640615105628967285e+00
-1.549675107002258301e+00
-8.288197517395019531e-01
-2.079686164855957031e+00
-1.219482660293579102e+00
2.064043760299682617e+00
-2.072483539581298828e+00
-1.459898054599761963e-01
1.688314974308013916e-01
-3.313543498516082764e-01
-9.160029292106628418e-01
-5.668758153915405273e-01
6.241275668144226074e-01
6.967520117759704590e-01
-6.590299010276794434e-01
-1.142824411392211914e+00
1.629009723663330078e+00
3.305396735668182373e-01
-1.078849192708730698e-02
1.708180189132690430e+00
3.960259854793548584e-01
-4.950468540191650391e-01
8.244687318801879883e-01
-1.893839716911315918e+00
-1.396131038665771484e+00
