6.865290999412536621e-01
-1.845782399177551270e-01
5.673586130142211914e-01
8.821573853492736816e-01
1.553599238395690918e+00
1.407937288284301758e+00
-1.958602517843246460e-01
-1.959896445274353027e+00
3.331407010555267334e-01
-1.858433604240417480e+00
1.420183181762695312e+00
-1.649809718132019043e+00
1.013116121292114258e+00
-2.661770582199096680e-01
-8.592614531517028809e-01
-4.221422672271728516e-01
-1.653527021408081055e-01
1.110131859779357910e+00
-5.106849595904350281e-02
-9.090766310691833496e-01
-8.576929569244384766e-01
-1.673259496688842773e+00
1.423818588256835938e+00
-4.040943831205368042e-02
-9.377251863479614258e-01
2.740278840065002441e-01
2.024332761764526367e+00
-1.155660867691040039e+00
-1.870472073554992676e+00
1.694415211677551270e-01
-1.359849810600280762e+00
1.343178629875183105e+00
-8.450033664703369141e-01
-8.367226123809814453e-01
1.208770990371704102e+00
1.117410898208618164e+00
-3.660919666290283203e-01
-4.013268053531646729e-01
-5.040978193283081055e-01
1.313675045967102051e-01
3.561420142650604248e-01
7.759691476821899414e-01
2.088276863098144531e+00
1.198413729667663574e+00
1.181033253669738770e+00
4.050514698028564453e-01
-1.446196250617504120e-02
1.102053523063659668e+00
-1.767867207527160645e+00
-3.539929389953613281e-01
1.550629854202270508e+00
-6.271589398384094238e-01
1.818432688713073730e+00
-1.118568778038024902e+00
9.470850825309753418e-01
5.125845223665237427e-02
-1.012576222419738770e+00
-1.050805807113647461e+00
1.702384471893310547e+00
2.334550380706787109e+00
-1.471786022186279297e+00
1.756510853767395020e+00
-3.380582332611083984e-01
1.773104071617126465e+00
-1.020528078079223633e+00
-2.734193325042724609e+00
4.141357839107513428e-01
1.594877481460571289e+00
-8.426485061645507812e-01
-1.348780989646911621e+00
3.917627930641174316e-01
9.349405169486999512e-01
-1.615208536386489868e-01
1.382078170776367188e+00
4.832870364189147949e-01
-7.955219745635986328e-01
-2.704267263412475586e+00
-3.672267496585845947e-01
1.762537240982055664e+00
1.024584412574768066e+00
-2.436460703611373901e-01
1.212069034576416016e+00
-1.557028293609619141e+00
-2.861904859542846680e+00
-2.850719094276428223e-01
-9.508541822433471680e-01
-2.372652292251586914e+00
3.180393874645233154e-01
1.592174291610717773e+00
4.734845161437988281e-01
9.758238792419433594e-01
-3.080081224441528320e+00
-1.002509593963623047e+00
6.212574243545532227e-01
-2.294460386037826538e-01
-5.013959407806396484e-01
7.796690613031387329e-02
-1.978446692228317261e-01
-1.373603820800781250e+00
-1.479554653167724609e+00
2.350313961505889893e-01
2.998495101928710938e-01
-3.112861514091491699e-01
1.691690087318420410e-01
1.480538964271545410e+00
-2.551946043968200684e-01
-1.334847956895828247e-01
-1.540494561195373535e+00
2.663181066513061523e+00
-7.070547938346862793e-01
-1.138504743576049805e+00
1.734095931053161621e+00
-4.851984977722167969e-01
3.733853995800018311e-01
-2.319365262985229492e+00
-9.298973679542541504e-01
3.627201914787292480e-01
-3.947995603084564209e-01
2.386513054370880127e-01
1.345018893480300903e-01
-9.241767525672912598e-01
-1.686307042837142944e-01
3.288943320512771606e-02
7.538167834281921387e-01
-3.077935576438903809e-01
1.568168044090270996e+00
-7.381237745285034180e-01
5.571444630622863770e-01
