7.710651159286499023e-01
-1.536103010177612305e+00
3.239639103412628174e-01
1.170176267623901367e-01
-1.492011845111846924e-01
4.711462855339050293e-01
1.255087107419967651e-01
3.696062862873077393e-01
5.462579727172851562e-01
-3.300559222698211670e-01
-2.238615989685058594e+00
-6.145502924919128418e-01
-8.129605054855346680e-01
-9.779729843139648438e-01
-2.260951280593872070e+00
3.406499028205871582e-01
-4.164498448371887207e-01
-4.823874533176422119e-01
5.716598033905029297e-01
-3.708887398242950439e-01
-1.266728043556213379e+00
-1.262564063072204590e+00
-1.744432747364044189e-01
1.497885704040527344e+00
5.380217432975769043e-01
1.067028403282165527e+00
1.029302000999450684e+00
-2.351513385772705078e+00
-2.537554979324340820e+00
3.406665325164794922e-01
8.107417225837707520e-01
8.456556200981140137e-01
-1.351312875747680664e+00
1.446755409240722656e+00
-2.368090115487575531e-02
3.001776695251464844e+00
4.047918617725372314e-01
-7.929119467735290527e-01
7.982373833656311035e-01
-8.237451910972595215e-01
1.030758857727050781e+00
-8.741281032562255859e-01
1.405960559844970703e+00
1.391041636466979980e+00
-7.353494167327880859e-01
-7.703352253884077072e-03
8.036001920700073242e-01
-7.873135805130004883e-01
-2.103866823017597198e-02
-9.514879435300827026e-02
-2.054092288017272949e-01
-2.724007368087768555e+00
-1.204390525817871094e+00
-2.296799182891845703e+00
6.753407418727874756e-02
6.930305361747741699e-01
-1.213420271873474121e+00
3.352003097534179688e+00
1.282364845275878906e+00
-9.525533318519592285e-01
-6.504859924316406250e-01
-1.224531531333923340e+00
1.367354750633239746e+00
-1.065907716751098633e+00
-1.436092138290405273e+00
6.844055652618408203e-01
1.634615957736968994e-01
-9.203467965126037598e-01
8.752933144569396973e-01
1.321377515792846680e+00
1.236752390861511230e+00
-3.148479163646697998e-01
-1.134354341775178909e-02
8.492837548255920410e-01
-1.852406382560729980e+00
-8.716911673545837402e-01
-1.055996060371398926e+00
-5.927723646163940430e-01
-1.194863393902778625e-01
-1.015345573425292969e+00
1.049361944198608398e+00
-1.204178094863891602e+00
7.192276120185852051e-01
1.666999161243438721e-01
7.758744359016418457e-01
-5.860475450754165649e-02
1.344727277755737305e-01
1.113965392112731934e+00
1.805052638053894043e+00
5.401556491851806641e-01
-1.134967207908630371e+00
5.403139591217041016e-01
-1.189581751823425293e+00
-2.590248286724090576e-01
2.576141357421875000e-01
-1.481712758541107178e-01
-5.316224321722984314e-02
3.319251835346221924e-01
1.880281090736389160e+00
8.735243678092956543e-01
2.792584002017974854e-01
9.665994644165039062e-01
-1.386336207389831543e+00
-1.619676351547241211e+00
-6.968876719474792480e-02
3.392725586891174316e-01
-2.822143793106079102e+00
-2.096913903951644897e-01
2.205227375030517578e+00
4.574027955532073975e-01
2.005779743194580078e+00
-7.440612912178039551e-01
4.718768298625946045e-01
2.175939798355102539e+00
5.816277116537094116e-02
7.614075541496276855e-01
-2.727615833282470703e-01
5.635626316070556641e-01
1.368843555450439453e+00
-1.163458466529846191e+00
8.041737675666809082e-01
-2.047202110290527344e+00
2.058946132659912109e+00
-2.573506593704223633e+00
-1.046131849288940430e+00
-5.572935938835144043e-01
9.296624660491943359e-01
8.912172317504882812e-01
