9.218737483024597168e-01
-5.290165916085243225e-02
-1.419937759637832642e-01
2.732028961181640625e-01
-7.277798056602478027e-01
-1.347556829452514648e+00
-1.399951815605163574e+00
-1.120465397834777832e-01
-1.071049571037292480e+00
7.050954103469848633e-01
-7.064058780670166016e-01
-1.138392090797424316e+00
-1.044264435768127441e+00
-1.415242195129394531e+00
-1.120076179504394531e+00
-1.023667812347412109e+00
2.763317525386810303e-01
2.593032836914062500e+00
-6.784250736236572266e-01
8.836279064416885376e-02
1.052325010299682617e+00
-2.369501590728759766e+00
3.055302798748016357e-01
1.338312983512878418e+00
-7.542809844017028809e-01
8.023862242698669434e-01
-1.105629205703735352e+00
-2.498799324035644531e+00
-1.558017730712890625e+00
1.639788746833801270e-01
1.305166482925415039e+00
-1.183897495269775391e+00
1.500778198242187500e+00
4.318861961364746094e-01
2.423242092132568359e+00
3.646964728832244873e-01
1.432841777801513672e+00
-1.856689900159835815e-01
-1.711001396179199219e+00
1.187240362167358398e+00
-1.341564655303955078e+00
-6.765915751457214355e-01
1.640974998474121094e+00
1.291002511978149414e+00
-3.635143935680389404e-01
-4.195885956287384033e-01
-8.534358441829681396e-02
-5.125897526741027832e-01
1.251651525497436523e+00
3.509054660797119141e+00
-1.364335268735885620e-01
-1.212335228919982910e+00
-4.069189727306365967e-01
1.728545546531677246e+00
-2.282707393169403076e-01
-1.977735280990600586e+00
-1.205070495605468750e+00
8.496103286743164062e-01
2.255548477172851562e+00
2.258727550506591797e+00
6.751565933227539062e-01
-1.924553632736206055e+00
1.723298549652099609e+00
9.385293722152709961e-01
-5.570080876350402832e-01
-1.730760559439659119e-02
-1.335110664367675781e+00
-9.394814372062683105e-01
-1.363917827606201172e+00
2.338893890380859375e+00
-5.703881978988647461e-01
-1.285290002822875977e+00
-1.496171206235885620e-01
1.039971038699150085e-01
-5.316458940505981445e-01
-3.092525899410247803e-01
1.602602243423461914e+00
-4.393829107284545898e-01
-5.816766023635864258e-01
-1.609211564064025879e+00
2.955961525440216064e-01
-3.150238990783691406e-01
1.101523756980895996e+00
-1.328138947486877441e+00
2.130813121795654297e+00
1.206323027610778809e+00
-1.915648341178894043e+00
8.938902616500854492e-02
7.089887559413909912e-02
2.056440711021423340e-02
8.499047160148620605e-01
-6.620329618453979492e-01
7.761284112930297852e-01
4.409309029579162598e-01
1.094489336013793945e+00
-1.445626735687255859e+00
1.574013233184814453e+00
9.615870118141174316e-01
-3.209800124168395996e-01
1.244607329368591309e+00
8.327229022979736328e-01
7.762381434440612793e-01
-1.219914436340332031e+00
1.256643891334533691e+00
4.980206489562988281e-01
1.664024472236633301e+00
-1.088966488838195801e+00
-1.265576720237731934e+00
-6.382504701614379883e-01
-1.923383474349975586e+00
1.451391220092773438e+00
-1.727949380874633789e-01
4.798705577850341797e-01
1.286004900932312012e+00
-8.859694004058837891e-01
-2.057675421237945557e-01
3.853530585765838623e-01
-2.677305638790130615e-01
1.949087232351303101e-01
-1.169214621186256409e-01
4.367000162601470947e-01
-1.322271466255187988e+00
-1.170618534088134766e+00
-1.056754589080810547e+00
-1.054887056350708008e+00
-2.029829263687133789e+00
5.574417114257812500e-01
1.475928425788879395e+00
