-1.238485217094421387e+00
1.316204547882080078e+00
-1.132398009300231934e+00
5.587710440158843994e-02
-1.093328356742858887e+00
-1.464154601097106934e+00
-1.538064002990722656e+00
-2.300435155630111694e-01
9.661850333213806152e-01
-1.445083856582641602e+00
-1.151716232299804688e+00
1.840505003929138184e+00
-1.499087691307067871e+00
-2.490918189287185669e-01
8.045960664749145508e-01
6.564002633094787598e-01
-1.378959774971008301e+00
8.864794969558715820e-01
2.030618429183959961e+00
1.116890072822570801e+00
-1.720657825469970703e+00
7.900562286376953125e-01
1.220672249794006348e+00
3.605888783931732178e-01
-1.734989285469055176e+00
3.363572835922241211e+00
-6.098599433898925781e-01
5.170063674449920654e-02
2.113408595323562622e-01
-8.542370051145553589e-02
-6.919156312942504883e-01
4.735807180404663086e-01
-1.226081885397434235e-02
1.272810220718383789e+00
-1.904585808515548706e-01
-3.087866604328155518e-01
-8.295563459396362305e-01
-1.463400244712829590e+00
4.240157306194305420e-01
-3.778392314910888672e+00
1.256241679191589355e+00
1.106312647461891174e-01
1.301829934120178223e+00
2.347349643707275391e+00
4.227147996425628662e-01
-1.091167211532592773e+00
9.531307220458984375e-01
1.115853488445281982e-01
5.338246822357177734e-01
2.848508596420288086e+00
1.351654291152954102e+00
-4.928039014339447021e-01
2.984678149223327637e-01
3.055164813995361328e-01
-9.369632005691528320e-01
1.691617727279663086e+00
1.204030156135559082e+00
1.287693858146667480e+00
9.083981812000274658e-02
1.262073874473571777e+00
5.838788151741027832e-01
1.580615639686584473e+00
-1.305298686027526855e+00
1.336035490036010742e+00
1.840077519416809082e+00
-1.268140673637390137e+00
-1.498257279396057129e+00
1.546588182449340820e+00
8.433232307434082031e-01
-6.580875068902969360e-02
-9.374240785837173462e-02
5.646627545356750488e-01
-2.025128751993179321e-01
-6.208801642060279846e-02
9.212921261787414551e-01
-7.107848525047302246e-01
6.735808849334716797e-01
9.608071446418762207e-01
7.646671533584594727e-01
-3.085829734802246094e+00
-3.021799623966217041e-01
3.621664941310882568e-01
1.620688080787658691e+00
-7.819047570228576660e-01
2.866117954254150391e+00
-2.746463537216186523e+00
-2.900805473327636719e-01
-9.466311335563659668e-01
7.693230509757995605e-01
1.630996942520141602e+00
-2.732735157012939453e+00
-7.353910207748413086e-01
-7.564023733139038086e-01
1.472436785697937012e+00
-2.558077335357666016e+00
-1.115856885910034180e+00
1.122510433197021484e+00
-7.175881266593933105e-01
-1.028789520263671875e+00
1.795464158058166504e+00
-2.049787044525146484e+00
-4.396837949752807617e-01
1.006761550903320312e+00
3.114574551582336426e-01
5.927428975701332092e-02
2.418154478073120117e-01
-1.123850464820861816e+00
-1.163226962089538574e-01
-2.017529726028442383e+00
-2.882367372512817383e+00
-4.646177589893341064e-01
1.040948271751403809e+00
-7.423193752765655518e-02
-1.502108454704284668e+00
-1.648054361343383789e+00
2.164596557617187500e+00
-7.973521351814270020e-01
-3.652743995189666748e-01
-4.943090379238128662e-01
9.933325052261352539e-01
7.626522183418273926e-01
7.795937061309814453e-01
-1.641940355300903320e+00
-2.391406536102294922e+00
7.686697244644165039e-01
-1.321214556694030762e+00
1.229621842503547668e-01
-1.422180891036987305e+00
