-9.986392855644226074e-01
-6.681791273877024651e-04
-1.412439584732055664e+00
-1.265412569046020508e+00
-1.444464087486267090e+00
-7.447991967201232910e-01
8.192153573036193848e-01
1.024981617927551270e+00
-4.304890036582946777e-01
-4.854081571102142334e-01
8.554214239120483398e-01
2.254337966442108154e-01
-7.348453253507614136e-02
1.879250407218933105e+00
1.000856280326843262e+00
-1.463951945304870605e+00
1.558648347854614258e+00
-5.179543495178222656e-01
3.331645727157592773e-01
1.023454904556274414e+00
2.618689537048339844e-01
-2.123019695281982422e+00
-9.857783466577529907e-02
2.885525703430175781e+00
-1.496591567993164062e+00
2.439027428627014160e-01
1.310391545295715332e+00
-6.093473434448242188e-01
1.584299355745315552e-01
3.137162029743194580e-01
7.961671948432922363e-01
-6.249870061874389648e-01
-3.557046130299568176e-02
-1.530896425247192383e+00
-1.535422325134277344e+00
-1.531957387924194336e+00
9.082530140876770020e-01
-1.152780771255493164e+00
-1.709527492523193359e+00
1.284133195877075195e-01
-9.464263170957565308e-02
2.678555727005004883e+00
1.789950609207153320e+00
-4.635209739208221436e-01
6.415485143661499023e-01
1.954660415649414062e+00
4.859305322170257568e-01
1.079118967056274414e+00
2.185435771942138672e+00
-8.393552899360656738e-01
2.788388431072235107e-01
-2.236918449401855469e+00
-3.656084239482879639e-01
-8.693967759609222412e-02
-1.658274412155151367e+00
-3.594005703926086426e-01
1.116216182708740234e+00
1.311199545860290527e+00
-2.505593299865722656e-01
-9.489648938179016113e-01
-1.500125885009765625e+00
7.786281704902648926e-01
-1.699703335762023926e+00
1.121732220053672791e-01
6.343203783035278320e-01
4.265698194503784180e-01
1.954515129327774048e-01
-1.035850882530212402e+00
1.753506064414978027e-01
1.278617262840270996e+00
-1.299173831939697266e-01
-1.474910974502563477e+00
-6.416533142328262329e-02
-3.896293342113494873e-01
-1.329112052917480469e+00
-2.125987529754638672e+00
-7.941272258758544922e-01
6.468017697334289551e-01
-3.359980881214141846e-01
-1.519432306289672852e+00
2.270998001098632812e+00
6.130357980728149414e-01
1.726004600524902344e+00
-4.645614027976989746e-01
5.262537598609924316e-01
-9.401975274085998535e-01
1.906482100486755371e+00
5.104695558547973633e-01
-1.614423990249633789e+00
6.484203934669494629e-01
-1.806248724460601807e-01
-2.310535162687301636e-01
-2.122324109077453613e-01
-2.135815382003784180e+00
-1.031581640243530273e+00
-3.813843429088592529e-01
4.823977947235107422e+00
6.411077976226806641e-01
2.043537139892578125e+00
6.425516605377197266e-01
-1.894346117973327637e+00
9.054737091064453125e-01
7.895959168672561646e-02
1.577222585678100586e+00
2.229527473449707031e+00
-1.507343053817749023e+00
-2.714956521987915039e+00
-4.572281539440155029e-01
1.869906187057495117e+00
-1.815067529678344727e+00
-3.264234066009521484e-01
2.590730488300323486e-01
-9.213762283325195312e-01
-1.095341801643371582e+00
-2.692925035953521729e-01
5.732386708259582520e-01
9.211466312408447266e-01
8.376637101173400879e-01
-3.912630081176757812e-01
1.260154247283935547e-01
-1.354569435119628906e+00
-1.490303725004196167e-01
-1.346354603767395020e+00
3.590445518493652344e-01
3.436360359191894531e-01
4.254467487335205078e-01
-3.347553610801696777e-01
-1.019810914993286133e+00
