7.815756797790527344e-01
-7.634278535842895508e-01
3.760128915309906006e-01
4.013032019138336182e-01
1.715244174003601074e+00
-1.716127872467041016e+00
-6.409387588500976562e-01
-1.550872802734375000e+00
2.229918539524078369e-01
-8.093757629394531250e-01
-7.793194055557250977e-01
-1.791300326585769653e-01
1.734779477119445801e+00
-1.624074816703796387e+00
-1.613941073417663574e+00
-4.444456994533538818e-01
-2.572227716445922852e+00
1.359962582588195801e+00
1.189202070236206055e+00
-3.434220850467681885e-01
-1.031496047973632812e+00
-1.201037526130676270e+00
5.913934111595153809e-01
2.430016040802001953e+00
-6.167788505554199219e-01
1.189753890037536621e+00
4.080926179885864258e-01
-6.383959949016571045e-02
-1.577007293701171875e+00
1.220605850219726562e+00
-6.820790767669677734e-01
1.027444958686828613e+00
1.375544071197509766e+00
5.413208603858947754e-01
-2.617010474205017090e-01
1.607948064804077148e+00
8.449855446815490723e-01
1.153560519218444824e+00
-7.707564830780029297e-01
8.312404751777648926e-01
-1.243626952171325684e+00
2.341684997081756592e-01
1.587880134582519531e+00
-5.420425906777381897e-02
-3.587329685688018799e-01
-1.420034766197204590e+00
-5.781560540199279785e-01
3.011827945709228516e+00
1.488661766052246094e+00
6.142802238464355469e-01
-3.779791593551635742e-01
-8.385762572288513184e-01
2.779515504837036133e+00
4.647406339645385742e-01
-1.172019481658935547e+00
2.207049131393432617e-01
6.844690442085266113e-01
1.864438176155090332e+00
8.812342882156372070e-01
1.955378174781799316e+00
4.049560129642486572e-01
-8.221678733825683594e-01
1.656719207763671875e+00
1.572306394577026367e+00
-1.202732920646667480e+00
-6.750547885894775391e-01
-1.342941522598266602e+00
6.044600605964660645e-01
6.584421992301940918e-01
5.721590518951416016e-01
-5.525678396224975586e-01
-4.941199719905853271e-01
-2.559529803693294525e-02
1.356715522706508636e-02
-2.277738600969314575e-01
-3.813120424747467041e-01
-2.905468344688415527e-01
7.147079706192016602e-01
-1.840087398886680603e-02
-1.082835912704467773e+00
3.384602069854736328e-01
-1.335744738578796387e+00
9.010586142539978027e-01
-4.185664653778076172e-01
-8.282740116119384766e-01
-1.012187600135803223e-01
-6.861757636070251465e-01
1.383554935455322266e+00
8.785826563835144043e-01
-2.935272157192230225e-01
7.093261480331420898e-01
-1.443918228149414062e+00
-3.392317891120910645e-01
1.897199034690856934e+00
-4.593577682971954346e-01
-7.644729614257812500e-01
-8.480466008186340332e-01
1.472438424825668335e-01
-1.707104444503784180e+00
-1.082425951957702637e+00
5.600926280021667480e-01
1.301895022392272949e+00
-5.812803506851196289e-01
3.986128568649291992e-01
-2.338240295648574829e-01
-3.516984581947326660e-01
-3.875068426132202148e-01
-4.097566008567810059e-02
1.628912687301635742e+00
-3.090581178665161133e+00
-1.821864962577819824e+00
1.565135717391967773e+00
-9.621511101722717285e-01
-5.207287892699241638e-02
1.755593538284301758e+00
-1.086008429527282715e+00
7.554350495338439941e-01
-1.911320567131042480e+00
-6.928958296775817871e-01
-1.204403162002563477e+00
-8.712016344070434570e-01
-1.098810553550720215e+00
1.040303707122802734e+00
5.870227217674255371e-01
-1.045438170433044434e+00
-9.317266345024108887e-01
-2.425187587738037109e+00
1.381709456443786621e+00
