-2.799375355243682861e-01
-3.604873120784759521e-01
-1.042946100234985352e+00
2.350536733865737915e-01
-8.764654397964477539e-01
-3.417183458805084229e-01
8.553740382194519043e-01
6.556201577186584473e-01
-2.134765237569808960e-01
3.094995617866516113e-01
9.295782446861267090e-01
2.078879594802856445e+00
1.042505145072937012e+00
2.384498156607151031e-02
1.060201287269592285e+00
6.523973345756530762e-01
7.679873704910278320e-01
3.323868215084075928e-01
-1.090529084205627441e+00
1.501051187515258789e+00
8.700461983680725098e-01
-1.374451041221618652e+00
1.650131702423095703e+00
6.336797773838043213e-02
-6.747093796730041504e-01
-2.561296463012695312e+00
-5.079035162925720215e-01
-1.697244286537170410e+00
1.223024368286132812e+00
2.240345478057861328e+00
-1.478039503097534180e+00
1.797277569770812988e+00
-1.259774327278137207e+00
-2.809217274188995361e-01
-1.085986346006393433e-01
-5.775473117828369141e-01
-4.678690731525421143e-01
-1.004402995109558105e+00
5.464527383446693420e-02
7.973455786705017090e-01
-5.931050181388854980e-01
1.607500553131103516e+00
8.208712935447692871e-01
-1.620624184608459473e+00
-1.636318713426589966e-01
-1.739990264177322388e-01
-6.600906699895858765e-02
7.938707470893859863e-01
-1.026475802063941956e-01
-3.661270141601562500e-01
-7.381433248519897461e-01
-2.067134231328964233e-01
1.377586245536804199e+00
-1.429535388946533203e+00
-2.005464076995849609e+00
-9.268305897712707520e-01
1.088590264320373535e+00
1.810461878776550293e+00
4.640308022499084473e-01
1.192487001419067383e+00
-1.084769487380981445e+00
2.528076171875000000e-01
-7.600439786911010742e-01
2.207412242889404297e+00
-3.047240674495697021e-01
-5.851253867149353027e-01
1.564747929573059082e+00
1.145396590232849121e+00
-8.401655405759811401e-02
2.919841706752777100e-01
2.680153846740722656e+00
-5.205988287925720215e-01
2.277590274810791016e+00
1.144262909889221191e+00
2.962610721588134766e+00
-1.902865171432495117e+00
2.141700387001037598e-01
-1.054408907890319824e+00
-6.385272741317749023e-01
-1.120812535285949707e+00
-3.060701787471771240e-01
-8.688806891441345215e-01
-8.115990757942199707e-01
3.529901802539825439e-01
8.080715537071228027e-01
-5.827120542526245117e-01
8.698378503322601318e-02
-6.404255628585815430e-01
2.008247613906860352e+00
7.504919767379760742e-01
-5.264776945114135742e-01
1.083754181861877441e+00
-1.002486050128936768e-01
3.268355131149291992e-01
8.169523626565933228e-02
2.894188761711120605e-01
-1.260924696922302246e+00
2.675537765026092529e-01
-1.144704341888427734e+00
1.864211916923522949e+00
1.210247799754142761e-01
-3.466262519359588623e-01
6.597533226013183594e-01
-4.694932997226715088e-01
-6.851391196250915527e-01
7.827836871147155762e-01
-1.370028614997863770e+00
-1.302007675170898438e+00
-1.406004428863525391e-01
2.745694816112518311e-01
4.818043708801269531e-01
1.901450514793395996e+00
-9.056468605995178223e-01
1.513365656137466431e-01
-7.210226058959960938e-01
-1.351243972778320312e+00
1.038765072822570801e+00
-1.176450371742248535e+00
-1.733857870101928711e+00
-4.070410251617431641e+00
-1.361608803272247314e-01
9.106569290161132812e-01
1.616149693727493286e-01
-1.807336568832397461e+00
-1.399343609809875488e+00
-1.790090918540954590e+00
4.769396781921386719e-01
-9.805929660797119141e-01
