1.008304715156555176e+00
-7.109716534614562988e-01
3.927522897720336914e-02
4.134111404418945312e-01
1.965302109718322754e+00
2.366486310958862305e+00
6.208795905113220215e-01
1.082450389862060547e+00
-5.374814867973327637e-01
-3.273588120937347412e-01
2.898494601249694824e-01
-8.555418252944946289e-02
1.198107957839965820e+00
-1.847973227500915527e+00
-2.597266912460327148e+00
-4.583096802234649658e-01
-1.096606850624084473e+00
2.723070144653320312e+00
-2.757901847362518311e-01
-4.559966921806335449e-01
-1.070449948310852051e+00
-6.035456061363220215e-01
-8.034392595291137695e-01
5.421298146247863770e-01
-7.831718325614929199e-01
8.109694719314575195e-01
1.059319376945495605e+00
-7.426223754882812500e-01
-2.010813236236572266e+00
-1.137457966804504395e+00
5.641568899154663086e-01
8.479292988777160645e-01
-9.217886924743652344e-01
-1.668208718299865723e+00
3.067311048507690430e-01
2.240663290023803711e+00
-1.912058830261230469e+00
1.059616878628730774e-01
-4.975722730159759521e-01
-1.194740653038024902e+00
2.703600227832794189e-01
-1.701357960700988770e+00
1.062364459037780762e+00
4.179982841014862061e-01
6.112874746322631836e-01
-2.488931119441986084e-01
-7.621257901191711426e-01
1.202931284904479980e+00
1.217782020568847656e+00
-4.860292971134185791e-01
-5.864235162734985352e-01
-7.477826476097106934e-01
4.783416688442230225e-01
-1.573790311813354492e-01
-1.866125226020812988e+00
-2.605284154415130615e-01
3.362394273281097412e-01
1.431849956512451172e+00
4.424210488796234131e-01
3.869997262954711914e-01
-1.638193279504776001e-01
7.493407726287841797e-01
5.464496016502380371e-01
2.307131528854370117e+00
2.439090490341186523e+00
-1.667192280292510986e-01
-2.343858927488327026e-01
1.254599541425704956e-01
-8.357493877410888672e-01
9.759146571159362793e-01
3.651937544345855713e-01
-4.047061204910278320e-01
8.317373394966125488e-01
7.635188698768615723e-01
-1.147277116775512695e+00
-2.504831552505493164e+00
-1.130488991737365723e+00
-8.344945907592773438e-01
4.232855513691902161e-02
-1.430564761161804199e+00
1.606458099558949471e-03
-2.015385389328002930e+00
-1.043340444564819336e+00
-1.348906397819519043e+00
6.119444370269775391e-01
-1.146784424781799316e+00
-1.240858316421508789e+00
7.597711086273193359e-01
1.382150769233703613e+00
5.770291090011596680e-01
1.282947510480880737e-01
-1.884084105491638184e+00
-1.102602720260620117e+00
-7.418916225433349609e-01
1.665148258209228516e+00
-7.390492558479309082e-01
1.638235688209533691e+00
6.178645491600036621e-01
-7.097388505935668945e-01
1.462613344192504883e+00
-1.394262552261352539e+00
5.479018688201904297e-01
9.709665775299072266e-01
-1.427123546600341797e+00
2.420610904693603516e+00
1.988890916109085083e-01
1.300248503684997559e+00
3.001325428485870361e-01
1.393528699874877930e+00
-1.500266313552856445e+00
7.172197848558425903e-02
1.518922001123428345e-01
-1.234644651412963867e+00
2.691718816757202148e+00
5.812488794326782227e-01
5.200417637825012207e-01
6.999977231025695801e-01
1.954109072685241699e+00
-1.508385539054870605e+00
-8.918367028236389160e-01
-3.515995442867279053e-01
6.454483270645141602e-01
1.661730855703353882e-01
-8.760080337524414062e-01
-1.034447073936462402e+00
-1.550314307212829590e+00
-1.354125142097473145e+00
2.622210025787353516e+00
