5.668955445289611816e-01
8.165045380592346191e-01
3.583492338657379150e-01
-3.320469617843627930e+00
4.167481660842895508e-01
1.098303437232971191e+00
-5.307705998420715332e-01
1.473727822303771973e+00
-7.511313557624816895e-01
-4.466848969459533691e-01
1.400885820388793945e+00
5.677256584167480469e-01
1.147408366203308105e+00
1.652682423591613770e-01
-1.005964875221252441e+00
2.735472440719604492e+00
-4.339537024497985840e-01
-3.890414163470268250e-02
5.439067631959915161e-02
-1.489751040935516357e-01
-3.279625475406646729e-01
-7.641770243644714355e-01
6.218307614326477051e-01
1.431951165199279785e+00
2.349927835166454315e-02
-6.813516020774841309e-01
-1.231017947196960449e+00
-6.345617175102233887e-01
-9.679991006851196289e-01
2.210007667541503906e+00
-1.820652008056640625e+00
-3.894494533538818359e+00
-2.525779604911804199e-01
-2.220572680234909058e-01
-7.442767024040222168e-01
-9.322429299354553223e-01
-1.147037863731384277e+00
5.566953420639038086e-01
-5.345143079757690430e-01
2.863415181636810303e-01
1.409315347671508789e+00
3.968853354454040527e-01
1.838958024978637695e+00
1.072942256927490234e+00
-4.131634533405303955e-01
-1.049182534217834473e+00
-1.471143215894699097e-01
2.340959072113037109e+00
3.240334987640380859e+00
-8.020334839820861816e-01
1.634406149387359619e-01
-7.323846220970153809e-01
2.606948912143707275e-01
-3.940711021423339844e-01
1.132899641990661621e+00
-6.516647338867187500e-02
8.122416734695434570e-01
1.271591663360595703e+00
1.444540262222290039e+00
2.392320483922958374e-01
4.714824557304382324e-01
5.438919663429260254e-01
1.206737875938415527e+00
9.970526099205017090e-01
-3.270682692527770996e-01
-2.533863067626953125e+00
-1.902847588062286377e-01
5.496608838438987732e-02
4.607375338673591614e-02
1.158009767532348633e+00
1.005906820297241211e+00
-5.093423128128051758e-01
2.681176960468292236e-01
-6.821609139442443848e-01
-1.602236986160278320e+00
-6.439135670661926270e-01
1.764377951622009277e-02
-3.521430790424346924e-01
3.709379136562347412e-01
-3.320470571517944336e+00
-2.564544081687927246e-01
-6.954220533370971680e-01
-1.188098669052124023e+00
-6.844806075096130371e-01
3.369473218917846680e-01
8.925963938236236572e-02
-1.754326939582824707e+00
8.722894787788391113e-01
-8.588757514953613281e-01
1.646409392356872559e+00
1.364303469657897949e+00
-1.969870448112487793e+00
-7.940759062767028809e-01
-7.593733072280883789e-02
1.771314501762390137e+00
-4.311843216419219971e-01
1.893398761749267578e+00
-2.973379492759704590e-01
-1.967097401618957520e+00
-1.451521635055541992e+00
2.226318836212158203e+00
1.249059319496154785e+00
1.764515340328216553e-01
2.177953533828258514e-02
-3.835801780223846436e-01
-9.196526557207107544e-02
3.048295974731445312e-01
2.302410267293453217e-02
1.006826281547546387e+00
-8.980178833007812500e-01
-4.033225476741790771e-01
7.041149139404296875e-01
-1.674142122268676758e+00
-1.454906225204467773e+00
2.705325126647949219e+00
-1.265301227569580078e+00
1.322453469038009644e-01
-7.333409190177917480e-01
-6.090171337127685547e-01
-4.273348748683929443e-01
1.928340435028076172e+00
-5.109820961952209473e-01
7.911671400070190430e-01
3.901885151863098145e-01
-1.279645711183547974e-01
-6.796572804450988770e-01
-1.203567981719970703e-01
-1.833358287811279297e+00
