1.350857734680175781e+00
-4.207919836044311523e-01
-7.785822749137878418e-01
-2.731580257415771484e+00
1.558785438537597656e+00
-1.370913147926330566e+00
-8.608015179634094238e-01
1.863908767700195312e+00
-1.374806880950927734e+00
4.583218693733215332e-01
1.190489679574966431e-01
1.929069161415100098e+00
1.557196736335754395e+00
4.532067477703094482e-01
1.174984946846961975e-01
1.999153733253479004e+00
-1.180739879608154297e+00
7.545506954193115234e-01
-1.579891443252563477e+00
-6.263594627380371094e-01
7.253100275993347168e-01
-3.221293985843658447e-01
-2.037915229797363281e+00
1.276345252990722656e+00
-1.694478869438171387e+00
1.037026762962341309e+00
-1.596669793128967285e+00
-6.168630719184875488e-02
1.693075180053710938e+00
8.677092194557189941e-01
-8.316578865051269531e-01
-2.880844354629516602e+00
-1.206204891204833984e+00
1.487294435501098633e+00
1.542040228843688965e+00
1.951216101646423340e+00
7.518945336341857910e-01
-1.746466606855392456e-01
4.725553691387176514e-01
-8.373520970344543457e-01
1.861140489578247070e+00
3.227886930108070374e-02
1.311950087547302246e+00
2.676389217376708984e-01
-1.561501860618591309e+00
-1.250246882438659668e+00
5.791654586791992188e-01
1.285460233688354492e+00
1.253646969795227051e+00
-1.351850032806396484e+00
-3.698205947875976562e-01
-6.321104764938354492e-01
6.363735198974609375e-01
1.248150825500488281e+00
2.172352313995361328e+00
1.485938429832458496e+00
-1.077791452407836914e-01
-7.057063579559326172e-01
-2.459205389022827148e+00
2.221620827913284302e-01
-5.348532199859619141e-01
6.624462604522705078e-01
-1.798717230558395386e-01
-1.030793666839599609e+00
1.428989529609680176e+00
-7.078562378883361816e-01
8.823271393775939941e-01
1.485883355140686035e+00
-1.526342868804931641e+00
-4.733174741268157959e-01
-1.943886727094650269e-01
7.702275514602661133e-01
7.256022840738296509e-02
-4.292953908443450928e-01
-2.770487368106842041e-01
9.456170797348022461e-01
7.810435295104980469e-01
1.154376745223999023e+00
2.686307532712817192e-03
-2.810620307922363281e+00
-1.830069541931152344e+00
-2.131523340940475464e-01
6.113349795341491699e-01
-7.370016574859619141e-01
2.667753219604492188e+00
2.799384593963623047e-01
5.424978137016296387e-01
3.860323727130889893e-01
-3.617757856845855713e-01
-4.053409695625305176e-01
8.143568038940429688e-02
-1.057411879301071167e-01
-2.755242884159088135e-01
1.881520032882690430e+00
-1.346264123916625977e+00
9.264976382255554199e-01
8.067277073860168457e-01
-6.157569885253906250e-01
1.168578743934631348e+00
-4.392890259623527527e-02
2.184387683868408203e+00
7.669352889060974121e-01
-1.036778211593627930e+00
-1.051706910133361816e+00
-8.151124715805053711e-01
-3.138996660709381104e-01
-1.791226625442504883e+00
-8.778914809226989746e-01
1.219524621963500977e+00
-4.521927535533905029e-01
8.671124465763568878e-03
-2.564882934093475342e-01
-4.281073808670043945e-01
-3.841183185577392578e-01
1.879625320434570312e+00
-9.754253625869750977e-01
1.286489330232143402e-02
-1.228890299797058105e+00
-4.230311870574951172e+00
1.849525332450866699e+00
1.259497851133346558e-01
-8.831447958946228027e-01
-6.067089736461639404e-02
-7.830186188220977783e-02
-4.233095943927764893e-01
-4.938574135303497314e-01
7.215901613235473633e-01
-1.606815457344055176e+00
