5.855442881584167480e-01
-1.883028388023376465e+00
1.386663317680358887e+00
-3.788313269615173340e-01
9.424044489860534668e-01
6.202296614646911621e-01
8.175899982452392578e-01
6.526592373847961426e-01
-1.016001820564270020e+00
-1.443249821662902832e+00
-2.401039123535156250e+00
1.054003238677978516e-01
3.101013302803039551e-01
-1.767046153545379639e-01
2.321929454803466797e+00
-7.888978719711303711e-02
6.633167266845703125e-01
-3.821133077144622803e-01
-3.322229981422424316e-01
1.732609629631042480e+00
-5.992763638496398926e-01
-2.360153794288635254e-01
1.568585336208343506e-01
-3.883911296725273132e-03
6.056951358914375305e-02
-3.262768983840942383e-01
1.038851618766784668e+00
-3.176981687545776367e+00
1.196822285652160645e+00
-1.550939083099365234e-01
4.243584573268890381e-01
-1.288804173469543457e+00
-7.933987975120544434e-01
-1.373586177825927734e+00
-1.230554103851318359e+00
1.677744686603546143e-01
8.178244829177856445e-01
1.761868409812450409e-02
-2.387161493301391602e+00
-1.261618018150329590e+00
9.095185995101928711e-01
2.379088848829269409e-02
2.097925662994384766e+00
1.371756672859191895e+00
3.062863349914550781e-01
-9.084844589233398438e-01
1.417071104049682617e+00
-2.420950978994369507e-01
-6.511224508285522461e-01
-1.981789708137512207e+00
-1.020090103149414062e+00
-2.251942455768585205e-02
-1.070430636405944824e+00
6.044788956642150879e-01
3.988389372825622559e-01
6.187785863876342773e-01
-2.277894973754882812e+00
1.447199344635009766e+00
1.626016736030578613e+00
-1.079934000968933105e+00
9.616177529096603394e-02
-3.937792479991912842e-01
6.661046147346496582e-01
-2.793653309345245361e-01
5.392764210700988770e-01
-2.014204263687133789e+00
6.943444013595581055e-01
5.540124326944351196e-02
-4.330525696277618408e-01
-1.065863013267517090e+00
4.893891513347625732e-01
7.925437688827514648e-01
-7.096432447433471680e-01
6.923394203186035156e-01
3.362875878810882568e-01
1.289169430732727051e+00
-1.382990360260009766e+00
1.035409688949584961e+00
-2.054306864738464355e-01
-1.162933468818664551e+00
1.303669095039367676e+00
-1.070261955261230469e+00
1.151891469955444336e+00
1.391592502593994141e+00
1.005321741104125977e+00
-4.884252250194549561e-01
-8.824356198310852051e-01
-1.252649903297424316e+00
-4.802470095455646515e-03
1.198076963424682617e+00
8.996314406394958496e-01
1.231905147433280945e-01
-2.423203945159912109e+00
1.551411867141723633e+00
-5.829873085021972656e-01
1.689305305480957031e-01
1.963002920150756836e+00
-6.399642229080200195e-01
-3.859979510307312012e-01
-1.497568964958190918e+00
8.124464750289916992e-01
-6.618040204048156738e-01
-9.027563929557800293e-01
-4.735410511493682861e-01
1.686644554138183594e+00
-1.113578438758850098e+00
-1.621747732162475586e+00
-2.424942255020141602e+00
2.606804370880126953e+00
-1.481039762496948242e+00
1.030044555664062500e+00
-1.149487972259521484e+00
1.297153353691101074e+00
2.140805006027221680e+00
1.535929292440414429e-01
-2.626255750656127930e+00
-1.083803474903106689e-01
-6.499338746070861816e-01
5.606915950775146484e-01
1.874629855155944824e+00
6.638332605361938477e-01
-3.316754698753356934e-01
-8.747885376214981079e-02
7.216507792472839355e-01
-8.173239231109619141e-01
1.888300299644470215e+00
-2.203399837017059326e-01
6.258171796798706055e-01
