7.154071927070617676e-01
2.747537195682525635e-02
-1.926060020923614502e-01
-6.076415777206420898e-01
-1.718901991844177246e+00
-9.904954433441162109e-01
1.451075434684753418e+00
-6.689158082008361816e-01
-1.200157284736633301e+00
1.475779771804809570e+00
-5.633428096771240234e-01
-1.321761608123779297e+00
5.469953417778015137e-01
-8.657546639442443848e-01
1.305223941802978516e+00
-1.711406111717224121e+00
-1.858497709035873413e-01
-2.263736277818679810e-01
-2.887971401214599609e-01
1.130991578102111816e+00
6.314472556114196777e-01
1.176825642585754395e+00
1.159508466720581055e+00
8.138804435729980469e-01
-1.018156766891479492e+00
-5.108070969581604004e-01
6.565585732460021973e-01
9.678911566734313965e-01
3.904251456260681152e-01
-1.797699630260467529e-01
-1.935127854347229004e+00
-3.596129655838012695e+00
-8.275731801986694336e-01
1.507442831993103027e+00
4.985487088561058044e-02
6.974952220916748047e-01
-1.884129047393798828e+00
1.648209691047668457e+00
3.497658371925354004e-01
2.518820524215698242e+00
8.240524530410766602e-01
5.177524685859680176e-01
2.025282382965087891e+00
3.870512545108795166e-01
-1.825697720050811768e-01
1.510158061981201172e+00
-1.317977547645568848e+00
2.618701457977294922e+00
1.204087026417255402e-02
7.571610808372497559e-02
-1.083085775375366211e+00
-6.629856228828430176e-01
7.795164585113525391e-01
-4.837223142385482788e-02
1.130066066980361938e-01
1.558526396751403809e+00
-8.071224689483642578e-01
1.512098550796508789e+00
-2.979940891265869141e+00
1.668686270713806152e+00
8.362524509429931641e-01
-1.292395591735839844e+00
-6.682741045951843262e-01
-1.023873567581176758e+00
1.173160791397094727e+00
-3.308364376425743103e-02
2.750930786132812500e+00
-1.021872684359550476e-01
4.560044109821319580e-01
-1.209398746490478516e+00
4.981922730803489685e-02
2.174751281738281250e+00
2.284278154373168945e+00
1.540389060974121094e-01
1.123651042580604553e-01
-1.441825866699218750e+00
-8.250255584716796875e-01
-3.916118144989013672e-01
-3.031284511089324951e-01
-2.469653129577636719e+00
-3.540798187255859375e+00
1.244166195392608643e-01
-6.534914970397949219e-01
-1.149266839027404785e+00
1.360484480857849121e+00
-5.652167797088623047e-01
-1.351314544677734375e+00
5.841217041015625000e-01
2.485970258712768555e-01
-7.089723944664001465e-01
1.565108776092529297e+00
-8.827676773071289062e-01
3.752587437629699707e-01
1.139758706092834473e+00
6.623703241348266602e-01
-9.584404826164245605e-01
1.550316095352172852e+00
1.375508785247802734e+00
1.371508002281188965e+00
2.444716691970825195e+00
-4.526129662990570068e-01
5.790306329727172852e-01
3.778591454029083252e-01
-1.150355100631713867e+00
7.207463979721069336e-01
1.273800253868103027e+00
-8.498840332031250000e-01
1.090962529182434082e+00
7.159291505813598633e-01
-1.117312431335449219e+00
-6.118755936622619629e-01
-1.094516396522521973e+00
-1.625983119010925293e+00
7.129962444305419922e-01
5.752072855830192566e-02
-9.495465755462646484e-01
7.444791197776794434e-01
-1.682352662086486816e+00
-2.786292433738708496e-01
9.018231928348541260e-02
4.090549647808074951e-01
-7.660135030746459961e-01
-2.122525453567504883e+00
-1.551454067230224609e+00
-5.837363600730895996e-01
7.782991975545883179e-02
-3.937174379825592041e-01
-8.196708559989929199e-01
