-1.253710389137268066e+00
7.121065855026245117e-01
-1.230276107788085938e+00
9.206400811672210693e-02
-2.457814216613769531e+00
1.182173192501068115e-01
6.475325673818588257e-02
1.408740162849426270e+00
-6.234980225563049316e-01
-2.219304561614990234e+00
8.825342655181884766e-01
-2.464514970779418945e+00
8.860586285591125488e-01
7.719846367835998535e-01
-1.386030077934265137e+00
-4.157985448837280273e-01
7.621901035308837891e-01
1.675127029418945312e+00
-1.536510467529296875e+00
3.116754531860351562e+00
-4.903422594070434570e-01
4.090056717395782471e-01
3.755545914173126221e-01
1.722303152084350586e+00
-1.389707207679748535e+00
2.246924638748168945e+00
5.644724369049072266e-01
-6.287450790405273438e-01
4.061589241027832031e-01
-2.497164160013198853e-01
-5.206359624862670898e-01
-1.117000222206115723e+00
-1.076918363571166992e+00
-3.136348247528076172e+00
-5.178737044334411621e-01
5.314949750900268555e-01
-8.222251385450363159e-02
8.474736809730529785e-01
-7.799844741821289062e-01
-1.229195594787597656e+00
3.665921986103057861e-01
-1.080237269401550293e+00
2.948188781738281250e-01
2.201430320739746094e+00
-9.975417852401733398e-01
1.445213854312896729e-01
2.269178390502929688e+00
1.656960606575012207e+00
1.131227850914001465e+00
1.272724509239196777e+00
-1.171971917152404785e+00
-1.783862411975860596e-01
-1.813817858695983887e+00
-3.396919071674346924e-01
4.063177704811096191e-01
1.219082713127136230e+00
-3.410003483295440674e-01
-6.670905947685241699e-01
9.313188195228576660e-01
8.540263772010803223e-01
-9.580355882644653320e-01
2.227823019027709961e+00
-1.260271072387695312e+00
1.274625182151794434e+00
4.070351421833038330e-01
-2.141580581665039062e-01
9.655199646949768066e-01
5.491080880165100098e-01
2.033180236816406250e+00
-8.819907307624816895e-01
-8.170633316040039062e-01
-1.400736451148986816e+00
1.639903306961059570e+00
1.658866763114929199e+00
5.406209230422973633e-01
-1.506963819265365601e-01
1.522936020046472549e-02
3.204608857631683350e-01
-3.661442101001739502e-01
1.282966285943984985e-01
9.399329423904418945e-01
-7.930734008550643921e-02
2.378390073776245117e+00
-8.830754458904266357e-02
2.448073774576187134e-01
1.001930117607116699e+00
-1.372286558151245117e+00
-1.904888868331909180e+00
-1.101247549057006836e+00
3.204632699489593506e-01
9.917666912078857422e-01
-8.754786849021911621e-01
-2.679872989654541016e+00
4.946570992469787598e-01
7.253688573837280273e-01
1.624433517456054688e+00
8.031298518180847168e-01
-6.099284887313842773e-01
1.282819628715515137e+00
-1.522515118122100830e-01
4.060589671134948730e-01
-3.232777595520019531e+00
6.884879469871520996e-01
1.000013113021850586e+00
2.411389589309692383e+00
-3.953453302383422852e-01
-8.356880545616149902e-01
-1.645199894905090332e+00
-3.369971513748168945e-01
-2.071340560913085938e+00
-1.042221784591674805e+00
-2.476642727851867676e-01
1.540494441986083984e+00
-9.767623543739318848e-01
-3.115803003311157227e-01
-3.015430271625518799e-01
-1.443024396896362305e+00
7.581841945648193359e-01
-1.421081900596618652e+00
1.047854423522949219e+00
-1.487097144126892090e+00
1.198592305183410645e+00
1.367298483848571777e+00
-9.795834422111511230e-01
-4.987046122550964355e-01
-1.550065875053405762e+00
4.279418289661407471e-01
-4.520563185214996338e-01
