-8.646795749664306641e-01
-1.915543794631958008e+00
-3.410441279411315918e-01
4.199784696102142334e-01
1.380005031824111938e-01
1.504702568054199219e+00
4.883331656455993652e-01
-4.049026668071746826e-01
-8.535999655723571777e-01
1.323033809661865234e+00
-4.523478448390960693e-01
-2.204176902770996094e+00
4.551469385623931885e-01
-9.125232696533203125e-01
1.438357830047607422e-01
3.716849088668823242e-01
-2.503947913646697998e-01
-4.664566367864608765e-02
-2.936491727828979492e+00
3.183533430099487305e+00
-6.157981157302856445e-01
-2.146903425455093384e-01
1.046795010566711426e+00
1.581816375255584717e-01
-1.416457414627075195e+00
7.569809556007385254e-01
-3.180694580078125000e-01
-6.904647350311279297e-01
1.026160120964050293e+00
3.048088848590850830e-01
1.389930605888366699e+00
-6.904718875885009766e-01
-1.741086125373840332e+00
-3.199487209320068359e+00
8.426363468170166016e-01
-1.240533664822578430e-01
-9.577420353889465332e-01
-5.524052977561950684e-01
-2.451777309179306030e-01
-9.235183596611022949e-01
2.651658296585083008e+00
-1.959708571434020996e+00
1.071623086929321289e+00
2.600498497486114502e-01
1.145696997642517090e+00
-2.032497882843017578e+00
-6.423279643058776855e-01
6.403802633285522461e-01
-1.297979831695556641e+00
2.538990259170532227e+00
8.883804082870483398e-01
-2.263250589370727539e+00
-1.364028751850128174e-01
8.999081701040267944e-02
1.174425721168518066e+00
1.178225398063659668e+00
-4.313377439975738525e-01
-4.179202020168304443e-01
1.409708619117736816e+00
2.421678066253662109e+00
-8.288733959197998047e-01
-4.865994751453399658e-01
-1.221636608242988586e-01
1.428288578987121582e+00
1.714614033699035645e-01
1.296888828277587891e+00
-8.155486546456813812e-03
1.660268425941467285e+00
-7.383291125297546387e-01
-3.010787665843963623e-01
2.601045846939086914e+00
-1.582680106163024902e+00
-4.834150075912475586e-01
9.190288782119750977e-01
-8.511429429054260254e-01
-1.028177976608276367e+00
1.807133257389068604e-01
1.244666457176208496e+00
3.543843626976013184e-01
-5.673424005508422852e-01
1.561281085014343262e+00
2.487113177776336670e-01
-9.005492925643920898e-01
-1.388864755630493164e+00
1.496610522270202637e+00
-5.789109319448471069e-02
-4.366689026355743408e-01
1.074762567877769470e-01
-2.459859102964401245e-02
-5.889809727668762207e-01
4.007387459278106689e-01
1.214623212814331055e+00
2.549805641174316406e-01
2.055745124816894531e-01
6.087862849235534668e-01
-8.604607582092285156e-01
1.871811032295227051e+00
1.126701161265373230e-01
-1.675650119781494141e+00
-6.475568413734436035e-01
2.460221759974956512e-02
9.564966559410095215e-01
-2.943694114685058594e+00
-8.639245629310607910e-01
1.230357408523559570e+00
1.386064887046813965e+00
-4.945071339607238770e-01
-6.138721704483032227e-01
-8.169764876365661621e-01
-4.112092256546020508e-01
3.507523834705352783e-01
2.337356805801391602e-01
9.000186324119567871e-01
9.115950465202331543e-01
-2.827966213226318359e-01
-1.176237702369689941e+00
-6.764100193977355957e-01
-6.342351436614990234e-01
9.214175343513488770e-01
-2.041631937026977539e-01
1.594346761703491211e+00
4.113237857818603516e-01
-5.009092092514038086e-01
-1.814038753509521484e+00
-1.449889779090881348e+00
-3.877204656600952148e-02
4.692564606666564941e-01
-7.113358378410339355e-01
