-5.943583250045776367e-01
1.815038800239562988e+00
5.948341265320777893e-02
1.402844339609146118e-01
-3.656916916370391846e-01
-2.410020083189010620e-01
-2.602684497833251953e-01
7.921623587608337402e-01
8.730310797691345215e-01
-3.998317718505859375e-01
1.354230523109436035e+00
1.018046140670776367e+00
4.802514910697937012e-01
1.295444011688232422e+00
3.611241579055786133e-01
-1.153077483177185059e+00
-9.483392834663391113e-01
4.309481382369995117e-01
6.380875706672668457e-01
-2.302616119384765625e+00
7.653536200523376465e-01
-1.914923906326293945e+00
-1.604425907135009766e+00
6.311892271041870117e-01
-1.700919032096862793e+00
1.504198610782623291e-01
9.698007106781005859e-01
-2.042396783828735352e+00
9.067559242248535156e-01
6.776746511459350586e-01
1.339207172393798828e+00
-3.280974626541137695e+00
-1.935156226158142090e+00
2.592920541763305664e+00
-2.685625314712524414e+00
1.408980250358581543e+00
-5.084616541862487793e-01
-1.161324739456176758e+00
2.497392177581787109e+00
-1.027265548706054688e+00
-2.256139069795608521e-01
1.468695163726806641e+00
1.129493951797485352e+00
1.288180828094482422e+00
7.682658731937408447e-02
6.027977466583251953e-01
1.918317526578903198e-01
1.930335909128189087e-02
4.053938388824462891e-01
-2.691153287887573242e-01
2.202918291091918945e+00
6.467403173446655273e-01
-5.861754417419433594e-01
5.590225458145141602e-01
-2.023770809173583984e+00
2.421420663595199585e-01
-4.737715236842632294e-03
-8.979369401931762695e-01
1.923183083534240723e+00
-8.956417441368103027e-01
9.982292652130126953e-01
2.633618116378784180e+00
-7.224266529083251953e-01
2.109363794326782227e+00
1.899331450462341309e+00
-1.433825850486755371e+00
-8.485676050186157227e-01
-1.015099734067916870e-01
1.396969556808471680e+00
7.136742472648620605e-01
1.757334917783737183e-01
-1.754159688949584961e+00
1.298585295677185059e+00
-1.475109755992889404e-01
-1.758206844329833984e+00
-6.961915493011474609e-01
-6.720118522644042969e-01
-1.485248327255249023e+00
3.884379565715789795e-02
-1.673023343086242676e+00
8.374680876731872559e-01
-8.498103022575378418e-01
-3.478454053401947021e-01
-5.294300317764282227e-01
7.748278379440307617e-01
3.797188401222229004e-01
-2.620903491973876953e+00
-3.275801241397857666e-01
1.135319948196411133e+00
-1.440963447093963623e-01
1.660860538482666016e+00
-1.723291039466857910e+00
-4.169585108757019043e-01
2.573263645172119141e+00
-7.208229899406433105e-01
-6.670491099357604980e-01
1.141535043716430664e+00
5.422030389308929443e-02
5.931959748268127441e-01
6.872094273567199707e-01
-4.914323091506958008e-01
2.738559246063232422e-01
1.134961128234863281e+00
1.925424933433532715e+00
-3.554862141609191895e-01
-7.889403104782104492e-01
-1.164142847061157227e+00
-5.464175939559936523e-01
1.009402155876159668e+00
-9.296908378601074219e-01
-1.587682366371154785e+00
1.514123797416687012e+00
-6.363978981971740723e-01
-2.080146789550781250e+00
2.367936521768569946e-01
-5.342211201786994934e-02
1.651363968849182129e+00
-2.901245057582855225e-01
-1.924664497375488281e+00
4.313026666641235352e-01
-1.075040340423583984e+00
5.232019424438476562e-01
1.029005527496337891e+00
-1.084431782364845276e-01
-6.149012446403503418e-01
1.366737633943557739e-01
-2.047948122024536133e+00
-1.300188064575195312e+00
