9.253661632537841797e-01
-3.861268758773803711e-01
8.600171208381652832e-01
5.519551634788513184e-01
8.614515662193298340e-01
-1.323882579803466797e+00
-1.491020441055297852e+00
9.777325391769409180e-01
-1.240483999252319336e+00
-1.075932264328002930e+00
-1.891985297203063965e+00
2.353258848190307617e+00
1.910050988197326660e+00
-2.896137714385986328e+00
5.973252058029174805e-01
2.867908954620361328e+00
-1.616846919059753418e+00
1.568875074386596680e+00
1.007264614105224609e+00
-8.884738683700561523e-01
-7.158362865447998047e-02
7.829520106315612793e-01
-1.196612596511840820e+00
9.395282864570617676e-01
-1.732458710670471191e+00
1.067680120468139648e+00
-1.432534337043762207e+00
3.460109233856201172e-02
-1.177989006042480469e+00
1.624637126922607422e+00
-6.024991869926452637e-01
1.124623697251081467e-02
-4.430414438247680664e-01
-1.651961922645568848e+00
5.189169645309448242e-01
-1.903377622365951538e-01
-2.057361602783203125e+00
1.187753155827522278e-01
-2.123526781797409058e-01
-2.166305035352706909e-01
9.617388248443603516e-01
-1.582736372947692871e-01
1.110075712203979492e+00
2.634503126144409180e+00
-1.407014012336730957e+00
-2.926514297723770142e-02
-1.138400435447692871e+00
1.002015709877014160e+00
-7.077465057373046875e-01
-2.061956673860549927e-01
1.023982763290405273e+00
-4.012426435947418213e-01
9.998221397399902344e-01
1.437248349189758301e+00
7.423874735832214355e-01
-1.328802108764648438e+00
2.091931104660034180e+00
2.620155811309814453e+00
8.606812357902526855e-01
1.094644427299499512e+00
6.012717261910438538e-02
-3.176080465316772461e+00
4.478482007980346680e-01
-1.171867012977600098e+00
1.240944504737854004e+00
-1.704239964485168457e+00
1.093226671218872070e+00
2.482492208480834961e+00
1.079144716262817383e+00
1.440278530120849609e+00
-2.159846782684326172e+00
6.994078159332275391e-01
-2.036732248961925507e-02
6.938859224319458008e-01
3.432700037956237793e-01
-1.721123158931732178e-01
3.909202814102172852e-01
-1.110727667808532715e+00
8.205811977386474609e-01
-1.794405817985534668e+00
1.281751036643981934e+00
-1.173374056816101074e+00
1.189850926399230957e+00
-2.784498631954193115e-01
1.528788685798645020e+00
-9.410778284072875977e-01
-3.527035713195800781e-01
-5.780295282602310181e-02
-9.536996483802795410e-01
-7.753985375165939331e-02
2.883794605731964111e-01
-1.864958882331848145e+00
1.722285866737365723e+00
8.338283896446228027e-01
-1.487546116113662720e-01
-1.659932017326354980e+00
8.511716127395629883e-01
-2.071853160858154297e+00
2.117257863283157349e-01
-2.853350400924682617e+00
-5.122611522674560547e-01
5.107779502868652344e-01
-7.827696204185485840e-01
1.832513958215713501e-01
-9.831745624542236328e-01
1.671919703483581543e+00
-6.082965135574340820e-01
-2.142514705657958984e+00
-2.549955248832702637e-01
-1.694758534431457520e+00
-1.078878760337829590e+00
1.336686491966247559e+00
8.000536561012268066e-01
-2.060546636581420898e+00
1.503300309181213379e+00
1.552053540945053101e-01
2.066145658493041992e+00
1.894029229879379272e-01
-5.740301609039306641e-01
3.508450686931610107e-01
5.486136674880981445e-01
-6.199241876602172852e-01
-1.465526580810546875e+00
-6.787315011024475098e-01
1.911467872560024261e-03
-9.964582920074462891e-01
-3.834612071514129639e-01
-1.639816015958786011e-01
