-1.012781381607055664e+00
9.221374988555908203e-01
3.758093118667602539e-01
-1.665890812873840332e-01
-1.011450514197349548e-01
-3.702218532562255859e-01
1.620133072137832642e-01
1.729082345962524414e+00
2.364572286605834961e-01
5.325797796249389648e-01
2.866001844406127930e+00
3.668153882026672363e-01
-1.801424384117126465e+00
-8.926236033439636230e-01
1.699429869651794434e+00
-3.973330855369567871e-01
-1.242067217826843262e+00
1.462814688682556152e+00
1.534365892410278320e+00
-1.967254638671875000e+00
5.149426460266113281e-01
-1.000549077987670898e+00
-1.312321186065673828e+00
1.137015670537948608e-01
-2.029693126678466797e+00
-2.105158805847167969e+00
7.854044437408447266e-01
7.839363813400268555e-01
8.598744869232177734e-01
1.537020057439804077e-01
-1.357301950454711914e+00
1.150719046592712402e+00
-2.439924955368041992e+00
1.790726423263549805e+00
1.095712661743164062e+00
-5.328121595084667206e-03
-6.524149775505065918e-01
-2.245755672454833984e+00
1.161909103393554688e+00
-1.037679314613342285e+00
-1.368060708045959473e+00
8.057786226272583008e-01
1.926395773887634277e+00
1.021689295768737793e+00
5.685403347015380859e-01
2.048724174499511719e+00
-1.653862118721008301e+00
2.860353708267211914e+00
-1.648142457008361816e+00
1.108754515647888184e+00
1.992566466331481934e+00
2.092539668083190918e-01
9.066444635391235352e-01
-1.601888895034790039e+00
1.597958803176879883e-01
-7.644501328468322754e-01
1.983882904052734375e+00
-1.681607812643051147e-01
1.433142423629760742e+00
3.583346605300903320e-01
-1.629658699035644531e+00
3.413422584533691406e+00
-1.343564391136169434e-01
-1.295596212148666382e-01
6.571435928344726562e-01
-9.919671416282653809e-01
-2.809565663337707520e-01
5.063354969024658203e-01
-9.195340275764465332e-01
1.531625986099243164e-01
1.955055445432662964e-01
1.178225353360176086e-01
6.733247637748718262e-01
-6.695399880409240723e-01
-1.594450771808624268e-01
-1.405097126960754395e+00
-5.999369174242019653e-02
1.028982084244489670e-02
-1.049983501434326172e+00
-2.518503427505493164e+00
-2.187724113464355469e-01
-5.351012349128723145e-01
-1.084612980484962463e-01
-8.319855332374572754e-01
1.553940653800964355e+00
-1.133666753768920898e+00
-2.451275736093521118e-01
6.742416024208068848e-01
1.262381672859191895e+00
-8.550058007240295410e-01
2.463580816984176636e-01
-1.911274790763854980e+00
8.937875032424926758e-01
7.267584204673767090e-01
-6.043468117713928223e-01
4.671589136123657227e-01
1.362198233604431152e+00
8.333719521760940552e-02
7.225332260131835938e-01
-1.964319089893251657e-04
7.379243969917297363e-01
2.975723743438720703e+00
-2.522763907909393311e-01
8.485199213027954102e-01
1.172257304191589355e+00
4.759640097618103027e-01
-1.967189669609069824e+00
1.140209913253784180e+00
1.341424345970153809e+00
5.212279558181762695e-01
-1.235093474388122559e+00
-2.049977183341979980e-01
-1.669319987297058105e+00
-3.924796342849731445e+00
7.386840879917144775e-02
-2.901174068450927734e+00
1.490037590265274048e-01
8.001611232757568359e-01
-1.715497493743896484e+00
3.235398828983306885e-01
-1.801164746284484863e+00
-1.054747819900512695e+00
2.360356450080871582e-01
-1.695795655250549316e-01
-2.707470022141933441e-02
-2.340618371963500977e-01
-7.513764500617980957e-01
-8.282766938209533691e-01
