2.156224727630615234e+00
7.662071585655212402e-01
-8.966711908578872681e-02
1.899997591972351074e-01
1.918195366859436035e+00
-6.910192966461181641e-01
-2.855386972427368164e+00
6.340520381927490234e-01
-1.529995918273925781e+00
-2.090336561203002930e+00
-1.308705091476440430e+00
-1.729767322540283203e+00
2.274669408798217773e+00
-3.269119501113891602e+00
2.403247833251953125e+00
-3.916324302554130554e-02
-1.323631644248962402e+00
2.147347211837768555e+00
-9.534795880317687988e-01
-2.059009373188018799e-01
-1.401158422231674194e-01
-1.393930554389953613e+00
2.171226292848587036e-01
1.658560633659362793e+00
3.580871820449829102e-01
4.801621735095977783e-01
-3.849222958087921143e-01
-1.394291996955871582e+00
4.890467524528503418e-01
1.782702922821044922e+00
-3.665354847908020020e-02
4.678648412227630615e-01
-7.484832406044006348e-02
1.923128515481948853e-01
1.663335412740707397e-01
-1.080144166946411133e+00
3.312255144119262695e-01
-7.241291403770446777e-01
-8.232333660125732422e-01
-9.584404230117797852e-01
3.570192456245422363e-01
-9.989406466484069824e-01
1.548329949378967285e+00
3.764595389366149902e-01
-6.561191678047180176e-01
9.457983821630477905e-02
-3.015202879905700684e-01
6.132781505584716797e-02
6.146388053894042969e-01
3.186108112335205078e+00
-2.736348211765289307e-01
-2.162099123001098633e+00
1.298545598983764648e+00
1.551758646965026855e+00
1.672133445739746094e+00
1.105433106422424316e+00
6.364238858222961426e-01
1.055258870124816895e+00
1.040154814720153809e+00
2.509766340255737305e+00
-3.419047594070434570e-01
-1.546683430671691895e+00
-6.504340171813964844e-01
-2.618541717529296875e-01
3.779089152812957764e-01
-1.405714273452758789e+00
-1.373781919479370117e+00
2.863941907882690430e+00
2.373737096786499023e-01
-3.801234364509582520e-01
8.023791909217834473e-01
-1.101916909217834473e+00
-5.370522737503051758e-01
9.072318077087402344e-01
-3.149249255657196045e-01
1.262724161148071289e+00
1.961484402418136597e-01
-5.342015027999877930e-01
-2.613449096679687500e+00
-3.769625723361968994e-01
7.539504170417785645e-01
-1.214763760566711426e+00
3.719906508922576904e-01
-1.462277412414550781e+00
5.344633460044860840e-01
4.256332516670227051e-01
-3.591860532760620117e-01
9.418552517890930176e-01
-1.066480517387390137e+00
-8.893499970436096191e-01
-5.485662817955017090e-01
8.557714819908142090e-01
-3.416754901409149170e-01
1.659133553504943848e+00
-1.892578154802322388e-01
-9.817858338356018066e-01
1.485049843788146973e+00
-4.021544456481933594e-01
-6.116539239883422852e-01
9.523944854736328125e-01
8.517364859580993652e-01
4.836325049400329590e-01
-7.905532121658325195e-01
-1.109144330024719238e+00
7.936481833457946777e-01
1.039368510246276855e+00
1.194860339164733887e+00
-1.112279772758483887e+00
3.748478293418884277e-01
5.724211335182189941e-01
-5.184730049222707748e-03
-5.155177116394042969e-01
-1.026529908180236816e+00
-5.267186760902404785e-01
-2.737855315208435059e-01
-7.873349189758300781e-01
2.281511783599853516e+00
-2.507423877716064453e+00
-8.501013517379760742e-01
-1.135715484619140625e+00
8.789255023002624512e-01
-8.249220252037048340e-02
-1.654952526092529297e+00
-1.715351045131683350e-01
-9.562227725982666016e-01
-3.446807563304901123e-01
-1.553348064422607422e+00
1.309430122375488281e+00
