2.804012894630432129e-01
-1.265506267547607422e+00
9.210556149482727051e-01
-7.234632223844528198e-02
3.368693828582763672e+00
-8.459909558296203613e-01
3.555873036384582520e-01
-6.807810068130493164e-01
-1.445729494094848633e+00
5.502655506134033203e-01
-1.487841844558715820e+00
1.458325266838073730e+00
-3.402685225009918213e-01
-9.726160168647766113e-01
8.577438592910766602e-01
-2.673818171024322510e-01
6.213487386703491211e-01
7.573718428611755371e-01
-1.130712151527404785e+00
6.813180446624755859e-02
-1.709043860435485840e+00
7.326737642288208008e-01
7.975941896438598633e-02
1.157196521759033203e+00
-1.290338516235351562e+00
1.386585593223571777e+00
1.403304636478424072e-01
-1.614456295967102051e+00
3.533019497990608215e-02
5.696906447410583496e-01
-1.103469252586364746e+00
1.131951212882995605e+00
-4.408516585826873779e-01
1.578617930412292480e+00
5.651354193687438965e-01
1.504670619964599609e+00
4.412044882774353027e-01
2.851761281490325928e-01
-2.862480878829956055e-01
-5.070802569389343262e-01
7.463149428367614746e-01
-6.202010065317153931e-02
1.663271903991699219e+00
5.184287428855895996e-01
-1.684135317802429199e+00
-7.106692194938659668e-01
-6.118971109390258789e-02
8.979304879903793335e-02
-1.579803526401519775e-01
-1.186112880706787109e+00
-1.473620414733886719e+00
-7.014441490173339844e-02
1.551297664642333984e+00
1.334179192781448364e-02
-1.321338295936584473e+00
1.299144148826599121e+00
7.619422078132629395e-01
-9.614012241363525391e-01
1.408149838447570801e+00
1.923363804817199707e+00
-2.170665740966796875e+00
3.837478458881378174e-01
8.939790725708007812e-01
-2.713702619075775146e-01
-2.185307264328002930e+00
-7.037129402160644531e-01
-2.240498065948486328e+00
1.401811599731445312e+00
-1.171870455145835876e-01
-1.628468394279479980e+00
3.642835617065429688e-01
-6.072522401809692383e-01
5.104293227195739746e-01
1.302379012107849121e+00
-1.425162315368652344e+00
-7.570196986198425293e-01
-4.598413407802581787e-02
8.083297014236450195e-01
1.932936608791351318e-01
-8.973660469055175781e-01
2.048234462738037109e+00
2.884901463985443115e-01
2.287641465663909912e-01
-3.930097818374633789e-01
-2.314375638961791992e-01
-7.588791847229003906e-02
-2.154417514801025391e+00
-5.702794194221496582e-01
1.721258521080017090e+00
-1.779226362705230713e-01
-2.370573729276657104e-01
1.406536340713500977e+00
4.412638247013092041e-01
1.178049683570861816e+00
1.129881024360656738e+00
9.884559512138366699e-01
8.442497253417968750e-01
-1.323254942893981934e+00
1.142299890518188477e+00
3.068490624427795410e-01
-3.911025822162628174e-01
2.122577279806137085e-01
-2.267781943082809448e-01
-7.280907630920410156e-01
-2.272471427917480469e+00
-1.337226748466491699e+00
3.897208571434020996e-01
-6.038609147071838379e-01
2.216485977172851562e+00
-2.259252786636352539e+00
-7.590631842613220215e-01
1.217587828636169434e+00
-1.529554575681686401e-01
1.433030724525451660e+00
-1.128881931304931641e+00
-2.451688766479492188e+00
-5.842750761075876653e-05
-1.405015349388122559e+00
-1.531614542007446289e+00
1.053240656852722168e+00
8.595467209815979004e-01
9.728206694126129150e-02
8.866964578628540039e-01
2.371279001235961914e+00
-1.291891336441040039e+00
-1.043156147003173828e+00
-8.047616481781005859e-01
9.680731594562530518e-02
