-9.854316711425781250e-01
7.607636451721191406e-01
-1.804576516151428223e-01
9.751184843480587006e-03
1.620835900306701660e+00
-1.648424983024597168e+00
-6.156423091888427734e-01
-7.355145215988159180e-01
-9.437503218650817871e-01
6.303305625915527344e-01
-4.611762762069702148e-01
7.090139389038085938e-01
-9.302569627761840820e-01
-1.988263010978698730e+00
1.679842352867126465e+00
2.281822822988033295e-02
9.088402986526489258e-01
-2.594144828617572784e-02
-1.062249422073364258e+00
-6.632367372512817383e-01
4.252609014511108398e-01
8.117226362228393555e-01
8.634950034320354462e-03
1.325933098793029785e+00
-1.329781889915466309e+00
-1.314391255378723145e+00
-7.978413701057434082e-01
-5.560407638549804688e-01
1.583499431610107422e+00
1.214737415313720703e+00
-2.453824281692504883e+00
9.623950719833374023e-01
-9.553739428520202637e-01
1.642796635627746582e+00
1.222373247146606445e+00
-5.844064354896545410e-01
3.598183691501617432e-01
-2.903637588024139404e-01
-1.153643369674682617e+00
-2.068550586700439453e+00
1.757763624191284180e+00
1.126967146992683411e-01
2.874152421951293945e+00
8.226017951965332031e-01
-1.213714718818664551e+00
-9.095464348793029785e-01
1.800598800182342529e-01
2.319692611694335938e+00
-4.621566534042358398e-01
1.108455300331115723e+00
2.448414325714111328e+00
-7.982060909271240234e-01
6.232351660728454590e-01
-9.113743305206298828e-01
-1.426870822906494141e-01
1.971967697143554688e+00
2.905873060226440430e-01
-3.641008734703063965e-01
-1.512918353080749512e+00
7.939472198486328125e-01
-8.630017638206481934e-01
1.673302531242370605e+00
-7.237700819969177246e-01
7.194293141365051270e-01
5.608146190643310547e-01
1.020602464675903320e+00
9.240192174911499023e-01
-1.009469032287597656e+00
8.437719196081161499e-02
-7.273113131523132324e-01
-2.987580895423889160e-01
1.628389954566955566e+00
1.475930213928222656e+00
-1.140220403671264648e+00
-2.026076555252075195e+00
-5.004187822341918945e-01
3.435784280300140381e-01
2.883776426315307617e-01
-6.973669528961181641e-01
-3.122986555099487305e+00
-1.245352983474731445e+00
-1.741766214370727539e+00
1.120829939842224121e+00
-9.924318194389343262e-01
1.726252079010009766e+00
7.536610960960388184e-01
1.585569232702255249e-01
4.206696450710296631e-01
-1.338017463684082031e+00
-4.097203612327575684e-01
4.846728593111038208e-02
3.538203835487365723e-01
-4.555450677871704102e-01
1.790334939956665039e+00
-1.027034878730773926e+00
-8.552675843238830566e-01
3.485476493835449219e+00
2.346058040857315063e-01
1.542368531227111816e+00
-6.020632572472095490e-03
1.449251770973205566e+00
1.810552000999450684e+00
2.172587960958480835e-01
-6.026681065559387207e-01
-8.923627734184265137e-01
-1.620644330978393555e-01
-1.671149730682373047e+00
1.592334806919097900e-01
-1.253093123435974121e+00
-1.005178093910217285e+00
-2.410342097282409668e-01
-1.455976843833923340e+00
3.898733854293823242e-01
-2.256776809692382812e+00
-3.734611570835113525e-01
-1.377031445503234863e+00
-7.104633450508117676e-01
-2.704966068267822266e-01
-2.178608030080795288e-01
1.686932682991027832e+00
-1.323450088500976562e+00
3.651817440986633301e-01
-3.573212921619415283e-01
-5.688617825508117676e-01
-1.551984623074531555e-02
2.224636971950531006e-01
-8.170045614242553711e-01
4.971566200256347656e-01
