-9.650807976722717285e-01
-3.492399454116821289e-01
-5.976317524909973145e-01
4.064438045024871826e-01
1.513531327247619629e+00
-3.141762912273406982e-01
1.635883331298828125e+00
3.545229434967041016e-01
-5.563023090362548828e-01
4.416894167661666870e-02
-6.651229858398437500e-01
-9.381279349327087402e-01
-3.042981922626495361e-01
2.805241942405700684e-01
1.708562374114990234e-01
2.804712653160095215e-01
1.015926599502563477e+00
1.887670397758483887e+00
-5.932279229164123535e-01
-6.288816332817077637e-01
9.394416213035583496e-01
9.901177287101745605e-01
1.059391140937805176e+00
2.919520139694213867e-01
9.000972658395767212e-02
-3.299348652362823486e-01
1.675591766834259033e-01
-2.233959436416625977e+00
3.630984425544738770e-01
-2.844538353383541107e-02
1.111948847770690918e+00
1.484535455703735352e+00
5.673844218254089355e-01
1.017748355865478516e+00
-6.567515730857849121e-01
1.273682832717895508e+00
1.445817947387695312e-01
-6.587783694267272949e-01
1.575163125991821289e+00
1.141153693199157715e+00
-1.662232875823974609e-01
-1.150422077625989914e-02
1.100312590599060059e+00
3.375965654850006104e-01
-1.595632791519165039e+00
4.301892220973968506e-01
6.070172414183616638e-02
2.743081092834472656e+00
2.090693950653076172e+00
-9.909239411354064941e-01
-1.123123049736022949e+00
2.017132759094238281e+00
2.895435690879821777e-01
-2.141091078519821167e-01
-6.227976083755493164e-01
2.387831211090087891e+00
-4.710855484008789062e-01
-5.211521387100219727e-01
-1.786478281021118164e+00
1.552523136138916016e+00
-1.533546328544616699e+00
4.866584539413452148e-01
1.117115974426269531e+00
4.502578675746917725e-01
1.043988466262817383e+00
-5.628139376640319824e-01
1.484000325202941895e+00
1.006884202361106873e-01
-1.338046938180923462e-01
-4.481973052024841309e-01
-2.271691322326660156e+00
-2.106148242950439453e+00
1.779081583023071289e+00
8.893805146217346191e-01
2.063392400741577148e-01
3.623063564300537109e-01
2.312713265419006348e-01
1.429448127746582031e-01
-1.543723702430725098e+00
-1.303429365158081055e+00
9.665974974632263184e-02
-1.406759023666381836e+00
-1.084233403205871582e+00
9.591135978698730469e-01
1.369192361831665039e+00
4.111534450203180313e-03
-1.596984386444091797e+00
-1.111915469169616699e+00
2.203766345977783203e+00
-4.788301419466733932e-03
-1.556275129318237305e+00
-2.655839681625366211e+00
-1.711458086967468262e+00
-5.448632687330245972e-02
3.073480427265167236e-01
-3.844306468963623047e-01
2.271936275064945221e-03
1.713714301586151123e-01
1.512761116027832031e+00
1.306928157806396484e+00
7.378345727920532227e-01
1.412369757890701294e-01
7.570114731788635254e-01
-8.843920230865478516e-01
-1.034670948982238770e+00
-6.927918791770935059e-01
-4.571506977081298828e-01
9.947082996368408203e-01
-1.560169219970703125e+00
-3.099159479141235352e+00
-1.564518213272094727e+00
-1.151204824447631836e+00
-3.996150195598602295e-02
2.418718576431274414e+00
-3.871020972728729248e-01
-2.040033817291259766e+00
-2.511696815490722656e-01
8.312272429466247559e-01
-1.186962246894836426e+00
-7.904798984527587891e-01
-1.450777649879455566e+00
-7.429583072662353516e-01
-6.445625424385070801e-01
-4.278118014335632324e-01
-1.057274818420410156e+00
4.034386873245239258e-01
-1.871733188629150391e+00
1.279598116874694824e+00
