-1.114539265632629395e+00
1.277092814445495605e+00
7.242357730865478516e-02
-5.284364148974418640e-02
-9.068179130554199219e-01
1.085525631904602051e+00
1.076620936393737793e+00
-8.398979902267456055e-01
-5.375825762748718262e-01
-1.803084731101989746e+00
-1.075832486152648926e+00
7.589255273342132568e-02
-3.231379985809326172e-01
6.907665729522705078e-01
7.061834931373596191e-01
4.103787243366241455e-01
1.520051956176757812e-01
2.053227186203002930e+00
5.365431904792785645e-01
1.049030184745788574e+00
-1.089782357215881348e+00
-2.303162664175033569e-01
1.126406192779541016e+00
1.241958379745483398e+00
-5.935629010200500488e-01
-1.162569761276245117e+00
-8.362771868705749512e-01
-2.458786964416503906e+00
9.245018959045410156e-01
3.292057216167449951e-01
-2.143514342606067657e-02
5.383639931678771973e-01
-1.107357963919639587e-01
4.096237123012542725e-01
-2.808900475502014160e-01
1.230518460273742676e+00
1.215696930885314941e+00
-7.762624621391296387e-01
-1.761189937591552734e+00
6.470248699188232422e-01
-1.153138399124145508e+00
4.614438414573669434e-01
1.925934433937072754e+00
-9.080439060926437378e-02
2.274541258811950684e-01
1.600394248962402344e+00
-2.252827584743499756e-01
-1.178803443908691406e+00
1.923547863960266113e+00
-9.651692509651184082e-01
-5.428580045700073242e-01
4.206095933914184570e-01
6.350430846214294434e-01
-3.349801599979400635e-01
-1.886361718177795410e+00
6.732630729675292969e-02
2.297462709248065948e-02
1.399679422378540039e+00
2.269829809665679932e-01
-2.623910188674926758e+00
2.979334890842437744e-01
2.792433500289916992e+00
-1.148378729820251465e+00
4.705716073513031006e-01
6.148425340652465820e-01
9.577161669731140137e-01
6.805984973907470703e-01
1.091154694557189941e+00
-7.205393314361572266e-01
1.045162916183471680e+00
-5.078526735305786133e-01
3.577649295330047607e-01
2.186747789382934570e+00
2.492211461067199707e-01
-1.218688488006591797e-01
-1.560023665428161621e+00
-1.257679700851440430e+00
1.482848525047302246e+00
1.244305610656738281e+00
-5.995736718177795410e-01
8.694707751274108887e-01
-1.552651643753051758e+00
-8.025192469358444214e-02
2.357412278652191162e-01
-1.055067896842956543e+00
-7.903610467910766602e-01
-1.366344541311264038e-01
-2.688381910324096680e+00
-7.498189806938171387e-01
1.012213945388793945e+00
4.736071228981018066e-01
-3.879861831665039062e-01
-3.847169876098632812e-01
-3.692564666271209717e-01
-9.605748653411865234e-01
-4.238036870956420898e-01
1.696458607912063599e-01
-2.768209278583526611e-01
3.925064206123352051e-01
-5.818304419517517090e-01
-9.253925830125808716e-02
-9.455173611640930176e-01
-4.779108762741088867e-01
-1.869261562824249268e-01
9.204558730125427246e-01
2.289823740720748901e-01
-5.053873360157012939e-02
7.471382617950439453e-01
1.736192703247070312e+00
3.152063488960266113e-01
9.928971529006958008e-01
-6.347396969795227051e-02
9.214038848876953125e-01
-1.243378520011901855e+00
-3.557214438915252686e-01
-9.098485708236694336e-01
6.071174144744873047e-01
-2.860508561134338379e-01
-2.191798686981201172e+00
1.923463821411132812e+00
-8.746896982192993164e-01
9.107739925384521484e-01
-6.045371294021606445e-01
2.902921140193939209e-01
-1.977414608001708984e+00
-3.238259553909301758e+00
1.916960179805755615e-01
3.125972449779510498e-01
