-1.145605921745300293e+00
2.901974916458129883e-01
-1.768864989280700684e-01
-1.020288825035095215e+00
-1.093399882316589355e+00
1.747154235839843750e+00
1.615974009037017822e-01
5.189473032951354980e-01
-1.254161953926086426e+00
-5.668750405311584473e-02
-1.008114457130432129e+00
-2.289934158325195312e+00
-1.643391132354736328e+00
-1.111010432243347168e+00
1.632055401802062988e+00
-1.478113293647766113e+00
1.449616700410842896e-01
5.551731213927268982e-02
-9.561335444450378418e-01
1.689636707305908203e+00
4.808040261268615723e-01
1.535582542419433594e-01
1.173786967992782593e-01
8.576557040214538574e-01
-1.244497656822204590e+00
1.617111265659332275e-01
3.538568615913391113e-01
4.578000307083129883e-01
9.383533596992492676e-01
1.231283664703369141e+00
-3.641760349273681641e-01
2.507939577102661133e+00
5.679424405097961426e-01
3.585250675678253174e-01
-1.374050825834274292e-01
1.320324093103408813e-01
-1.128738448023796082e-01
1.330141663551330566e+00
1.393195986747741699e+00
4.552867263555526733e-02
1.852665662765502930e+00
1.107548594474792480e+00
2.503968715667724609e+00
6.389919519424438477e-01
4.850925505161285400e-01
-8.266548514366149902e-01
-5.465763807296752930e-01
-5.284854769706726074e-01
-1.232482716441154480e-01
-1.279266119003295898e+00
-5.846853852272033691e-01
-9.462679624557495117e-01
-5.801644921302795410e-01
2.992381155490875244e-01
-6.998514533042907715e-01
2.731311082839965820e+00
-1.440473347902297974e-01
1.304572343826293945e+00
-9.479533433914184570e-01
1.330111861228942871e+00
-3.237154185771942139e-01
-1.429687976837158203e+00
4.394580423831939697e-01
6.074691414833068848e-01
7.054613232612609863e-01
-2.276831626892089844e+00
1.355637431144714355e+00
-1.377609848976135254e+00
1.041227221488952637e+00
-3.325333595275878906e-01
2.403009980916976929e-01
1.003554701805114746e+00
1.788260698318481445e+00
6.329957842826843262e-01
2.850530445575714111e-01
-1.643048644065856934e+00
-3.645628094673156738e-01
-2.676984548568725586e+00
-1.717835903167724609e+00
-7.183443307876586914e-01
-3.561719954013824463e-01
-9.513996243476867676e-01
-8.651408553123474121e-02
-3.998188972473144531e-01
1.266521573066711426e+00
-1.822511911392211914e+00
-2.995057404041290283e-01
-4.281269907951354980e-01
-1.638472795486450195e+00
2.256982028484344482e-01
-2.712018787860870361e-01
-1.430207490921020508e+00
-1.299603700637817383e+00
-1.415350884199142456e-01
1.629508137702941895e+00
-6.577533483505249023e-01
-5.807037949562072754e-01
1.500522851943969727e+00
9.251567721366882324e-01
1.747561931610107422e+00
-2.205018997192382812e+00
-1.655939519405364990e-01
6.845222711563110352e-01
6.289957463741302490e-02
-2.266202688217163086e+00
1.358725666999816895e+00
5.752097964286804199e-01
-4.354113936424255371e-01
3.663651347160339355e-01
-5.780453085899353027e-01
-1.292390376329421997e-01
-1.608099043369293213e-01
-4.146003350615501404e-02
1.191229224205017090e+00
3.079924821853637695e+00
6.683007478713989258e-01
-4.262105524539947510e-01
1.416316777467727661e-01
-2.435153871774673462e-01
2.428849697113037109e+00
8.682476729154586792e-02
-2.036754608154296875e+00
-1.977210879325866699e+00
-1.997162938117980957e+00
-9.363839030265808105e-01
6.310508847236633301e-01
-9.222277402877807617e-01
1.037776395678520203e-01
