-2.254948616027832031e-01
4.945082664489746094e-01
2.949433028697967529e-01
-4.544438794255256653e-02
3.871138691902160645e-01
-4.161787033081054688e-01
2.172328233718872070e+00
-1.906683683395385742e+00
4.250498116016387939e-01
-1.261518239974975586e+00
-1.799893021583557129e+00
-2.658600509166717529e-01
4.904790967702865601e-02
1.430055499076843262e-01
-9.530368447303771973e-01
-1.022234484553337097e-01
-1.289754271507263184e+00
1.746689230203628540e-01
8.068238496780395508e-01
1.539803743362426758e+00
-9.965952634811401367e-01
-3.565311729907989502e-01
1.579022407531738281e+00
1.660549759864807129e+00
-9.630841612815856934e-01
-5.346667766571044922e-01
7.179298400878906250e-01
-5.527892112731933594e-01
1.578662872314453125e+00
5.944954156875610352e-01
-8.766610622406005859e-01
-7.909308187663555145e-03
-2.118773460388183594e+00
-1.957562923431396484e+00
-9.538900852203369141e-01
-6.937446594238281250e-01
3.172902464866638184e-01
-1.339057445526123047e+00
-7.230896949768066406e-01
2.085606455802917480e-01
1.020738482475280762e-01
2.130941390991210938e+00
1.806521296501159668e+00
1.151111245155334473e+00
2.262694358825683594e+00
7.796428203582763672e-01
-5.304398760199546814e-02
-1.269458055496215820e+00
1.478368878364562988e+00
-8.324563503265380859e-01
-2.423547059297561646e-01
-7.504800558090209961e-01
1.724369525909423828e+00
8.388052582740783691e-01
-9.766147732734680176e-01
-6.451182961463928223e-01
1.182695984840393066e+00
2.673412859439849854e-01
1.507574915885925293e-01
-9.887170791625976562e-01
-1.822624206542968750e+00
1.193096041679382324e+00
-2.866077184677124023e+00
4.706742241978645325e-02
1.456014990806579590e+00
1.950227022171020508e+00
1.401005033403635025e-02
-3.314973413944244385e-02
-7.921337485313415527e-01
-2.480301260948181152e-01
7.112682797014713287e-03
1.186703801155090332e+00
2.199310779571533203e+00
8.417029976844787598e-01
-9.789039492607116699e-01
1.011453509330749512e+00
-2.012069672346115112e-01
7.196546792984008789e-01
4.231856167316436768e-01
-3.559511601924896240e-01
4.186927378177642822e-01
-2.457714557647705078e+00
2.205321073532104492e+00
-6.639190912246704102e-01
1.029824092984199524e-01
2.866863012313842773e-01
1.459119677543640137e+00
-1.198676347732543945e+00
-6.818094849586486816e-01
-1.165555477142333984e+00
-1.387956500053405762e+00
-4.170634150505065918e-01
-5.926353931427001953e-01
-1.232498697936534882e-02
-1.968306541442871094e+00
-1.523785106837749481e-02
-4.910293817520141602e-01
1.859483867883682251e-01
1.701449990272521973e+00
2.440316379070281982e-01
4.085973799228668213e-01
-5.318843722343444824e-01
-8.445119857788085938e-01
-3.565523400902748108e-02
-3.317391872406005859e-01
2.559452056884765625e+00
-1.841320991516113281e+00
-1.039925694465637207e+00
1.662224531173706055e+00
-8.198691606521606445e-01
9.827650189399719238e-01
9.522020816802978516e-01
2.247501373291015625e+00
-8.988772034645080566e-01
-7.586628794670104980e-01
8.001014590263366699e-01
7.258582115173339844e-02
-1.497024297714233398e+00
1.003826737403869629e+00
9.197963401675224304e-03
-8.052698969841003418e-01
-2.731128633022308350e-01
-6.889436244964599609e-01
-1.582315087318420410e+00
-1.310092210769653320e+00
-2.088399410247802734e+00
1.467191696166992188e+00
2.192001789808273315e-01
