8.918589949607849121e-01
-2.950783014297485352e+00
7.575577497482299805e-01
4.895987808704376221e-01
-6.363961100578308105e-01
-1.105127811431884766e+00
2.082794666290283203e+00
2.817948162555694580e-01
8.526162505149841309e-01
-5.860022902488708496e-01
-2.117648124694824219e-01
-2.243176996707916260e-01
9.802540391683578491e-02
-1.256815314292907715e+00
-1.745496988296508789e-01
1.000290274620056152e+00
2.000449597835540771e-01
3.330383598804473877e-01
-3.287934511899948120e-02
1.369965791702270508e+00
-1.724905014038085938e+00
-3.954058885574340820e-01
1.028668999671936035e+00
7.484768629074096680e-01
-3.813922703266143799e-01
-1.350359439849853516e+00
3.385528028011322021e-01
-2.430777549743652344e+00
-4.609883129596710205e-01
3.133204281330108643e-01
5.880429744720458984e-01
1.897013902664184570e+00
1.683831661939620972e-01
4.629280269145965576e-01
-6.509014964103698730e-01
1.244342207908630371e+00
-1.754725217819213867e+00
-1.083021759986877441e+00
7.270979881286621094e-01
-1.743878364562988281e+00
3.470337092876434326e-01
9.749274849891662598e-01
1.250494599342346191e+00
8.633383512496948242e-01
-1.401110887527465820e-01
1.823621630668640137e+00
-6.212921738624572754e-01
2.311399221420288086e+00
1.209547042846679688e+00
6.295354366302490234e-01
-7.541596889495849609e-01
-2.362082242965698242e+00
2.141037464141845703e+00
3.031034171581268311e-01
-2.963558137416839600e-01
-1.165284752845764160e+00
-1.060837954282760620e-01
-7.379767298698425293e-02
-3.955997899174690247e-02
2.008825778961181641e+00
-2.761301279067993164e+00
8.195394873619079590e-01
4.736193120479583740e-01
6.591594815254211426e-01
8.813186883926391602e-01
1.302022457122802734e+00
-1.193320393562316895e+00
-1.548456102609634399e-01
3.216258808970451355e-02
-6.965855509042739868e-02
1.072443842887878418e+00
-9.556342959403991699e-01
1.403881549835205078e+00
1.220984339714050293e+00
-6.660876870155334473e-01
-1.731022953987121582e+00
-1.884077429771423340e+00
-5.778738260269165039e-01
8.109197020530700684e-01
-4.358050227165222168e-01
5.043266415596008301e-01
-7.139915227890014648e-01
-2.845191001892089844e+00
2.392977029085159302e-01
1.811957657337188721e-01
-1.416082978248596191e+00
-1.012988805770874023e+00
3.818734586238861084e-01
1.235943436622619629e+00
1.128634810447692871e+00
7.061024308204650879e-01
-1.362137645483016968e-01
-3.907583057880401611e-01
1.612500399351119995e-01
8.000581860542297363e-01
-1.394034862518310547e+00
2.691865526139736176e-02
1.357111454010009766e+00
-2.403415292501449585e-01
-1.277272850275039673e-01
-2.156222239136695862e-02
-8.631335943937301636e-02
1.145658373832702637e+00
2.000268220901489258e+00
2.145149707794189453e+00
1.414535403251647949e+00
-1.580796957015991211e+00
-4.059968888759613037e-01
6.852893233299255371e-01
7.026860713958740234e-01
1.843699365854263306e-01
2.154281139373779297e+00
-8.995103240013122559e-01
9.910399466753005981e-02
2.498294860124588013e-01
-1.478172183036804199e+00
-2.548991516232490540e-02
-1.225350499153137207e+00
-4.718796908855438232e-01
-3.446714878082275391e+00
5.894935689866542816e-03
-2.094205617904663086e+00
7.803850173950195312e-01
-2.047109365463256836e+00
-1.011934995651245117e+00
-1.152180314064025879e+00
-1.236849308013916016e+00
1.283705711364746094e+00
