-5.353320240974426270e-01
7.029300928115844727e-01
-1.111569881439208984e+00
5.371458530426025391e-01
-1.114110708236694336e+00
2.394727431237697601e-03
-1.898648977279663086e+00
8.569419384002685547e-01
1.268698930740356445e+00
-1.603962182998657227e-01
-3.486076295375823975e-01
-2.196558237075805664e+00
-1.694019436836242676e+00
1.016197800636291504e+00
-1.839409589767456055e+00
-9.945214539766311646e-02
5.084304809570312500e-01
2.406798005104064941e-01
-4.371074959635734558e-02
4.579195082187652588e-01
2.267753928899765015e-01
-8.242971301078796387e-01
-4.404284954071044922e-01
-1.403227925300598145e+00
-2.326084136962890625e+00
3.177970051765441895e-01
7.842669636011123657e-02
4.140458106994628906e-01
-2.965826690196990967e-01
5.397306680679321289e-01
-2.109614372253417969e+00
1.371725559234619141e+00
-7.198572158813476562e-01
2.369426488876342773e+00
6.030434966087341309e-01
1.059134125709533691e+00
-3.613588213920593262e-01
-1.660568565130233765e-01
-2.402475595474243164e+00
-6.507471799850463867e-01
2.139807939529418945e+00
-1.394580602645874023e+00
8.968093991279602051e-01
3.830831646919250488e-01
-9.537011981010437012e-01
8.117663860321044922e-02
9.323257207870483398e-01
8.464052677154541016e-01
1.174459233880043030e-02
1.368693113327026367e+00
-2.719049751758575439e-01
-2.890357077121734619e-01
-1.207047104835510254e+00
4.324930906295776367e-02
1.131477802991867065e-01
1.176456093788146973e+00
2.343230009078979492e+00
-4.957692325115203857e-01
2.232160270214080811e-01
2.108392953872680664e+00
-1.810972452163696289e+00
7.327579855918884277e-01
-6.943600773811340332e-01
1.083857536315917969e+00
1.157634139060974121e+00
-1.305571317672729492e+00
7.398974895477294922e-01
6.045445203781127930e-01
1.674967765808105469e+00
2.043102085590362549e-01
-2.537590980529785156e+00
1.889452934265136719e+00
8.939673900604248047e-01
1.855453014373779297e+00
7.977968454360961914e-01
1.080827951431274414e+00
1.734850406646728516e+00
8.629735708236694336e-01
4.966200795024633408e-03
-1.056730270385742188e+00
2.225690126419067383e+00
-1.456732392311096191e+00
1.685376644134521484e+00
2.843618988990783691e-01
1.380350351333618164e+00
2.309568524360656738e-01
-8.190741539001464844e-01
-2.622980594635009766e+00
-1.851070880889892578e+00
3.505148291587829590e-01
-1.730595469474792480e+00
-7.880754470825195312e-01
-6.380136013031005859e-01
1.680359244346618652e-01
-2.115987092256546021e-01
1.508496522903442383e+00
6.555957198143005371e-01
-1.291660428047180176e+00
9.387805461883544922e-01
1.365259528160095215e+00
1.506000041961669922e+00
-1.735307335853576660e+00
-2.283551692962646484e+00
1.059417128562927246e+00
1.997951745986938477e+00
6.135532259941101074e-01
1.524179697036743164e+00
-2.484565496444702148e+00
-7.910524606704711914e-01
-2.677714586257934570e+00
-3.590390980243682861e-01
2.002054214477539062e+00
1.460224390029907227e+00
-7.051844596862792969e-01
-1.552564144134521484e+00
-1.173738121986389160e+00
4.395529031753540039e-01
7.034894078969955444e-03
1.781076431274414062e+00
9.567709565162658691e-01
-3.244159936904907227e+00
-8.496230244636535645e-01
-1.727267026901245117e+00
-4.125629365444183350e-01
1.710653901100158691e-01
-1.296091079711914062e+00
-6.076688766479492188e-01
-4.168751835823059082e-01
