2.464079141616821289e+00
-1.712492465972900391e+00
-1.433686167001724243e-01
2.017639577388763428e-01
7.045921087265014648e-01
1.491206884384155273e+00
1.704184293746948242e+00
-8.127301335334777832e-01
-1.847975134849548340e+00
6.592831015586853027e-01
-1.271280050277709961e+00
6.319062709808349609e-01
5.673062056303024292e-02
-9.072118997573852539e-01
-2.361408472061157227e+00
-3.959109485149383545e-01
-9.301131367683410645e-01
1.538608431816101074e+00
-1.914661377668380737e-01
-2.867270410060882568e-01
-1.623866915702819824e+00
1.215947195887565613e-01
7.397620677947998047e-01
3.231213390827178955e-01
-1.528429985046386719e+00
4.008664488792419434e-01
4.951398819684982300e-02
-1.418591499328613281e+00
2.395727634429931641e+00
1.385082364082336426e+00
-7.462875247001647949e-01
2.444040626287460327e-01
-3.078179657459259033e-01
5.136275887489318848e-01
1.018580198287963867e+00
1.282083272933959961e+00
2.381361722946166992e+00
6.483386158943176270e-01
6.074282899498939514e-02
-2.975227534770965576e-01
1.889448285102844238e+00
1.042814731597900391e+00
1.483019828796386719e+00
-6.204369068145751953e-01
-1.245083093643188477e+00
-8.042396903038024902e-01
-6.688705682754516602e-01
3.654562532901763916e-01
1.869123578071594238e+00
-2.355878353118896484e-01
6.799159049987792969e-01
-1.069345116615295410e+00
1.306936025619506836e+00
-1.023966312408447266e+00
1.526945352554321289e+00
4.634208083152770996e-01
-5.457715392112731934e-01
3.840923011302947998e-01
-5.457072257995605469e-01
4.766947925090789795e-01
-3.352816402912139893e-01
3.447543859481811523e+00
2.954103052616119385e-01
1.038255691528320312e-01
-2.087824195623397827e-01
-2.591448783874511719e+00
-7.527753710746765137e-01
3.350194394588470459e-01
-1.229143857955932617e+00
-2.222558259963989258e+00
-1.079173326492309570e+00
-1.330166578292846680e+00
-1.526469349861145020e+00
1.653205871582031250e+00
-4.310522079467773438e-01
-5.547022819519042969e-01
-1.267871618270874023e+00
-7.910466790199279785e-01
-9.088811278343200684e-02
-2.370800673961639404e-01
1.130971789360046387e+00
-2.067088931798934937e-01
9.615717530250549316e-01
-1.363281488418579102e+00
-1.142743587493896484e+00
4.415881037712097168e-01
-3.049584329128265381e-01
-3.593972623348236084e-01
-6.770446300506591797e-01
7.463745474815368652e-01
1.590872526168823242e+00
1.077894806861877441e+00
3.732685148715972900e-01
-1.510133981704711914e+00
1.706146299839019775e-01
-2.193897485733032227e+00
-3.079588413238525391e-01
-1.932132482528686523e+00
-2.272174119949340820e+00
-9.048151373863220215e-01
-8.375794887542724609e-01
9.977398514747619629e-01
1.115332484245300293e+00
7.620224356651306152e-01
-9.421977996826171875e-01
2.361232638359069824e-01
-2.686243355274200439e-01
-5.674314871430397034e-02
1.140983343124389648e+00
-8.847044110298156738e-01
1.263698577880859375e+00
6.508538722991943359e-01
4.134666323661804199e-01
4.245352447032928467e-01
-1.103572964668273926e+00
1.563877463340759277e+00
-7.631419301033020020e-01
-2.244341075420379639e-01
1.718457460403442383e+00
1.210634469985961914e+00
-8.991492390632629395e-01
4.004674553871154785e-01
2.249523848295211792e-01
-6.467249244451522827e-02
-1.120663881301879883e+00
-1.261397898197174072e-01
-1.560908317565917969e+00
1.178982853889465332e+00
