1.494099259376525879e+00
7.543959021568298340e-01
-1.057762205600738525e-01
2.957135438919067383e-01
-9.470036029815673828e-01
-4.645573198795318604e-01
-4.353598356246948242e-01
4.221852123737335205e-01
-9.779490232467651367e-01
6.220322847366333008e-01
7.445563077926635742e-01
-6.601285934448242188e-01
-4.370235800743103027e-01
-1.648700118064880371e+00
-4.243651628494262695e-01
-9.454276561737060547e-01
2.570935487747192383e-01
2.788082599639892578e+00
-6.797171235084533691e-01
-1.281341016292572021e-01
6.647551059722900391e-01
-2.495712041854858398e+00
3.569295108318328857e-01
8.317003250122070312e-01
-1.280202984809875488e+00
5.350711941719055176e-01
-3.808127045631408691e-01
-2.344426631927490234e+00
-1.781078815460205078e+00
8.414593935012817383e-01
7.499408721923828125e-01
-1.618924617767333984e+00
1.382555723190307617e+00
8.316115289926528931e-02
1.196552753448486328e+00
1.898125708103179932e-01
1.097710490226745605e+00
-5.995020270347595215e-01
-1.966742277145385742e+00
9.449452757835388184e-01
-2.264518260955810547e+00
-3.343015909194946289e-01
1.443158745765686035e+00
2.006547927856445312e+00
-2.491040378808975220e-01
1.332885146141052246e+00
-5.742779374122619629e-01
-2.631301283836364746e-01
1.039313673973083496e+00
2.529658555984497070e+00
-3.592376112937927246e-01
-1.058329820632934570e+00
-9.993814826011657715e-01
6.903102397918701172e-01
-9.406276941299438477e-01
-2.557539701461791992e+00
-1.265159368515014648e+00
1.444175243377685547e+00
2.467593431472778320e+00
1.946838259696960449e+00
6.160939335823059082e-01
-7.502861618995666504e-01
1.571566939353942871e+00
1.279636383056640625e+00
-2.302008718252182007e-01
-1.254756569862365723e+00
-1.561750292778015137e+00
-1.028904199600219727e+00
-1.299917459487915039e+00
2.586303234100341797e+00
-7.809466123580932617e-01
-1.617253422737121582e+00
9.010174870491027832e-01
2.357344180345535278e-01
2.883513569831848145e-01
-1.066468596458435059e+00
1.528730630874633789e+00
-1.228118896484375000e+00
5.870627611875534058e-02
-1.346195697784423828e+00
1.168586388230323792e-01
-2.946684658527374268e-01
-2.028438448905944824e-02
-1.485226988792419434e+00
1.215855121612548828e+00
3.991392254829406738e-01
-2.493338823318481445e+00
-7.033278346061706543e-01
3.026603460311889648e-01
1.197237014770507812e+00
1.447895765304565430e+00
-1.870514869689941406e+00
1.342693686485290527e+00
2.648490369319915771e-01
1.376622796058654785e+00
-6.080422997474670410e-01
1.596423029899597168e+00
1.376823425292968750e+00
-1.157015681266784668e+00
9.089229702949523926e-01
2.726476490497589111e-01
-7.056692987680435181e-02
-4.640579223632812500e-01
1.419877648353576660e+00
1.538844943046569824e+00
1.622449040412902832e+00
-2.913621664047241211e-01
-5.839808583259582520e-01
2.008836418390274048e-01
-5.426109433174133301e-01
2.103319764137268066e-01
1.179049491882324219e+00
-4.154796302318572998e-01
2.638165056705474854e-01
-6.177860498428344727e-01
-3.528998494148254395e-01
9.441423416137695312e-01
5.345653295516967773e-01
-3.394212126731872559e-01
-5.607403516769409180e-01
-3.185731470584869385e-01
-2.059031724929809570e+00
-4.178607165813446045e-01
-7.314604520797729492e-01
-1.087300777435302734e+00
-2.336097002029418945e+00
6.495201587677001953e-01
2.131451845169067383e+00
