6.801676154136657715e-01
-7.436903715133666992e-01
1.738712638616561890e-01
1.109826564788818359e+00
5.311958193778991699e-01
7.474840283393859863e-01
-3.007699549198150635e-01
-3.998416066169738770e-01
-1.102335095405578613e+00
-1.613349765539169312e-01
2.504790782928466797e+00
-2.190805435180664062e+00
-8.290777802467346191e-01
-5.681159496307373047e-01
1.810896247625350952e-01
8.073804378509521484e-01
1.225518226623535156e+00
2.267033904790878296e-01
-7.465237379074096680e-01
9.953076839447021484e-01
4.136705398559570312e-01
-9.800610542297363281e-01
5.186831355094909668e-01
9.972921013832092285e-01
-1.450512647628784180e+00
-7.285952568054199219e-01
1.012032985687255859e+00
-4.043338298797607422e-01
2.076199054718017578e-01
1.025883316993713379e+00
-2.228226900100708008e+00
1.732127785682678223e+00
-9.039548635482788086e-01
9.719817638397216797e-01
-1.282500624656677246e+00
8.708263635635375977e-01
-1.886289834976196289e+00
-1.414093852043151855e+00
3.843766748905181885e-01
1.195047616958618164e+00
-4.885240197181701660e-01
-8.824115395545959473e-01
1.673732995986938477e+00
7.780736684799194336e-01
8.058844804763793945e-01
8.122930526733398438e-01
-8.366332054138183594e-01
-1.231399476528167725e-01
4.079822301864624023e-01
-2.739467024803161621e-01
4.795629382133483887e-01
-1.672569632530212402e+00
2.311199188232421875e+00
-7.943272590637207031e-01
-3.814036250114440918e-01
-5.915074944496154785e-01
3.088419735431671143e-01
-2.697489023208618164e+00
-1.676319003105163574e+00
1.806516885757446289e+00
-9.736701250076293945e-01
1.311333894729614258e+00
5.221014618873596191e-01
2.121795892715454102e+00
-6.212735176086425781e-01
-2.863409519195556641e-01
1.244463622570037842e-01
-6.187276244163513184e-01
1.003846406936645508e+00
-2.610750794410705566e-01
-9.653612971305847168e-02
1.495952717959880829e-02
1.366977453231811523e+00
7.865632772445678711e-01
6.223267912864685059e-01
-2.980960607528686523e-01
9.335106015205383301e-01
-5.603172183036804199e-01
-7.067598700523376465e-01
-2.236312925815582275e-01
-8.370067477226257324e-01
-2.835391759872436523e+00
-4.142683744430541992e-01
-2.604613006114959717e-01
5.699844360351562500e-01
3.681509792804718018e-01
-6.640585064888000488e-01
-1.098040699958801270e+00
7.767687439918518066e-01
1.718629449605941772e-01
2.588334977626800537e-01
-1.596158027648925781e+00
-7.730584740638732910e-01
1.250264406204223633e+00
7.545019984245300293e-01
-1.112632870674133301e+00
7.355344891548156738e-01
1.746332794427871704e-01
-1.048715233802795410e+00
-9.045243859291076660e-01
2.779113054275512695e-01
4.526131153106689453e-01
-1.716199755668640137e+00
1.891935110092163086e+00
2.438173532485961914e+00
2.091552734375000000e+00
-1.004565656185150146e-01
3.647669916972517967e-03
-1.738411039113998413e-01
-6.921828389167785645e-01
-7.818974256515502930e-01
2.516138792037963867e+00
4.734602868556976318e-01
-1.597106933593750000e+00
9.856557846069335938e-01
-1.352491140365600586e+00
1.377969264984130859e+00
6.891006231307983398e-01
1.900568604469299316e+00
4.004652202129364014e-01
-1.811726450920104980e+00
-1.936512589454650879e+00
2.690252959728240967e-01
-1.180568337440490723e+00
-1.377029657363891602e+00
-1.314017653465270996e+00
-2.366187572479248047e+00
6.091073155403137207e-01
