-2.701129913330078125e-01
-3.345471918582916260e-01
5.502928495407104492e-01
-2.182652205228805542e-01
2.479086667299270630e-01
-8.618839979171752930e-01
-7.629632353782653809e-01
5.491656661033630371e-01
4.038121700286865234e-01
1.726768016815185547e-01
2.942561507225036621e-01
-1.677812457084655762e+00
-2.009779930114746094e+00
-1.324908137321472168e+00
9.035124778747558594e-01
-6.374267339706420898e-01
-1.316589117050170898e+00
9.593676328659057617e-01
1.216581344604492188e+00
-6.022151112556457520e-01
1.527862310409545898e+00
-9.556662440299987793e-01
-1.443670392036437988e+00
6.376106739044189453e-01
-8.416221141815185547e-01
-1.992221593856811523e+00
7.474927902221679688e-01
1.297302097082138062e-01
1.330529153347015381e-01
-6.520263552665710449e-01
5.519540607929229736e-02
1.768202900886535645e+00
-2.269931316375732422e+00
1.081686735153198242e+00
2.763281106948852539e+00
1.532882899045944214e-01
-3.454107046127319336e-01
-1.343076467514038086e+00
7.820779085159301758e-01
-6.743318438529968262e-01
-2.933314740657806396e-01
3.524324893951416016e-01
2.164252281188964844e+00
-6.953655276447534561e-03
1.392101645469665527e+00
-1.011584401130676270e+00
-4.375438094139099121e-01
2.491001129150390625e+00
-1.275323629379272461e+00
2.093143939971923828e+00
2.113636016845703125e+00
-6.968089342117309570e-01
1.347477316856384277e+00
-5.962106585502624512e-02
1.275511860847473145e+00
-7.309873104095458984e-01
1.495511651039123535e+00
-5.153987929224967957e-02
2.604404449462890625e+00
1.935690522193908691e+00
-8.900962471961975098e-01
4.766398072242736816e-01
1.367984533309936523e+00
-2.246893048286437988e-01
3.828045427799224854e-01
3.184966444969177246e-01
3.496332764625549316e-01
1.171005606651306152e+00
-1.367954373359680176e+00
5.556177720427513123e-02
6.223278045654296875e-01
9.871130585670471191e-01
-6.331592202186584473e-01
-6.701440811157226562e-01
-1.165164470672607422e+00
-9.224298000335693359e-01
-7.679823637008666992e-01
2.849644422531127930e-01
-1.843667149543762207e+00
-2.367707490921020508e+00
-2.047776877880096436e-01
2.599715813994407654e-02
1.404240429401397705e-01
-4.833898842334747314e-01
3.496100425720214844e+00
-7.087170481681823730e-01
5.555204749107360840e-01
2.109656333923339844e+00
2.223267853260040283e-01
-2.173626184463500977e+00
4.082115888595581055e-01
-1.952518582344055176e+00
7.234550714492797852e-01
1.855378597974777222e-01
2.579945027828216553e-01
-7.729910612106323242e-01
1.460811138153076172e+00
-4.959419071674346924e-01
7.450519800186157227e-01
4.851943850517272949e-01
5.444695353507995605e-01
3.917927980422973633e+00
-1.022449612617492676e+00
2.293106168508529663e-01
3.873353898525238037e-01
1.115163326263427734e+00
-2.618310928344726562e+00
4.165022075176239014e-01
6.182079911231994629e-01
-1.035412907600402832e+00
1.031005859375000000e+00
-2.263850450515747070e+00
-1.173324584960937500e+00
-2.701404094696044922e+00
-1.115978136658668518e-01
-1.774846076965332031e+00
-8.969190120697021484e-01
4.002099633216857910e-01
-3.595701158046722412e-01
1.110911816358566284e-01
-8.366464972496032715e-01
-1.150132417678833008e+00
-9.236625432968139648e-01
-1.687551856040954590e+00
-1.673148870468139648e-01
-2.161490358412265778e-02
-3.178175687789916992e-01
-1.318728208541870117e+00
