1.190190538763999939e-01
-1.453523993492126465e+00
9.654906988143920898e-01
-1.308370471000671387e+00
-5.210381150245666504e-01
3.411564826965332031e-01
-7.089550141245126724e-03
-1.157162904739379883e+00
6.125676035881042480e-01
-3.641726374626159668e-01
-5.081157088279724121e-01
-1.082590520381927490e-01
1.795274496078491211e+00
7.140940427780151367e-01
-9.608204960823059082e-01
-1.190306663513183594e+00
1.344465911388397217e-01
8.390933275222778320e-01
6.056643128395080566e-01
2.150194406509399414e+00
5.993207693099975586e-01
2.141992151737213135e-01
8.647575229406356812e-02
1.214379549026489258e+00
-8.233077079057693481e-02
1.394671946763992310e-01
1.182473301887512207e-01
-1.361701965332031250e+00
7.320938110351562500e-01
-2.044459730386734009e-01
-1.184796452522277832e+00
-4.137386322021484375e+00
-7.934244871139526367e-01
1.339972466230392456e-01
6.431899666786193848e-01
1.618461132049560547e+00
2.092021703720092773e-01
-5.199806094169616699e-01
-6.860431432723999023e-01
-1.617078781127929688e-01
1.211027026176452637e+00
1.487512111663818359e+00
1.790998697280883789e+00
1.893757432699203491e-01
5.138645172119140625e-01
-7.760592550039291382e-02
3.545471131801605225e-01
1.146654367446899414e+00
-2.089108973741531372e-01
1.049637943506240845e-01
1.211216807365417480e+00
-1.714314818382263184e+00
-1.164993405342102051e+00
1.887525439262390137e+00
-1.003414988517761230e+00
6.244395375251770020e-01
1.719829678535461426e+00
3.389478921890258789e-01
2.397360563278198242e+00
1.096132695674896240e-01
1.582361944019794464e-02
-1.016919016838073730e+00
1.179523944854736328e+00
-6.165394783020019531e-01
-1.065895438194274902e+00
-9.487313628196716309e-01
2.052898645401000977e+00
7.892214655876159668e-01
-1.919222712516784668e+00
-6.111596524715423584e-02
-1.381680369377136230e-01
2.187313556671142578e+00
-7.729165554046630859e-01
-6.585316061973571777e-01
-1.633904099464416504e+00
-1.588263750076293945e+00
-1.986165404319763184e+00
-2.455737441778182983e-01
-9.376774430274963379e-01
-3.209842205047607422e+00
-1.095257401466369629e+00
-2.943842411041259766e-01
1.142760753631591797e+00
-1.610588312149047852e+00
3.664994001388549805e+00
5.926510095596313477e-01
-7.841273546218872070e-01
3.910341858863830566e-01
-2.437208652496337891e+00
-9.218578934669494629e-01
1.256158828735351562e+00
-8.853889107704162598e-01
9.071139097213745117e-01
-7.789290547370910645e-01
6.132875084877014160e-01
2.481158524751663208e-01
2.243661642074584961e+00
-7.514423727989196777e-01
6.681976914405822754e-01
1.351153701543807983e-01
-6.084902286529541016e-01
2.865754365921020508e-01
-1.397707700729370117e+00
1.962352395057678223e-01
-6.394367814064025879e-01
5.541728138923645020e-01
-1.011491179466247559e+00
8.809062652289867401e-03
-2.372872382402420044e-01
-1.499862551689147949e+00
1.095242977142333984e+00
-1.902448982000350952e-01
4.767072796821594238e-01
3.062024593353271484e+00
7.127612829208374023e-02
6.121701002120971680e-02
-8.986346125602722168e-01
-3.465151488780975342e-01
-9.358286857604980469e-01
2.768007516860961914e-01
3.110533952713012695e+00
-1.826739192008972168e+00
7.756757140159606934e-01
-1.058129787445068359e+00
-5.253075361251831055e-01
-9.066461026668548584e-02
6.039536595344543457e-01
1.399840116500854492e-01
