1.719899535179138184e+00
-1.326476335525512695e+00
9.038895964622497559e-01
-6.174510344862937927e-02
1.809162855148315430e+00
6.517654657363891602e-01
6.637265086174011230e-01
1.811648160219192505e-01
1.634618788957595825e-01
-3.870685994625091553e-01
2.710172533988952637e-01
4.915771186351776123e-01
1.286266803741455078e+00
-8.272801041603088379e-01
4.198498725891113281e-01
-7.737973928451538086e-01
-7.466544955968856812e-02
1.614913940429687500e+00
4.503667950630187988e-01
-8.422308415174484253e-02
1.873845338821411133e+00
-1.355912536382675171e-01
-3.421239554882049561e-01
-1.830967426300048828e+00
-1.759115338325500488e+00
-3.827079236507415771e-01
2.157798558473587036e-01
-3.989121913909912109e-01
6.146465539932250977e-01
1.990894675254821777e-01
2.118639469146728516e+00
1.614526659250259399e-02
5.591236352920532227e-01
-1.652667880058288574e+00
1.247044280171394348e-01
2.472188949584960938e+00
8.721746802330017090e-01
4.453815221786499023e-01
-1.492743849754333496e+00
-6.260532736778259277e-01
1.586468145251274109e-02
-1.967331886291503906e+00
1.810911774635314941e+00
-4.174726605415344238e-01
1.043151840567588806e-01
-7.882990241050720215e-01
2.465917825698852539e+00
1.228693246841430664e+00
3.033301234245300293e-01
-8.985729813575744629e-01
-1.328778386116027832e+00
-5.260560512542724609e-01
9.313647449016571045e-02
2.849237248301506042e-02
-1.629825085401535034e-01
7.126367092132568359e-01
-4.513973593711853027e-01
2.438817977905273438e+00
6.371503472328186035e-01
-8.090717792510986328e-01
2.909332811832427979e-01
-1.335696697235107422e+00
-3.736598193645477295e-01
1.634642839431762695e+00
-2.857247352600097656e+00
-1.272865831851959229e-01
6.575837135314941406e-01
-5.116528868675231934e-01
-1.066169500350952148e+00
-2.058828830718994141e+00
9.957085847854614258e-01
-1.123251199722290039e+00
-1.621942877769470215e+00
9.763095378875732422e-01
-2.316768839955329895e-02
3.037481904029846191e-01
-2.641381502151489258e+00
1.441752552986145020e+00
-1.972531527280807495e-01
-8.122196793556213379e-01
1.362536549568176270e+00
-7.342439889907836914e-01
1.627723425626754761e-01
1.479794740676879883e+00
1.570233821868896484e+00
7.884824275970458984e-01
-9.845898747444152832e-01
4.982542693614959717e-01
-2.989313364028930664e+00
1.930404603481292725e-01
7.903603911399841309e-01
-7.001920044422149658e-02
-1.992355704307556152e+00
-3.814599215984344482e-01
2.979879081249237061e-01
-2.536292672157287598e-01
9.121525883674621582e-01
-9.055859446525573730e-01
-8.240946531295776367e-01
1.876987457275390625e+00
4.684187471866607666e-01
-1.593766808509826660e+00
1.047328352928161621e+00
9.440038204193115234e-01
-1.654647439718246460e-01
1.857473254203796387e-01
-3.261842578649520874e-02
-7.972238659858703613e-01
1.657634973526000977e-02
-1.463497638702392578e+00
9.753868579864501953e-01
-2.220033884048461914e+00
-1.159251332283020020e+00
1.613141417503356934e+00
2.239243537187576294e-01
-2.255165576934814453e+00
-1.113167524337768555e+00
9.149015545845031738e-01
1.418918967247009277e+00
-1.504127681255340576e-01
8.040776103734970093e-02
1.158419609069824219e+00
5.627528429031372070e-01
-1.887732028961181641e+00
-1.118293762207031250e+00
-2.784453928470611572e-01
-6.924471259117126465e-01
-6.189646720886230469e-01
