2.102826833724975586e+00
-9.397327303886413574e-01
7.829004526138305664e-01
-7.416326552629470825e-02
1.357818603515625000e+00
3.474952653050422668e-02
1.024067997932434082e+00
1.673161685466766357e-01
-5.262510776519775391e-01
7.870694398880004883e-01
6.857383251190185547e-01
-1.347495913505554199e-01
1.297605633735656738e+00
-6.856513023376464844e-01
1.205321550369262695e+00
-3.453899025917053223e-01
5.781423300504684448e-02
1.341954588890075684e+00
-4.774867594242095947e-01
2.774418517947196960e-02
2.653569459915161133e+00
3.007528483867645264e-01
-5.732346698641777039e-02
-2.607682943344116211e+00
-1.861852884292602539e+00
-8.215691447257995605e-01
6.013840436935424805e-01
3.219144046306610107e-01
5.997946262359619141e-01
4.661856293678283691e-01
1.128161430358886719e+00
-3.382028266787528992e-02
6.090904474258422852e-01
-1.085492849349975586e+00
-2.660184204578399658e-01
2.109873771667480469e+00
-2.522602975368499756e-01
1.257674813270568848e+00
-9.144626259803771973e-01
-2.447790503501892090e-01
-2.031724154949188232e-01
-1.001245260238647461e+00
1.756296277046203613e+00
-2.862480282783508301e-01
5.156044363975524902e-01
7.860573381185531616e-02
1.968801498413085938e+00
1.082116484642028809e+00
-7.161630690097808838e-02
-5.794425606727600098e-01
-1.530279636383056641e+00
-4.778332114219665527e-01
2.654106914997100830e-01
-7.224966883659362793e-01
-4.288800060749053955e-01
1.149680614471435547e+00
-8.953711390495300293e-01
2.778197765350341797e+00
-6.480930000543594360e-02
-2.007765620946884155e-01
2.022209018468856812e-01
-1.308960318565368652e+00
-1.844263076782226562e-01
1.506019234657287598e+00
-1.695940494537353516e+00
1.028022319078445435e-01
7.607297301292419434e-01
-1.233855962753295898e+00
-8.166793584823608398e-01
-2.309561491012573242e+00
7.880744338035583496e-01
-1.232531309127807617e+00
-5.354582071304321289e-01
1.091402173042297363e+00
6.771238446235656738e-01
6.555996537208557129e-01
-2.303153753280639648e+00
8.716555833816528320e-01
3.737373650074005127e-01
-8.505637645721435547e-01
1.295349717140197754e+00
5.995434243232011795e-03
-7.058452963829040527e-01
1.405613899230957031e+00
9.676167964935302734e-01
3.769825771450996399e-02
-8.088876008987426758e-01
2.839565575122833252e-01
-3.158535242080688477e+00
1.011550500988960266e-01
3.055436611175537109e-01
-4.015889167785644531e-01
-1.731915473937988281e+00
2.606460452079772949e-01
3.087910413742065430e-01
-5.801820158958435059e-01
4.568563103675842285e-01
-1.086288243532180786e-01
-7.539837956428527832e-01
1.973242998123168945e+00
9.051901102066040039e-01
-1.988577127456665039e+00
2.275151729583740234e+00
-5.609386786818504333e-02
-5.129987597465515137e-01
8.929447531700134277e-01
5.990861654281616211e-01
-2.489195019006729126e-01
-5.160848498344421387e-01
-1.166078448295593262e+00
-2.495450377464294434e-01
-2.095150709152221680e+00
-1.854806184768676758e+00
1.580188393592834473e+00
5.119870305061340332e-01
-2.854343652725219727e+00
-9.817938804626464844e-01
1.532648682594299316e+00
9.084005355834960938e-01
-5.819152593612670898e-01
-7.779030203819274902e-01
8.857879638671875000e-01
-1.823653727769851685e-01
-2.478553771972656250e+00
-1.262929081916809082e+00
-2.733268737792968750e-01
-1.299966692924499512e+00
3.134756386280059814e-01
