2.708837509155273438e+00
-2.376787424087524414e+00
9.913950562477111816e-01
4.543667733669281006e-01
2.744065821170806885e-01
1.728267073631286621e-01
-5.023559331893920898e-01
5.343943238258361816e-01
-2.231537818908691406e+00
1.069408535957336426e+00
-9.261775016784667969e-01
1.624465703964233398e+00
-2.711680829524993896e-01
-1.284491658210754395e+00
-1.115407228469848633e+00
-6.358556151390075684e-01
1.086812615394592285e+00
1.290598511695861816e+00
-1.147242307662963867e+00
4.874785840511322021e-01
-8.230864405632019043e-01
9.554714560508728027e-01
5.380232930183410645e-01
6.683593988418579102e-01
-2.462279796600341797e+00
-2.153010219335556030e-01
1.339663982391357422e+00
-8.983159661293029785e-01
8.158302903175354004e-01
-3.017056882381439209e-01
-1.451081633567810059e+00
4.144425392150878906e-01
-6.624702215194702148e-01
1.657331734895706177e-01
-2.495198696851730347e-01
8.283131718635559082e-01
1.794099569320678711e+00
4.078415632247924805e-01
-1.673288941383361816e+00
8.539004325866699219e-01
3.987300872802734375e+00
-1.211079120635986328e+00
1.076711893081665039e+00
8.833135962486267090e-01
8.745503425598144531e-01
-2.334293127059936523e+00
-6.279666423797607422e-01
4.545020461082458496e-01
4.662231802940368652e-01
-5.403108000755310059e-01
1.252629876136779785e+00
-3.354408312588930130e-03
-1.198272705078125000e+00
-8.646428585052490234e-01
9.536427855491638184e-01
4.998203217983245850e-01
-4.334146976470947266e-01
2.490832358598709106e-01
2.719539880752563477e+00
-4.567604064941406250e-01
-8.530067205429077148e-01
1.165097951889038086e+00
-1.222853183746337891e+00
8.163895010948181152e-01
-6.687639355659484863e-01
-8.815688490867614746e-01
-9.002799987792968750e-01
1.415127396583557129e+00
9.816075563430786133e-01
-1.250686943531036377e-01
8.240936398506164551e-01
-1.700179100036621094e+00
9.227360486984252930e-01
1.348569989204406738e-01
-8.535591959953308105e-01
-1.790015250444412231e-01
-1.276047825813293457e+00
6.417347192764282227e-01
-1.213165372610092163e-01
-9.917091131210327148e-01
6.734528541564941406e-01
-2.372004687786102295e-01
1.081906795501708984e+00
-1.078257262706756592e-01
2.999530732631683350e-01
-8.747433423995971680e-01
-1.384274363517761230e+00
-1.917332768440246582e+00
3.587696850299835205e-01
-3.180698156356811523e-01
1.200254917144775391e+00
-5.369104743003845215e-01
5.432190895080566406e-01
-1.806866526603698730e+00
-1.887848854064941406e+00
-1.297559857368469238e+00
7.733231782913208008e-01
-1.677036046981811523e+00
-7.819705009460449219e-01
-2.693043053150177002e-01
1.896351456642150879e+00
-6.566658020019531250e-01
4.568024352192878723e-02
5.640875101089477539e-01
2.740298748016357422e+00
-1.077970266342163086e+00
-1.975869178771972656e+00
-9.814938902854919434e-01
1.652712464332580566e+00
-1.062901616096496582e+00
8.278017044067382812e-01
1.091997265815734863e+00
-1.763656437397003174e-01
2.266322672367095947e-01
7.925204038619995117e-01
-2.260256290435791016e+00
-1.684822082519531250e+00
-3.144907236099243164e+00
-8.929134011268615723e-01
1.829470872879028320e+00
2.550563812255859375e+00
-1.316172719001770020e+00
9.825145602226257324e-01
1.484907507896423340e+00
-5.002824068069458008e-01
1.489969253540039062e+00
-4.027943909168243408e-01
7.722293138504028320e-01
