1.783534765243530273e+00
-2.570000410079956055e+00
-8.115745186805725098e-01
8.399020433425903320e-01
1.550352334976196289e+00
-1.156549334526062012e+00
-1.415556907653808594e+00
-2.642595469951629639e-01
-2.365453720092773438e+00
1.099141359329223633e+00
6.815124750137329102e-01
2.333675384521484375e+00
9.928137660026550293e-01
-8.354752063751220703e-01
1.418970346450805664e+00
1.451858282089233398e+00
1.328404545783996582e+00
-3.103934526443481445e-01
3.420851826667785645e-01
-5.801133513450622559e-01
7.229599952697753906e-01
3.589352965354919434e-02
-4.367185831069946289e-01
9.446691870689392090e-01
2.593007311224937439e-02
-1.112328410148620605e+00
-1.046390175819396973e+00
-9.249784946441650391e-01
-2.110083252191543579e-01
-3.731836080551147461e-01
-1.845168113708496094e+00
4.154453873634338379e-01
5.049464106559753418e-01
1.348006844520568848e+00
-1.381005406379699707e+00
-9.858925342559814453e-01
4.430910646915435791e-01
-1.854073703289031982e-01
8.937246799468994141e-01
1.431910395622253418e+00
1.609005093574523926e+00
-1.332515597343444824e+00
1.232313871383666992e+00
-1.947033405303955078e+00
-2.108417600393295288e-01
-5.082095861434936523e-01
1.192724227905273438e+00
1.384565353393554688e+00
-3.020273149013519287e-01
-2.240246534347534180e+00
8.392955362796783447e-02
-1.656186819076538086e+00
1.124761253595352173e-01
-1.484378218650817871e+00
-3.952805101871490479e-01
1.329774737358093262e+00
-1.662268280982971191e+00
1.785188078880310059e+00
-3.352271020412445068e-01
1.037260368466377258e-01
-1.109796285629272461e+00
3.980934321880340576e-01
-2.051506280899047852e+00
4.369317293167114258e-01
9.122863411903381348e-01
-1.444721698760986328e+00
3.275457382202148438e+00
1.302246749401092529e-01
-3.010531365871429443e-01
-9.060359597206115723e-01
1.814258813858032227e+00
-8.457016348838806152e-01
-9.257935285568237305e-01
1.429104566574096680e+00
1.300074934959411621e+00
5.395465493202209473e-01
-8.938613533973693848e-01
1.203309416770935059e+00
5.178131908178329468e-02
-2.110703140497207642e-01
8.209418654441833496e-01
-1.450453042984008789e+00
2.557675361633300781e+00
4.323261976242065430e-01
1.571462512016296387e+00
8.518778681755065918e-01
-5.735330581665039062e-01
1.785840868949890137e+00
6.802510023117065430e-01
-2.519014179706573486e-01
-1.977325201034545898e+00
-1.074756383895874023e-01
-1.250426173210144043e+00
1.222266912460327148e+00
-2.595473051071166992e+00
-5.621247887611389160e-01
-8.502178788185119629e-01
-1.362341165542602539e+00
5.172028541564941406e-01
-1.570796728134155273e+00
1.289110660552978516e+00
-1.390339970588684082e+00
-4.817389249801635742e-01
1.242397785186767578e+00
-8.815888166427612305e-01
4.887515306472778320e-01
-4.976270198822021484e-01
-9.472506046295166016e-01
4.229849576950073242e-01
-2.711653232574462891e+00
5.270720720291137695e-01
-9.114868640899658203e-01
-8.827112317085266113e-01
2.167686223983764648e+00
1.035349607467651367e+00
-1.901755571365356445e+00
8.226595520973205566e-01
-1.095295548439025879e+00
-9.482405781745910645e-01
-5.092795491218566895e-01
3.117049038410186768e-01
8.142126202583312988e-01
1.033409118652343750e+00
-4.718985259532928467e-01
-4.417584240436553955e-01
1.614041328430175781e+00
5.519790649414062500e-01
-1.409201741218566895e+00
