1.897731870412826538e-01
-9.510892629623413086e-02
-8.412614464759826660e-01
1.584344804286956787e-01
1.016350388526916504e+00
4.908144474029541016e-01
6.268544793128967285e-01
1.297985315322875977e+00
1.660860180854797363e+00
-1.548666119575500488e+00
1.936078965663909912e-01
-8.470358848571777344e-01
1.378701686859130859e+00
-1.115437783300876617e-02
-1.352929115295410156e+00
-1.918077170848846436e-01
1.902502477169036865e-01
3.207718729972839355e-01
1.265380382537841797e-01
-1.269572615623474121e+00
5.340853706002235413e-02
-3.488590419292449951e-01
-1.797813475131988525e-01
5.974140763282775879e-01
-9.375978112220764160e-01
-3.951252996921539307e-01
-8.630057573318481445e-01
-2.273142814636230469e+00
-3.277919888496398926e-01
-1.883734703063964844e+00
-1.904314398765563965e+00
1.455181241035461426e-01
-8.537847399711608887e-01
-8.748295903205871582e-01
-4.366663694381713867e-01
1.046956539154052734e+00
6.672091484069824219e-01
7.665017843246459961e-01
6.004410386085510254e-01
-2.529225349426269531e-01
5.012977123260498047e-01
-1.687107563018798828e+00
1.906987309455871582e+00
5.474216938018798828e-01
4.252797067165374756e-01
2.053364038467407227e+00
-6.513439416885375977e-01
-5.208958983421325684e-01
-2.997981756925582886e-02
9.939857721328735352e-01
-2.731665670871734619e-01
1.574171900749206543e+00
-2.157032340764999390e-01
-8.183950781822204590e-01
-4.663739800453186035e-01
1.061555966734886169e-01
1.058114409446716309e+00
1.302364706993103027e+00
1.382497072219848633e+00
-1.701227188110351562e+00
-1.404595851898193359e+00
2.547786474227905273e+00
-2.490172863006591797e+00
4.891105294227600098e-01
1.601431727409362793e+00
-2.231267690658569336e+00
1.038372293114662170e-01
-1.789193749427795410e+00
-4.881182312965393066e-01
1.841208487749099731e-01
-1.950927019119262695e+00
-4.239300265908241272e-02
7.609913945198059082e-01
9.501516222953796387e-01
-3.634142279624938965e-01
-1.505850791931152344e+00
-1.502308249473571777e+00
1.301659464836120605e+00
1.177994489669799805e+00
-3.331993147730827332e-02
-1.824622988700866699e+00
-2.290693044662475586e+00
2.432803869247436523e+00
-6.776887774467468262e-01
1.552034854888916016e+00
4.859786629676818848e-01
2.787418067455291748e-01
-8.106119632720947266e-01
5.029742717742919922e-01
1.414694309234619141e+00
1.595544695854187012e+00
-1.049296379089355469e+00
-8.480152487754821777e-01
-5.790913477540016174e-02
-3.983285725116729736e-01
9.388101696968078613e-01
1.352686405181884766e+00
5.619580298662185669e-02
-6.418147087097167969e-01
1.245894908905029297e+00
-1.913532376289367676e+00
2.785497307777404785e-01
1.652674436569213867e+00
2.955587506294250488e-01
2.024754047393798828e+00
6.573959589004516602e-01
-2.209992170333862305e+00
-1.003002762794494629e+00
1.168748140335083008e+00
-7.292744517326354980e-01
-1.191922664642333984e+00
1.471962928771972656e+00
1.665702342987060547e+00
2.836349606513977051e-01
8.162115812301635742e-01
3.592093586921691895e-01
8.045384287834167480e-01
-1.578680992126464844e+00
-1.752030611038208008e+00
6.771180629730224609e-01
-2.892823696136474609e+00
9.516580104827880859e-01
2.832741260528564453e+00
-1.097772493958473206e-01
-6.989392042160034180e-01
-2.066836118698120117e+00
-6.258901357650756836e-01
1.193024277687072754e+00
