2.203993558883666992e+00
5.842977762222290039e-01
6.918021440505981445e-01
2.080577239394187927e-02
1.008206844329833984e+00
1.325075328350067139e-01
5.801359936594963074e-02
-1.163764834403991699e+00
-4.895634353160858154e-01
-1.132446452975273132e-01
8.356691598892211914e-01
-3.568627238273620605e-01
8.012510538101196289e-01
-2.725818634033203125e+00
-9.332379102706909180e-01
1.281893491744995117e+00
-1.663702964782714844e+00
-1.182986330240964890e-02
2.734410166740417480e-01
-4.177953302860260010e-01
9.713593721389770508e-01
-6.708975434303283691e-01
-2.780303359031677246e-01
8.204191923141479492e-01
-1.206978440284729004e+00
-1.661642074584960938e+00
-2.882912456989288330e-01
3.273009359836578369e-01
-1.029163971543312073e-01
1.191225290298461914e+00
-1.005043148994445801e+00
-7.532598376274108887e-01
-9.072157740592956543e-01
-7.284938097000122070e-01
-1.897932052612304688e+00
1.746492385864257812e+00
-7.426741123199462891e-01
-7.036441564559936523e-01
-6.377601623535156250e-01
-1.029388666152954102e+00
3.137050867080688477e+00
-1.949210762977600098e+00
8.932451009750366211e-01
8.597708344459533691e-01
-3.214028477668762207e-01
-1.525274515151977539e+00
-3.161730989813804626e-02
1.426927208900451660e+00
9.759991765022277832e-01
2.942398190498352051e-01
-1.336728572845458984e+00
6.147026419639587402e-01
4.036075174808502197e-01
-4.485408067703247070e-01
1.354307293891906738e+00
4.832447171211242676e-01
3.354293406009674072e-01
-1.061760425567626953e+00
1.710832595825195312e+00
1.233786702156066895e+00
-3.364039212465286255e-02
1.089128851890563965e+00
1.287667751312255859e+00
2.034137725830078125e+00
-1.501682877540588379e+00
-4.090826511383056641e+00
-5.557022094726562500e-01
1.207786798477172852e+00
-4.758408665657043457e-01
6.181779783219099045e-03
-2.131429463624954224e-01
1.084882378578186035e+00
3.498766422271728516e-01
9.399323463439941406e-01
2.432172536849975586e+00
-2.101171970367431641e+00
-7.430726289749145508e-01
7.884951233863830566e-01
1.044726848602294922e+00
-1.480410546064376831e-01
1.566937714815139771e-01
1.735343694686889648e+00
-6.275882124900817871e-01
-9.456523060798645020e-01
1.773810386657714844e+00
1.436793327331542969e+00
-8.895755410194396973e-01
7.765169739723205566e-01
-5.919261574745178223e-01
5.732612609863281250e-01
2.142502784729003906e+00
-2.372794866561889648e+00
-2.643278837203979492e-01
2.939675450325012207e-01
-1.156899809837341309e+00
-1.234983652830123901e-02
9.944998025894165039e-01
1.186604022979736328e+00
-5.521716475486755371e-01
-2.077944278717041016e+00
-1.308582186698913574e+00
4.270478487014770508e-01
-2.762274265289306641e+00
3.029262542724609375e+00
-1.523649096488952637e-01
7.629702091217041016e-01
-4.350869357585906982e-01
-7.886345386505126953e-01
-3.310190141201019287e-02
7.157029211521148682e-02
1.301100969314575195e+00
1.684650301933288574e+00
-1.401206493377685547e+00
-1.464031577110290527e+00
6.722889542579650879e-01
-2.227231979370117188e+00
2.556419134140014648e+00
7.029362767934799194e-02
-1.171998262405395508e+00
-1.995878815650939941e+00
-2.437957525253295898e-01
1.403565883636474609e+00
-6.345334053039550781e-01
-1.043813824653625488e+00
-5.781390070915222168e-01
-1.443969607353210449e+00
-6.452829837799072266e-01
6.093032360076904297e-01
