-3.458725512027740479e-01
-1.107681393623352051e-01
-4.896006286144256592e-01
6.805881857872009277e-01
2.328613758087158203e+00
-1.239654064178466797e+00
-9.533543586730957031e-01
-1.615038216114044189e-01
8.604572415351867676e-01
-6.571141481399536133e-01
7.027603387832641602e-01
-1.090290069580078125e+00
2.308036565780639648e+00
-5.619001388549804688e-01
9.089816212654113770e-01
2.070273160934448242e+00
-1.038860082626342773e+00
-4.167138934135437012e-01
-1.192331671714782715e+00
5.118939280509948730e-01
2.622631072998046875e+00
1.655486524105072021e-01
-1.540843725204467773e+00
-2.240853160619735718e-01
-1.359738826751708984e+00
9.089381098747253418e-01
3.640804588794708252e-01
-8.680740594863891602e-01
6.078174114227294922e-01
1.454100847244262695e+00
-1.138696789741516113e+00
-3.160219192504882812e+00
-2.560945034027099609e+00
8.646591752767562866e-02
5.957702398300170898e-01
5.592076778411865234e-01
-7.465248107910156250e-01
-4.383499622344970703e-01
4.409788250923156738e-01
3.802479803562164307e-01
-2.507582604885101318e-01
-8.927210569381713867e-01
1.234268307685852051e+00
1.731877923011779785e+00
-1.359405636787414551e+00
2.305339813232421875e+00
-6.087241768836975098e-01
1.815928936004638672e+00
-5.185467600822448730e-01
-8.404426574707031250e-01
-6.215400695800781250e-01
-5.387193560600280762e-01
3.856649994850158691e-01
7.173062562942504883e-01
-3.851839900016784668e-01
-7.590283751487731934e-01
1.625797271728515625e+00
-1.240490674972534180e+00
-8.149439692497253418e-01
2.403380393981933594e+00
7.855867147445678711e-01
1.439834237098693848e+00
-2.060157060623168945e-01
8.171783089637756348e-01
2.562859058380126953e+00
-1.570643857121467590e-02
5.745102167129516602e-01
6.955322027206420898e-01
1.447893738746643066e+00
-1.100756049156188965e+00
1.172736406326293945e+00
-1.768162846565246582e+00
3.650303483009338379e-01
4.049289226531982422e-01
-1.661549210548400879e+00
-1.409804105758666992e+00
-6.588674783706665039e-01
-1.053451180458068848e+00
1.278532296419143677e-01
-1.643307328224182129e+00
5.314427018165588379e-01
6.242299675941467285e-01
1.204255223274230957e+00
-3.498640656471252441e-01
3.539958894252777100e-01
-1.813473820686340332e+00
9.735361337661743164e-01
-1.521955490112304688e+00
1.061947718262672424e-01
1.559133410453796387e+00
-1.868571192026138306e-01
-1.213570356369018555e+00
1.904242672026157379e-02
1.342949390411376953e+00
4.759985506534576416e-01
-6.055563092231750488e-01
4.250188171863555908e-02
-8.518269062042236328e-01
1.193438291549682617e+00
2.522430419921875000e+00
8.827785402536392212e-02
2.941587865352630615e-01
2.866908013820648193e-01
2.538741528987884521e-01
1.237396121025085449e+00
-8.069417476654052734e-01
-1.170845851302146912e-01
-6.929447650909423828e-01
1.151728391647338867e+00
1.656105875968933105e+00
-2.253325581550598145e-01
1.953400373458862305e+00
-7.463054358959197998e-02
-1.838620543479919434e+00
2.036583423614501953e+00
6.077076792716979980e-01
4.296400845050811768e-01
-3.691159486770629883e-01
-1.189612746238708496e+00
-1.775035738945007324e+00
-3.443832397460937500e+00
-1.107968911528587341e-01
-7.459264397621154785e-01
-9.416919350624084473e-01
-1.394456863403320312e+00
-1.290699005126953125e+00
-9.283213615417480469e-01
-5.709658265113830566e-01
