1.566148161888122559e+00
3.332405090332031250e-01
1.726379513740539551e+00
1.788832843303680420e-01
-2.175987005233764648e+00
3.283390402793884277e-01
1.330413818359375000e+00
-1.134538888931274414e+00
-2.693172454833984375e+00
-1.634854674339294434e-01
1.990415304899215698e-01
4.457490742206573486e-01
-4.586015045642852783e-01
1.356224060058593750e+00
-2.267137765884399414e+00
1.188232898712158203e+00
-2.502546012401580811e-01
1.354972720146179199e+00
3.821443617343902588e-01
-9.899513721466064453e-01
-2.068587839603424072e-01
1.460195928812026978e-01
1.662797451019287109e+00
5.592334643006324768e-02
-1.065950870513916016e+00
-1.343579173088073730e+00
1.070279479026794434e+00
-5.936011075973510742e-01
-1.081208661198616028e-01
1.547819614410400391e+00
-1.178893923759460449e+00
1.843222975730895996e-01
-8.335663080215454102e-01
9.534675478935241699e-01
9.963084459304809570e-01
-6.682422757148742676e-02
1.068768501281738281e+00
8.459659218788146973e-01
-2.578276023268699646e-02
-4.930775761604309082e-01
5.338866114616394043e-01
1.748117804527282715e+00
5.832259654998779297e-01
5.652857422828674316e-01
-1.322938203811645508e-01
1.903934478759765625e+00
-9.101668000221252441e-01
-8.287807703018188477e-01
1.968656778335571289e+00
5.691015720367431641e-01
-1.596783280372619629e+00
1.595486849546432495e-01
2.468705177307128906e+00
5.031620338559150696e-02
1.074338436126708984e+00
1.808936715126037598e+00
-4.047896265983581543e-01
-1.026731371879577637e+00
-7.314990758895874023e-01
1.760497689247131348e+00
1.922893524169921875e+00
9.699844121932983398e-01
-1.414293885231018066e+00
3.443251550197601318e-01
-1.262067198753356934e+00
-2.537621557712554932e-01
-7.779863476753234863e-01
7.895153760910034180e-01
-1.674213171005249023e+00
-1.984872460365295410e+00
-1.636203408241271973e+00
-1.531193137168884277e+00
-1.397366374731063843e-01
9.779993295669555664e-01
-4.542833566665649414e-01
-1.199426889419555664e+00
-4.542265087366104126e-02
5.103036761283874512e-01
-2.338233709335327148e+00
-1.791067719459533691e+00
5.818108096718788147e-03
-1.020672470331192017e-01
1.499544978141784668e+00
-1.582223176956176758e+00
1.215371012687683105e+00
1.549564838409423828e+00
1.816198378801345825e-01
-2.716580629348754883e-01
-3.831699192523956299e-01
-9.723216891288757324e-01
1.575221180915832520e+00
1.125634670257568359e+00
3.967831134796142578e-01
7.804090976715087891e-01
1.059101894497871399e-01
-1.755639433860778809e+00
5.689758062362670898e-01
1.339025735855102539e+00
1.093015551567077637e+00
1.063722491264343262e+00
5.538312196731567383e-01
9.437091946601867676e-01
-9.797701984643936157e-02
2.539826631546020508e-01
-2.113800764083862305e+00
7.513796687126159668e-01
-1.262879729270935059e+00
-2.401234149932861328e+00
4.900400042533874512e-01
-1.921217918395996094e+00
8.212018758058547974e-02
7.613903284072875977e-02
6.520906686782836914e-01
-1.249517202377319336e+00
-6.771498322486877441e-01
-5.968863964080810547e-01
-1.274934262037277222e-01
-5.941942334175109863e-02
-1.302734494209289551e+00
1.757641792297363281e+00
-1.286173820495605469e+00
1.415913820266723633e+00
-2.254051685333251953e+00
-2.503521740436553955e-01
-1.510576009750366211e+00
8.007041811943054199e-01
-1.495310544967651367e+00
1.653632283210754395e+00
