1.466886043548583984e+00
-5.602253675460815430e-01
6.972038149833679199e-01
-2.494311571121215820e+00
-2.197416782379150391e+00
5.540409088134765625e-01
2.635169982910156250e+00
1.896668791770935059e+00
-1.221297621726989746e+00
-1.236529231071472168e+00
1.442798972129821777e+00
2.196058928966522217e-01
2.749256849288940430e+00
-5.855438709259033203e-01
5.666693449020385742e-01
-1.356274247169494629e+00
-8.350725285708904266e-03
7.722940444946289062e-01
-1.317855477333068848e+00
1.549429655075073242e+00
1.558026522397994995e-01
-4.562152922153472900e-02
8.021857738494873047e-01
2.768139839172363281e+00
-1.344982504844665527e+00
4.172795712947845459e-01
2.459622770547866821e-01
-1.721782326698303223e+00
-1.941007673740386963e-01
1.124409198760986328e+00
-1.128817200660705566e+00
-2.318504571914672852e+00
-4.327847063541412354e-01
-2.697831630706787109e+00
3.079702556133270264e-01
1.372387290000915527e+00
-1.113049268722534180e+00
2.757182810455560684e-03
-7.685468196868896484e-01
-1.815060615539550781e+00
-1.185301899909973145e+00
-7.852250933647155762e-01
1.486542463302612305e+00
3.287058770656585693e-01
1.273568630218505859e+00
1.008475422859191895e+00
3.766292035579681396e-01
1.268217086791992188e+00
-1.303071379661560059e-01
3.476294875144958496e-01
1.247654557228088379e+00
-8.926474452018737793e-01
7.037718892097473145e-01
7.785577178001403809e-01
-1.944857388734817505e-01
-1.091504454612731934e+00
3.551395833492279053e-01
6.647989749908447266e-01
1.141268253326416016e+00
1.134462833404541016e+00
8.999585509300231934e-01
-7.427067160606384277e-01
4.210707917809486389e-02
3.879216611385345459e-01
-3.824449777603149414e-01
-2.751763582229614258e+00
1.498487949371337891e+00
-2.500761449337005615e-01
-1.977023780345916748e-01
1.345693469047546387e-01
1.147143125534057617e+00
1.713282465934753418e+00
1.996675252914428711e+00
-4.646341204643249512e-01
-9.044861793518066406e-01
-1.807233572006225586e+00
-1.928121089935302734e+00
-1.418210268020629883e+00
-1.561853766441345215e+00
-8.560553789138793945e-01
-1.269978761672973633e+00
8.927724361419677734e-01
-1.416347026824951172e-01
-8.060520291328430176e-01
2.442479372024536133e+00
-2.519105076789855957e-01
-5.880214571952819824e-01
7.299231290817260742e-01
-1.855539321899414062e+00
8.346456289291381836e-01
8.951139450073242188e-01
-2.635672569274902344e+00
2.116481773555278778e-02
-4.619389772415161133e-02
1.841010689735412598e+00
2.254110202193260193e-02
1.299557089805603027e+00
-1.315497905015945435e-01
-1.044719144701957703e-01
1.622539639472961426e+00
8.229305744171142578e-01
-7.160074710845947266e-01
-1.165041685104370117e+00
-8.570712208747863770e-01
1.921521902084350586e+00
7.708292007446289062e-01
-1.202044337987899780e-01
9.917067289352416992e-01
9.897612929344177246e-01
-1.075007557868957520e+00
-3.562734127044677734e-01
-3.502610921859741211e-01
-1.876814126968383789e+00
-1.298832178115844727e+00
1.073602795600891113e+00
1.397218648344278336e-02
2.187297195196151733e-01
-8.216890096664428711e-01
-1.815167307853698730e+00
-4.136700630187988281e-01
-3.837184011936187744e-01
-1.081854224205017090e+00
2.018238782882690430e+00
-5.100085139274597168e-01
-7.458118796348571777e-01
-1.234071969985961914e+00
1.440848946571350098e+00
9.910955429077148438e-01
