2.920876443386077881e-01
4.761588573455810547e-01
5.840527415275573730e-01
-8.757603168487548828e-02
2.256701290607452393e-01
-1.183754324913024902e+00
1.188109159469604492e+00
1.249904394149780273e+00
-7.685521841049194336e-01
-2.082166969776153564e-01
1.081355571746826172e+00
-6.127412319183349609e-01
1.122438669204711914e+00
2.139996051788330078e+00
4.259310662746429443e-01
1.921508669853210449e+00
-1.469640493392944336e+00
8.783329725265502930e-01
-1.130190134048461914e+00
-4.596848189830780029e-01
2.625713586807250977e+00
1.445668220520019531e+00
3.091305196285247803e-01
-2.108764886856079102e+00
-3.110125780105590820e+00
-1.771582603454589844e+00
1.631414771080017090e+00
1.958527863025665283e-01
-2.633499801158905029e-01
1.210964560508728027e+00
-2.767396569252014160e-01
-2.482525706291198730e-01
1.201888680458068848e+00
6.489711403846740723e-01
2.742568254470825195e+00
6.473542451858520508e-01
-1.165054917335510254e+00
2.522373914718627930e+00
8.525487780570983887e-01
1.324560642242431641e+00
-1.957826167345046997e-01
1.301339268684387207e-01
1.569933533668518066e+00
8.653481602668762207e-01
-9.957113862037658691e-02
-5.843464732170104980e-01
-1.358424574136734009e-01
2.099145174026489258e+00
-1.058227121829986572e-01
1.376428127288818359e+00
-7.914897054433822632e-02
-1.252933621406555176e+00
-7.414407134056091309e-01
-1.310778379440307617e+00
-1.290626049041748047e+00
-1.006176322698593140e-01
-1.548752307891845703e+00
6.128023266792297363e-01
-9.727181494235992432e-02
9.285817146301269531e-01
3.685758635401725769e-02
1.423741340637207031e+00
-4.202105104923248291e-01
4.259476959705352783e-01
1.458346962928771973e+00
-1.160243228077888489e-01
9.794707894325256348e-01
-4.369782507419586182e-01
-1.445918679237365723e+00
-6.058912277221679688e-01
-4.751587510108947754e-01
-1.047647714614868164e+00
-1.361432373523712158e-01
1.537990331649780273e+00
3.386484980583190918e-01
-2.325216233730316162e-01
3.058176673948764801e-02
2.670132741332054138e-02
4.979193508625030518e-01
-1.793452978134155273e+00
7.724726796150207520e-01
-2.884988784790039062e-01
-8.491320013999938965e-01
-2.886881530284881592e-01
1.674019359052181244e-02
-1.655616760253906250e+00
-2.295332670211791992e+00
-6.800416111946105957e-01
-1.868229627609252930e+00
-1.713577985763549805e+00
1.167968958616256714e-01
1.507615566253662109e+00
-1.073951482772827148e+00
9.089579582214355469e-01
1.423855304718017578e+00
-1.359587073326110840e+00
-4.850020259618759155e-02
-9.021289348602294922e-01
-1.367583513259887695e+00
-5.062507116235792637e-04
-9.435783624649047852e-01
-1.399791091680526733e-01
1.571829319000244141e-01
-1.025404810905456543e+00
1.636832952499389648e+00
-1.483553554862737656e-02
3.025961816310882568e-01
6.664911508560180664e-01
-5.501302480697631836e-01
-2.291435480117797852e+00
-7.473183274269104004e-01
-5.818447470664978027e-01
8.738729357719421387e-01
2.647597789764404297e+00
-1.027178049087524414e+00
-1.523070454597473145e+00
-7.193474173545837402e-01
9.758728146553039551e-01
-4.864258691668510437e-02
6.980424523353576660e-01
-1.120550036430358887e+00
-1.219359874725341797e+00
-1.393664598464965820e+00
4.795243963599205017e-02
-1.356313109397888184e+00
1.265581727027893066e+00
-1.400914072990417480e+00
4.362950026988983154e-01
