6.775255799293518066e-01
-6.699731945991516113e-01
9.491608738899230957e-01
-3.973625972867012024e-02
-8.644846081733703613e-01
-9.832836389541625977e-01
1.354442477226257324e+00
-1.005627632141113281e+00
-8.475099205970764160e-01
6.347949504852294922e-01
8.617289066314697266e-01
1.462398052215576172e+00
-1.385023951530456543e+00
-4.171069264411926270e-01
4.965165555477142334e-01
-1.359319925308227539e+00
4.173698127269744873e-01
-1.142779886722564697e-01
-1.661114931106567383e+00
-5.336893796920776367e-01
1.979786634445190430e+00
2.505459785461425781e-01
-2.184228152036666870e-01
3.527080118656158447e-01
-2.758699178695678711e+00
-1.199123740196228027e+00
4.146258831024169922e-01
-1.651171922683715820e+00
-1.200326323509216309e+00
1.279348731040954590e+00
-1.755029797554016113e+00
2.470911294221878052e-01
1.119044184684753418e+00
-6.838522106409072876e-02
6.201249957084655762e-01
-1.346000283956527710e-01
-1.261468052864074707e+00
6.344555020332336426e-01
-1.072166800498962402e+00
7.919637560844421387e-01
-1.298514902591705322e-01
2.229019165039062500e+00
1.996830105781555176e+00
2.632749795913696289e+00
-1.869089007377624512e-01
1.008261084556579590e+00
1.085290312767028809e+00
2.226786851882934570e+00
-8.915374875068664551e-01
-4.452324509620666504e-01
-9.765738844871520996e-01
-1.631482243537902832e+00
1.384501218795776367e+00
-3.924414217472076416e-01
-1.278334617614746094e+00
9.436283111572265625e-01
-2.988028764724731445e+00
1.194065928459167480e+00
-3.021101057529449463e-01
-1.818967103958129883e+00
-1.395038962364196777e+00
-4.662694036960601807e-01
-7.448551058769226074e-01
1.037938117980957031e+00
2.286492109298706055e+00
-5.343658924102783203e-01
2.471520751714706421e-01
-1.344931483268737793e+00
8.210380077362060547e-01
-3.687413036823272705e-01
-1.447924375534057617e+00
-9.820879101753234863e-01
3.981904983520507812e-01
3.831014335155487061e-01
3.283069133758544922e-01
-4.859277307987213135e-01
-5.852330848574638367e-02
1.321486592292785645e+00
-3.857819736003875732e-01
-2.184184551239013672e+00
-3.153274208307266235e-02
1.539973765611648560e-01
-5.539608597755432129e-01
1.418328881263732910e+00
1.868079662322998047e+00
-8.348358869552612305e-01
5.395805835723876953e-02
-8.749129176139831543e-01
1.060903549194335938e+00
-1.604104042053222656e+00
8.535335659980773926e-01
2.804690003395080566e-01
-1.907899498939514160e+00
5.621566772460937500e-01
-8.863951563835144043e-01
5.034283995628356934e-01
9.435571432113647461e-01
4.633066058158874512e-01
1.452130794525146484e+00
9.224193096160888672e-01
1.078469634056091309e+00
-4.114176332950592041e-01
8.898374438285827637e-01
-6.177002787590026855e-01
6.887227892875671387e-01
-9.288592338562011719e-01
-4.823905229568481445e-01
-3.720996901392936707e-02
-1.140739560127258301e+00
-4.640217721462249756e-01
2.150446414947509766e+00
2.619717717170715332e-01
6.928154826164245605e-01
1.939499974250793457e+00
9.806949496269226074e-01
-5.884094238281250000e-01
2.764519155025482178e-01
8.450593352317810059e-01
-1.318334221839904785e+00
1.306538105010986328e+00
-2.198425769805908203e+00
2.059701204299926758e+00
1.000474467873573303e-01
-1.647679880261421204e-02
-1.305679559707641602e+00
7.156175971031188965e-01
-1.750047564506530762e+00
-1.065098643302917480e+00
