-1.983695328235626221e-01
-6.967962384223937988e-01
3.737019002437591553e-01
3.939196467399597168e-01
3.990971446037292480e-01
8.518306612968444824e-01
1.356780052185058594e+00
4.544951915740966797e-01
5.643047690391540527e-01
-2.753962576389312744e-01
4.166376888751983643e-01
-1.451715111732482910e+00
-3.603906035423278809e-01
8.338217139244079590e-01
1.684541583061218262e+00
-1.036655664443969727e+00
8.911926746368408203e-01
1.059104919433593750e+00
-1.688874006271362305e+00
1.147759914398193359e+00
-1.406178593635559082e+00
-8.370543122291564941e-01
-8.800593018531799316e-02
2.502418160438537598e-01
-8.017405867576599121e-02
-5.386824011802673340e-01
2.451226711273193359e+00
-1.835937052965164185e-01
-7.157849520444869995e-02
1.517510056495666504e+00
-8.462540507316589355e-01
-8.926270008087158203e-01
-2.495710611343383789e+00
-2.409097403287887573e-01
-1.953605264425277710e-01
-6.099905371665954590e-01
1.249259591102600098e+00
-5.271861553192138672e-01
-9.469462037086486816e-01
-5.133504420518875122e-02
4.545218348503112793e-01
-1.196662187576293945e+00
1.004832148551940918e+00
-1.660822480916976929e-01
1.309950709342956543e+00
5.366113185882568359e-01
-2.845209240913391113e-01
4.296487271785736084e-01
-8.387310504913330078e-01
9.345441460609436035e-01
-7.051767706871032715e-01
2.994345128536224365e-01
1.438008308410644531e+00
3.934131860733032227e-01
-1.314600348472595215e+00
-6.339926719665527344e-01
-2.468586117029190063e-01
2.618386983871459961e+00
9.827313423156738281e-01
1.943446159362792969e+00
-6.316895484924316406e-01
2.531737327575683594e+00
2.019455730915069580e-01
1.892423629760742188e+00
-1.122078537940979004e+00
1.408279538154602051e+00
-7.160571217536926270e-01
-4.082989692687988281e-01
-1.091014385223388672e+00
1.877844691276550293e+00
1.757470011711120605e+00
5.916742682456970215e-01
4.980502426624298096e-01
9.295535087585449219e-01
1.734561920166015625e+00
-1.156170487403869629e+00
-2.769507467746734619e-01
-1.240097284317016602e+00
-1.829053163528442383e-01
-1.482469439506530762e+00
-2.267729997634887695e+00
-1.744262337684631348e+00
2.071225047111511230e-01
1.930597871541976929e-01
1.886728644371032715e+00
-3.164905905723571777e-01
-7.563284635543823242e-01
-7.691019177436828613e-01
1.199240088462829590e+00
4.856738150119781494e-01
-3.331275582313537598e-01
-1.087156534194946289e+00
-5.186693072319030762e-01
-9.488251209259033203e-01
1.440989971160888672e+00
-7.233943939208984375e-01
-2.408814989030361176e-02
1.831303596496582031e+00
-2.565855026245117188e+00
2.111767053604125977e+00
1.451519876718521118e-01
-1.220948398113250732e-01
3.735737502574920654e-01
1.145343184471130371e+00
8.769606351852416992e-01
4.278300106525421143e-01
-2.671507298946380615e-01
-5.756136775016784668e-01
-9.057729840278625488e-01
-1.373522877693176270e+00
-1.462683796882629395e+00
4.574023783206939697e-01
-3.120104312896728516e+00
1.152842760086059570e+00
7.294525504112243652e-01
2.018820261582732201e-03
1.015064001083374023e+00
1.321243286132812500e+00
-1.554992079734802246e+00
-3.133834362030029297e+00
-1.291589021682739258e+00
-1.894713789224624634e-01
-2.917698211967945099e-02
-1.526819467544555664e+00
-1.426593780517578125e+00
-1.812468528747558594e+00
1.120313853025436401e-01
1.277202248573303223e+00
