-9.162556529045104980e-01
1.431627035140991211e+00
-8.170328736305236816e-01
-6.116686016321182251e-02
-1.665797233581542969e+00
1.224175333976745605e+00
1.681967854499816895e+00
1.223966836929321289e+00
1.861865818500518799e-01
1.829012632369995117e-01
3.069024384021759033e-01
1.885219216346740723e+00
2.629520654678344727e+00
-2.898042678833007812e+00
-1.119768977165222168e+00
2.378634735941886902e-02
-1.008900523185729980e+00
-2.274254895746707916e-02
-4.565286636352539062e-01
4.265447556972503662e-01
-2.968369483947753906e+00
-2.407428808510303497e-02
-9.682826995849609375e-01
4.197872877120971680e-01
-1.665889382362365723e+00
4.590713977813720703e-01
-1.116303920745849609e+00
-6.421319842338562012e-01
2.355944156646728516e+00
4.315968155860900879e-01
-2.650466203689575195e+00
-1.073144674301147461e+00
-2.356813102960586548e-02
1.101619601249694824e+00
-4.509609565138816833e-02
-3.118671849370002747e-02
-1.521093368530273438e+00
1.174769103527069092e-01
-5.664130449295043945e-01
9.902109503746032715e-01
-6.316353082656860352e-01
1.687532812356948853e-01
1.440737962722778320e+00
1.281221151351928711e+00
-1.086755514144897461e+00
1.537684649229049683e-01
-9.436694979667663574e-01
1.669214844703674316e+00
-9.482873082160949707e-01
-1.868495583534240723e+00
6.431555747985839844e-01
-9.765767455101013184e-01
-5.134819746017456055e-01
-2.666373550891876221e-01
-2.653371095657348633e-01
-2.320733964443206787e-01
3.170922517776489258e+00
2.083086729049682617e+00
-2.409019470214843750e+00
1.433999180793762207e+00
-7.119278311729431152e-01
1.859017491340637207e+00
-2.327319383621215820e+00
2.880341112613677979e-01
1.699671745300292969e-01
-2.634803295135498047e+00
8.382664918899536133e-01
6.627868413925170898e-01
1.428033947944641113e+00
1.457151651382446289e+00
-4.043565392494201660e-01
1.475443720817565918e+00
2.405681610107421875e+00
9.392178058624267578e-01
-5.060201287269592285e-01
-7.220245599746704102e-01
1.364157795906066895e+00
-3.022175133228302002e-01
-3.785277903079986572e-01
-2.660388469696044922e+00
-7.975406646728515625e-01
-1.053768515586853027e+00
1.507730126380920410e+00
8.181301355361938477e-01
5.977558717131614685e-02
-4.118319451808929443e-01
-2.447272300720214844e+00
-1.107552528381347656e+00
-1.005836963653564453e+00
6.907418966293334961e-01
1.945937752723693848e+00
-2.068672657012939453e+00
-1.274943947792053223e+00
6.281461715698242188e-01
-7.079595327377319336e-01
2.253739833831787109e+00
9.536859989166259766e-01
1.113211065530776978e-01
1.806745290756225586e+00
2.034442424774169922e+00
1.126198053359985352e+00
-1.317421078681945801e+00
-2.125339359045028687e-01
6.981244087219238281e-01
2.118650913238525391e+00
-7.134495377540588379e-01
-1.869799852371215820e+00
3.387207388877868652e-01
6.229430809617042542e-02
-4.578869342803955078e-01
-1.127771377563476562e+00
1.901400089263916016e+00
2.762985825538635254e-01
-3.637745082378387451e-01
6.226627156138420105e-02
-7.303178906440734863e-01
9.851657748222351074e-01
-1.150215148925781250e+00
-1.716301202774047852e+00
8.692905306816101074e-01
-1.193835854530334473e+00
9.006891250610351562e-01
2.271448075771331787e-01
4.913091063499450684e-01
7.432054728269577026e-02
-1.633831262588500977e-01
-5.065695643424987793e-01
-1.223672151565551758e+00
