-4.984561502933502197e-01
-4.943356215953826904e-01
-1.147723197937011719e+00
4.591508507728576660e-01
2.345916748046875000e+00
7.800282239913940430e-01
-1.299683570861816406e+00
1.559976816177368164e+00
-3.920153081417083740e-01
-3.400657773017883301e-01
-5.465916991233825684e-01
3.917727768421173096e-01
4.489813148975372314e-01
-7.860695719718933105e-01
-3.949086368083953857e-01
1.394955992698669434e+00
-2.312761396169662476e-01
-3.286017179489135742e-01
-1.673629432916641235e-01
-5.441991090774536133e-01
1.233370825648307800e-01
-1.889167308807373047e+00
-1.065139055252075195e+00
1.500582575798034668e+00
1.048128485679626465e+00
3.930371701717376709e-01
-1.193260908126831055e+00
4.501389265060424805e-01
-6.672366857528686523e-01
-4.075987637042999268e-01
3.381792902946472168e-01
2.213831663131713867e+00
1.870397180318832397e-01
-1.825388431549072266e+00
1.327695250511169434e+00
1.239922866225242615e-01
3.476178050041198730e-01
5.344412922859191895e-01
4.802995920181274414e-02
2.487715244293212891e+00
-3.670376539230346680e-01
-4.018099009990692139e-01
1.542410492897033691e+00
8.834690451622009277e-01
-7.764554619789123535e-01
8.810283541679382324e-01
-7.483084201812744141e-01
-1.664061903953552246e+00
8.000062704086303711e-01
1.397111892700195312e+00
-2.269047349691390991e-01
-1.984420776367187500e+00
1.058609485626220703e+00
-1.864754855632781982e-01
1.346515297889709473e+00
-2.420919239521026611e-01
2.201428651809692383e+00
8.588113784790039062e-01
1.366030722856521606e-01
3.016980648040771484e+00
6.016421914100646973e-01
-1.620052695274353027e+00
-4.400098025798797607e-01
-9.200474619865417480e-02
-9.232272505760192871e-01
4.656186103820800781e-01
8.323738574981689453e-01
2.863018989562988281e+00
-4.767031595110893250e-02
-4.405499696731567383e-01
-2.469621002674102783e-01
-6.197858452796936035e-01
-5.814129710197448730e-01
1.541007995605468750e+00
9.471767544746398926e-01
-1.146036028861999512e+00
2.923995494842529297e+00
-1.495356798171997070e+00
-4.586257636547088623e-01
-1.762389838695526123e-01
-7.932805269956588745e-02
-4.963302016258239746e-01
5.727884173393249512e-01
-1.213476538658142090e+00
7.814220786094665527e-01
-7.891362905502319336e-01
-2.339155673980712891e-01
9.368985891342163086e-01
-1.407076597213745117e+00
-4.988050758838653564e-01
-7.786428928375244141e-01
-1.076469063758850098e+00
-7.990801334381103516e-01
2.278400897979736328e+00
8.917810320854187012e-01
-1.291925311088562012e+00
3.466884493827819824e-01
-2.434685826301574707e-01
2.161998748779296875e-01
-1.731948733329772949e+00
-3.885858058929443359e-01
1.663881897926330566e+00
-2.288824796676635742e+00
3.778588399291038513e-02
-1.615237832069396973e+00
-4.334355145692825317e-02
-5.291745066642761230e-01
-2.738448083400726318e-01
3.865665793418884277e-01
-1.990212678909301758e+00
-8.040102124214172363e-01
-2.350571453571319580e-01
-1.399384260177612305e+00
3.064032077789306641e+00
-3.749919235706329346e-01
-2.578294277191162109e+00
8.952559828758239746e-01
1.050325706601142883e-01
-1.513462781906127930e+00
-2.258620262145996094e+00
-1.155962347984313965e+00
5.166432261466979980e-01
6.442808359861373901e-02
-1.613785505294799805e+00
-8.894863724708557129e-01
-1.739400774240493774e-01
1.116104722023010254e+00
-8.559430837631225586e-01
