-1.932241439819335938e+00
-9.114626646041870117e-01
1.477545052766799927e-01
3.105475604534149170e-01
1.281994342803955078e+00
-2.939843893051147461e+00
-6.330350637435913086e-01
9.023044109344482422e-01
3.833708167076110840e-01
1.245878934860229492e+00
-1.122716665267944336e+00
1.337338209152221680e+00
-1.022390604019165039e+00
7.188155651092529297e-01
-2.510023832321166992e+00
7.896773517131805420e-02
-1.244644284248352051e+00
9.684342145919799805e-01
9.817361235618591309e-01
1.523639440536499023e+00
-1.562670111656188965e+00
-9.935609102249145508e-01
1.801075696945190430e+00
1.194021821022033691e+00
-3.244401693344116211e+00
1.342940807342529297e+00
1.516744613647460938e+00
-9.905740022659301758e-01
1.044421419501304626e-01
7.498974204063415527e-01
-5.679351091384887695e-01
2.730242013931274414e-01
2.406041473150253296e-01
-4.537857174873352051e-01
-7.507829666137695312e-01
1.190915346145629883e+00
1.074592471122741699e+00
-1.845696091651916504e+00
1.321122050285339355e+00
-9.969194531440734863e-01
-2.207551300525665283e-01
4.858741760253906250e-01
1.498488783836364746e+00
-1.000741243362426758e+00
-5.679844617843627930e-01
2.273042052984237671e-01
-5.150184631347656250e-01
9.877455830574035645e-01
1.563217282295227051e+00
7.830380201339721680e-01
1.375879406929016113e+00
-2.815192937850952148e+00
6.203293800354003906e-01
-7.962647676467895508e-01
-4.569559693336486816e-01
-6.111668944358825684e-01
8.666916936635971069e-02
7.192694544792175293e-01
1.039692163467407227e+00
1.364346027374267578e+00
-7.296267151832580566e-01
1.382154412567615509e-02
4.748588800430297852e-01
5.311147570610046387e-01
2.553420364856719971e-01
8.263176679611206055e-01
-1.057317614555358887e+00
-1.360574364662170410e+00
-1.942348927259445190e-01
5.206381082534790039e-01
3.699741140007972717e-02
-1.108700633049011230e+00
3.092760562896728516e+00
-9.779807180166244507e-02
-1.669277310371398926e+00
-1.656602621078491211e+00
-4.898037314414978027e-01
1.304281651973724365e-01
1.641311198472976685e-01
-1.544749855995178223e+00
2.401034832000732422e-01
-2.744263887405395508e+00
2.536562204360961914e+00
7.363768815994262695e-01
3.091346099972724915e-02
1.376439183950424194e-01
1.394245505332946777e+00
-3.219234347343444824e-01
7.493254542350769043e-01
1.857415914535522461e+00
-2.640499591827392578e+00
3.241774067282676697e-02
-1.633144378662109375e+00
1.305177330970764160e+00
3.491148352622985840e-01
-3.416266441345214844e-01
-3.728507161140441895e-01
6.582804322242736816e-01
-3.250170052051544189e-01
2.664878368377685547e+00
-2.222275257110595703e+00
-8.193811774253845215e-01
9.993077516555786133e-01
-9.922999739646911621e-01
2.097714662551879883e+00
-1.324249207973480225e-01
-1.389132022857666016e+00
-2.672678530216217041e-01
2.877576351165771484e-01
-9.425575733184814453e-01
-9.323170185089111328e-01
-2.648687660694122314e-01
5.203639864921569824e-01
2.016132116317749023e+00
1.198630109429359436e-01
8.425056934356689453e-01
-6.945357322692871094e-01
-2.353351831436157227e+00
2.070244699716567993e-01
-3.728665411472320557e-01
9.902197122573852539e-01
5.414518341422080994e-02
1.274453759193420410e+00
-1.356473088264465332e+00
-3.857875764369964600e-01
-1.236025094985961914e+00
-3.505781292915344238e-01
1.298205554485321045e-01
