1.746271371841430664e+00
-7.091596722602844238e-01
-7.217521071434020996e-01
-7.584431171417236328e-01
1.612915515899658203e+00
5.776131153106689453e-01
1.175296425819396973e+00
-1.569806486368179321e-01
-3.874809443950653076e-01
1.838458478450775146e-01
1.727857947349548340e+00
-1.708020210266113281e+00
9.133217930793762207e-01
7.853345572948455811e-02
-6.715696454048156738e-01
5.767176151275634766e-01
2.090242624282836914e+00
4.415131211280822754e-01
-1.480601727962493896e-01
6.256572008132934570e-01
1.063113689422607422e+00
9.043663740158081055e-01
-8.998589515686035156e-01
2.662727117538452148e+00
-1.332220911979675293e+00
2.089076280593872070e+00
-1.422860622406005859e-01
-7.317239642143249512e-01
-5.437772870063781738e-01
-5.524265170097351074e-01
-9.867432117462158203e-01
6.836678832769393921e-02
-1.210002303123474121e+00
-7.779431939125061035e-01
-1.402115464210510254e+00
2.242729187011718750e+00
2.017116785049438477e+00
4.387633800506591797e-01
-7.052933573722839355e-01
-1.695768356323242188e+00
-4.955494999885559082e-01
2.531568706035614014e-01
-5.817812085151672363e-01
1.160797834396362305e+00
-8.386275768280029297e-01
4.798969328403472900e-01
1.436602115631103516e+00
7.372585535049438477e-01
2.167990058660507202e-01
-1.163826823234558105e+00
5.076216459274291992e-01
-8.596431612968444824e-01
-1.306369066238403320e+00
1.049986481666564941e+00
2.014747619628906250e+00
2.035818576812744141e+00
3.481597602367401123e-01
-1.651812195777893066e+00
-7.874700427055358887e-01
4.611854255199432373e-01
-1.578506112098693848e+00
-5.615840554237365723e-01
-1.935367703437805176e+00
-1.044168353080749512e+00
2.122193388640880585e-02
-2.136974573135375977e+00
8.472031950950622559e-01
1.813734889030456543e+00
-1.049622535705566406e+00
7.135776281356811523e-01
2.074099302291870117e+00
7.414983510971069336e-01
3.263920247554779053e-01
1.272120237350463867e+00
1.479303184896707535e-02
-1.109323948621749878e-01
-2.644984126091003418e-01
-8.191745728254318237e-02
-1.773392438888549805e+00
-2.086165189743041992e+00
-1.441895604133605957e+00
-1.344572901725769043e-01
1.620783090591430664e+00
1.952503085136413574e+00
2.848939657211303711e+00
8.247413635253906250e-01
-3.002571105957031250e+00
-9.079768657684326172e-01
-8.861502408981323242e-01
1.196472346782684326e-01
2.612245798110961914e+00
-2.586624383926391602e+00
-1.809653639793395996e+00
-2.330606937408447266e+00
1.343942642211914062e+00
-9.859640598297119141e-01
5.137315988540649414e-01
-1.111385583877563477e+00
-3.063010573387145996e-01
1.415355563163757324e+00
5.089854001998901367e-01
-7.476683259010314941e-01
-1.006297707557678223e+00
-8.278547525405883789e-01
-1.418567299842834473e+00
-9.621604681015014648e-01
-8.548165559768676758e-01
-8.378700911998748779e-02
1.797458052635192871e+00
-2.701321363449096680e+00
1.303035020828247070e+00
3.424709737300872803e-01
1.358842253684997559e+00
5.865253806114196777e-01
-1.911549806594848633e+00
5.107952952384948730e-01
3.520893752574920654e-01
4.530333578586578369e-01
-8.432691693305969238e-01
-7.918166518211364746e-01
1.003074526786804199e+00
-1.985762715339660645e+00
7.041203975677490234e-01
6.568608880043029785e-01
-1.170871406793594360e-01
1.665573596954345703e+00
-1.062234640121459961e+00
-9.597980380058288574e-01
