-7.617849707603454590e-01
-1.136913776397705078e+00
-8.460225462913513184e-01
7.554165720939636230e-01
-4.962750673294067383e-01
7.602739334106445312e-01
2.694015264511108398e+00
3.569795191287994385e-02
3.202470839023590088e-01
-7.488104701042175293e-01
8.305679559707641602e-01
-2.064844608306884766e+00
-9.875832200050354004e-01
-5.447909235954284668e-01
4.584777057170867920e-01
-1.950512170791625977e+00
5.256274342536926270e-01
4.546281099319458008e-01
-6.759006381034851074e-01
1.009884834289550781e+00
-5.007337927818298340e-01
4.901001751422882080e-01
2.558813393115997314e-01
-1.128635287284851074e+00
-2.637713670730590820e+00
8.949899673461914062e-01
1.526858806610107422e+00
-4.393410980701446533e-01
2.519200444221496582e-01
1.670461773872375488e+00
8.664838075637817383e-01
-2.053042650222778320e+00
1.042535781860351562e+00
4.899819791316986084e-01
-1.216340065002441406e+00
5.501755475997924805e-01
1.188415884971618652e+00
-8.674350380897521973e-02
-2.595381736755371094e-01
-3.425452858209609985e-02
-6.937392354011535645e-01
-1.941287159919738770e+00
1.434808850288391113e+00
9.912652969360351562e-01
7.859252691268920898e-01
-1.364780515432357788e-01
-1.170835494995117188e+00
5.463368892669677734e-01
1.306519746780395508e+00
2.448957920074462891e+00
6.504237651824951172e-02
6.342442333698272705e-02
1.018011212348937988e+00
1.852807044982910156e+00
-9.190510958433151245e-02
1.908401608467102051e+00
-1.105719059705734253e-01
-2.021522045135498047e+00
6.916777491569519043e-01
7.665953040122985840e-01
-1.741942882537841797e+00
1.853385090827941895e+00
-2.426157712936401367e+00
1.116994500160217285e+00
-3.747447133064270020e-01
4.414833486080169678e-01
-1.249394938349723816e-01
-4.400497674942016602e-01
-1.003777384757995605e+00
1.755067706108093262e+00
-1.367897391319274902e+00
-8.813081383705139160e-01
-9.697901010513305664e-01
8.134890794754028320e-01
2.509320676326751709e-01
2.302203141152858734e-02
-9.195204973220825195e-01
1.776268124580383301e+00
8.849648237228393555e-01
6.062581539154052734e-01
1.195946484804153442e-01
-5.620834827423095703e-01
1.693171858787536621e+00
2.484224587678909302e-01
4.551801681518554688e-01
-1.014415383338928223e+00
-5.032876729965209961e-01
-1.435765624046325684e+00
9.525097012519836426e-01
2.551938295364379883e-01
-4.716869592666625977e-01
-3.117415189743041992e+00
-9.787087440490722656e-01
-9.456016868352890015e-02
-1.720134496688842773e+00
3.565562069416046143e-01
1.254774093627929688e+00
2.111161351203918457e-01
1.576056778430938721e-01
-1.031783103942871094e+00
2.510719895362854004e-01
-8.077877759933471680e-01
5.114293694496154785e-01
1.714358091354370117e+00
3.903987407684326172e+00
-3.074463903903961182e-01
-2.102162361145019531e+00
-1.391359925270080566e+00
-8.502923846244812012e-01
-2.213959693908691406e+00
4.734492003917694092e-01
7.557024955749511719e-01
1.221478939056396484e+00
-2.017530947923660278e-01
7.915591448545455933e-02
-1.786814332008361816e+00
-6.633828878402709961e-01
7.867351770401000977e-01
6.215880811214447021e-02
5.553925875574350357e-03
-7.658050060272216797e-01
-1.245020627975463867e+00
1.237905383110046387e+00
-5.762311220169067383e-01
-1.308632135391235352e+00
-8.041397929191589355e-01
1.381046175956726074e+00
-8.343758434057235718e-02
