1.590066313743591309e+00
-2.029609203338623047e+00
3.081645071506500244e-01
-2.726808935403823853e-02
1.847519516944885254e+00
-9.078025221824645996e-01
1.063597559928894043e+00
-1.873070597648620605e+00
9.731985926628112793e-01
-1.285037040710449219e+00
-6.886454820632934570e-01
-7.866762280464172363e-01
6.097405031323432922e-02
3.497008681297302246e-01
-3.674870431423187256e-01
6.284641027450561523e-01
3.759873509407043457e-01
-4.886205196380615234e-01
-9.884247779846191406e-01
2.012031793594360352e+00
1.683488607406616211e+00
4.970743656158447266e-01
-9.994791150093078613e-01
2.697929739952087402e-01
-6.477399468421936035e-01
-6.757915019989013672e-01
3.737829029560089111e-01
-1.365637898445129395e+00
-3.941426277160644531e-01
-9.358911514282226562e-01
5.848491191864013672e-01
1.947150975465774536e-01
-9.836168587207794189e-02
-5.340734124183654785e-01
3.735803961753845215e-01
-3.865631818771362305e-01
-5.429580807685852051e-01
-1.610557734966278076e-01
-1.584827899932861328e+00
3.616935610771179199e-01
-4.863709807395935059e-01
1.480024337768554688e+00
1.324789166450500488e+00
2.848792076110839844e+00
1.050336956977844238e+00
-3.041746377944946289e+00
6.072841882705688477e-01
1.075780630111694336e+00
-5.782170891761779785e-01
2.492918074131011963e-01
-6.877918243408203125e-01
-1.649788737297058105e+00
-5.734829902648925781e-01
5.686558783054351807e-02
5.650975108146667480e-01
-1.100923180580139160e+00
-6.251844763755798340e-01
1.328509092330932617e+00
2.156116962432861328e-01
8.897871971130371094e-01
2.022956609725952148e-01
-3.687324523925781250e-01
1.008069038391113281e+00
2.401694208383560181e-01
1.422957181930541992e-01
1.768981665372848511e-01
7.514562010765075684e-01
-1.710287451744079590e+00
-1.533744335174560547e-01
7.340118288993835449e-01
3.761356174945831299e-01
2.730866968631744385e-01
-1.596101999282836914e+00
1.472938418388366699e+00
-4.118095040321350098e-01
1.507778167724609375e+00
-9.397559165954589844e-01
1.189618110656738281e+00
-1.089156270027160645e+00
-9.513665437698364258e-01
-3.117057122290134430e-02
1.488194316625595093e-01
-9.806277751922607422e-01
7.358586788177490234e-02
3.801073729991912842e-01
-5.881087779998779297e-01
5.320152640342712402e-01
-1.497386455535888672e+00
-1.261150121688842773e+00
-2.906376361846923828e+00
1.236223936080932617e+00
-3.290629088878631592e-01
-1.905866742134094238e+00
1.414888858795166016e+00
7.556694746017456055e-01
-1.380413770675659180e-01
2.469604253768920898e+00
-2.942518293857574463e-01
1.526238799095153809e+00
-1.323981165885925293e+00
-4.915346503257751465e-01
-8.466886878013610840e-01
-1.942046642303466797e+00
5.953028798103332520e-01
4.121030807495117188e+00
1.288127064704895020e+00
-1.271927356719970703e+00
-3.429819583892822266e+00
4.980714619159698486e-02
-1.829673171043395996e+00
9.303680658340454102e-01
-1.308089256286621094e+00
1.052066802978515625e+00
1.073439598083496094e+00
2.033056974411010742e+00
-7.378838658332824707e-01
-1.080056071281433105e+00
-3.416417539119720459e-01
2.132414817810058594e+00
1.108189463615417480e+00
-1.954419165849685669e-01
1.027418851852416992e+00
8.783513307571411133e-01
-1.456776410341262817e-01
-6.928168535232543945e-01
-2.779268622398376465e-01
-1.223071455955505371e+00
9.801115989685058594e-01
