-1.011982560157775879e+00
-1.423804283142089844e+00
-1.619313240051269531e+00
5.911950469017028809e-01
2.958964347839355469e+00
1.005258202552795410e+00
3.180277347564697266e-01
-1.098871350288391113e+00
-1.553782820701599121e+00
1.588788330554962158e-01
1.790318608283996582e+00
1.094548344612121582e+00
8.327704668045043945e-01
-1.293904185295104980e+00
-1.532974720001220703e+00
-5.183456540107727051e-01
-2.507991194725036621e-01
1.294428229331970215e+00
-9.074228405952453613e-01
7.175935506820678711e-01
8.284183144569396973e-01
-1.737925767898559570e+00
-1.011063337326049805e+00
-1.440984725952148438e+00
-7.870052456855773926e-01
-9.883230328559875488e-01
8.352373242378234863e-01
3.638345301151275635e-01
-6.272045969963073730e-01
2.092006683349609375e+00
9.453439116477966309e-01
5.233623385429382324e-01
-3.827864229679107666e-01
1.611399531364440918e+00
8.192368745803833008e-01
9.937111139297485352e-01
-7.116027474403381348e-01
7.980518937110900879e-01
-1.184311285614967346e-01
8.059488534927368164e-01
2.252922058105468750e+00
-3.862006068229675293e-01
1.990594863891601562e+00
6.470898538827896118e-02
-1.111372351646423340e+00
-5.699626207351684570e-01
2.945296764373779297e-01
1.155254721641540527e+00
7.803187370300292969e-01
-1.727494597434997559e-01
-1.202933430671691895e+00
-5.285862684249877930e-01
6.307509541511535645e-01
1.073533535003662109e+00
3.672924339771270752e-01
-1.844726204872131348e+00
2.159032583236694336e+00
2.245383977890014648e+00
-1.754915565252304077e-01
8.060368299484252930e-01
-4.728846251964569092e-01
-7.940644621849060059e-01
1.059697747230529785e+00
-6.724858283996582031e-01
-4.000214338302612305e-01
4.917071759700775146e-02
6.535666584968566895e-01
1.677413463592529297e+00
9.826493263244628906e-02
1.470296740531921387e+00
6.164876818656921387e-01
-1.099687814712524414e+00
-1.080206558108329773e-01
8.837922215461730957e-01
-4.798079133033752441e-01
9.958284497261047363e-01
1.909776926040649414e+00
-1.586664468050003052e-01
3.110922873020172119e-01
-2.640450298786163330e-01
3.070218563079833984e+00
-1.417948842048645020e+00
-4.299706518650054932e-01
8.419434428215026855e-01
1.486342698335647583e-01
-2.558687031269073486e-01
-1.614725232124328613e+00
-8.777530789375305176e-01
-1.167212128639221191e+00
-3.746086955070495605e-01
2.105577945709228516e+00
-2.068649768829345703e+00
-1.154483675956726074e+00
1.009285092353820801e+00
-1.236982226371765137e+00
6.159139871597290039e-01
1.547622382640838623e-01
-1.154230713844299316e+00
-1.276097536087036133e+00
-4.715195894241333008e-01
1.428316354751586914e+00
4.259876608848571777e-01
-1.303243994712829590e+00
-4.852029085159301758e-01
-1.519010186195373535e+00
-3.323039785027503967e-02
8.476031422615051270e-01
-5.133932232856750488e-01
-1.671421051025390625e+00
1.454703360795974731e-01
1.206102609634399414e+00
8.636246919631958008e-01
-7.894474267959594727e-01
-1.624966979026794434e+00
5.471079349517822266e-01
-1.521155595779418945e+00
1.150050684809684753e-01
-1.960102915763854980e+00
-1.536763668060302734e+00
-3.793879449367523193e-01
1.498431563377380371e-01
-7.340171933174133301e-01
1.449763625860214233e-01
-6.146783232688903809e-01
-1.346579909324645996e+00
-2.714444100856781006e-01
-9.428157806396484375e-01
-2.727028727531433105e-01
