-7.601836323738098145e-01
-3.530684709548950195e-01
4.845812618732452393e-01
-1.946288347244262695e-01
7.110894322395324707e-01
4.045129567384719849e-02
6.708983331918716431e-02
1.023944616317749023e+00
2.969414889812469482e-01
-4.254842549562454224e-02
-1.315110623836517334e-01
-1.270354509353637695e+00
-2.310235738754272461e+00
-2.054999351501464844e+00
9.759693741798400879e-01
-9.973841905593872070e-01
-4.690735638141632080e-01
8.372999429702758789e-01
1.192955136299133301e+00
-5.256662368774414062e-01
1.145462274551391602e+00
-8.146837353706359863e-01
-1.757744312286376953e+00
1.876776367425918579e-01
-1.200178503990173340e+00
-9.600533246994018555e-01
1.945458889007568359e+00
-8.774036169052124023e-01
3.497518002986907959e-01
-1.036140203475952148e+00
7.934519052505493164e-01
1.408617138862609863e+00
-2.008414030075073242e+00
2.669073939323425293e-01
2.877763032913208008e+00
5.329838991165161133e-01
6.048653125762939453e-01
-1.333052515983581543e+00
2.280422747135162354e-01
-1.109831809997558594e+00
1.681219339370727539e-01
2.760069370269775391e-01
2.128594636917114258e+00
-3.914166092872619629e-01
1.288554549217224121e+00
-8.510841727256774902e-01
-2.073152363300323486e-01
2.159975051879882812e+00
-7.669169306755065918e-01
9.033167362213134766e-01
2.256343603134155273e+00
-4.573987126350402832e-01
-4.573835730552673340e-01
-5.859889984130859375e-01
8.114478588104248047e-01
8.225797861814498901e-02
9.526132345199584961e-01
-5.493289791047573090e-03
3.194822072982788086e+00
2.788070440292358398e-01
-9.029294848442077637e-01
8.049095869064331055e-01
1.304049730300903320e+00
-2.497107684612274170e-01
-2.970179617404937744e-01
-4.359323978424072266e-01
4.262972176074981689e-01
1.087780356407165527e+00
-1.794972419738769531e+00
-1.918328702449798584e-01
5.394070148468017578e-01
5.635708570480346680e-01
-4.820695519447326660e-01
-7.837738990783691406e-01
-1.880767464637756348e+00
-1.297043204307556152e+00
-1.776579499244689941e+00
7.704418897628784180e-01
-1.781549692153930664e+00
-2.505029201507568359e+00
-1.199523568153381348e+00
9.602069854736328125e-01
2.625581026077270508e-01
-6.423041224479675293e-01
3.818192720413208008e+00
-2.746790945529937744e-01
1.897944952361285686e-03
1.619900584220886230e+00
-1.383753865957260132e-01
-1.296757578849792480e+00
1.012832045555114746e+00
-2.449527263641357422e+00
6.497817039489746094e-01
-9.097703695297241211e-01
2.275530993938446045e-01
-1.093594655394554138e-01
1.750280022621154785e+00
-3.380708694458007812e-01
7.729227542877197266e-01
3.665593266487121582e-02
4.903837293386459351e-02
3.057805061340332031e+00
-1.017465591430664062e+00
9.154763221740722656e-01
6.362303495407104492e-01
6.128318309783935547e-01
-3.226336717605590820e+00
2.959819138050079346e-01
2.356842279434204102e+00
-7.793862819671630859e-01
1.884398102760314941e+00
-1.940216541290283203e+00
-7.094826698303222656e-01
-1.996346116065979004e+00
-1.332077503204345703e+00
-9.761718511581420898e-01
-1.064303517341613770e+00
9.015008211135864258e-01
5.428957566618919373e-02
1.227775931358337402e+00
-1.677559688687324524e-02
-2.009482145309448242e+00
4.859436452388763428e-01
-8.084317445755004883e-01
-1.032996550202369690e-01
4.322993755340576172e-02
2.605160772800445557e-01
-1.310377240180969238e+00
