9.782754778861999512e-01
1.544811129570007324e-01
-1.099434196949005127e-01
-5.845636725425720215e-01
-1.579739689826965332e+00
3.678077459335327148e-01
1.978232741355895996e+00
-4.481541365385055542e-02
-1.020307421684265137e+00
1.104634761810302734e+00
-9.586200714111328125e-01
-1.296403884887695312e+00
1.059708744287490845e-01
-1.921213269233703613e+00
6.622049212455749512e-01
-2.089362144470214844e+00
1.876034736633300781e-01
-4.924469888210296631e-01
-1.125961691141128540e-01
1.497812032699584961e+00
2.348765730857849121e-01
5.813246369361877441e-01
1.300617575645446777e+00
3.948318660259246826e-01
-5.156787633895874023e-01
5.855835080146789551e-01
1.431679010391235352e+00
2.500403821468353271e-01
-5.683059096336364746e-01
-3.091931343078613281e-01
-1.187023282051086426e+00
-3.634744167327880859e+00
-6.576564908027648926e-01
7.582107782363891602e-01
-3.331336975097656250e-01
9.843739271163940430e-01
-7.070569992065429688e-01
2.089761495590209961e+00
-7.725806236267089844e-01
1.989458441734313965e+00
1.284616589546203613e+00
8.908910751342773438e-01
2.187778472900390625e+00
-1.405646651983261108e-01
7.182046025991439819e-02
6.903435587882995605e-01
-1.127687692642211914e+00
2.195133924484252930e+00
1.684173792600631714e-01
-1.006396889686584473e+00
-1.148578047752380371e+00
-2.664809226989746094e-01
-3.715009391307830811e-01
-4.575384557247161865e-01
3.990089297294616699e-01
2.041563510894775391e+00
-7.668028473854064941e-01
1.599907279014587402e+00
-1.483947396278381348e+00
9.924762845039367676e-01
5.365695953369140625e-01
-1.816132903099060059e+00
5.771092176437377930e-01
-9.927356243133544922e-01
8.792719841003417969e-01
-1.253268003463745117e+00
2.511414289474487305e+00
3.675823211669921875e-01
-2.149493899196386337e-03
-9.889982342720031738e-01
5.528078079223632812e-01
2.458199024200439453e+00
1.815340161323547363e+00
1.704425364732742310e-01
-6.572609543800354004e-01
-1.170397996902465820e+00
-1.544399738311767578e+00
2.421084642410278320e-01
2.502950727939605713e-01
-2.228649616241455078e+00
-4.235129356384277344e+00
1.219610571861267090e+00
-8.443968892097473145e-01
-1.008696079254150391e+00
1.789330840110778809e+00
-5.118456482887268066e-01
-1.104372620582580566e+00
7.137050628662109375e-01
-5.230661034584045410e-01
1.427497714757919312e-01
2.146374225616455078e+00
-2.026853561401367188e+00
8.070185184478759766e-01
-9.748865664005279541e-02
1.286695837974548340e+00
-9.813146591186523438e-01
1.537133455276489258e+00
4.608848690986633301e-01
6.218246817588806152e-01
1.520780682563781738e+00
-1.438761711120605469e+00
-2.526260614395141602e-01
1.105616614222526550e-01
-6.030528545379638672e-01
1.086461663246154785e+00
8.470779061317443848e-01
-5.165446400642395020e-01
9.829692244529724121e-01
1.722705125808715820e+00
-2.969453930854797363e-01
-3.919617235660552979e-01
-9.271516203880310059e-01
-1.201697826385498047e+00
1.041696310043334961e+00
-1.082629442214965820e+00
-3.098603188991546631e-01
1.657347679138183594e-01
-1.501734256744384766e+00
6.213797330856323242e-01
5.367746949195861816e-01
1.498603582382202148e+00
-1.546273946762084961e+00
-6.242498755455017090e-01
-1.491607189178466797e+00
-7.730847597122192383e-01
-4.408699572086334229e-01
4.113502502441406250e-01
-1.366102814674377441e+00
