-3.557434082031250000e-01
-4.302327930927276611e-01
-2.610758841037750244e-01
3.307099044322967529e-01
1.097633361816406250e+00
-5.913203582167625427e-02
-7.692582905292510986e-02
8.954977393150329590e-01
8.527084589004516602e-01
-4.264171421527862549e-01
3.845208287239074707e-01
6.576384305953979492e-01
1.097539901733398438e+00
-5.885555148124694824e-01
-8.759878873825073242e-01
-1.571307182312011719e+00
-9.841983914375305176e-01
-3.921412825584411621e-01
1.843388080596923828e+00
3.401643931865692139e-01
1.380043774843215942e-01
-3.516117334365844727e-01
-3.482462167739868164e-01
1.031193733215332031e+00
-1.988776803016662598e+00
2.307150363922119141e-01
8.474504351615905762e-01
-1.135352730751037598e+00
8.282633125782012939e-02
-1.165048003196716309e+00
-1.373974204063415527e+00
3.283808231353759766e-01
2.836995124816894531e-01
2.077549546957015991e-01
-6.468370556831359863e-01
1.472253441810607910e+00
1.949205398559570312e+00
1.653798103332519531e+00
1.598211228847503662e-01
-8.113222718238830566e-01
-1.198840498924255371e+00
1.089519858360290527e+00
1.711789488792419434e+00
-1.142954349517822266e+00
-3.136209249496459961e-01
2.053307533264160156e+00
-1.327028870582580566e-01
-4.351882338523864746e-01
2.562228202819824219e+00
-5.662955045700073242e-01
1.723782658576965332e+00
-2.151055335998535156e+00
2.459261178970336914e+00
-1.743391752243041992e+00
-2.436290502548217773e+00
-1.042855381965637207e+00
-6.621371507644653320e-01
-2.000659406185150146e-01
5.128227472305297852e-01
1.418998837471008301e-01
-7.180278301239013672e-01
3.093155384063720703e+00
-8.425855636596679688e-01
1.449300765991210938e+00
-8.263113498687744141e-01
-1.530845046043395996e+00
-1.411768496036529541e-01
-1.126501798629760742e+00
3.062627911567687988e-01
7.703202962875366211e-01
4.438897669315338135e-01
-1.614523649215698242e+00
3.127534151077270508e+00
-1.164653450250625610e-01
-1.000447988510131836e+00
-9.660524725914001465e-01
-2.023052692413330078e+00
4.629479348659515381e-02
5.999987125396728516e-01
-1.664342522621154785e+00
2.027161233127117157e-02
-1.218369603157043457e+00
1.886535763740539551e+00
-7.206624001264572144e-02
-9.672203063964843750e-01
-5.584443807601928711e-01
-6.661911010742187500e-01
6.398455500602722168e-01
1.763303160667419434e+00
1.334809899330139160e+00
-8.644371628761291504e-01
-4.832864105701446533e-01
-1.973644971847534180e+00
2.166807413101196289e+00
-1.598125696182250977e+00
5.236274003982543945e-01
-1.202534317970275879e+00
-6.618987917900085449e-01
-1.139509916305541992e+00
-5.208722352981567383e-01
-4.275652468204498291e-01
4.927541315555572510e-02
1.053468942642211914e+00
7.333683967590332031e-02
2.555880784988403320e+00
-6.146277785301208496e-01
-1.494754672050476074e+00
-4.942514300346374512e-01
2.307716846466064453e+00
-2.381817102432250977e+00
-3.887461423873901367e-01
1.922031760215759277e+00
-4.945771098136901855e-01
1.006082445383071899e-01
5.432291626930236816e-01
-3.576390147209167480e-01
2.169076502323150635e-01
-1.325289249420166016e+00
-1.270122975111007690e-01
1.266470789909362793e+00
1.174200415611267090e+00
-8.342950940132141113e-01
2.088574171066284180e+00
-5.410621315240859985e-02
-6.888567805290222168e-01
-2.234881162643432617e+00
-4.418829455971717834e-02
4.552122056484222412e-01
