1.073192119598388672e+00
-8.489466309547424316e-01
5.022915005683898926e-01
2.331596016883850098e-01
5.367318987846374512e-01
-1.336989045143127441e+00
-1.663640499114990234e+00
-8.581690192222595215e-01
-1.126928448677062988e+00
-1.802378535270690918e+00
-1.567900419235229492e+00
-2.147214651107788086e+00
-4.286440908908843994e-01
-2.598739147186279297e+00
7.363979220390319824e-01
-9.243360161781311035e-01
2.665321901440620422e-02
4.077290892601013184e-01
-2.015654563903808594e+00
1.433198094367980957e+00
8.790057897567749023e-01
-2.040805339813232422e+00
8.838412165641784668e-01
1.026516199111938477e+00
-1.412399530410766602e+00
-1.125337257981300354e-01
2.269503593444824219e+00
8.361489176750183105e-01
-8.344717621803283691e-01
1.298186302185058594e+00
7.566262483596801758e-01
1.174414083361625671e-01
-4.205714464187622070e-01
2.707372605800628662e-01
5.542852282524108887e-01
-4.621508121490478516e-01
1.055990219116210938e+00
2.432598114013671875e+00
7.169318795204162598e-01
1.050762310624122620e-01
-2.333155632019042969e+00
-8.831895589828491211e-01
1.536912322044372559e+00
2.061295747756958008e+00
5.423952937126159668e-01
-1.098408937454223633e+00
1.436401963233947754e+00
-4.652302563190460205e-01
-7.210655808448791504e-01
1.239479780197143555e+00
5.140895247459411621e-01
-1.979597330093383789e+00
2.895222008228302002e-01
2.752692222595214844e+00
8.164334297180175781e-02
-3.335666954517364502e-01
9.382025897502899170e-02
2.242629230022430420e-01
2.660612821578979492e+00
5.275971293449401855e-01
1.132660269737243652e+00
2.466719448566436768e-01
1.655174493789672852e-01
-1.005990579724311829e-01
-2.935678660869598389e-01
1.147084355354309082e+00
-3.446475863456726074e-01
1.647374629974365234e+00
-2.003240346908569336e+00
-7.698094248771667480e-01
1.234824299812316895e+00
-4.769212305545806885e-01
-2.213110923767089844e+00
-2.656031548976898193e-01
-1.101233839988708496e+00
-1.710655689239501953e+00
1.278402358293533325e-01
3.529923260211944580e-01
-4.940506517887115479e-01
-6.054300665855407715e-01
-3.308205306529998779e-01
7.575930356979370117e-01
1.522746324539184570e+00
-9.488835930824279785e-02
1.527139902114868164e+00
4.948478341102600098e-01
-1.739062547683715820e+00
-3.392281234264373779e-01
1.423359394073486328e+00
-3.829585015773773193e-01
3.090874850749969482e-01
-1.611973643302917480e+00
-1.187530398368835449e+00
2.768195569515228271e-01
4.859599471092224121e-01
1.214786052703857422e+00
1.917314410209655762e+00
-2.106621861457824707e-01
-2.989615499973297119e-02
7.027688622474670410e-01
1.799045562744140625e+00
1.870158314704895020e-01
9.214560985565185547e-01
-4.699510633945465088e-01
-3.415515124797821045e-01
-1.586474031209945679e-01
-2.487122058868408203e+00
-9.858769178390502930e-01
7.646868824958801270e-01
-2.123541831970214844e+00
1.257714986801147461e+00
-5.562300682067871094e-01
-5.188890174031257629e-02
1.852492809295654297e+00
-2.974503934383392334e-01
-5.625254940241575241e-03
-1.666544228792190552e-01
-2.408404350280761719e+00
1.593337297439575195e+00
-3.557656109333038330e-01
-4.033562727272510529e-03
-4.462308287620544434e-01
-9.943768978118896484e-01
-1.567419767379760742e+00
-9.445382952690124512e-01
-1.701392769813537598e+00
2.326709032058715820e+00
7.269617915153503418e-01
