1.915547013282775879e+00
-1.071714758872985840e-01
1.811811625957489014e-01
-6.233179196715354919e-02
-1.671976596117019653e-01
-2.774160623550415039e+00
-2.714666366577148438e+00
4.285210669040679932e-01
-1.056506395339965820e+00
-9.514580368995666504e-01
1.384839266538619995e-01
-7.755724191665649414e-01
4.230620563030242920e-01
3.033798635005950928e-01
-1.370161414146423340e+00
4.041197299957275391e-01
-2.279441952705383301e-01
1.169739723205566406e+00
4.932950139045715332e-01
2.624973058700561523e+00
4.364097118377685547e-01
-2.087743520736694336e+00
1.293655633926391602e-01
-5.228585004806518555e-01
-4.691208899021148682e-01
-2.389477342367172241e-01
2.646768569946289062e+00
7.818201184272766113e-01
1.375155895948410034e-01
-7.253080010414123535e-01
9.226122498512268066e-01
7.029548287391662598e-01
-4.565482735633850098e-01
-3.845465183258056641e-01
1.315469741821289062e+00
-4.016491770744323730e-02
4.288288652896881104e-01
1.524977535009384155e-01
-8.897736072540283203e-01
9.228485822677612305e-01
2.459801197052001953e+00
1.421658843755722046e-01
6.888479590415954590e-01
1.891110897064208984e+00
-5.945597290992736816e-01
-5.929072499275207520e-01
1.311795115470886230e+00
-1.382126808166503906e-01
2.514597177505493164e+00
1.001211762428283691e+00
-3.094575405120849609e+00
-1.633090376853942871e+00
7.514935135841369629e-01
1.356997728347778320e+00
5.347076654434204102e-01
-7.518809437751770020e-01
1.364366650581359863e+00
1.026871204376220703e+00
1.033067345619201660e+00
8.190088868141174316e-01
-6.244296208024024963e-02
-5.050162672996520996e-01
1.640508174896240234e+00
-7.884431630373001099e-02
5.297701954841613770e-01
2.026251852512359619e-01
5.013431906700134277e-01
1.633358478546142578e+00
-1.260608673095703125e+00
1.042091965675354004e+00
-1.055536031723022461e+00
-2.082434177398681641e+00
5.432323738932609558e-02
5.338878035545349121e-01
1.107676386833190918e+00
-1.226577997207641602e+00
-1.396305441856384277e+00
1.888173222541809082e+00
-2.754912614822387695e+00
-1.298689246177673340e+00
1.887252330780029297e+00
-6.945288926362991333e-02
-5.946158766746520996e-01
-3.645139187574386597e-02
2.927483081817626953e+00
-1.159622788429260254e+00
6.086297631263732910e-01
2.335112392902374268e-01
-1.325394749641418457e+00
6.449154019355773926e-02
-1.150949120521545410e+00
-4.596700668334960938e-01
9.154599159955978394e-02
1.671446561813354492e-01
3.764671459794044495e-02
1.842554956674575806e-01
1.534025073051452637e+00
-7.585880160331726074e-01
7.089913487434387207e-01
1.085543394088745117e+00
-1.326721161603927612e-01
2.165979623794555664e+00
-3.077604055404663086e+00
-1.932606339454650879e+00
6.335092186927795410e-01
1.107202053070068359e+00
-2.532896280288696289e+00
-1.650547981262207031e+00
-5.340181589126586914e-01
-1.571900367736816406e+00
2.235182523727416992e-01
-5.959315896034240723e-01
-1.507047057151794434e+00
-6.200065016746520996e-01
2.107042789459228516e+00
-6.198646873235702515e-02
1.054718375205993652e+00
-3.928131759166717529e-01
-1.185187697410583496e-01
7.341320514678955078e-01
-1.812467575073242188e+00
-8.830605447292327881e-02
-1.605353116989135742e+00
-1.554338812828063965e+00
-3.218539953231811523e-01
3.911046683788299561e-01
-1.628473848104476929e-01
-1.444863557815551758e+00
