1.561452746391296387e+00
9.527896046638488770e-01
1.315876990556716919e-01
4.503110349178314209e-01
3.028818368911743164e-01
7.694102525711059570e-01
-2.275292873382568359e+00
3.813661038875579834e-01
-1.581154108047485352e+00
-1.088856101036071777e+00
8.711201548576354980e-01
7.658794522285461426e-01
2.899254858493804932e-01
1.305862545967102051e+00
-4.225409328937530518e-01
1.053763866424560547e+00
-7.295340299606323242e-01
1.638645291328430176e+00
1.615292429924011230e+00
-3.517811000347137451e-01
-6.469457875937223434e-03
-1.302594423294067383e+00
-8.069441467523574829e-02
9.626741409301757812e-01
-3.206742703914642334e-01
-6.893391255289316177e-03
6.057730913162231445e-01
1.308970525860786438e-02
-7.959864735603332520e-01
-1.587950825691223145e+00
-6.213853955268859863e-01
6.328247189521789551e-01
-1.111643075942993164e+00
-5.341361165046691895e-01
-2.209604263305664062e+00
-1.025213599205017090e+00
-6.493971943855285645e-01
3.125563859939575195e-01
-1.200768828392028809e+00
2.860632181167602539e+00
1.900749206542968750e-01
-1.553180217742919922e-01
6.207357645034790039e-01
2.103253364562988281e+00
-9.396293163299560547e-01
-1.183770298957824707e+00
5.000759363174438477e-01
1.720900535583496094e+00
2.120784521102905273e+00
2.515474081039428711e+00
-7.603327631950378418e-01
-2.865580618381500244e-01
9.921998381614685059e-01
-1.192304790019989014e-01
-1.659226894378662109e+00
-8.681842088699340820e-01
-9.246318936347961426e-01
1.730720877647399902e+00
-5.214266777038574219e-01
1.301216721534729004e+00
3.453841805458068848e-01
1.555718541145324707e+00
1.893327355384826660e+00
-9.754195809364318848e-02
1.603082895278930664e+00
-2.699420452117919922e+00
-4.908950254321098328e-02
1.787678599357604980e+00
6.054014563560485840e-01
9.115250706672668457e-01
3.613356873393058777e-02
7.046074271202087402e-01
-1.453979969024658203e+00
1.252279639244079590e+00
1.546868801116943359e+00
-2.115354239940643311e-01
-8.082902431488037109e-01
6.328074336051940918e-01
-1.476303100585937500e+00
-1.163645863533020020e+00
3.373537302017211914e+00
1.191538870334625244e-01
6.097404956817626953e-01
-1.477376937866210938e+00
1.262237191200256348e+00
-9.003124833106994629e-01
-4.643891453742980957e-01
1.229817271232604980e+00
-1.272546052932739258e+00
-1.633781194686889648e+00
8.940322399139404297e-01
-8.641208410263061523e-01
-1.025563240051269531e+00
-5.694851279258728027e-01
-7.157641649246215820e-01
6.957258284091949463e-02
1.922719478607177734e+00
-1.516020536422729492e+00
-6.372773647308349609e-01
4.779736101627349854e-01
-1.455509305000305176e+00
1.690055489540100098e+00
-1.719712734222412109e+00
-2.172335624694824219e+00
6.619579792022705078e-01
-6.123561263084411621e-01
-6.730710864067077637e-01
-1.595640540122985840e+00
1.270013213157653809e+00
4.990832209587097168e-01
8.296126723289489746e-01
-1.720003843307495117e+00
-1.239001512527465820e+00
-1.335338234901428223e+00
2.220335960388183594e+00
-5.238720178604125977e-01
-7.644295096397399902e-01
-6.596144437789916992e-01
-5.011425018310546875e-01
5.274962186813354492e-01
-1.170825719833374023e+00
5.620670914649963379e-01
7.680752277374267578e-01
-1.860086768865585327e-01
-8.496599793434143066e-01
2.988023683428764343e-02
-2.127433776855468750e+00
3.132878988981246948e-02
