-1.196914762258529663e-01
-6.567215919494628906e-01
5.412420034408569336e-01
4.640994966030120850e-01
1.720872223377227783e-01
-2.121123313903808594e+00
-4.371716082096099854e-01
1.168201684951782227e+00
-1.650791287422180176e+00
5.535398125648498535e-01
-2.346237897872924805e+00
1.631560087203979492e+00
1.212070345878601074e+00
-2.390902757644653320e+00
1.839950442314147949e+00
3.049567937850952148e+00
-1.677636057138442993e-01
1.266889214515686035e+00
-3.011043965816497803e-01
-4.424363374710083008e-01
6.749691963195800781e-01
1.786060333251953125e+00
-1.640637755393981934e+00
-6.069884076714515686e-02
-2.925215005874633789e+00
1.248090505599975586e+00
-1.883102655410766602e-01
-7.672771811485290527e-02
5.661667585372924805e-01
8.762253522872924805e-01
-1.648978948593139648e+00
-6.576421260833740234e-01
4.483692348003387451e-02
-1.383138895034790039e+00
1.274762630462646484e+00
-6.087495684623718262e-01
-2.585204124450683594e+00
9.940917789936065674e-02
7.712343931198120117e-01
-1.528337299823760986e-01
8.324024677276611328e-01
5.475924015045166016e-01
9.829777479171752930e-01
2.234485149383544922e+00
-1.394383668899536133e+00
2.196372985839843750e+00
-1.273836731910705566e+00
6.779529452323913574e-01
-4.467138275504112244e-02
4.886098504066467285e-01
9.976232647895812988e-01
-4.404770731925964355e-01
-1.752428710460662842e-02
3.340717554092407227e-01
-2.000582963228225708e-01
8.229879736900329590e-01
1.070509195327758789e+00
1.743436574935913086e+00
-8.239861130714416504e-01
6.993179321289062500e-01
-6.945814471691846848e-03
-1.987571835517883301e+00
-9.504712820053100586e-01
-1.120492696762084961e+00
2.145463466644287109e+00
-9.189918041229248047e-01
1.645129084587097168e+00
5.115005373954772949e-01
7.201476097106933594e-01
7.567424178123474121e-01
-2.775499343872070312e+00
-5.845748186111450195e-01
1.780147314071655273e+00
8.360245823860168457e-01
1.562612317502498627e-02
-4.110878705978393555e-01
-4.674299061298370361e-01
-8.382723927497863770e-01
7.652542591094970703e-01
-2.244415044784545898e+00
1.536510512232780457e-02
-4.363877177238464355e-01
1.195760130882263184e+00
-8.125661611557006836e-01
1.592634558677673340e+00
-7.972581982612609863e-01
1.490806937217712402e-01
-1.655448317527770996e+00
-9.524370431900024414e-01
-4.560199677944183350e-01
-6.884339451789855957e-01
-9.645003080368041992e-01
1.080012679100036621e+00
1.546370983123779297e+00
-9.501938819885253906e-01
-1.411823868751525879e+00
8.812503218650817871e-01
-1.470277309417724609e-01
1.679963707923889160e+00
-1.229279756546020508e+00
8.027146458625793457e-01
-3.422190845012664795e-01
7.068510055541992188e-01
8.955181390047073364e-02
-1.155420899391174316e+00
1.713082075119018555e+00
-1.884854078292846680e+00
-2.232091665267944336e+00
-3.170349001884460449e-01
-2.801916599273681641e+00
-6.302884221076965332e-01
1.299035072326660156e+00
1.241773009300231934e+00
-6.156738400459289551e-01
5.082572624087333679e-02
7.427428364753723145e-01
2.014953374862670898e+00
1.303125739097595215e+00
-5.756008625030517578e-01
1.437583208084106445e+00
2.240267843008041382e-01
-7.913599014282226562e-01
-1.982279181480407715e+00
-1.236164689064025879e+00
-5.419117808341979980e-01
-8.330858349800109863e-01
-3.114618360996246338e-01
1.183955192565917969e+00
