-4.507928192615509033e-01
-3.382343053817749023e-01
7.027270793914794922e-01
1.939688920974731445e-01
-1.267299503087997437e-01
-8.733471632003784180e-01
-3.627652823925018311e-01
-5.999690890312194824e-01
-6.410745382308959961e-01
-4.610446989536285400e-01
1.779281735420227051e+00
-1.364059001207351685e-01
2.223526984453201294e-01
-3.936769962310791016e-01
-1.139664530754089355e+00
-4.720316827297210693e-01
-9.290536642074584961e-01
2.484943628311157227e+00
-5.344350934028625488e-01
4.991072118282318115e-01
1.539774179458618164e+00
9.088650941848754883e-01
1.793596029281616211e+00
-1.444825828075408936e-01
-1.481980323791503906e+00
8.975294232368469238e-01
1.745605587959289551e+00
4.150076508522033691e-01
-4.314039647579193115e-01
1.093863472342491150e-01
6.837325692176818848e-01
-1.429390430450439453e+00
1.596817255020141602e+00
5.896351337432861328e-01
-1.429944753646850586e+00
-6.963363289833068848e-01
-1.720293283462524414e+00
4.835009574890136719e-01
-4.957988560199737549e-01
-7.310691475868225098e-01
-1.409672379493713379e+00
1.067401647567749023e+00
1.578746676445007324e+00
1.593834996223449707e+00
-1.721681714057922363e+00
7.275651097297668457e-01
6.674515604972839355e-01
2.192262411117553711e+00
3.054578602313995361e-01
1.865506768226623535e+00
-1.670260310173034668e+00
-1.761517405509948730e+00
-6.167807057499885559e-02
1.504084110260009766e+00
-4.306193888187408447e-01
-2.922892570495605469e-01
8.895867466926574707e-01
-3.532014191150665283e-01
7.070381045341491699e-01
2.150248765945434570e+00
1.026186227798461914e+00
-2.729523181915283203e-01
-6.285233795642852783e-02
7.754805684089660645e-01
4.766996204853057861e-01
-6.794741153717041016e-01
2.771288454532623291e-01
4.426223933696746826e-01
-1.052576750516891479e-01
2.001384735107421875e+00
6.367249488830566406e-01
-1.701485753059387207e+00
4.724068939685821533e-01
6.578377485275268555e-01
2.440491914749145508e+00
-1.649206876754760742e+00
1.024072170257568359e+00
-8.487659096717834473e-01
1.456983238458633423e-01
-8.762911558151245117e-01
2.321299552917480469e+00
-1.537974119186401367e+00
-2.362790822982788086e+00
-1.299254149198532104e-01
-1.976086735725402832e+00
-2.469343096017837524e-01
-2.901377975940704346e-01
-7.804427146911621094e-01
1.005466818809509277e+00
5.976322889328002930e-01
1.835701704025268555e+00
2.372021228075027466e-01
-2.627801418304443359e+00
1.974467635154724121e+00
-1.206658601760864258e+00
7.465786486864089966e-02
1.871620118618011475e-01
-6.260848641395568848e-01
-2.022660374641418457e-01
-4.538144469261169434e-01
1.114328622817993164e+00
-1.098965287208557129e+00
-5.828804373741149902e-01
1.920680105686187744e-01
2.325568437576293945e+00
-2.173707187175750732e-01
-2.501970767974853516e+00
-2.270287036895751953e+00
3.544153571128845215e-01
-4.798583686351776123e-02
-1.689177006483078003e-01
9.777960181236267090e-01
-1.141861200332641602e+00
3.067803941667079926e-02
6.937510371208190918e-01
-1.396578907966613770e+00
-1.022322773933410645e-01
1.786294817924499512e+00
-1.145094752311706543e+00
-1.139951825141906738e+00
-1.755654573440551758e+00
-2.823034673929214478e-02
-1.170435547828674316e+00
-1.426471948623657227e+00
-1.170387864112854004e+00
3.282746076583862305e-01
-1.013504981994628906e+00
1.520581364631652832e+00
