1.703338265419006348e+00
-5.135470032691955566e-01
1.211126670241355896e-01
-3.065539300441741943e-01
3.488928079605102539e-01
1.393624097108840942e-01
1.113114878535270691e-01
6.287710666656494141e-01
1.577814459800720215e+00
-2.274764060974121094e+00
2.098477363586425781e+00
-3.806498050689697266e-01
1.830602407455444336e+00
-9.192858934402465820e-01
1.355566382408142090e+00
-1.709367513656616211e+00
-1.850598335266113281e+00
2.089792251586914062e+00
-8.457556962966918945e-01
1.973872900009155273e+00
1.007605314254760742e+00
1.325062036514282227e+00
-7.763958722352981567e-02
-9.034809470176696777e-01
-1.335502147674560547e+00
3.868008553981781006e-01
9.331363439559936523e-01
5.801681876182556152e-01
8.809207677841186523e-01
-4.264107048511505127e-01
1.559169888496398926e-01
-1.388880968093872070e+00
-6.094062924385070801e-01
-2.870540142059326172e+00
-1.813621968030929565e-01
9.718589484691619873e-02
-1.693899869918823242e+00
4.145447313785552979e-01
-8.962914347648620605e-02
-9.619780182838439941e-01
-1.989307522773742676e+00
-5.673162341117858887e-01
1.516675949096679688e+00
1.076899170875549316e+00
6.648862361907958984e-01
1.731781840324401855e+00
1.092578098177909851e-01
-2.807421050965785980e-02
5.004258751869201660e-01
1.686612010002136230e+00
-6.456834077835083008e-01
-9.194334596395492554e-02
-8.446107059717178345e-02
-5.041221976280212402e-01
1.131898760795593262e+00
1.759321540594100952e-01
-9.840823411941528320e-01
2.188655614852905273e+00
1.295877933502197266e+00
2.510129928588867188e+00
1.533994078636169434e+00
-6.381485611200332642e-02
-2.013016678392887115e-02
1.068642735481262207e+00
-2.557797431945800781e-01
-6.291594356298446655e-02
2.278264999389648438e+00
-3.848220109939575195e-01
-9.389873147010803223e-01
5.128694176673889160e-01
2.170865774154663086e+00
-1.843771696090698242e+00
3.950661122798919678e-01
7.956861257553100586e-01
-4.490450620651245117e-01
2.999306023120880127e-01
-1.916466951370239258e+00
-1.583981215953826904e-01
-8.422992229461669922e-01
-1.194327116012573242e+00
4.829036891460418701e-01
-6.320850849151611328e-01
-1.342681765556335449e+00
-2.991940081119537354e-01
-1.264373540878295898e+00
-1.607107162475585938e+00
-5.526760816574096680e-01
1.082630921155214310e-02
-1.704155325889587402e+00
2.074736207723617554e-01
1.996105015277862549e-01
-1.185666993260383606e-01
-6.545080989599227905e-02
1.257689118385314941e+00
4.038608074188232422e-01
2.941975593566894531e-01
-9.465376138687133789e-01
1.616399735212326050e-01
-1.344461798667907715e+00
1.393602728843688965e+00
-7.047422230243682861e-02
-2.817711830139160156e-01
7.825843095779418945e-01
1.303383350372314453e+00
2.990002870559692383e+00
-1.045058846473693848e+00
-7.629096508026123047e-01
-1.389142572879791260e-01
1.324847340583801270e+00
-7.049722671508789062e-01
-1.992868036031723022e-01
-2.258289158344268799e-01
4.216137528419494629e-01
-1.178076505661010742e+00
3.485843241214752197e-01
-2.575113058090209961e+00
-1.356127113103866577e-01
5.069798231124877930e-01
-9.322819113731384277e-01
-2.363771438598632812e+00
5.220587253570556641e-01
9.051072001457214355e-01
-2.352352142333984375e+00
-4.476760327816009521e-01
-1.602086901664733887e+00
4.818765819072723389e-01
-1.409015655517578125e+00
1.624017953872680664e+00
