2.195283412933349609e+00
5.038060992956161499e-02
4.077735841274261475e-01
8.895292133092880249e-02
4.407107830047607422e-01
-3.187971353530883789e+00
-3.864987790584564209e-01
2.064777463674545288e-01
-8.714137077331542969e-01
1.686915993690490723e+00
-4.731236100196838379e-01
-1.810165405273437500e+00
1.136504173278808594e+00
2.946008741855621338e-02
1.689755916595458984e+00
-2.760069966316223145e-01
1.337598204612731934e+00
-3.378595784306526184e-02
-2.139555454254150391e+00
-5.298287272453308105e-01
2.339085102081298828e+00
6.573240756988525391e-01
6.878821253776550293e-01
-9.277136921882629395e-01
-1.604322433471679688e+00
-1.511212944984436035e+00
6.497040987014770508e-01
-1.823513984680175781e+00
1.383372426033020020e+00
3.995653986930847168e-01
1.177318766713142395e-01
-3.084848165512084961e+00
-3.091446459293365479e-01
1.081095218658447266e+00
-2.609375417232513428e-01
6.837319135665893555e-01
-1.192942380905151367e+00
1.032537341117858887e+00
2.153749704360961914e+00
-7.491586804389953613e-01
8.819969892501831055e-01
2.381077527999877930e+00
8.913396000862121582e-01
-1.373613346368074417e-02
1.146353036165237427e-01
8.662563562393188477e-01
1.162364240735769272e-02
-1.877364516258239746e-01
-2.391517013311386108e-01
-2.289575524628162384e-02
1.408199191093444824e+00
1.749440431594848633e-01
-6.036856770515441895e-01
1.564814567565917969e+00
-7.990262508392333984e-01
-7.399205118417739868e-02
-1.230300068855285645e+00
-4.034314453601837158e-01
8.808740377426147461e-01
-2.771314606070518494e-02
8.896338343620300293e-01
8.226747512817382812e-01
-7.001331076025962830e-03
1.863933563232421875e+00
2.616355895996093750e+00
-1.618071317672729492e+00
1.856792271137237549e-01
-5.081154108047485352e-01
2.064568758010864258e+00
4.430924654006958008e-01
-9.152679443359375000e-01
-1.603642582893371582e+00
1.604867458343505859e+00
-1.009934991598129272e-01
-1.062088727951049805e+00
-6.159995794296264648e-01
-8.603640198707580566e-01
-2.010678291320800781e+00
-1.667149901390075684e+00
-1.868577599525451660e+00
-6.629063487052917480e-01
7.403288483619689941e-01
-3.638616204261779785e-01
9.171064198017120361e-02
1.034962892532348633e+00
1.115181222558021545e-01
-1.349495172500610352e+00
-4.945545643568038940e-02
4.058484733104705811e-01
-7.293684482574462891e-01
1.419556617736816406e+00
-2.224945545196533203e+00
3.244838714599609375e-01
1.637822628021240234e+00
5.011777877807617188e-01
-2.528319835662841797e+00
6.852402091026306152e-01
9.785812497138977051e-01
6.839829087257385254e-01
1.902528405189514160e-01
1.011599063873291016e+00
4.933321848511695862e-02
9.323314428329467773e-01
-1.010994315147399902e+00
-8.902581334114074707e-01
1.218959450721740723e+00
3.503063321113586426e-01
-2.043512105941772461e+00
-8.556262254714965820e-01
-8.072403669357299805e-01
3.746367618441581726e-02
3.630495071411132812e-01
3.499255180358886719e-01
-1.365891218185424805e+00
9.480391144752502441e-01
9.325250983238220215e-01
3.487142324447631836e+00
-1.271724820137023926e+00
7.929139137268066406e-01
-4.686062633991241455e-01
-9.476678371429443359e-01
6.779868602752685547e-01
-1.035607576370239258e+00
-2.545338153839111328e+00
-8.131436705589294434e-01
-1.208214521408081055e+00
-2.347159862518310547e+00
9.480947852134704590e-01
