7.162696719169616699e-01
-3.437571525573730469e-01
2.242961376905441284e-01
-2.391619682312011719e-01
-1.419363737106323242e+00
-5.123748779296875000e-01
1.663889288902282715e+00
-3.283869624137878418e-01
-4.783165454864501953e+00
-4.504388570785522461e-02
-1.125308632850646973e+00
6.439835429191589355e-01
1.736954331398010254e+00
-1.764459967613220215e+00
-2.126571983098983765e-01
-4.718055725097656250e-01
-6.269812583923339844e-01
4.384593069553375244e-01
-8.348112702369689941e-01
-4.221229851245880127e-01
-3.920031189918518066e-01
1.195929884910583496e+00
-1.189098834991455078e+00
2.784889459609985352e+00
-1.343185186386108398e+00
6.738631129264831543e-01
-5.569939613342285156e-01
-1.270269602537155151e-01
4.048565328121185303e-01
1.811636425554752350e-02
-2.012021541595458984e+00
-4.809084534645080566e-01
2.835111320018768311e-01
6.153607740998268127e-02
1.696825861930847168e+00
1.292910933494567871e+00
-4.959933161735534668e-01
1.659018993377685547e+00
2.660958766937255859e+00
-7.067523598670959473e-01
1.987980246543884277e+00
-1.804542541503906250e+00
9.806852936744689941e-01
1.575189352035522461e+00
-2.037496566772460938e+00
-1.291812539100646973e+00
-2.427364736795425415e-01
1.611920833587646484e+00
-8.270539641380310059e-01
-6.681672334671020508e-01
-7.198271155357360840e-01
-7.051758766174316406e-01
1.690644145011901855e+00
5.879511833190917969e-01
-1.763729900121688843e-01
2.467762231826782227e+00
-1.904312819242477417e-01
-9.746227413415908813e-02
-1.138127803802490234e+00
1.406443834304809570e+00
1.703879117965698242e+00
3.128781020641326904e-01
-1.689006924629211426e+00
-1.355416297912597656e+00
-8.518130183219909668e-01
-1.383298873901367188e+00
4.764400720596313477e-01
1.110188484191894531e+00
1.370648384094238281e+00
-1.377010643482208252e-01
1.073928549885749817e-02
1.208357095718383789e+00
3.217513859272003174e-01
6.185641288757324219e-01
-6.619589328765869141e-01
-7.880437374114990234e-01
3.838527500629425049e-01
8.801765441894531250e-01
-1.333574414253234863e+00
-1.286707639694213867e+00
-1.163270995020866394e-01
1.067698478698730469e+00
2.801003932952880859e+00
-2.946533262729644775e-01
1.453083872795104980e+00
5.077466368675231934e-01
-5.530431866645812988e-01
-4.616179168224334717e-01
-2.114889383316040039e+00
-1.955445259809494019e-01
-7.231199145317077637e-01
-6.409052014350891113e-01
-2.103324174880981445e+00
1.549373865127563477e+00
-6.672029495239257812e-01
-1.493401825428009033e-01
2.354116678237915039e+00
-1.837041378021240234e+00
2.696153640747070312e+00
2.119438797235488892e-01
1.711017131805419922e+00
2.737723886966705322e-01
-1.791377305984497070e+00
3.412179946899414062e-01
2.036364935338497162e-02
1.912188768386840820e+00
-9.741265177726745605e-01
2.104526907205581665e-01
-7.670070230960845947e-02
-2.696102380752563477e+00
2.144364416599273682e-01
-1.148709952831268311e-01
-8.695600628852844238e-01
-5.802286863327026367e-01
-3.985187411308288574e-01
5.119032859802246094e-01
8.708710223436355591e-02
-2.818707227706909180e+00
-2.256224632263183594e+00
6.990011930465698242e-01
-7.250955104827880859e-01
9.029783606529235840e-01
1.082288146018981934e+00
1.551721334457397461e+00
-1.106192097067832947e-01
1.532018542289733887e+00
-1.838131308555603027e+00
-3.313834071159362793e-01
