2.086094379425048828e+00
-5.191064476966857910e-01
1.370303869247436523e+00
7.478330750018358231e-03
8.726347088813781738e-01
1.432672023773193359e+00
-6.097362842410802841e-03
-1.266866564750671387e+00
-3.308182954788208008e-01
-1.043842673301696777e+00
7.868780493736267090e-01
-1.087290763854980469e+00
1.024008393287658691e+00
-1.758140623569488525e-01
-1.395892500877380371e-01
-8.398196846246719360e-02
3.019261360168457031e-01
7.658836841583251953e-01
-5.469987392425537109e-01
2.736622810363769531e+00
3.774829506874084473e-01
-1.359816193580627441e-01
1.526319146156311035e+00
-7.349005341529846191e-01
-3.217567682266235352e+00
-8.379501104354858398e-01
2.875955104827880859e-01
1.536882162094116211e+00
5.012110471725463867e-01
9.549038410186767578e-01
3.422127664089202881e-01
-1.199242115020751953e+00
-1.202706526964902878e-02
-2.182181358337402344e+00
-6.556166410446166992e-01
4.880450293421745300e-02
-1.591891050338745117e+00
-5.994337797164916992e-01
9.423458576202392578e-01
8.441320657730102539e-01
1.091897368431091309e+00
3.476814627647399902e-01
9.273280501365661621e-01
1.167978405952453613e+00
6.688551306724548340e-01
-9.148912131786346436e-02
2.084904350340366364e-02
7.953085303306579590e-01
-5.396991968154907227e-01
-6.535993516445159912e-02
-1.898175358772277832e+00
-7.411949634552001953e-01
9.005813300609588623e-02
-1.796175837516784668e-01
-4.468113780021667480e-01
-4.810882806777954102e-01
1.873720645904541016e+00
6.692584156990051270e-01
2.734406471252441406e+00
8.643960207700729370e-02
-1.364412188529968262e+00
-1.690100789070129395e+00
-1.275137662887573242e+00
1.650563001632690430e+00
8.918600082397460938e-01
-6.735476851463317871e-01
2.650760710239410400e-01
-7.102035284042358398e-01
-7.770645022392272949e-01
-1.432908296585083008e+00
-5.602759718894958496e-01
-1.653012752532958984e+00
1.465520262718200684e+00
1.073184251785278320e+00
8.763086795806884766e-01
-5.609808564186096191e-01
4.507712125778198242e-01
-5.687103271484375000e-01
-1.114623665809631348e+00
-1.702271819114685059e+00
-4.147039949893951416e-01
2.921744883060455322e-01
6.977289319038391113e-01
-1.066634133458137512e-01
1.742538094520568848e+00
-8.056134581565856934e-01
-3.308427333831787109e-02
-7.066982984542846680e-02
-1.760317981243133545e-01
-6.382592320442199707e-01
2.807171344757080078e+00
-1.339074134826660156e+00
-1.056414172053337097e-01
5.575412139296531677e-02
1.493649482727050781e+00
4.839794039726257324e-01
1.457322955131530762e+00
7.006816267967224121e-01
-3.510095357894897461e+00
-1.046306252479553223e+00
-3.172441959381103516e+00
1.547713279724121094e-01
-9.532941579818725586e-01
7.375848889350891113e-01
3.819886147975921631e-01
-2.606520354747772217e-01
-1.739660978317260742e+00
-3.026942312717437744e-01
2.852132558822631836e+00
3.681687414646148682e-01
-1.306933760643005371e+00
6.537289023399353027e-01
5.927767604589462280e-02
-2.830276727676391602e+00
-2.157238125801086426e-01
6.174080967903137207e-01
-8.202645778656005859e-01
1.497431874275207520e+00
4.301323741674423218e-02
2.577074766159057617e-01
6.503911614418029785e-01
1.092153906822204590e+00
-3.371033072471618652e-01
-2.256414413452148438e+00
-1.094659090042114258e+00
-2.597745358943939209e-01
1.300668358802795410e+00
1.894052982330322266e+00
