1.286220908164978027e+00
1.374812245368957520e+00
6.299756169319152832e-01
-1.125683169811964035e-02
1.678725957870483398e+00
-5.998954772949218750e-01
-2.257941961288452148e+00
2.294315695762634277e-01
-2.611265182495117188e+00
-2.131590843200683594e+00
1.810766100883483887e+00
-9.954611659049987793e-01
2.364522457122802734e+00
-1.351894021034240723e+00
9.070039391517639160e-01
1.275397688150405884e-01
-1.704271793365478516e+00
1.339235901832580566e+00
-1.520109891891479492e+00
2.134146690368652344e-01
-1.516065746545791626e-01
-2.711545228958129883e-01
7.542231120169162750e-03
2.320812791585922241e-01
6.278051137924194336e-01
-6.951031833887100220e-02
1.751547932624816895e+00
1.161920949816703796e-01
-3.236475229263305664e+00
1.562131881713867188e+00
1.015974521636962891e+00
-3.511098921298980713e-01
3.027080297470092773e-01
4.821937978267669678e-01
-1.926018148660659790e-01
1.137622356414794922e+00
1.491124033927917480e+00
1.653810858726501465e+00
2.741577029228210449e-01
-2.881595790386199951e-01
2.942684292793273926e-01
-1.668915152549743652e-02
5.357771515846252441e-01
3.207005023956298828e+00
-2.136031627655029297e+00
9.738552570343017578e-01
7.600781917572021484e-01
1.707726597785949707e+00
5.209682583808898926e-01
-6.409717798233032227e-01
-1.219769120216369629e+00
4.845101833343505859e-01
-1.105459928512573242e+00
1.730687379837036133e+00
1.506106495857238770e+00
-1.655330896377563477e+00
8.745424151420593262e-01
2.193918943405151367e+00
5.653250217437744141e-01
-7.498449832201004028e-02
4.146580994129180908e-01
4.777689874172210693e-01
-9.454947113990783691e-01
1.333889484405517578e+00
5.700899660587310791e-02
-2.399831056594848633e+00
3.000634312629699707e-01
2.507717132568359375e+00
1.934570789337158203e+00
-8.850988149642944336e-01
-7.204502224922180176e-01
-9.885601997375488281e-01
-1.635406136512756348e+00
3.757718801498413086e-01
-3.051134347915649414e-01
-1.077456712722778320e+00
-1.756308674812316895e+00
7.444922327995300293e-01
4.517011940479278564e-01
-1.524681329727172852e+00
1.543913185596466064e-01
8.050532341003417969e-01
5.418543219566345215e-01
-1.591535091400146484e+00
2.142692089080810547e+00
-1.691908836364746094e+00
-1.540536046028137207e+00
-1.145431041717529297e+00
1.160443499684333801e-01
3.036191761493682861e-01
-9.388158321380615234e-01
-1.358974337577819824e+00
-1.081737279891967773e+00
-7.219409346580505371e-01
-1.154208064079284668e+00
-6.256417632102966309e-01
1.338845014572143555e+00
3.218934638425707817e-03
-1.599329829216003418e+00
-1.883037924766540527e+00
1.328050732612609863e+00
-2.633318901062011719e-01
-1.893259763717651367e+00
2.088752269744873047e+00
6.867441534996032715e-01
-4.187766313552856445e-01
7.397518754005432129e-01
-9.840151667594909668e-02
1.029381513595581055e+00
9.358710050582885742e-01
-1.330924749374389648e+00
4.598454833030700684e-01
-4.089144170284271240e-01
8.634090423583984375e-02
2.178399801254272461e+00
-1.906442195177078247e-01
6.924880743026733398e-01
-1.198631286621093750e+00
3.877938091754913330e-01
-1.037200331687927246e+00
-1.949894905090332031e+00
2.874290943145751953e-01
6.928287744522094727e-01
-9.623194932937622070e-01
-9.721201658248901367e-01
2.718648314476013184e-01
-1.189743041992187500e+00
-3.692623972892761230e-02
