-9.497998952865600586e-01
9.177225828170776367e-01
-1.058688387274742126e-01
-1.078602433204650879e+00
-6.587290167808532715e-01
2.328004360198974609e+00
4.418691694736480713e-01
9.916537404060363770e-01
-1.717349290847778320e+00
-1.438980847597122192e-01
-6.654300689697265625e-01
-8.863922953605651855e-01
-1.553066372871398926e+00
-1.706642270088195801e+00
1.208692550659179688e+00
-1.631888866424560547e+00
1.399388611316680908e-01
2.035849243402481079e-01
-4.993272423744201660e-01
8.387178182601928711e-01
-5.247289314866065979e-02
-5.468283295631408691e-01
2.217234373092651367e-01
7.446312308311462402e-01
-1.141663670539855957e+00
6.752910017967224121e-01
1.358219683170318604e-01
3.001875579357147217e-01
5.479188561439514160e-01
1.402394056320190430e+00
-4.114867150783538818e-01
2.374713659286499023e+00
4.337964951992034912e-01
4.554421007633209229e-01
-7.465554475784301758e-01
1.921014785766601562e-01
4.252635836601257324e-01
1.672330856323242188e+00
9.921925067901611328e-01
-1.161474883556365967e-01
2.397091388702392578e+00
1.341631174087524414e+00
2.409950017929077148e+00
6.809167265892028809e-01
-1.743889003992080688e-01
-9.839953780174255371e-01
-7.825291752815246582e-01
-6.425473690032958984e-01
-2.997234277427196503e-02
-2.149177312850952148e+00
-5.885286927223205566e-01
-3.449417054653167725e-01
-1.302542686462402344e+00
-1.625396758317947388e-01
-8.375852108001708984e-01
3.041544198989868164e+00
1.461759507656097412e-01
1.126161217689514160e+00
-5.399636030197143555e-01
6.716215014457702637e-01
-4.701003432273864746e-01
-9.064002633094787598e-01
7.226568460464477539e-01
3.488285541534423828e-01
2.869414985179901123e-01
-3.781149625778198242e+00
8.109111189842224121e-01
-7.485721707344055176e-01
1.138008713722229004e+00
5.128604173660278320e-02
4.927989542484283447e-01
1.434481382369995117e+00
1.569376468658447266e+00
6.936227083206176758e-01
2.371418178081512451e-01
-1.393014311790466309e+00
-1.346702426671981812e-01
-2.111847162246704102e+00
-1.478809595108032227e+00
-6.896381974220275879e-01
-4.765229225158691406e-01
-4.304868578910827637e-01
1.522117406129837036e-01
-3.079099655151367188e-01
8.986139893531799316e-01
-1.830769777297973633e+00
-3.989256024360656738e-01
-4.633678495883941650e-01
-1.447622776031494141e+00
6.963970661163330078e-01
-6.886015832424163818e-02
-1.807697892189025879e+00
-8.602775931358337402e-01
-5.185561180114746094e-01
1.464374661445617676e+00
-6.090968251228332520e-01
-5.076463818550109863e-01
9.527800083160400391e-01
6.864638924598693848e-01
6.705077886581420898e-01
-2.758182525634765625e+00
-5.366839170455932617e-01
3.559286594390869141e-01
6.563904881477355957e-01
-2.304107189178466797e+00
6.633697748184204102e-01
9.680647253990173340e-01
-4.651322066783905029e-01
1.263113021850585938e+00
1.832555979490280151e-01
-8.194348216056823730e-01
4.234623908996582031e-01
5.436703562736511230e-02
7.991726994514465332e-01
2.863135337829589844e+00
5.443578362464904785e-01
-3.791700899600982666e-01
-1.594714820384979248e-01
-4.109407663345336914e-01
2.765743494033813477e+00
6.575670838356018066e-01
-2.145267724990844727e+00
-6.900562047958374023e-01
-1.019422411918640137e+00
-1.085038900375366211e+00
7.340484261512756348e-01
-9.414194822311401367e-01
-5.821118354797363281e-01
