1.170834422111511230e+00
-1.543110609054565430e+00
-9.749263525009155273e-01
-1.499265991151332855e-02
-1.998547434806823730e+00
-1.173549890518188477e+00
6.528792381286621094e-01
8.960700631141662598e-01
-1.837256193161010742e+00
2.490206211805343628e-01
-2.334811389446258545e-01
1.277812361717224121e+00
4.073511064052581787e-01
-1.982913911342620850e-01
4.379991590976715088e-01
6.523439288139343262e-01
-1.515483856201171875e+00
-1.975847363471984863e+00
-7.550594210624694824e-01
-7.954904437065124512e-01
2.316324859857559204e-01
1.689420342445373535e+00
-9.624179005622863770e-01
-5.032368898391723633e-01
-5.694907307624816895e-01
-3.117242455482482910e-01
-2.026770591735839844e+00
-7.419646382331848145e-01
1.216513991355895996e+00
-5.489211678504943848e-01
-1.082970499992370605e+00
5.595719814300537109e-01
1.475483536720275879e+00
1.694552540779113770e+00
1.988564968109130859e+00
3.582051694393157959e-01
-1.485779762268066406e+00
2.118963241577148438e+00
1.154129505157470703e+00
-1.937845051288604736e-01
1.079310536384582520e+00
1.760443001985549927e-01
8.305298089981079102e-01
1.284142971038818359e+00
-1.042759895324707031e+00
4.274548590183258057e-01
9.518717974424362183e-02
-1.377380546182394028e-02
-8.911424875259399414e-01
1.734654784202575684e+00
9.870890378952026367e-01
2.428846061229705811e-01
9.295213222503662109e-01
9.944385290145874023e-02
-4.550191462039947510e-01
1.319697856903076172e+00
7.818661928176879883e-01
-3.583143055438995361e-01
-2.687985420227050781e+00
1.697494983673095703e+00
-6.247670650482177734e-01
7.976619005203247070e-01
-8.692350983619689941e-01
-3.613415956497192383e-01
2.058114290237426758e+00
-1.277422785758972168e+00
1.417027950286865234e+00
-2.119183540344238281e+00
2.571540176868438721e-01
-1.749599352478981018e-02
-6.286190748214721680e-01
3.422797098755836487e-02
-1.130658030509948730e+00
9.499286413192749023e-01
9.983943700790405273e-01
-1.053286075592041016e+00
-6.584343910217285156e-01
6.683323979377746582e-01
-7.207499146461486816e-01
-9.258307814598083496e-01
2.415541112422943115e-01
1.235843062400817871e+00
1.759818792343139648e+00
-7.790693044662475586e-01
2.965758085250854492e+00
-9.815996885299682617e-01
-9.162405133247375488e-02
6.525586843490600586e-01
1.569460511207580566e+00
-7.296432256698608398e-01
-5.979086160659790039e-01
-6.287592649459838867e-01
-9.509371519088745117e-01
9.134749174118041992e-01
-2.776034355163574219e+00
3.517358005046844482e-02
8.727940320968627930e-01
8.906729221343994141e-01
3.985095918178558350e-01
-1.224239587783813477e+00
1.994349837303161621e+00
1.262364268302917480e+00
-6.502707600593566895e-01
1.515578866004943848e+00
-3.067823886871337891e+00
-8.436431884765625000e-01
-1.106366991996765137e+00
-1.489044666290283203e+00
1.040255188941955566e+00
-9.892948269844055176e-01
1.121841788291931152e+00
3.435827791690826416e-01
7.764124870300292969e-01
2.337749600410461426e-01
1.219381541013717651e-01
8.794654160737991333e-02
1.252153277397155762e+00
-2.834765911102294922e+00
-1.838008046150207520e+00
1.591727972030639648e+00
-9.924116311594843864e-04
4.011794924736022949e-01
-1.663760066032409668e+00
-2.098376989364624023e+00
-1.283680915832519531e+00
-2.313869237899780273e+00
2.469608783721923828e+00
1.313027024269104004e+00
