-7.470336556434631348e-01
-1.935312628746032715e+00
5.393990129232406616e-02
4.250903427600860596e-01
8.685556054115295410e-01
-7.209377884864807129e-01
2.110936790704727173e-01
-3.004117608070373535e-01
-1.263515710830688477e+00
2.669775724411010742e+00
1.927853524684906006e-01
-2.183361768722534180e+00
-1.467987418174743652e+00
-1.121849894523620605e+00
1.310839414596557617e+00
1.938245773315429688e+00
1.203497290611267090e+00
-1.234687566757202148e-01
-2.091424942016601562e+00
2.239873409271240234e+00
6.058527231216430664e-01
1.378204464912414551e+00
1.590359210968017578e+00
5.023654699325561523e-01
-9.566351175308227539e-01
-3.853356838226318359e-01
2.166903018951416016e+00
-4.434288144111633301e-01
-3.400229811668395996e-01
3.240123093128204346e-01
3.639780580997467041e-01
-2.189369201660156250e-01
-1.159969568252563477e+00
7.575716823339462280e-03
-4.797638058662414551e-01
-1.508773714303970337e-01
3.534223437309265137e-01
-4.386175796389579773e-02
-6.182124018669128418e-01
6.284797787666320801e-01
1.134774565696716309e+00
-3.282934427261352539e-01
1.896060705184936523e+00
-1.598434090614318848e+00
1.245073080062866211e+00
3.212262094020843506e-01
-9.548114240169525146e-02
8.455326408147811890e-02
2.509087026119232178e-01
5.475596189498901367e-01
5.281160026788711548e-02
-1.498445630073547363e+00
1.948391437530517578e+00
-7.679650783538818359e-01
-1.710765808820724487e-01
1.778974533081054688e+00
-1.599232912063598633e+00
-2.353398352861404419e-01
1.806022375822067261e-01
2.413876771926879883e+00
3.641458749771118164e-01
-1.932278648018836975e-02
1.634236454963684082e+00
-6.697045266628265381e-02
9.006826877593994141e-01
-1.251058340072631836e+00
-7.645995020866394043e-01
-3.530666828155517578e-01
1.416465282440185547e+00
3.987919911742210388e-02
9.367018938064575195e-01
-1.385340571403503418e+00
1.127215623855590820e+00
1.289097666740417480e+00
5.125365257263183594e-01
-1.815747022628784180e+00
-4.863606095314025879e-01
-5.776021480560302734e-01
1.058314085006713867e+00
-2.671010494232177734e-01
3.350965380668640137e-01
7.596489191055297852e-01
3.079051971435546875e-01
-8.208075165748596191e-01
1.492145180702209473e+00
-9.187361001968383789e-01
-4.838989675045013428e-01
2.606334984302520752e-01
-1.485797315835952759e-01
-1.970990896224975586e-01
1.422419071197509766e+00
2.611203491687774658e-01
1.346676588058471680e+00
-8.610919117927551270e-01
-2.951523661613464355e-01
-5.268971920013427734e-01
-1.098570942878723145e+00
-1.257648468017578125e+00
-1.092586994171142578e+00
-4.453070163726806641e-01
2.280644655227661133e+00
-7.795993685722351074e-01
1.087446093559265137e+00
-1.923768967390060425e-01
2.866322100162506104e-01
1.827215850353240967e-01
9.860618412494659424e-02
4.865836501121520996e-01
-1.150474324822425842e-01
-6.715790033340454102e-01
1.312536001205444336e-01
-1.161071136593818665e-01
-1.237130761146545410e+00
8.654756546020507812e-01
-1.249122738838195801e+00
-2.588638067245483398e+00
-1.140062689781188965e+00
-5.982004404067993164e-01
-3.178358376026153564e-01
-2.962502241134643555e-01
7.561744451522827148e-01
-2.301541090011596680e+00
-1.333127140998840332e+00
-2.312205791473388672e+00
-1.484720110893249512e+00
2.483218759298324585e-01
-1.494444131851196289e+00
1.072908997535705566e+00
