-1.668402671813964844e+00
1.002364397048950195e+00
-3.338366448879241943e-01
2.320457547903060913e-01
-1.067782402038574219e+00
-1.039746880531311035e+00
-5.000403523445129395e-01
7.204201817512512207e-01
1.847215056419372559e+00
-5.904941558837890625e-01
-1.629361510276794434e-01
-8.041387796401977539e-01
-9.715276956558227539e-01
2.132671117782592773e+00
5.964027717709541321e-03
-1.474109411239624023e+00
-4.553772807121276855e-01
-2.439266294240951538e-01
8.046548962593078613e-01
-6.310300230979919434e-01
1.393031597137451172e+00
-1.664677858352661133e+00
-1.533282637596130371e+00
3.409325778484344482e-01
-1.665287256240844727e+00
8.138810396194458008e-01
1.667137145996093750e+00
-2.544575452804565430e+00
9.622908234596252441e-01
3.129943311214447021e-01
2.233916282653808594e+00
-2.989206790924072266e+00
-1.947965621948242188e+00
1.956720948219299316e+00
-1.730467557907104492e+00
1.345292091369628906e+00
-3.687313795089721680e-01
-1.201897501945495605e+00
2.503352403640747070e+00
-1.619096159934997559e+00
-1.912507414817810059e-01
1.722908020019531250e+00
9.784358739852905273e-01
4.399023950099945068e-01
1.248481273651123047e+00
-2.405738830566406250e-01
1.443862318992614746e+00
-2.141311466693878174e-01
5.402119159698486328e-01
1.314234733581542969e+00
2.285865783691406250e+00
9.634191542863845825e-02
-2.487659901380538940e-01
1.257346749305725098e+00
-1.263283967971801758e+00
5.667824745178222656e-01
6.103773713111877441e-01
-1.665116071701049805e+00
2.440953969955444336e+00
-4.151253104209899902e-01
8.612192869186401367e-01
1.196027636528015137e+00
-9.663458466529846191e-01
2.468788146972656250e+00
2.458941221237182617e+00
-1.309791207313537598e-01
-5.594683289527893066e-01
-3.344120979309082031e-01
1.084145426750183105e+00
8.133363723754882812e-01
3.641697168350219727e-01
-1.314821839332580566e+00
1.205875873565673828e+00
-2.184569686651229858e-01
-2.910908460617065430e+00
-5.701343715190887451e-02
-1.224357962608337402e+00
-1.129577159881591797e+00
-3.908651471138000488e-01
-1.898266673088073730e+00
3.316893875598907471e-01
-1.008502006530761719e+00
3.601942658424377441e-01
-1.876247227191925049e-01
1.225044727325439453e+00
9.372747540473937988e-01
-1.373257398605346680e+00
2.311546355485916138e-02
1.687218993902206421e-01
-4.030618071556091309e-01
3.520532250404357910e-01
-1.470457911491394043e+00
-1.090016007423400879e+00
2.630290746688842773e+00
-4.073107838630676270e-01
-1.325864434242248535e+00
1.340755105018615723e+00
-2.190325409173965454e-01
1.223968148231506348e+00
2.382991552352905273e+00
-6.500680446624755859e-01
1.486957073211669922e-01
1.106565237045288086e+00
1.816071152687072754e+00
4.941695332527160645e-01
-4.133829474449157715e-02
-1.732873558998107910e+00
-1.393887758255004883e+00
2.394600212574005127e-01
-2.482941865921020508e+00
-1.063769236207008362e-01
3.596602380275726318e-01
4.319197237491607666e-01
-1.203961610794067383e+00
-7.160267829895019531e-01
9.345563054084777832e-01
9.370591044425964355e-01
-3.492273986339569092e-01
-5.890827178955078125e-01
7.397993654012680054e-02
-6.931414604187011719e-01
8.185390233993530273e-01
-3.557384610176086426e-01
-2.164158344268798828e+00
-4.228907525539398193e-01
-5.863883495330810547e-01
-1.418053746223449707e+00
-1.723906636238098145e+00
