1.545200049877166748e-01
-6.028053164482116699e-01
1.325726985931396484e+00
-4.773175716400146484e-01
-8.632605075836181641e-01
6.220921128988265991e-02
2.469229698181152344e+00
1.063560128211975098e+00
-1.722796708345413208e-01
-3.486825227737426758e+00
-7.345572113990783691e-01
1.515461206436157227e+00
1.737431168556213379e+00
-1.773840069770812988e+00
-5.781841874122619629e-01
8.913431763648986816e-01
-1.061515331268310547e+00
2.371248245239257812e+00
3.060438036918640137e-01
1.146984577178955078e+00
-1.257507562637329102e+00
-3.937027882784605026e-03
5.104835629463195801e-01
-8.790888786315917969e-01
7.231773734092712402e-01
4.875658750534057617e-01
9.667748212814331055e-01
-1.452983736991882324e+00
-1.047054171562194824e+00
2.069546461105346680e+00
-1.720950752496719360e-01
-7.886540293693542480e-01
-3.092187881469726562e+00
-2.737614154815673828e+00
3.885886371135711670e-01
1.022011756896972656e+00
-1.058905243873596191e+00
2.408454895019531250e+00
-2.000929117202758789e-01
-5.353828072547912598e-01
-6.233324408531188965e-01
1.421523392200469971e-01
1.144453048706054688e+00
5.937080383300781250e-01
-1.407839775085449219e+00
7.640100717544555664e-01
-1.508486643433570862e-02
1.387107253074645996e+00
-8.270262181758880615e-02
-9.466260671615600586e-01
7.761024236679077148e-01
-2.043468654155731201e-01
8.822742104530334473e-01
-9.458631873130798340e-01
1.859963387250900269e-01
1.164554357528686523e+00
-2.877491712570190430e-01
2.118765115737915039e+00
-3.209936320781707764e-01
-8.716855198144912720e-02
2.721374988555908203e+00
9.664064645767211914e-01
8.358920216560363770e-01
6.531877517700195312e-01
-3.600861430168151855e-01
-6.958668231964111328e-01
1.339625716209411621e+00
-5.762454271316528320e-01
1.092597723007202148e+00
3.473736047744750977e-01
2.227774113416671753e-01
1.618559718132019043e+00
8.381325006484985352e-01
1.078207612037658691e+00
7.269443273544311523e-01
-2.772866487503051758e+00
-7.628560662269592285e-01
-1.683138132095336914e+00
2.690446078777313232e-01
-1.884868502616882324e+00
6.289915442466735840e-01
2.482059240341186523e+00
-9.560166597366333008e-01
3.369104564189910889e-01
5.535699725151062012e-01
-1.088890075683593750e+00
-1.480652689933776855e+00
8.549203872680664062e-01
-1.076389312744140625e+00
2.320161581039428711e+00
7.894992828369140625e-01
-2.188202857971191406e+00
-6.935909390449523926e-01
-6.983203887939453125e-01
7.888086438179016113e-01
8.014562129974365234e-01
-3.080590665340423584e-01
-7.416843175888061523e-01
1.241114377975463867e+00
-1.163502693176269531e+00
8.902052044868469238e-01
-6.454440951347351074e-02
-2.162616729736328125e+00
-4.983543753623962402e-01
-9.684656262397766113e-01
-2.209498584270477295e-01
-2.198471546173095703e+00
-2.966758012771606445e-01
7.069804072380065918e-01
6.484421342611312866e-02
-2.135224342346191406e+00
1.246966958045959473e+00
-1.310170888900756836e+00
-1.717915892601013184e+00
4.444620106369256973e-03
-8.102618902921676636e-02
1.630575776100158691e+00
-8.113250732421875000e-01
1.215260505676269531e+00
-1.051857590675354004e+00
4.911755025386810303e-01
2.347896099090576172e-01
-5.907511115074157715e-01
-9.360086172819137573e-02
-8.477983474731445312e-01
-1.750121712684631348e+00
1.769793629646301270e+00
-1.302807569503784180e+00
