-1.094042897224426270e+00
9.826279282569885254e-01
1.696946173906326294e-01
-3.490550279617309570e+00
-5.508319139480590820e-01
8.522338867187500000e-01
-1.133849024772644043e-01
1.777500033378601074e+00
-2.583653330802917480e-01
-2.421726137399673462e-01
2.025431156158447266e+00
1.001633644104003906e+00
4.721148014068603516e-01
9.195439219474792480e-01
-6.278316974639892578e-01
2.931712388992309570e+00
-1.205155625939369202e-01
1.877151429653167725e-01
5.706220865249633789e-01
-3.683212995529174805e-01
-8.509154319763183594e-01
-3.878334760665893555e-01
3.957346975803375244e-01
1.041117548942565918e+00
-1.299752593040466309e+00
-3.898622095584869385e-01
-1.274725198745727539e+00
-6.457865238189697266e-01
5.856114029884338379e-01
2.104892492294311523e+00
-2.551904916763305664e+00
-4.457813739776611328e+00
-3.676180243492126465e-01
3.729727119207382202e-02
-1.152977108955383301e+00
-9.586548805236816406e-01
-1.163098931312561035e+00
-3.218756616115570068e-01
-1.927761584520339966e-01
-1.196043118834495544e-01
4.123758375644683838e-01
7.576439976692199707e-01
1.688320398330688477e+00
1.086816191673278809e+00
-5.646741986274719238e-01
8.610240221023559570e-01
-3.535117805004119873e-01
2.224431991577148438e+00
3.267380237579345703e+00
-5.723132491111755371e-01
1.637107282876968384e-01
-2.695575654506683350e-01
1.720774620771408081e-01
-9.311562776565551758e-01
5.428133606910705566e-01
6.585952043533325195e-01
1.239559054374694824e+00
2.477507591247558594e-01
1.656377315521240234e-01
-6.977614760398864746e-01
-2.119408696889877319e-01
2.496521949768066406e+00
-8.808148503303527832e-01
9.845310449600219727e-01
-4.911188036203384399e-02
-2.019416332244873047e+00
-1.318014711141586304e-01
-9.652998447418212891e-01
-1.553039699792861938e-01
9.995645284652709961e-01
4.677563607692718506e-01
-1.786858558654785156e+00
1.237865209579467773e+00
-6.909115910530090332e-01
-1.685191273689270020e+00
-6.932122111320495605e-01
-1.831198483705520630e-01
-1.227543652057647705e-01
6.062226295471191406e-01
-3.469128370285034180e+00
-5.593094825744628906e-01
-1.348610401153564453e+00
-9.367533028125762939e-03
-8.862043023109436035e-01
-3.159195780754089355e-01
8.821720480918884277e-01
-1.610538959503173828e+00
8.529779314994812012e-02
-3.175037205219268799e-01
2.014881610870361328e+00
8.092010617256164551e-01
-8.246700167655944824e-01
-1.208735346794128418e+00
4.454288482666015625e-01
7.058138251304626465e-01
3.456906974315643311e-02
1.841752648353576660e+00
2.629346251487731934e-01
-8.966310620307922363e-01
-5.882981419563293457e-01
2.611871957778930664e+00
9.196631908416748047e-01
1.118848562240600586e+00
8.330591917037963867e-01
7.124131917953491211e-02
-4.797165095806121826e-01
-1.026034429669380188e-01
7.838968932628631592e-02
4.950370788574218750e-01
-1.109408736228942871e+00
-4.348451495170593262e-01
1.262457013130187988e+00
-1.004947781562805176e+00
-1.139714121818542480e+00
2.324686527252197266e+00
-1.343217611312866211e+00
5.170083045959472656e-01
-4.128552973270416260e-01
-1.186162352561950684e+00
3.035337030887603760e-01
1.653149724006652832e+00
-2.101394683122634888e-01
7.569630742073059082e-01
6.503461599349975586e-01
7.084603607654571533e-02
-1.005065560340881348e+00
-2.093027234077453613e-01
-1.491248607635498047e+00
