1.071162819862365723e+00
-9.206453710794448853e-02
-1.018918752670288086e+00
1.138104557991027832e+00
-5.845682621002197266e-01
1.911156654357910156e+00
2.172386646270751953e-02
-6.715435534715652466e-02
-2.129729986190795898e+00
7.155309319496154785e-01
-2.300529927015304565e-02
1.061237335205078125e+00
3.179080486297607422e-01
-8.672802448272705078e-01
3.931755572557449341e-02
-1.630981266498565674e-01
-6.502307057380676270e-01
1.121809840202331543e+00
-1.627690911293029785e+00
-2.356987953186035156e+00
3.530956506729125977e-01
-6.242163851857185364e-02
6.519795656204223633e-01
-8.725097030401229858e-02
-3.337423503398895264e-02
6.506896615028381348e-01
6.434964537620544434e-01
-8.993695378303527832e-01
4.870271086692810059e-01
-8.349172472953796387e-01
-5.102859139442443848e-01
1.566546797752380371e+00
-7.093797922134399414e-01
1.771449923515319824e+00
1.789357066154479980e-01
2.100061655044555664e+00
-3.898380696773529053e-01
1.947591900825500488e-01
-6.303917169570922852e-01
1.668724417686462402e-01
2.787449121475219727e+00
-2.066166698932647705e-01
2.021754503250122070e+00
2.455033808946609497e-01
-1.594777941703796387e+00
-4.482759833335876465e-01
-2.837330698966979980e-01
7.050150632858276367e-01
2.168766856193542480e-01
2.846827916800975800e-02
9.702841639518737793e-01
-6.748885512351989746e-01
3.559171557426452637e-01
2.517162561416625977e-01
-5.757057070732116699e-01
6.417480111122131348e-01
5.409163236618041992e-01
9.658004045486450195e-01
2.910605072975158691e-01
-3.245541155338287354e-01
-1.998133808374404907e-01
5.012432336807250977e-01
-1.931671202182769775e-01
-2.773791737854480743e-02
1.129784107208251953e+00
-1.037959337234497070e+00
1.379700422286987305e+00
-1.105399802327156067e-01
-5.058695077896118164e-01
-5.451718717813491821e-02
-5.563733726739883423e-02
-4.931372404098510742e-01
-1.586516737937927246e+00
9.792581796646118164e-01
1.143867492675781250e+00
-1.264024019241333008e+00
-6.014869213104248047e-01
3.738146424293518066e-01
-1.003311514854431152e+00
-1.228803873062133789e+00
-1.186409518122673035e-01
2.240365743637084961e+00
2.898329496383666992e+00
7.539384365081787109e-01
3.200965881347656250e+00
-2.243556678295135498e-01
-3.399536371231079102e+00
-6.194972395896911621e-01
-1.539945006370544434e+00
7.762696743011474609e-01
1.090533614158630371e+00
5.093261599540710449e-01
-1.059797286987304688e+00
-2.043946504592895508e+00
-1.959810853004455566e+00
6.225122809410095215e-01
3.154346346855163574e-01
-8.962039649486541748e-02
8.563891798257827759e-02
-1.935397624969482422e+00
9.046181440353393555e-01
2.466941624879837036e-02
-7.541924118995666504e-01
9.973266124725341797e-01
-4.955600500106811523e-01
-2.810617923736572266e+00
-1.731905937194824219e+00
-1.517332434654235840e+00
2.718602657318115234e+00
-9.078798890113830566e-01
1.146653056144714355e+00
2.020341634750366211e+00
1.716933697462081909e-01
-9.266120195388793945e-01
-1.873627156019210815e-01
6.277364492416381836e-02
-2.081666469573974609e+00
-1.888854742050170898e+00
1.539359092712402344e-01
-7.724437862634658813e-02
4.545839726924896240e-01
-1.757040858268737793e+00
-7.945252209901809692e-02
7.866923213005065918e-01
-9.429468512535095215e-01
-2.767911911010742188e+00
1.406624317169189453e+00
-1.465888973325490952e-02
