2.341823130846023560e-01
-6.401299834251403809e-01
-7.914238572120666504e-01
1.930018514394760132e-01
2.624829530715942383e+00
1.348442196846008301e+00
3.081187605857849121e-01
-1.350274085998535156e+00
-1.931533217430114746e+00
-6.336399167776107788e-02
-1.099958062171936035e+00
2.272179722785949707e-01
5.064563751220703125e-01
-1.442048192024230957e+00
-9.336697459220886230e-01
1.050339341163635254e+00
1.354909896850585938e+00
-3.992027938365936279e-01
-4.351637065410614014e-01
2.271109223365783691e-01
-4.219131767749786377e-01
-9.510039091110229492e-01
-3.672316074371337891e-01
7.769666314125061035e-01
2.880606353282928467e-01
4.434195160865783691e-01
1.231586337089538574e+00
-3.965096920728683472e-02
4.841134250164031982e-01
-1.994570642709732056e-01
6.487504243850708008e-01
1.195459723472595215e+00
9.080226421356201172e-01
-3.608106136322021484e+00
-1.267842650413513184e-01
-8.395150303840637207e-02
2.016005277633666992e+00
-6.243000179529190063e-02
-5.110364556312561035e-01
7.658891081809997559e-01
1.679493427276611328e+00
-1.102985382080078125e+00
9.906913638114929199e-01
4.294458627700805664e-01
-7.966114878654479980e-01
-9.389427304267883301e-02
6.057713627815246582e-01
-3.279193043708801270e-01
4.141014218330383301e-01
-1.086143851280212402e+00
3.035703301429748535e-01
-1.405555367469787598e+00
4.661441743373870850e-01
5.284505337476730347e-02
-5.872380360960960388e-02
1.735284209251403809e+00
3.587051630020141602e-01
8.210148215293884277e-01
1.212934970855712891e+00
-3.104795217514038086e-01
-5.866312384605407715e-01
2.209780514240264893e-01
-1.213523626327514648e+00
1.097950413823127747e-01
-9.873285889625549316e-01
1.935548335313796997e-01
6.690950393676757812e-01
2.289170026779174805e+00
-8.871346116065979004e-01
-3.779957294464111328e-01
4.958322942256927490e-01
-8.824196457862854004e-01
1.517555117607116699e+00
1.652629852294921875e+00
3.195831477642059326e-01
1.887341886758804321e-01
-1.032352447509765625e+00
2.253983728587627411e-02
-7.897077798843383789e-01
-8.921536803245544434e-01
-1.245981574058532715e+00
1.355727910995483398e-01
7.703726291656494141e-01
-5.029969811439514160e-01
1.308645725250244141e+00
1.103105902671813965e+00
-1.589939355850219727e+00
-8.469030261039733887e-02
-1.235363721847534180e+00
4.098307788372039795e-01
1.417059004306793213e-01
-2.025257587432861328e+00
-2.119664669036865234e+00
1.470033168792724609e+00
3.665545880794525146e-01
1.982971876859664917e-01
6.186481714248657227e-01
-2.623282074928283691e-01
5.301820635795593262e-01
-1.542721629142761230e+00
-6.983143836259841919e-02
1.109276533126831055e+00
-2.429992198944091797e+00
1.898236155509948730e+00
-2.139764785766601562e+00
-7.129945158958435059e-01
-6.419009566307067871e-01
-2.128540277481079102e+00
3.283190727233886719e+00
-1.662870287895202637e+00
-1.582643687725067139e-01
4.464519023895263672e-01
-1.080240845680236816e+00
3.570752143859863281e+00
-2.204317808151245117e+00
-2.080044269561767578e+00
8.813387900590896606e-02
-7.678824067115783691e-01
-5.546184256672859192e-02
-1.408020019531250000e+00
1.310752749443054199e+00
-9.428107142448425293e-01
2.571444511413574219e+00
-1.957927346229553223e+00
-9.334008693695068359e-01
3.719458878040313721e-01
1.992758750915527344e+00
-2.865052521228790283e-01
