2.342044353485107422e+00
-1.507359743118286133e+00
-1.790622919797897339e-01
5.065171122550964355e-01
7.849464565515518188e-02
-2.448549270629882812e+00
1.684362769126892090e+00
1.484698295593261719e+00
1.168764114379882812e+00
-8.513215929269790649e-02
-1.490128785371780396e-01
8.684217929840087891e-01
6.920403242111206055e-01
-8.235410451889038086e-01
9.630070924758911133e-01
7.192881107330322266e-01
4.452408850193023682e-01
2.472443729639053345e-01
5.701220035552978516e-01
-1.878200054168701172e+00
1.852066636085510254e+00
-1.454573035240173340e+00
2.076608687639236450e-01
-5.727431774139404297e-01
-2.759573221206665039e+00
-2.942591905593872070e+00
-1.960427463054656982e-01
1.475042581558227539e+00
1.550909280776977539e-01
1.827116966247558594e+00
-1.768818020820617676e+00
-1.127924442291259766e+00
4.874964356422424316e-01
9.645718336105346680e-01
-8.550660014152526855e-01
3.643649518489837646e-01
-1.396240234375000000e+00
5.195589661598205566e-01
-4.506709873676300049e-01
-8.878909945487976074e-01
1.491811037063598633e+00
-1.811718821525573730e+00
1.053236961364746094e+00
1.270195960998535156e+00
9.656533598899841309e-01
1.247383475303649902e+00
-1.542775869369506836e+00
1.097135543823242188e+00
9.437757730484008789e-02
-2.155387252569198608e-01
-4.697886109352111816e-02
4.773558676242828369e-01
2.549672126770019531e-01
-8.852150440216064453e-01
-3.642849922180175781e-01
-2.774857759475708008e+00
7.273499965667724609e-01
2.224879413843154907e-01
-1.106026172637939453e+00
4.689240157604217529e-01
-1.772405266761779785e+00
2.339368581771850586e+00
-5.794124007225036621e-01
1.191735386848449707e+00
-1.194767951965332031e-01
-1.754812002182006836e+00
1.738204121589660645e+00
-8.028252720832824707e-01
1.380389571189880371e+00
2.367837190628051758e+00
-3.034791052341461182e-01
-7.680252790451049805e-01
2.342839956283569336e+00
-7.628393173217773438e-01
7.579441070556640625e-01
-4.307030439376831055e-01
1.298706769943237305e+00
-1.483774662017822266e+00
7.267326116561889648e-02
-1.387291073799133301e+00
5.351635217666625977e-01
-2.398060321807861328e+00
3.771597743034362793e-01
-1.081689715385437012e+00
8.493376970291137695e-01
7.942806482315063477e-01
-7.969909906387329102e-01
3.141696155071258545e-01
9.703490734100341797e-01
3.935488462448120117e-01
-3.902331888675689697e-01
-1.138734221458435059e+00
4.891494810581207275e-01
6.923916935920715332e-01
-1.298967361450195312e+00
4.656952321529388428e-01
2.432244300842285156e+00
1.040657758712768555e+00
-2.982947230339050293e-01
-1.925905585289001465e+00
3.027767837047576904e-01
2.427457459270954132e-02
-1.701276421546936035e+00
8.618502616882324219e-01
2.590304136276245117e+00
1.130875110626220703e+00
-8.094767332077026367e-01
-1.496905326843261719e+00
-1.151919007301330566e+00
-1.398447006940841675e-01
-1.132330417633056641e+00
8.344069123268127441e-01
1.404020428657531738e+00
-1.678660154342651367e+00
6.971259117126464844e-01
-3.851544618606567383e+00
2.464241743087768555e+00
-3.819370865821838379e-01
-1.243326663970947266e+00
4.132601916790008545e-01
8.470448665320873260e-03
4.093993902206420898e-01
-7.035884261131286621e-01
5.215536952018737793e-01
-3.157198131084442139e-01
-2.257829666137695312e+00
1.069692373275756836e+00
-5.573956295847892761e-02
