5.863878726959228516e-01
6.715499162673950195e-01
-3.694845596328377724e-03
7.259042859077453613e-01
-6.140807867050170898e-01
2.125248670578002930e+00
-1.047152876853942871e+00
4.747373983263969421e-02
6.534992456436157227e-01
-1.291676640510559082e+00
7.927634716033935547e-01
-4.847038388252258301e-01
5.014373064041137695e-01
-1.228473410010337830e-01
3.313128948211669922e-01
1.689696550369262695e+00
-2.264758348464965820e+00
-9.539612531661987305e-01
-3.075658082962036133e-01
-8.734449148178100586e-01
-3.483864665031433105e-01
1.146260619163513184e+00
1.047513365745544434e+00
-9.461520314216613770e-01
-6.443883180618286133e-01
-6.285936236381530762e-01
7.564320564270019531e-01
-8.995367288589477539e-01
-9.717925190925598145e-01
5.788539648056030273e-01
-5.306132435798645020e-01
-1.081696033477783203e+00
1.965407580137252808e-01
-6.724607348442077637e-01
-6.225280761718750000e-01
1.808137446641921997e-01
5.329958200454711914e-01
-8.233304619789123535e-01
-2.394484758377075195e+00
4.973455071449279785e-01
9.514237195253372192e-02
1.300309658050537109e+00
1.377108335494995117e+00
1.299050092697143555e+00
1.187766671180725098e+00
-4.860256910324096680e-01
-1.809423089027404785e+00
-1.083754062652587891e+00
1.843532681465148926e+00
6.830887198448181152e-01
-1.234788656234741211e+00
2.279771864414215088e-01
2.590829432010650635e-01
-2.264625072479248047e+00
7.747075706720352173e-02
9.702103734016418457e-01
-2.042032241821289062e+00
3.370986700057983398e+00
2.008522748947143555e+00
1.085875153541564941e+00
-2.604895353317260742e+00
-4.365511238574981689e-01
-4.707583785057067871e-01
2.789223194122314453e-01
-1.184038639068603516e+00
-1.291818857192993164e+00
-1.302977085113525391e+00
2.108587265014648438e+00
-3.103757798671722412e-01
-1.930548071861267090e+00
1.957204788923263550e-01
7.047484517097473145e-01
-8.187090754508972168e-01
1.693849682807922363e+00
8.001205325126647949e-01
-1.973764419555664062e+00
-1.117657721042633057e-01
-1.001317024230957031e+00
4.783525466918945312e-01
-4.586693346500396729e-01
1.992047548294067383e+00
-9.608818888664245605e-01
-4.916078746318817139e-01
1.295290470123291016e+00
3.593694865703582764e-01
1.366821646690368652e+00
8.510992527008056641e-01
3.723753988742828369e-01
-1.570640563964843750e+00
8.728929758071899414e-01
1.700599431991577148e+00
-2.804858684539794922e+00
1.622170805931091309e+00
1.993741989135742188e+00
9.963328838348388672e-01
8.520480394363403320e-01
3.030179627239704132e-02
2.017599046230316162e-01
-8.991722464561462402e-01
9.433282017707824707e-01
-8.235926628112792969e-01
-2.415245473384857178e-01
-4.752752482891082764e-01
1.166374564170837402e+00
-2.733339965343475342e-01
-1.493018746376037598e+00
-1.717034697532653809e+00
-6.638576090335845947e-02
2.730329751968383789e+00
-2.062785327434539795e-01
3.274185955524444580e-01
1.912215828895568848e+00
-1.607523679733276367e+00
-5.183559656143188477e-01
-1.995234131813049316e+00
-1.908199310302734375e+00
3.398476839065551758e-01
1.799165904521942139e-01
-5.680370926856994629e-01
9.507693350315093994e-02
-2.977383136749267578e-01
-6.260284185409545898e-01
-4.609209001064300537e-01
-8.720582723617553711e-01
-6.642946600914001465e-01
1.565762758255004883e+00
7.364059686660766602e-01
1.149822115898132324e+00
