2.349286973476409912e-01
-9.379832744598388672e-01
1.040368556976318359e+00
1.398659199476242065e-01
-1.972018778324127197e-01
5.070327781140804291e-03
-3.029039502143859863e-01
2.971420884132385254e-01
2.186157107353210449e-01
-2.719671726226806641e-01
6.125312447547912598e-01
1.487871557474136353e-01
-1.544852107763290405e-01
-1.253187749534845352e-02
1.387156367301940918e+00
-8.184257745742797852e-01
-9.195630997419357300e-02
-6.897710561752319336e-01
-2.189133167266845703e+00
2.505608558654785156e+00
2.365021109580993652e-01
-4.187345504760742188e-02
4.832439124584197998e-01
-3.322697877883911133e-01
-3.460187613964080811e-01
-9.362270236015319824e-01
1.000279188156127930e+00
-1.249294996261596680e+00
4.661786556243896484e-01
-3.488177657127380371e-01
1.003571033477783203e+00
-1.570037961006164551e+00
-8.847674727439880371e-01
-1.499453783035278320e+00
-9.197371602058410645e-01
2.264414876699447632e-01
-9.258773326873779297e-01
2.867070436477661133e-01
-2.062203168869018555e+00
1.414226144552230835e-01
-1.614844918251037598e+00
1.224839240312576294e-01
1.698565006256103516e+00
1.222280502319335938e+00
-4.441570937633514404e-01
1.452183246612548828e+00
4.892776310443878174e-01
1.974189877510070801e+00
-1.525317668914794922e+00
-2.371446043252944946e-01
-1.153501033782958984e+00
-2.849282979965209961e+00
6.153239011764526367e-01
7.867041826248168945e-01
4.759534001350402832e-01
-2.195390462875366211e+00
-1.384417414665222168e+00
1.594793319702148438e+00
-5.363952517509460449e-01
-2.322755008935928345e-01
-1.709412038326263428e-01
4.804678857326507568e-01
1.242657661437988281e+00
1.707511901855468750e+00
9.600514173507690430e-01
-6.243607401847839355e-01
3.378911614418029785e-01
-1.635397791862487793e+00
6.450164318084716797e-01
-7.845218777656555176e-01
3.660584092140197754e-01
1.702144145965576172e-01
1.457396268844604492e+00
-3.992410749197006226e-02
1.868537187576293945e+00
-5.265876650810241699e-01
7.388529777526855469e-01
-5.697185397148132324e-01
5.410840511322021484e-01
-1.809988021850585938e+00
-5.363785028457641602e-01
-2.257883101701736450e-01
-8.030103892087936401e-02
1.418174505233764648e+00
1.265909433364868164e+00
-2.454305648803710938e+00
-3.024152517318725586e-01
-6.019042134284973145e-01
-2.289406508207321167e-01
3.096843361854553223e-01
1.749522805213928223e+00
-9.050609469413757324e-01
-2.819104909896850586e+00
1.101863503456115723e+00
6.929656267166137695e-01
5.846583843231201172e-01
9.061619639396667480e-01
1.651130795478820801e+00
1.978470981121063232e-01
-3.346756100654602051e-01
-1.740508079528808594e+00
5.166903734207153320e-01
5.196556448936462402e-01
9.600363373756408691e-01
1.492708921432495117e+00
1.159293293952941895e+00
-1.477080106735229492e+00
-2.999134361743927002e-02
7.955746650695800781e-01
2.161055952310562134e-01
9.839559793472290039e-01
2.799584865570068359e-01
6.091211438179016113e-01
-5.424602627754211426e-01
2.460257291793823242e+00
-1.810388445854187012e+00
1.214017510414123535e+00
1.848666191101074219e+00
5.099586248397827148e-01
-1.247765421867370605e+00
-2.254640817642211914e+00
1.870011091232299805e+00
5.818881466984748840e-02
-1.153104066848754883e+00
-1.639061927795410156e+00
-1.708406686782836914e+00
1.097601056098937988e-01
-5.732722878456115723e-01
