-1.378023743629455566e+00
3.371875882148742676e-01
1.613243818283081055e+00
9.390767812728881836e-01
1.246843814849853516e+00
-1.050061345100402832e+00
-8.189330101013183594e-01
1.819369077682495117e+00
-1.507618725299835205e-01
-1.703891038894653320e+00
1.163686752319335938e+00
1.099085658788681030e-01
-6.492484211921691895e-01
6.928201913833618164e-01
8.738722205162048340e-01
1.797728538513183594e-01
1.483091413974761963e-01
7.015548348426818848e-01
-5.601631850004196167e-02
1.563869714736938477e+00
-1.440059900283813477e+00
9.323129057884216309e-01
4.592808708548545837e-02
8.836401104927062988e-01
-2.083257436752319336e+00
-1.598114371299743652e+00
-3.574950695037841797e-01
2.149541139602661133e+00
-1.177437782287597656e+00
1.408699512481689453e+00
-1.689104557037353516e+00
-3.536525666713714600e-01
5.377673730254173279e-02
1.210283398628234863e+00
-2.739464759826660156e+00
1.087500333786010742e+00
-8.748607635498046875e-01
-1.996423006057739258e+00
-3.972222506999969482e-01
2.016460523009300232e-02
-1.593048810958862305e+00
-1.367809530347585678e-02
1.551772475242614746e+00
9.946935772895812988e-01
-8.576745390892028809e-01
2.337611913681030273e+00
-1.620200753211975098e+00
-7.508221268653869629e-01
3.218910694122314453e+00
-8.056368827819824219e-01
-1.217746973037719727e+00
-1.300114274024963379e+00
9.157872200012207031e-02
5.732854083180427551e-02
7.726131081581115723e-01
1.562116742134094238e+00
8.266583085060119629e-01
2.251135110855102539e+00
1.377763897180557251e-01
8.675425648689270020e-01
-3.483564257621765137e-01
7.609509229660034180e-01
-2.239711523056030273e+00
1.457712948322296143e-01
-1.049452662467956543e+00
7.998279929161071777e-01
-7.199451923370361328e-01
3.091448545455932617e-01
4.397093951702117920e-01
2.891198098659515381e-01
5.748895555734634399e-02
-2.672948360443115234e+00
-1.725352928042411804e-02
1.253974676132202148e+00
3.095120787620544434e-01
-7.052875757217407227e-01
-5.450156703591346741e-02
5.750028491020202637e-01
-6.998652219772338867e-01
2.828193083405494690e-02
1.744016408920288086e+00
-2.008778333663940430e+00
-1.141574859619140625e+00
-1.206128835678100586e+00
-1.963979005813598633e-01
-1.188337337225675583e-02
-1.392491579055786133e+00
-3.203622400760650635e-01
-1.815828800201416016e+00
-2.336560189723968506e-01
-1.294716596603393555e-01
-4.046370983123779297e-01
4.772253334522247314e-01
-6.180187314748764038e-02
6.375560164451599121e-01
-3.165596723556518555e-02
1.248632669448852539e+00
-1.779979467391967773e-01
-1.346009373664855957e+00
-5.832074284553527832e-01
3.373239040374755859e-01
-2.099426984786987305e-01
1.479652523994445801e+00
1.617461591958999634e-01
-2.573163509368896484e-01
1.487504959106445312e+00
2.241405963897705078e+00
-4.545632004737854004e-01
8.725625872611999512e-01
-2.470558166503906250e+00
-1.633305072784423828e+00
-1.516728758811950684e+00
5.749135613441467285e-01
-1.482566356658935547e+00
-1.250875294208526611e-01
-2.801691532135009766e+00
1.938521146774291992e+00
8.057982325553894043e-01
1.176854014396667480e+00
-7.816084623336791992e-01
7.283349335193634033e-02
2.173892408609390259e-01
-3.606332838535308838e-01
1.162524580955505371e+00
-7.593317627906799316e-01
1.420191526412963867e+00
-4.730940759181976318e-01
8.558081835508346558e-02
