-2.244645595550537109e+00
-1.746069192886352539e+00
4.228755831718444824e-01
1.180000007152557373e-01
6.635509729385375977e-01
2.197208581492304802e-03
1.148039579391479492e+00
-4.032472968101501465e-01
-2.046627283096313477e+00
1.164031028747558594e+00
1.076550960540771484e+00
-7.766374349594116211e-01
1.600036978721618652e+00
-7.907219976186752319e-02
-5.452985167503356934e-01
9.590021371841430664e-01
7.219808101654052734e-01
6.879025697708129883e-01
-1.591876506805419922e+00
1.952773094177246094e+00
-1.362576007843017578e+00
-8.363721966743469238e-01
7.609335184097290039e-01
1.580035090446472168e+00
-9.257311224937438965e-01
-5.022577643394470215e-01
2.869281219318509102e-03
-2.712053358554840088e-01
-7.218100428581237793e-01
1.519093275070190430e+00
-1.655234217643737793e+00
1.501716971397399902e+00
-5.898741483688354492e-01
4.199945032596588135e-01
-5.149192810058593750e-01
5.606603026390075684e-01
-7.539235353469848633e-01
-2.189744114875793457e-01
9.072853922843933105e-01
-2.719570994377136230e-01
3.302362263202667236e-01
-1.699695587158203125e+00
1.700790166854858398e+00
6.690404564142227173e-02
1.069966793060302734e+00
2.344009399414062500e+00
-8.230665922164916992e-01
6.602177023887634277e-01
-3.800538182258605957e-01
9.296080470085144043e-01
-5.417807698249816895e-01
-9.537351131439208984e-02
9.306420683860778809e-01
4.792420566082000732e-01
-5.218119621276855469e-01
-1.616407036781311035e+00
2.757401380222290754e-04
-1.818303316831588745e-01
-1.391884922981262207e+00
1.184940218925476074e+00
-8.278514146804809570e-01
7.357404232025146484e-01
1.860539555549621582e+00
1.999026387929916382e-01
9.638167917728424072e-02
1.258947730064392090e+00
-1.294604301452636719e+00
1.528818726539611816e+00
-7.740916609764099121e-01
4.653535410761833191e-02
9.593834877014160156e-01
-2.765908002853393555e+00
8.317797780036926270e-01
8.948727250099182129e-01
5.040835142135620117e-01
-6.216789484024047852e-01
7.385951876640319824e-01
-1.770388245582580566e+00
1.223632335662841797e+00
5.213880538940429688e-01
3.432087004184722900e-01
-2.889775037765502930e+00
-6.776743382215499878e-02
8.368039131164550781e-02
2.420204132795333862e-01
-6.547200679779052734e-01
5.186148285865783691e-01
-8.065705895423889160e-01
-4.511962831020355225e-01
1.383929014205932617e+00
-1.073597744107246399e-01
-1.651472687721252441e+00
-5.102604627609252930e-01
5.908206701278686523e-01
1.001508831977844238e+00
1.020120978355407715e+00
2.191683501005172729e-01
-8.063445091247558594e-01
-6.642008423805236816e-01
1.885748982429504395e+00
1.426589846611022949e+00
2.690591216087341309e-01
-8.132664561271667480e-01
1.431002616882324219e+00
-4.507051110267639160e-01
2.326572388410568237e-01
5.656443238258361816e-01
3.602586090564727783e-01
-2.844952344894409180e-01
4.390147924423217773e-01
5.041608214378356934e-01
7.967072725296020508e-01
-1.214879631996154785e+00
-6.839840412139892578e-01
-9.024014472961425781e-01
-2.232115030288696289e+00
1.985954046249389648e+00
8.248874545097351074e-01
-1.413818240165710449e+00
-1.560001611709594727e+00
-8.102462291717529297e-01
-1.710172176361083984e+00
9.293036460876464844e-01
-1.900111794471740723e+00
-1.488814592361450195e+00
2.406347543001174927e-01
-1.657006740570068359e+00
4.617840945720672607e-01
