1.561700582504272461e+00
9.467537999153137207e-01
3.359167138114571571e-03
-4.142028689384460449e-01
-7.315532565116882324e-01
9.845569133758544922e-01
7.634389400482177734e-01
-3.101342357695102692e-02
-3.434705138206481934e-01
-2.565821707248687744e-01
7.080063223838806152e-01
5.484281182289123535e-01
1.145026445388793945e+00
-1.737584233283996582e+00
-5.562651436775922775e-03
-2.364705324172973633e+00
-1.354078769683837891e+00
5.167414546012878418e-01
1.219359040260314941e+00
1.292665302753448486e-01
-1.058426380157470703e+00
-4.732204079627990723e-01
1.262589931488037109e+00
2.182483673095703125e+00
-1.002849712967872620e-01
6.559030711650848389e-02
-2.396105378866195679e-01
6.738601922988891602e-01
-1.165212750434875488e+00
5.244198441505432129e-01
-1.132833719253540039e+00
-3.492889642715454102e+00
-8.926965594291687012e-01
1.234284520149230957e+00
-1.193754792213439941e+00
1.047201156616210938e+00
-2.937178909778594971e-01
1.153541088104248047e+00
-1.125759601593017578e+00
2.020776033401489258e+00
9.066104292869567871e-01
-7.204731702804565430e-01
2.187687635421752930e+00
1.099493265151977539e+00
-1.064278483390808105e+00
2.923637628555297852e-01
-1.454390764236450195e+00
3.258231401443481445e+00
-8.896846324205398560e-03
-1.552385210990905762e+00
-1.161336541175842285e+00
-3.113396763801574707e-01
7.750068902969360352e-01
5.175375342369079590e-01
5.858891010284423828e-01
8.374572545289993286e-02
4.361484348773956299e-01
2.243482828140258789e+00
-1.249201178550720215e+00
9.372405409812927246e-01
7.467580437660217285e-01
-7.935234308242797852e-01
4.560930728912353516e-01
-8.533696532249450684e-01
-6.641421467065811157e-02
-2.221971988677978516e+00
1.803241729736328125e+00
1.707066059112548828e+00
1.006248831748962402e+00
-1.509386301040649414e-01
6.870234608650207520e-01
3.060250520706176758e+00
4.020776748657226562e-01
1.385741084814071655e-01
2.314894199371337891e-01
-1.825951218605041504e+00
-3.830516338348388672e-01
7.506807893514633179e-02
-2.178819477558135986e-01
-1.965327262878417969e+00
-2.614412069320678711e+00
-1.018317341804504395e+00
-5.633823871612548828e-01
-1.028931856155395508e+00
1.049799442291259766e+00
-7.787669301033020020e-01
-2.168396711349487305e+00
8.932076692581176758e-01
6.024697422981262207e-01
5.169340968132019043e-01
2.874636173248291016e+00
-1.999909400939941406e+00
8.270325660705566406e-01
2.101346105337142944e-01
1.004114151000976562e+00
-4.679724872112274170e-01
1.657456636428833008e+00
-9.337738156318664551e-01
-5.289500355720520020e-01
6.882818341255187988e-01
-1.678873062133789062e+00
6.308565735816955566e-01
-1.703523159027099609e+00
1.400662511587142944e-01
1.546416282653808594e+00
2.118375003337860107e-01
-7.709779590368270874e-02
8.948035836219787598e-01
1.815349936485290527e+00
3.996586501598358154e-01
-1.125978827476501465e+00
5.139881744980812073e-02
-1.548682332038879395e+00
-1.029437184333801270e+00
5.829909443855285645e-01
-1.183905124664306641e+00
8.960239887237548828e-01
-2.868145704269409180e+00
4.467600956559181213e-02
-2.195033878087997437e-01
1.173079848289489746e+00
-4.102814495563507080e-01
-6.286224722862243652e-02
-1.478260904550552368e-01
-5.044656395912170410e-01
-1.665367484092712402e-01
2.289744913578033447e-01
-2.607894182205200195e+00
