1.486220121383666992e+00
-4.966596066951751709e-01
1.221852302551269531e+00
-4.785668253898620605e-01
-6.212717890739440918e-01
2.398865461349487305e+00
8.766425251960754395e-01
1.594586253166198730e+00
-9.444507360458374023e-01
-4.136883258819580078e+00
-1.727295041084289551e+00
-6.180502176284790039e-01
-1.480538487434387207e+00
-4.570348560810089111e-01
-5.642930269241333008e-01
8.428836464881896973e-01
-1.966103613376617432e-01
2.194753140211105347e-01
-6.992953419685363770e-01
1.157722353935241699e+00
-1.038604881614446640e-02
1.501836925745010376e-01
1.431157708168029785e+00
1.826597213745117188e+00
-2.919591903686523438e+00
-1.348525881767272949e+00
9.940953254699707031e-01
-9.883551597595214844e-01
2.117536664009094238e-01
-7.225231528282165527e-01
3.434282541275024414e-02
-6.904892325401306152e-01
1.731417924165725708e-01
-9.049304127693176270e-01
1.385195732116699219e+00
9.257347583770751953e-01
-1.158789515495300293e+00
-1.399346292018890381e-01
7.156220674514770508e-01
-1.795011907815933228e-01
-1.562009811401367188e+00
3.009625673294067383e-01
1.503305077552795410e+00
1.926012158393859863e+00
2.177849769592285156e+00
9.461514651775360107e-02
-1.206054925918579102e+00
1.216662764549255371e+00
8.773908019065856934e-01
-1.809151291847229004e+00
-1.157067179679870605e+00
-6.944665908813476562e-01
-1.655220746994018555e+00
7.057589888572692871e-01
-1.318289041519165039e+00
1.162345647811889648e+00
3.499549329280853271e-01
2.192614793777465820e+00
1.140249729156494141e+00
2.068747282028198242e+00
7.478596568107604980e-01
1.333624601364135742e+00
1.912818312644958496e+00
1.331131458282470703e+00
1.390222430229187012e+00
-8.180303573608398438e-01
3.017465174198150635e-01
8.183122277259826660e-01
-9.485674500465393066e-01
1.271933168172836304e-01
-4.536915421485900879e-01
-1.295091271400451660e+00
-2.101948112249374390e-01
1.335713148117065430e+00
8.590187430381774902e-01
-1.042089104652404785e+00
2.471354961395263672e+00
-1.509773015975952148e+00
4.713289141654968262e-01
-9.172202944755554199e-01
-9.862682223320007324e-02
-4.813245832920074463e-01
-1.568538188934326172e+00
9.518422484397888184e-01
-7.461780309677124023e-01
-2.435203343629837036e-01
-9.708119034767150879e-01
-4.343013465404510498e-01
9.335483908653259277e-01
-5.738011002540588379e-01
-1.222010016441345215e+00
6.755349636077880859e-01
-3.495998978614807129e-01
9.595764279365539551e-01
1.905532240867614746e+00
-1.050766587257385254e+00
-5.788105130195617676e-01
-8.191460967063903809e-01
-1.875909328460693359e+00
-3.883541226387023926e-01
1.210663542151451111e-01
-2.375777244567871094e+00
-4.310896694660186768e-01
-8.678285479545593262e-01
1.721149325370788574e+00
-2.688648998737335205e-01
3.352922499179840088e-01
3.194822072982788086e-01
-3.436477780342102051e-01
-1.451218873262405396e-01
4.748823940753936768e-01
4.211079478263854980e-01
9.231437444686889648e-01
-5.505995750427246094e-01
-1.325527071952819824e+00
8.124830126762390137e-01
1.131938576698303223e+00
4.739308953285217285e-01
1.059377491474151611e-01
-4.618245959281921387e-01
-5.807527899742126465e-01
-6.472631096839904785e-01
1.328613400459289551e+00
-9.198334813117980957e-01
-1.208462476730346680e+00
-7.044623494148254395e-01
-9.648605585098266602e-01
-1.366264343261718750e+00
