-2.819058418273925781e+00
2.897737026214599609e-01
1.216298192739486694e-01
1.357316076755523682e-01
8.655730634927749634e-02
-6.034284234046936035e-01
6.338909864425659180e-01
5.107222795486450195e-01
1.110522150993347168e+00
5.026472210884094238e-01
-9.875737875699996948e-02
5.213549137115478516e-01
-1.796908020973205566e+00
1.280147671699523926e+00
-5.383324623107910156e-01
-1.562194973230361938e-01
7.842226624488830566e-01
9.000002145767211914e-01
-1.870991587638854980e+00
1.742319107055664062e+00
4.825161993503570557e-01
-1.057178020477294922e+00
2.557808876037597656e+00
-1.149318337440490723e+00
-3.696306943893432617e+00
1.602362394332885742e+00
1.202048778533935547e+00
1.635643005371093750e+00
2.676754474639892578e+00
-1.263196915388107300e-01
-7.616662383079528809e-01
-1.803886890411376953e+00
-1.012465834617614746e+00
8.116344809532165527e-01
-2.091557979583740234e+00
-9.908844232559204102e-01
4.485252499580383301e-01
-1.172424554824829102e+00
-8.186767101287841797e-01
-5.237010121345520020e-01
-2.034931778907775879e-01
-2.806650161743164062e+00
1.147198319435119629e+00
-2.885115742683410645e-01
4.124711751937866211e-01
-1.042830109596252441e+00
-6.147407889366149902e-01
-5.711452364921569824e-01
-2.119729816913604736e-01
2.641727685928344727e+00
4.624706804752349854e-01
-8.534141182899475098e-01
1.217190027236938477e+00
4.873671233654022217e-01
1.483259439468383789e+00
1.596118509769439697e-01
8.785906434059143066e-02
-2.233628034591674805e+00
2.797116935253143311e-01
1.171424865722656250e+00
-1.573777318000793457e+00
3.872482538223266602e+00
-2.036589860916137695e+00
1.188248872756958008e+00
-6.866652965545654297e-01
9.412355720996856689e-02
1.314566582441329956e-01
2.716609835624694824e-01
-1.933483242988586426e+00
4.715463519096374512e-02
1.996912717819213867e+00
3.019628822803497314e-01
2.417490780353546143e-01
4.821853041648864746e-01
-8.434721082448959351e-02
-6.000385880470275879e-01
-1.956819415092468262e+00
-1.634214282035827637e+00
-1.055848121643066406e+00
-1.467888593673706055e+00
1.947383642196655273e+00
-7.870834469795227051e-01
3.770583391189575195e+00
-2.255583703517913818e-01
1.661526083946228027e+00
-6.822253465652465820e-01
1.985553741455078125e+00
-1.125407338142395020e+00
-6.160152554512023926e-01
-8.183008432388305664e-01
-5.749243497848510742e-01
-8.336956501007080078e-01
2.005411386489868164e-01
-2.715365588665008545e-01
-1.046476587653160095e-01
-7.033541798591613770e-01
2.354882955551147461e-01
4.158800840377807617e-01
1.399634718894958496e+00
3.096447467803955078e+00
-6.865665316581726074e-01
1.106180906295776367e+00
-3.581058382987976074e-01
2.397937923669815063e-01
2.172537326812744141e+00
1.168943047523498535e+00
-1.528244018554687500e+00
-1.369339227676391602e+00
9.033209681510925293e-01
-5.117587447166442871e-01
-6.883266568183898926e-02
-2.321269065141677856e-01
-1.432637572288513184e+00
-3.483293950557708740e-01
-5.691310167312622070e-01
-8.085424900054931641e-01
-2.391152679920196533e-01
4.229522049427032471e-01
-2.705839835107326508e-02
-1.410794377326965332e+00
1.125009775161743164e+00
-3.765407204627990723e-01
1.792230963706970215e+00
-1.452610254287719727e+00
-2.102772742509841919e-01
-1.742013692855834961e+00
1.193673610687255859e+00
-7.302608489990234375e-01
