-6.885944008827209473e-01
1.072165817022323608e-01
-5.428379774093627930e-01
4.594199359416961670e-01
3.922305256128311157e-02
-2.553609013557434082e-01
-8.211100697517395020e-01
4.127438366413116455e-01
1.843961119651794434e+00
-1.118010997772216797e+00
2.840068936347961426e-01
4.968661069869995117e-01
-1.191559284925460815e-01
1.065539598464965820e+00
-4.934968948364257812e-01
-6.609883904457092285e-02
-4.522434622049331665e-02
1.722810983657836914e+00
5.331877470016479492e-01
2.362186610698699951e-01
1.355934977531433105e+00
-1.895441293716430664e+00
-1.722436994314193726e-01
1.557880878448486328e+00
-9.159868359565734863e-01
1.163101196289062500e+00
-8.412591218948364258e-01
-1.478498697280883789e+00
9.756019115447998047e-01
8.003086447715759277e-01
3.777487277984619141e-01
-8.706380724906921387e-01
-2.041573762893676758e+00
-6.014110445976257324e-01
-9.027482867240905762e-01
7.725433111190795898e-01
4.939522147178649902e-01
-3.542242348194122314e-01
-7.926673293113708496e-01
-1.114856243133544922e+00
1.550017237663269043e+00
1.415977120399475098e+00
1.743991971015930176e+00
-3.051268160343170166e-01
1.351124048233032227e+00
1.300153374671936035e+00
6.848156452178955078e-01
-1.157560706138610840e+00
1.272731870412826538e-01
2.447952747344970703e+00
4.474855661392211914e-01
-7.526243329048156738e-01
-3.874538838863372803e-01
-6.291960477828979492e-01
1.022197961807250977e+00
1.024460911750793457e+00
-1.956343352794647217e-01
-1.205857634544372559e+00
1.670491695404052734e-01
1.197298049926757812e+00
-1.850240707397460938e+00
7.049457728862762451e-02
-2.493267774581909180e+00
1.219940543174743652e+00
6.629698872566223145e-01
-1.441817760467529297e+00
-1.816908121109008789e+00
1.505095005035400391e+00
2.321144342422485352e+00
5.466635227203369141e-01
-3.277113437652587891e-01
1.004384160041809082e+00
-1.192117482423782349e-01
8.033689856529235840e-01
-1.931443452835083008e+00
5.781942605972290039e-01
4.332143068313598633e-01
1.390921950340270996e+00
-1.176504135131835938e+00
4.586171209812164307e-01
1.102552890777587891e+00
-1.712759494781494141e+00
1.063402652740478516e+00
3.436162471771240234e-01
2.579514384269714355e-01
7.313470244407653809e-01
8.234223723411560059e-01
-9.403944611549377441e-01
6.024857163429260254e-01
-1.620251178741455078e+00
-4.873327016830444336e-01
-1.727999567985534668e+00
-1.475381016731262207e+00
4.503816366195678711e-01
-2.442838668823242188e+00
4.624863862991333008e-01
4.382787644863128662e-01
7.556933164596557617e-01
-1.037439107894897461e+00
1.814968705177307129e+00
-1.323883235454559326e-01
3.111450970172882080e-01
2.981466054916381836e-01
1.107076048851013184e+00
2.958081066608428955e-01
1.191059827804565430e+00
2.684647440910339355e-01
9.582661986351013184e-01
2.133338451385498047e+00
-4.056996345520019531e+00
-3.916035413742065430e+00
-7.809138298034667969e-01
8.397923111915588379e-01
4.934559166431427002e-01
-8.859167695045471191e-01
2.940026223659515381e-01
2.168919086456298828e+00
-1.313370704650878906e+00
1.032202124595642090e+00
-1.034410834312438965e+00
-1.317119479179382324e+00
-6.851507425308227539e-01
-2.071035623550415039e+00
-7.177925705909729004e-01
-4.061079621315002441e-01
-1.111224412918090820e+00
-2.220772027969360352e+00
-8.757923841476440430e-01
