-1.121240735054016113e+00
4.847767949104309082e-01
8.677855134010314941e-01
-3.892370164394378662e-01
-4.257057011127471924e-01
6.201614737510681152e-01
6.574373245239257812e-01
-4.796890616416931152e-01
1.382862091064453125e+00
5.146562308073043823e-02
9.157918691635131836e-01
2.130524218082427979e-01
-2.512898147106170654e-01
-9.706308245658874512e-01
-1.017030477523803711e+00
2.628645002841949463e-01
6.763708591461181641e-01
2.051671266555786133e+00
-6.481342315673828125e-01
1.017092823982238770e+00
-7.709072232246398926e-01
5.619797706604003906e-01
9.736089706420898438e-01
6.793862581253051758e-02
-1.906472563743591309e+00
-5.994100570678710938e-01
-5.903597548604011536e-02
8.813148736953735352e-01
8.353900313377380371e-01
8.699362277984619141e-01
-7.080381512641906738e-01
-1.997626304626464844e+00
-5.376930832862854004e-01
-1.504665970802307129e+00
-2.039595842361450195e+00
1.307723164558410645e+00
-1.932678937911987305e+00
-1.266880750656127930e+00
-1.394463539123535156e+00
-1.427394598722457886e-01
-2.201479822397232056e-01
9.799399971961975098e-01
1.353299736976623535e+00
1.173806786537170410e+00
-1.814908266067504883e+00
-2.423303127288818359e-01
1.366094350814819336e+00
1.771598696708679199e+00
-1.004987001419067383e+00
-1.108576416969299316e+00
-1.267924427986145020e+00
-1.766931176185607910e+00
8.509576320648193359e-01
-3.849025070667266846e-01
1.800444573163986206e-01
-2.079830467700958252e-01
-1.773620724678039551e+00
-1.517415493726730347e-01
-2.341915607452392578e+00
2.889566421508789062e-01
-1.109390616416931152e+00
3.686162710189819336e+00
8.571939915418624878e-02
8.585436940193176270e-01
-9.725508093833923340e-01
-7.924280762672424316e-01
-1.521917819976806641e+00
1.905017256736755371e+00
3.296245336532592773e-01
-4.037884473800659180e-01
2.704482339322566986e-02
-4.216985404491424561e-01
1.934635281562805176e+00
8.339853286743164062e-01
3.533384203910827637e-01
-1.102923512458801270e+00
-7.339745014905929565e-02
1.242126584053039551e+00
-3.033440411090850830e-01
-1.290116786956787109e+00
1.726948857307434082e+00
1.775833964347839355e-01
9.734878540039062500e-01
9.336773157119750977e-01
1.992655992507934570e-01
6.447794288396835327e-02
-3.650403395295143127e-02
-1.140661597251892090e+00
7.721251845359802246e-01
1.911336481571197510e-01
3.129327893257141113e-01
4.997744858264923096e-01
-8.263244032859802246e-01
2.597427666187286377e-01
-7.529899477958679199e-01
1.712430357933044434e+00
2.409301698207855225e-01
-9.596932530403137207e-01
9.159473180770874023e-01
-7.118286490440368652e-01
-1.378697037696838379e+00
1.902927517890930176e+00
3.211398124694824219e-01
2.062090396881103516e+00
-2.659006714820861816e-01
-6.835694909095764160e-01
4.536620676517486572e-01
1.954614818096160889e-01
1.918777704238891602e+00
4.496328532695770264e-01
-2.654273033142089844e+00
2.503248676657676697e-02
9.906789064407348633e-01
1.389256119728088379e+00
-4.971571862697601318e-01
-9.769746065139770508e-01
2.566818952560424805e+00
1.557148694992065430e+00
-2.515580654144287109e+00
-3.527000248432159424e-01
-2.236607789993286133e+00
4.295115172863006592e-01
1.652739763259887695e+00
7.317541837692260742e-01
-9.270621538162231445e-01
-2.461066007614135742e+00
-1.836835265159606934e+00
-1.186160719953477383e-03
