-1.884853601455688477e+00
-2.845813274383544922e+00
1.435010075569152832e+00
1.905133724212646484e-01
-5.489725619554519653e-03
-5.804638862609863281e-01
1.921320319175720215e+00
1.950696349143981934e+00
6.000618338584899902e-01
-1.064530849456787109e+00
-6.584578156471252441e-01
1.271573066711425781e+00
2.318337261676788330e-01
-8.546875119209289551e-01
-2.221958041191101074e-01
2.517679631710052490e-01
7.108500003814697266e-01
8.644050955772399902e-01
1.811956167221069336e+00
1.715982675552368164e+00
-1.731664538383483887e+00
-2.373590230941772461e+00
6.249998211860656738e-01
1.302241325378417969e+00
-4.520226001739501953e+00
7.067185044288635254e-01
1.560060143470764160e+00
-1.998637795448303223e+00
-6.896198987960815430e-01
3.921281099319458008e-01
1.214812159538269043e+00
6.456190943717956543e-01
-6.996938586235046387e-02
2.661670744419097900e-01
-1.360926389694213867e+00
2.043550968170166016e+00
2.093038558959960938e-01
-7.002061009407043457e-01
-3.156458437442779541e-01
-6.567271351814270020e-01
-1.147282600402832031e+00
-2.251535803079605103e-01
1.295255780220031738e+00
3.452118635177612305e-01
-3.374066948890686035e-01
5.615419745445251465e-01
-1.481563448905944824e+00
7.339224219322204590e-01
1.032260537147521973e+00
3.676975071430206299e-01
1.111076235771179199e+00
-2.195695161819458008e+00
-2.111375927925109863e-01
-8.209593892097473145e-01
-4.306524097919464111e-01
-3.515207767486572266e-01
6.990834474563598633e-01
1.924083977937698364e-01
9.393053054809570312e-01
3.407749235630035400e-01
-1.148549556732177734e+00
1.005087420344352722e-01
-8.144633173942565918e-01
-2.199374735355377197e-01
3.552403151988983154e-01
1.389167785644531250e+00
-3.092082142829895020e-01
2.536197900772094727e-01
-2.726389467716217041e-01
-2.912472188472747803e-01
-5.182330608367919922e-01
-1.016851902008056641e+00
2.231481313705444336e+00
2.003856450319290161e-01
-2.320828676223754883e+00
-9.763410091400146484e-01
-8.013420701026916504e-01
5.886973738670349121e-01
1.071225166320800781e+00
-1.434183001518249512e+00
5.875622630119323730e-01
-2.209592103958129883e+00
1.320347547531127930e+00
1.692563772201538086e+00
-1.888717293739318848e+00
7.374371290206909180e-01
-3.690184056758880615e-01
-1.424890458583831787e-01
1.400103449821472168e+00
8.815347552299499512e-01
-9.638115167617797852e-01
-8.086844086647033691e-01
-6.902254819869995117e-01
3.080518245697021484e-01
6.434386372566223145e-01
8.199055194854736328e-01
7.261612266302108765e-02
1.822126984596252441e+00
6.428580880165100098e-01
1.403368353843688965e+00
-4.108899533748626709e-01
-6.451314687728881836e-01
1.468823432922363281e+00
1.060525327920913696e-01
6.464242339134216309e-01
7.509269118309020996e-01
-1.689915895462036133e+00
-2.977055907249450684e-01
3.422079086303710938e-01
-4.601782560348510742e-01
-6.302429437637329102e-01
1.841645985841751099e-01
7.933401465415954590e-01
6.608490943908691406e-01
-9.861590266227722168e-01
-1.240884065628051758e+00
5.567521974444389343e-02
-1.278842926025390625e+00
9.599127620458602905e-02
6.314823031425476074e-01
3.640381693840026855e-01
-1.900582313537597656e-01
1.559562563896179199e+00
-9.315767884254455566e-01
-1.028503894805908203e+00
-3.201041698455810547e+00
4.880344569683074951e-01
-7.632427383214235306e-03
