1.345919966697692871e-01
-8.330148458480834961e-02
-9.917425513267517090e-01
-2.825691699981689453e+00
4.990958571434020996e-01
1.465308070182800293e-01
2.447536885738372803e-01
2.814489841461181641e+00
4.675169587135314941e-01
-6.584266424179077148e-01
1.142522335052490234e+00
1.376628875732421875e+00
1.257782220840454102e+00
8.304169774055480957e-01
2.981434464454650879e-01
1.829483628273010254e+00
-9.635365605354309082e-01
9.931724071502685547e-01
-9.928361773490905762e-01
5.961028933525085449e-01
-3.464053273200988770e-01
-5.963739752769470215e-01
-2.166450262069702148e+00
5.800926685333251953e-01
-2.768405914306640625e+00
1.898164153099060059e+00
-2.766548693180084229e-01
-7.628082633018493652e-01
1.717804670333862305e+00
1.443501949310302734e+00
-3.935293555259704590e-01
-3.692223787307739258e+00
-1.241675496101379395e+00
-1.014342159032821655e-01
3.503369390964508057e-01
1.750791788101196289e+00
1.145937919616699219e+00
-1.468963861465454102e+00
-6.797650456428527832e-01
-2.260501861572265625e+00
-4.228941351175308228e-02
4.089666008949279785e-01
1.349903106689453125e+00
4.926790297031402588e-01
-7.157298922538757324e-01
9.919707179069519043e-01
9.647502899169921875e-01
1.683743357658386230e+00
1.240340828895568848e+00
-1.984641194343566895e+00
-4.682224690914154053e-01
-6.474130153656005859e-01
-1.120438948273658752e-01
2.565563023090362549e-01
1.696828126907348633e+00
7.992982119321823120e-02
7.148554921150207520e-01
-1.236204385757446289e+00
-1.860551357269287109e+00
-6.674759984016418457e-01
-6.341047883033752441e-01
1.999738574028015137e+00
-1.343678832054138184e+00
-5.760480463504791260e-02
2.139701843261718750e+00
-1.115469932556152344e+00
1.199103116989135742e+00
7.182228565216064453e-01
-1.922445416450500488e+00
2.168363183736801147e-01
-2.503173649311065674e-01
6.038740277290344238e-02
1.584579229354858398e+00
-6.285790801048278809e-01
-1.735001802444458008e-01
-8.159980177879333496e-02
-7.480115443468093872e-02
6.728702783584594727e-01
8.829354047775268555e-01
-2.538159370422363281e+00
-2.573673009872436523e+00
-1.024151325225830078e+00
3.395259976387023926e-01
-7.057130336761474609e-01
1.526936769485473633e+00
-1.493748873472213745e-01
2.539733350276947021e-01
-4.003195762634277344e-01
-1.450380533933639526e-01
1.318194746971130371e+00
3.710932433605194092e-01
-1.332313776016235352e+00
-3.364192247390747070e-01
1.285081505775451660e+00
-1.114732861518859863e+00
2.125066518783569336e+00
9.556487798690795898e-01
-3.914002776145935059e-01
5.626546740531921387e-01
1.074729204177856445e+00
6.078698039054870605e-01
-7.493414282798767090e-01
-4.171025753021240234e-01
1.447273045778274536e-01
1.837108135223388672e+00
-7.282438874244689941e-01
-1.395728349685668945e+00
-5.941279530525207520e-01
2.164695024490356445e+00
1.038631916046142578e+00
-1.345337927341461182e-01
1.320946216583251953e+00
1.193949766457080841e-02
-9.447887539863586426e-01
9.738901853561401367e-01
-3.308300375938415527e-01
3.423566818237304688e-01
-2.449603006243705750e-02
-3.490041732788085938e+00
1.231429934501647949e+00
-2.868420481681823730e-01
-1.585675358772277832e+00
1.008986473083496094e+00
-7.618883252143859863e-01
-3.075993657112121582e-01
-1.777827620506286621e+00
1.924376130104064941e+00
-1.253268122673034668e+00
