-1.650782823562622070e+00
-1.846683584153652191e-02
-1.872073560953140259e-01
-1.071734189987182617e+00
-4.942068159580230713e-01
2.783819198608398438e+00
2.356904745101928711e-02
5.963718295097351074e-01
-8.368756175041198730e-01
-1.096633911132812500e+00
-1.318901419639587402e+00
-1.045060873031616211e+00
-1.622793197631835938e+00
-1.452642679214477539e+00
9.941102266311645508e-01
-1.861724734306335449e+00
1.758438944816589355e-01
4.649422764778137207e-01
1.708341240882873535e-01
1.024434566497802734e+00
-6.217013597488403320e-01
-1.458612233400344849e-01
-1.784671470522880554e-02
1.694204092025756836e+00
-1.533405184745788574e+00
9.759089946746826172e-01
-2.861802875995635986e-01
-4.006316959857940674e-01
1.149840116500854492e+00
1.109565496444702148e+00
4.540330171585083008e-01
2.588604211807250977e+00
4.512549638748168945e-01
-1.939879208803176880e-01
-1.498506665229797363e-01
5.950981974601745605e-01
1.477348089218139648e+00
4.858197867870330811e-01
6.073633432388305664e-01
-3.020143508911132812e-01
2.404295444488525391e+00
3.661075606942176819e-02
2.509362936019897461e+00
5.118889212608337402e-01
-3.105164468288421631e-01
-1.631576180458068848e+00
-4.106460809707641602e-01
-7.738132476806640625e-01
2.778246104717254639e-01
-2.115880727767944336e+00
-3.069291710853576660e-01
-7.870242595672607422e-01
-1.330701112747192383e+00
8.431826233863830566e-01
-6.875458955764770508e-01
2.759432792663574219e+00
2.357061505317687988e-01
8.421289324760437012e-01
-9.431960433721542358e-02
1.436791568994522095e-01
-4.127831459045410156e-01
-6.612461209297180176e-01
1.443015784025192261e-01
6.193370223045349121e-01
-6.754065155982971191e-01
-3.191100835800170898e+00
1.016460299491882324e+00
-4.630133211612701416e-01
8.627513051033020020e-01
-1.632056534290313721e-01
3.726147115230560303e-01
9.916249513626098633e-01
7.743691205978393555e-01
6.821358203887939453e-01
-4.685327112674713135e-01
-2.009733200073242188e+00
-8.069043159484863281e-01
-1.939487099647521973e+00
-2.143232822418212891e+00
-6.253400444984436035e-01
-3.962732255458831787e-01
-1.418065667152404785e+00
1.117735385894775391e+00
-2.923603057861328125e-01
1.843791007995605469e+00
-8.522612452507019043e-01
-8.546633720397949219e-01
-3.926463425159454346e-01
-1.238197922706604004e+00
7.527821660041809082e-01
5.784308314323425293e-01
-1.053255438804626465e+00
-1.517495870590209961e+00
-8.460960388183593750e-01
1.077053308486938477e+00
-1.442705392837524414e-01
-2.549893856048583984e-01
3.857423961162567139e-01
7.696351408958435059e-01
1.032680869102478027e+00
-2.657961368560791016e+00
1.340922992676496506e-02
-5.248212218284606934e-01
1.418423891067504883e+00
-2.057337999343872070e+00
2.016161531209945679e-01
-1.165284514427185059e-01
-1.129551768302917480e+00
1.288604974746704102e+00
-7.684807181358337402e-01
7.824323177337646484e-01
-1.148895397782325745e-01
9.096550941467285156e-01
1.152842760086059570e+00
2.713651418685913086e+00
1.129929542541503906e+00
-6.377165317535400391e-01
-6.555542945861816406e-01
9.623398631811141968e-02
3.530583858489990234e+00
1.125345826148986816e+00
-1.928935885429382324e+00
-3.489234745502471924e-01
-7.004002928733825684e-01
-5.847123265266418457e-01
7.315176129341125488e-01
-4.595041573047637939e-01
-7.481386661529541016e-01
