8.124850988388061523e-01
-2.101129055023193359e+00
-4.303649663925170898e-01
4.389365315437316895e-01
6.093244552612304688e-01
1.703085422515869141e+00
-3.989963829517364502e-01
-5.050966739654541016e-01
5.188391208648681641e-01
-1.499633669853210449e+00
1.525611281394958496e+00
-1.440076112747192383e+00
-1.006583929061889648e+00
7.098361104726791382e-02
-8.513898849487304688e-01
5.129488706588745117e-01
-1.171930074691772461e+00
-1.919671416282653809e+00
-1.530378937721252441e+00
9.795451760292053223e-01
1.068769812583923340e+00
-7.508739829063415527e-01
2.822101414203643799e-01
1.864326000213623047e+00
-1.881727337837219238e+00
-2.110538631677627563e-01
-1.913356065750122070e+00
-2.997691333293914795e-01
-1.934355020523071289e+00
-5.816299915313720703e-01
-1.070268869400024414e+00
-2.110761255025863647e-01
-1.052954673767089844e+00
-6.228922009468078613e-01
-1.572647333145141602e+00
1.970512032508850098e+00
-2.427328348159790039e+00
8.620797991752624512e-01
9.485207796096801758e-01
9.472479224205017090e-01
8.739965558052062988e-01
-1.513493180274963379e+00
9.814555048942565918e-01
1.354520201683044434e+00
-2.552532255649566650e-01
-1.337262630462646484e+00
-1.428687930107116699e+00
-2.312981337308883667e-01
1.956194162368774414e+00
2.553692340850830078e+00
-9.336021728813648224e-03
-5.352443456649780273e-01
4.138829708099365234e-01
-5.176735296845436096e-02
6.906308531761169434e-01
1.543305397033691406e+00
6.363569498062133789e-01
-3.284593224525451660e-01
-5.093194246292114258e-01
2.295547008514404297e+00
-5.319787189364433289e-02
-8.563671708106994629e-01
1.397051453590393066e+00
-1.026152372360229492e+00
-3.159093558788299561e-01
1.230459094047546387e+00
4.034250378608703613e-01
4.204728901386260986e-01
5.216482877731323242e-01
9.020268917083740234e-01
-1.282656285911798477e-02
-2.739197492599487305e+00
-3.168455958366394043e-01
1.745572447776794434e+00
-5.221580266952514648e-01
9.587821364402770996e-01
2.116056203842163086e+00
8.637245893478393555e-01
5.207513570785522461e-01
-8.504859358072280884e-02
1.890946626663208008e+00
-6.316835284233093262e-01
-1.169252619147300720e-01
1.389484643936157227e+00
1.622051954269409180e+00
3.194000571966171265e-02
-9.505072832107543945e-01
-7.305887341499328613e-01
-1.598189711570739746e+00
-9.570040106773376465e-01
5.079010128974914551e-01
-7.157267928123474121e-01
7.917857170104980469e-01
8.387184739112854004e-01
1.640919327735900879e+00
-8.898335695266723633e-01
1.257247805595397949e+00
-1.407266139984130859e+00
7.125228047370910645e-01
-4.456089138984680176e-01
1.955591678619384766e+00
2.350440263748168945e+00
-2.483579635620117188e+00
4.203739464282989502e-01
7.044737935066223145e-01
8.462148308753967285e-01
3.631125986576080322e-01
-7.953744530677795410e-01
-6.617345809936523438e-01
-3.832454681396484375e-01
2.315535068511962891e+00
1.948105692863464355e+00
-6.870008707046508789e-01
-2.804392814636230469e+00
1.050452232360839844e+00
-3.113629579544067383e+00
-1.834307432174682617e+00
-5.597582459449768066e-01
-1.835274219512939453e+00
-6.548456549644470215e-01
-1.265622735023498535e+00
4.089031815528869629e-01
3.907925486564636230e-01
-7.409666776657104492e-01
1.346678137779235840e-01
1.631473600864410400e-01
-6.141213178634643555e-01
-7.407231926918029785e-01
