-1.554107308387756348e+00
-2.436455935239791870e-01
4.357641041278839111e-01
-4.702047631144523621e-02
-1.533726811408996582e+00
-4.324299097061157227e-01
-7.392246127128601074e-01
-1.300845146179199219e+00
1.321357011795043945e+00
-1.353761672973632812e+00
-8.427024483680725098e-01
1.150365591049194336e+00
1.166538596153259277e-01
-2.053747922182083130e-01
-5.874589085578918457e-01
2.851463258266448975e-01
-2.583933472633361816e-01
8.492722511291503906e-01
1.805203109979629517e-01
2.304558515548706055e+00
1.822319507598876953e+00
1.607259921729564667e-02
-2.610112130641937256e-01
1.266260147094726562e+00
1.360266327857971191e+00
1.569770462810993195e-02
-8.609625101089477539e-01
-8.722361922264099121e-01
-2.151940315961837769e-01
8.563307523727416992e-01
1.283020824193954468e-01
1.365068197250366211e+00
3.231232166290283203e-01
3.446554243564605713e-01
-1.198513984680175781e+00
2.002215385437011719e+00
-8.372217416763305664e-01
-2.451929003000259399e-01
6.584658622741699219e-01
-2.522316455841064453e+00
7.888739705085754395e-01
1.083851575851440430e+00
1.946052312850952148e+00
-8.862298130989074707e-01
-3.763709366321563721e-01
-1.932310223579406738e+00
3.351145423948764801e-04
-5.873780250549316406e-01
1.098159670829772949e+00
2.163004875183105469e+00
-9.860472083091735840e-01
-1.667776465415954590e+00
1.348616838455200195e+00
6.705217361450195312e-01
5.606631636619567871e-01
-2.470321804285049438e-01
-1.369076967239379883e+00
-7.946704626083374023e-01
3.257753252983093262e-01
3.163688182830810547e+00
-6.749659776687622070e-01
1.198547005653381348e+00
8.208972215652465820e-01
1.469194591045379639e-01
9.622501134872436523e-01
4.246842265129089355e-01
7.623931765556335449e-01
1.957347035408020020e+00
-8.753854036331176758e-02
-1.353509545326232910e+00
1.374772429466247559e+00
-6.089857313781976700e-03
-6.257395744323730469e-01
9.413329362869262695e-01
-1.260997295379638672e+00
-4.519296586513519287e-01
-1.728650569915771484e+00
-7.380887866020202637e-01
-1.631170392036437988e+00
6.880441308021545410e-01
1.738473296165466309e+00
-1.740802049636840820e+00
-6.317685246467590332e-01
-5.571870207786560059e-01
1.146061539649963379e+00
-1.708216190338134766e+00
1.302755951881408691e+00
1.542566776275634766e+00
-1.999990791082382202e-01
6.212790608406066895e-01
1.257774233818054199e-01
1.271255314350128174e-01
4.625775516033172607e-01
-1.228625416755676270e+00
-4.868695437908172607e-01
-1.408940434455871582e+00
-6.681396961212158203e-01
-1.012684106826782227e+00
-1.966593414545059204e-01
-1.730747818946838379e+00
1.887158036231994629e+00
2.012738943099975586e+00
-3.639782369136810303e-01
-1.453459620475769043e+00
9.861077070236206055e-01
4.388678669929504395e-01
-1.800644040107727051e+00
4.155195355415344238e-01
4.865395128726959229e-01
-1.097381472587585449e+00
1.869980573654174805e+00
7.811416387557983398e-01
-2.248335123062133789e+00
2.128805398941040039e+00
-6.467319130897521973e-01
-1.721334695816040039e+00
-1.382029503583908081e-01
-9.668931365013122559e-01
2.915245890617370605e-01
-1.486611604690551758e+00
-3.597709238529205322e-01
-6.599639058113098145e-01
-3.361864387989044189e-02
-1.080707788467407227e+00
-1.004787921905517578e+00
5.115838050842285156e-01
-1.489686131477355957e+00
4.023035168647766113e-01
