-1.251468539237976074e+00
-1.704988002777099609e+00
9.718719124794006348e-01
2.382973879575729370e-01
2.614888668060302734e+00
-8.117042183876037598e-01
1.355151891708374023e+00
1.264242529869079590e+00
1.174432039260864258e+00
-2.170656442642211914e+00
-2.284817457199096680e+00
-3.300787508487701416e-02
5.751171112060546875e-01
2.026389986276626587e-01
3.920242488384246826e-01
-6.455234438180923462e-02
-6.688144207000732422e-01
8.788698315620422363e-01
-9.689983129501342773e-01
8.154132366180419922e-01
-1.945041179656982422e+00
2.281634509563446045e-02
6.197281479835510254e-01
1.717972755432128906e+00
-3.366815745830535889e-01
5.124695897102355957e-01
1.480718731880187988e+00
-9.113650918006896973e-01
2.198416739702224731e-01
-7.235913872718811035e-01
-4.227162003517150879e-01
3.808937072753906250e-01
-7.474722862243652344e-01
1.207927912473678589e-01
2.332394421100616455e-01
2.033053398132324219e+00
-1.557959020137786865e-01
-1.352903604507446289e+00
2.804937660694122314e-01
-4.875663816928863525e-01
-3.466480076313018799e-01
-1.064513251185417175e-01
2.185396194458007812e+00
3.731733560562133789e-01
9.215771555900573730e-01
-3.126544952392578125e+00
-2.483788430690765381e-01
-8.423884958028793335e-02
9.078184366226196289e-01
2.336918592453002930e+00
7.728963494300842285e-01
-1.759283423423767090e+00
4.222165048122406006e-01
-8.738012909889221191e-01
-5.615120530128479004e-01
-2.169687002897262573e-01
-1.884383708238601685e-01
1.866197824478149414e+00
6.084496378898620605e-01
1.603295445442199707e+00
-6.824522614479064941e-01
-2.268195152282714844e+00
1.056499600410461426e+00
-9.899956583976745605e-01
1.347214460372924805e+00
7.182565331459045410e-01
1.481868505477905273e+00
1.335128247737884521e-01
-9.358012080192565918e-01
4.914106726646423340e-01
1.303285121917724609e+00
-1.362983882427215576e-01
-9.843096137046813965e-01
6.463425159454345703e-01
-2.816877365112304688e+00
-5.003194212913513184e-01
-1.292164564132690430e+00
-7.010324597358703613e-01
1.302709698677062988e+00
2.019783258438110352e-01
1.012210726737976074e+00
-6.315822005271911621e-01
-5.198391675949096680e-01
-1.018314242362976074e+00
5.305562615394592285e-01
-6.034945845603942871e-01
1.759062528610229492e+00
9.495880603790283203e-01
9.132064580917358398e-01
4.767566025257110596e-01
1.619535207748413086e+00
-1.343106925487518311e-01
1.013278886675834656e-01
-2.445965558290481567e-01
4.521316289901733398e-01
-7.135629653930664062e-01
-1.280995458364486694e-01
1.435442209243774414e+00
8.454684019088745117e-01
4.980838298797607422e-01
-1.408446431159973145e+00
1.164984703063964844e+00
-1.898198246955871582e+00
-1.669448614120483398e+00
-2.738469839096069336e-01
3.373434841632843018e-01
-4.484454393386840820e-01
-1.902685880661010742e+00
3.698814213275909424e-01
-3.029985666275024414e+00
1.470566749572753906e+00
-1.082493782043457031e+00
4.369637742638587952e-02
1.560387253761291504e+00
-1.013108611106872559e+00
-1.099026441574096680e+00
-1.747824996709823608e-01
-2.117231369018554688e+00
3.975959122180938721e-01
-1.467426180839538574e+00
3.876287341117858887e-01
8.436925411224365234e-01
-9.937357157468795776e-02
-1.238699555397033691e+00
-7.780722379684448242e-01
-1.156236052513122559e+00
-7.539224028587341309e-01
1.058081626892089844e+00
