3.363288044929504395e-01
1.197033405303955078e+00
-1.951417684555053711e+00
4.875193536281585693e-01
1.045210361480712891e+00
8.315663933753967285e-01
-1.216338157653808594e+00
-2.731788873672485352e+00
-1.139418005943298340e+00
7.778069972991943359e-01
-7.869431972503662109e-01
1.622254848480224609e+00
-3.416918218135833740e-01
8.167706131935119629e-01
-5.117437243461608887e-01
-1.315181732177734375e+00
-6.937761306762695312e-01
1.439666748046875000e-01
-1.011720657348632812e+00
-8.623416423797607422e-01
1.121720910072326660e+00
5.978892445564270020e-01
1.076936572790145874e-01
-2.828784286975860596e-01
3.110548555850982666e-01
-4.234704077243804932e-01
1.015698790550231934e+00
-1.063516259193420410e+00
-2.492590904235839844e+00
2.821136951446533203e+00
-6.398105025291442871e-01
1.018789291381835938e+00
7.648888230323791504e-01
-3.896982073783874512e-01
-4.212186634540557861e-01
7.698859572410583496e-01
5.795115828514099121e-01
-1.482098698616027832e+00
1.555217057466506958e-01
1.030083373188972473e-01
6.111752986907958984e-01
-1.149272173643112183e-01
9.764240980148315430e-01
4.398006200790405273e-01
-8.700032830238342285e-01
-8.969979882240295410e-01
-1.087722659111022949e+00
2.029659599065780640e-02
4.075026214122772217e-01
1.328150749206542969e+00
-1.527323961257934570e+00
1.821974366903305054e-01
1.699395775794982910e+00
7.575773000717163086e-01
1.022086620330810547e+00
-5.497559532523155212e-02
1.684564799070358276e-01
5.763472318649291992e-01
1.996931314468383789e+00
3.330480575561523438e+00
-1.229498267173767090e+00
1.791457529179751873e-03
1.510032653808593750e+00
-1.437837779521942139e-01
-1.910830378532409668e+00
-1.827187061309814453e+00
-3.005599379539489746e-01
8.743063807487487793e-01
1.400949001312255859e+00
1.233988165855407715e+00
2.790915966033935547e-01
-2.689726948738098145e-01
-1.718063205480575562e-01
1.018337726593017578e+00
1.761397838592529297e+00
4.944895505905151367e-01
6.469964385032653809e-01
-1.944195926189422607e-01
7.345818281173706055e-01
-9.150503873825073242e-01
7.071291804313659668e-01
-1.134844899177551270e+00
3.595032393932342529e-01
-8.552463054656982422e-01
7.039126157760620117e-01
1.433445453643798828e+00
-9.319544434547424316e-01
-5.654994770884513855e-02
-2.575898766517639160e-01
-1.250970840454101562e+00
1.872805655002593994e-01
-2.226434469223022461e+00
3.744189143180847168e-01
6.449236273765563965e-01
7.391392588615417480e-01
4.703469872474670410e-01
2.378257513046264648e-01
4.369447529315948486e-01
-9.640960097312927246e-01
1.400904536247253418e+00
-1.295242309570312500e+00
2.576246738433837891e+00
-1.607179880142211914e+00
-1.210470914840698242e+00
-1.303369998931884766e+00
-6.786352992057800293e-01
-1.107761263847351074e+00
3.339499607682228088e-02
-9.526939988136291504e-01
-3.207607269287109375e+00
-6.525282263755798340e-01
2.633548259735107422e+00
-1.558386802673339844e+00
-9.176362752914428711e-01
2.384117841720581055e+00
-1.681733727455139160e+00
1.053922176361083984e+00
-7.303332090377807617e-01
-8.939005136489868164e-01
-1.193718671798706055e+00
-1.618094205856323242e+00
9.029258787631988525e-02
1.589757323265075684e+00
1.308889865875244141e+00
-9.076136350631713867e-01
7.417744398117065430e-02
1.509791731834411621e+00
-1.785459995269775391e+00
