-2.276130199432373047e+00
-2.993170022964477539e-01
-8.604131340980529785e-01
2.092826366424560547e-01
3.407940566539764404e-01
-1.105080008506774902e+00
2.588200867176055908e-01
1.914211511611938477e+00
2.011910915374755859e+00
-7.098094224929809570e-01
-1.047898158431053162e-01
2.549146711826324463e-01
1.086958765983581543e+00
8.098379373550415039e-01
1.837310194969177246e+00
-2.780030071735382080e-01
6.633309721946716309e-01
9.912180304527282715e-01
3.097965419292449951e-01
5.124365091323852539e-01
2.445274829864501953e+00
-1.600159883499145508e+00
-3.373290300369262695e-01
1.275146484375000000e+00
-1.430978059768676758e+00
8.558707237243652344e-01
-6.630431413650512695e-01
-1.811051368713378906e+00
3.922393918037414551e-02
1.349988698959350586e+00
1.377185106277465820e+00
-1.131770849227905273e+00
-8.482807874679565430e-01
2.159699648618698120e-01
3.409568369388580322e-01
1.299040794372558594e+00
-1.014518141746520996e-01
-3.371538162231445312e+00
-3.704871237277984619e-02
-1.095270156860351562e+00
4.713067114353179932e-01
1.624830722808837891e+00
9.101407527923583984e-01
-6.033208370208740234e-01
2.275742530822753906e+00
1.527338027954101562e+00
-5.472729802131652832e-01
-2.274913787841796875e+00
6.439526677131652832e-01
1.585303306579589844e+00
-3.863258659839630127e-01
-4.813864529132843018e-01
8.436226844787597656e-01
1.428857803344726562e+00
1.144561171531677246e-01
5.158500075340270996e-01
1.589779973030090332e+00
-9.015063643455505371e-01
-2.570332288742065430e-01
-4.280806183815002441e-01
-1.127421021461486816e+00
7.989662885665893555e-01
-1.732743620872497559e+00
-4.299946501851081848e-02
-5.916448831558227539e-01
-8.507111072540283203e-01
-2.023999691009521484e+00
1.799964189529418945e+00
1.052705049514770508e+00
-7.320449501276016235e-02
6.580356955528259277e-01
2.984102070331573486e-01
4.414500594139099121e-01
3.564541041851043701e-01
-2.685496091842651367e+00
2.064570039510726929e-01
-7.516487836837768555e-01
-1.373031973838806152e+00
-5.421467423439025879e-01
-1.002983093261718750e+00
-4.847382307052612305e-01
-1.628766059875488281e+00
3.633215725421905518e-01
6.020035147666931152e-01
3.930307328701019287e-01
2.528412580490112305e+00
1.261139512062072754e-01
2.320836782455444336e-01
-8.201907873153686523e-01
-1.322413444519042969e+00
3.608351051807403564e-01
-1.596939682960510254e+00
-1.400555491447448730e+00
-4.180935323238372803e-01
-1.703632593154907227e+00
-6.422024369239807129e-01
3.254060745239257812e-01
1.776853084564208984e+00
-3.183309733867645264e-01
1.942814946174621582e+00
-1.389065265655517578e+00
3.100483119487762451e-01
1.252631306648254395e+00
1.873174905776977539e+00
6.887550950050354004e-01
9.422274827957153320e-01
-1.248372420668601990e-01
-7.145388722419738770e-01
1.963915944099426270e+00
-2.257321834564208984e+00
-1.442099928855895996e+00
-8.574697971343994141e-01
1.949028015136718750e+00
7.292110919952392578e-01
-7.683934569358825684e-01
3.679796159267425537e-01
2.530661582946777344e+00
9.686301946640014648e-01
3.507825732231140137e-01
-1.830012917518615723e+00
-1.117277983576059341e-02
1.414894461631774902e-01
-1.415591835975646973e+00
-2.211662054061889648e+00
-8.411057591438293457e-01
-2.038251161575317383e+00
-1.345481634140014648e+00
-7.554129511117935181e-02
