-9.670163989067077637e-01
-1.697864651679992676e+00
-1.000709056854248047e+00
-1.220076680183410645e-01
7.990609407424926758e-01
6.074968576431274414e-01
4.174461662769317627e-01
5.400390625000000000e-01
2.341722548007965088e-01
1.426056861877441406e+00
1.153644561767578125e+00
-8.118573427200317383e-01
-3.419407308101654053e-01
-8.682897686958312988e-01
-4.258464872837066650e-01
4.763867259025573730e-01
-2.222611159086227417e-01
9.764792919158935547e-01
3.583870232105255127e-01
-3.469485342502593994e-01
1.135658502578735352e+00
-9.748745560646057129e-01
7.367103695869445801e-01
6.895585656166076660e-01
-8.089802265167236328e-01
-1.710950970649719238e+00
-2.303303591907024384e-02
-8.437772095203399658e-02
1.767587304115295410e+00
2.814022600650787354e-01
-6.799213886260986328e-01
1.571633577346801758e+00
1.554174423217773438e-01
8.408600687980651855e-01
3.059428371489048004e-02
1.745612174272537231e-01
-1.137638926506042480e+00
-2.825358629226684570e+00
-7.729100584983825684e-01
9.583771824836730957e-01
1.215773344039916992e+00
-2.797930240631103516e-01
1.584803581237792969e+00
3.045409619808197021e-01
5.895397067070007324e-01
1.300661921501159668e+00
-1.261843085289001465e+00
1.506474256515502930e+00
-5.665282607078552246e-01
-3.886825442314147949e-01
-1.015147089958190918e+00
-1.823893785476684570e-01
9.281368851661682129e-01
-1.734959006309509277e+00
-4.189880788326263428e-01
-9.478859901428222656e-01
1.818548798561096191e+00
3.785669207572937012e-01
-3.932694792747497559e-01
1.887438416481018066e+00
-7.823151350021362305e-01
2.374765396118164062e+00
1.066651582717895508e+00
7.963992357254028320e-01
-3.585147261619567871e-01
-1.278123557567596436e-01
4.938903823494911194e-02
1.561387300491333008e+00
1.402793765068054199e+00
-2.407123148441314697e-01
8.208741545677185059e-01
-2.386405944824218750e+00
1.066692829132080078e+00
1.739235162734985352e+00
1.201714634895324707e+00
-1.560895681381225586e+00
6.791976094245910645e-01
4.584250748157501221e-01
-1.784437219612300396e-03
-2.642199993133544922e-01
-4.208143949508666992e-01
-1.781055331230163574e+00
1.357821226119995117e-01
-6.936269998550415039e-02
-1.335767865180969238e+00
-2.505043447017669678e-01
9.290952086448669434e-01
-2.122058868408203125e+00
-4.477793872356414795e-01
-1.517001390457153320e-01
1.476083636283874512e+00
1.724254965782165527e+00
-1.149855852127075195e+00
-4.796337783336639404e-01
4.482380151748657227e-01
8.588850498199462891e-01
-7.144182324409484863e-01
-1.824240207672119141e+00
-3.929865062236785889e-01
3.839547932147979736e-01
1.602949798107147217e-01
-1.080380678176879883e+00
6.035637259483337402e-01
1.841738581657409668e+00
1.125349998474121094e-01
1.174910426139831543e+00
2.346139699220657349e-01
2.792384028434753418e-01
-3.401907980442047119e-01
2.499314397573471069e-01
-8.187461495399475098e-01
2.041264772415161133e+00
-1.099516868591308594e+00
-4.844333231449127197e-01
6.228582859039306641e-01
-3.217351913452148438e+00
9.066114425659179688e-01
-9.710488319396972656e-01
-2.062937736511230469e+00
-7.475982904434204102e-01
-1.828106880187988281e+00
-9.507571458816528320e-01
1.583580017089843750e+00
-5.483146756887435913e-03
-1.352987408638000488e+00
-4.422017335891723633e-01
-2.174250841140747070e+00
4.903415441513061523e-01
