2.167917340993881226e-01
-5.796456933021545410e-01
-6.227827817201614380e-02
-5.065566897392272949e-01
-1.073256611824035645e+00
5.778662562370300293e-01
8.757899999618530273e-01
-4.581183493137359619e-01
1.923027783632278442e-01
-4.754595756530761719e-01
-1.659234642982482910e+00
-1.232917428016662598e+00
-1.067076697945594788e-01
-1.529380202293395996e+00
-2.007902264595031738e-01
-2.497040033340454102e+00
-2.569448351860046387e-01
-6.525176018476486206e-02
1.014752268791198730e+00
1.691402792930603027e+00
-5.222854614257812500e-01
2.777420282363891602e-01
8.889029026031494141e-01
1.766701698303222656e+00
-4.565372467041015625e-01
9.091197252273559570e-01
7.511644363403320312e-01
-6.230119466781616211e-01
-2.318255305290222168e-01
-7.809273600578308105e-01
1.192600131034851074e-01
-3.464135169982910156e+00
-7.347608208656311035e-01
1.768450736999511719e-01
5.257240533828735352e-01
1.372470736503601074e+00
4.008884131908416748e-01
9.190878868103027344e-01
-1.151525378227233887e+00
1.620680332183837891e+00
1.268532156944274902e+00
-8.304014205932617188e-01
2.225082874298095703e+00
-1.574532985687255859e-01
-2.461782991886138916e-01
-5.317305326461791992e-01
-2.672025859355926514e-01
2.604250192642211914e+00
5.875949263572692871e-01
-7.812016606330871582e-01
-8.737345337867736816e-01
-7.965483665466308594e-01
1.148080080747604370e-01
1.058858990669250488e+00
8.605250120162963867e-01
1.162595391273498535e+00
-1.393762677907943726e-01
1.336905717849731445e+00
-1.073631286621093750e+00
4.971067607402801514e-01
7.466461658477783203e-01
-2.023539304733276367e+00
-6.310938298702239990e-02
-8.093339204788208008e-01
-4.411531686782836914e-01
-5.477278232574462891e-01
2.666497707366943359e+00
1.047053575515747070e+00
-5.630126595497131348e-02
-6.608904004096984863e-01
5.978854894638061523e-01
2.425446510314941406e+00
3.184471726417541504e-01
-1.688845339231193066e-03
-1.303408622741699219e+00
-1.839942455291748047e+00
-1.813537478446960449e+00
7.273176312446594238e-01
-8.964369297027587891e-01
-2.230996608734130859e+00
-3.576071023941040039e+00
-4.564738571643829346e-01
4.202747344970703125e-01
-9.351074099540710449e-01
2.638718128204345703e+00
5.172953605651855469e-01
-1.421820759773254395e+00
1.147783041000366211e+00
-2.318355888128280640e-01
-4.154755175113677979e-02
2.569906473159790039e+00
-1.098840713500976562e+00
9.026337414979934692e-02
-5.075266361236572266e-01
1.077798366546630859e+00
-6.722148656845092773e-01
2.004799842834472656e+00
-3.860524594783782959e-01
7.673521041870117188e-01
2.018148660659790039e+00
-1.445592880249023438e+00
7.240057587623596191e-01
-1.595533132553100586e+00
5.537892580032348633e-01
1.574739933013916016e+00
3.682542145252227783e-01
-1.651480078697204590e+00
1.665396988391876221e-01
1.762538313865661621e+00
-1.390937566757202148e+00
1.713543534278869629e+00
-1.403308153152465820e+00
-2.760376036167144775e-01
1.045523285865783691e+00
-1.016762256622314453e+00
3.280754685401916504e-01
7.144557684659957886e-02
-2.415935039520263672e+00
1.226554155349731445e+00
7.837816476821899414e-01
2.333986520767211914e+00
-8.397895097732543945e-01
-4.947044849395751953e-01
-1.038098096847534180e+00
-4.288829267024993896e-01
-2.366848289966583252e-01
9.854380488395690918e-01
-2.508392333984375000e+00
