9.407585859298706055e-01
1.151091903448104858e-01
-7.188455462455749512e-01
-2.773487865924835205e-01
-7.974652051925659180e-01
2.231430053710937500e+00
9.232934117317199707e-01
1.609928250312805176e+00
-1.569117307662963867e+00
-5.214783549308776855e-01
1.719555705785751343e-01
5.671606659889221191e-01
4.784147441387176514e-01
-3.590138554573059082e-01
9.978672116994857788e-02
5.897297263145446777e-01
1.087966203689575195e+00
1.560716152191162109e+00
-1.612992167472839355e+00
-2.926159203052520752e-01
-1.913262367248535156e+00
7.548025846481323242e-01
-9.510096311569213867e-01
-6.498570442199707031e-01
-1.416898131370544434e+00
7.102199792861938477e-01
7.213310897350311279e-02
8.667080998420715332e-01
1.446833014488220215e+00
1.560846865177154541e-01
-1.233816504478454590e+00
-9.936777353286743164e-01
1.292303018271923065e-02
-1.399807929992675781e-01
-1.432561516761779785e+00
1.827453672885894775e-01
5.867926776409149170e-02
-9.839519113302230835e-02
-6.714243888854980469e-01
-1.232651770114898682e-01
9.926075935363769531e-01
1.112653851509094238e+00
1.577310562133789062e+00
3.985317349433898926e-01
6.580861806869506836e-01
2.280092537403106689e-01
2.176629006862640381e-01
1.792076587677001953e+00
1.690042734146118164e+00
1.815078616142272949e+00
-5.164089798927307129e-01
-6.036121249198913574e-01
-6.150351166725158691e-01
-6.501429080963134766e-01
1.236414551734924316e+00
-4.784277677536010742e-01
1.063844203948974609e+00
-7.440575957298278809e-01
-1.581896662712097168e+00
2.961893938481807709e-02
-5.748437047004699707e-01
9.796999096870422363e-01
-1.739981651306152344e+00
1.910614132881164551e+00
1.553691625595092773e+00
-1.840135574340820312e+00
-4.826917946338653564e-01
1.435995101928710938e+00
-6.460331678390502930e-01
4.402263760566711426e-01
-2.410324290394783020e-02
-2.341834068298339844e+00
1.525476932525634766e+00
9.297034740447998047e-01
-9.784324765205383301e-01
-2.310151815414428711e+00
-1.076127886772155762e-01
-2.489923089742660522e-01
1.006066083908081055e+00
-2.040828764438629150e-01
1.990177035331726074e-01
-2.567566633224487305e+00
1.437340140342712402e+00
-3.038971662521362305e+00
1.510658860206604004e+00
1.165392756462097168e+00
-6.673524379730224609e-01
1.364469408988952637e+00
-2.408285439014434814e-01
6.725117564201354980e-01
8.195992708206176758e-01
2.552813291549682617e-01
-1.500746011734008789e+00
-1.054802462458610535e-01
-1.802395105361938477e+00
2.259195327758789062e+00
6.483771204948425293e-01
-3.155167102813720703e+00
-8.873480372130870819e-03
8.469019532203674316e-01
-5.092548131942749023e-01
-1.628126144409179688e+00
-1.619496196508407593e-01
2.062475919723510742e+00
1.762618064880371094e+00
-1.590248584747314453e+00
3.507900536060333252e-01
-1.652820706367492676e+00
2.000162363052368164e+00
6.954315900802612305e-01
7.967244386672973633e-01
9.617961645126342773e-01
-1.079146385192871094e+00
8.685919046401977539e-01
-3.169074654579162598e-02
4.980981647968292236e-01
4.225328564643859863e-01
3.093762695789337158e-01
-1.307825088500976562e+00
-1.887271702289581299e-01
-2.641877889633178711e+00
-1.417458772659301758e+00
1.524055719375610352e+00
-4.815936386585235596e-01
-1.263036608695983887e+00
-1.338880777359008789e+00
-6.982042640447616577e-02
-1.854579299688339233e-01
