-2.761170864105224609e-01
-1.039933323860168457e+00
-8.063580840826034546e-02
5.762259960174560547e-01
-2.259290963411331177e-01
4.296335577964782715e-01
9.558299779891967773e-01
-1.210952639579772949e+00
-1.107881665229797363e+00
-8.571659922599792480e-01
1.180936813354492188e+00
4.337599277496337891e-01
7.810755819082260132e-02
-5.548828840255737305e-01
5.759255886077880859e-01
2.125226408243179321e-01
-3.630609810352325439e-01
-5.429026484489440918e-01
-6.121665835380554199e-01
3.903195559978485107e-01
-1.959232330322265625e+00
-6.068614497780799866e-02
-9.078809618949890137e-02
1.176569581031799316e+00
5.251680687069892883e-02
-1.470544457435607910e+00
1.499559879302978516e+00
4.600729942321777344e-01
8.854447305202484131e-02
6.001845002174377441e-01
-2.481933116912841797e+00
9.085503220558166504e-02
-1.225969269871711731e-01
-1.492147743701934814e-01
-1.794008493423461914e+00
-6.011416912078857422e-01
-6.273085474967956543e-01
-1.178728103637695312e+00
-2.353645324707031250e+00
-4.346759021282196045e-01
-6.482708454132080078e-02
9.561796486377716064e-02
1.684110760688781738e+00
2.328193426132202148e+00
2.052160024642944336e+00
1.436892986297607422e+00
2.791333496570587158e-01
-2.046579599380493164e+00
-2.327549457550048828e-01
1.668285369873046875e+00
-4.741160571575164795e-01
-2.629879236221313477e+00
1.794561386108398438e+00
7.452706694602966309e-01
6.182658672332763672e-01
1.388183593750000000e+00
-1.001011729240417480e-01
1.864559650421142578e+00
2.060109615325927734e+00
2.153419017791748047e+00
-5.057605504989624023e-01
6.358654499053955078e-01
-2.695365190505981445e+00
7.117441296577453613e-01
-5.871520042419433594e-01
2.171913236379623413e-01
-6.319240331649780273e-01
-4.354752972722053528e-02
9.368660449981689453e-01
-5.971227288246154785e-01
1.412456989288330078e+00
-1.128483533859252930e+00
2.878188848495483398e+00
1.366342663764953613e+00
-7.974058389663696289e-03
-1.529978960752487183e-01
-9.437478184700012207e-01
-1.084873914718627930e+00
-1.582610309123992920e-01
6.926456093788146973e-02
5.480277165770530701e-02
-6.017876267433166504e-01
-1.172331571578979492e+00
-5.328850746154785156e-01
1.104623526334762573e-01
-9.646623730659484863e-01
7.137366533279418945e-01
5.951058864593505859e-01
1.285884022712707520e+00
-3.374885916709899902e-01
8.670355677604675293e-01
8.314266800880432129e-01
-5.221111774444580078e-01
2.023908853530883789e+00
-2.714417278766632080e-01
1.115992665290832520e+00
-1.006521224975585938e+00
1.100270867347717285e+00
7.172334790229797363e-01
2.710540056228637695e+00
-6.819664239883422852e-01
1.055290997028350830e-01
-1.029157996177673340e+00
1.623132228851318359e-01
-9.979805350303649902e-01
7.257843613624572754e-01
-7.884329184889793396e-03
-1.186876535415649414e+00
8.585999011993408203e-01
-4.268300533294677734e-01
-1.704594612121582031e+00
8.541452884674072266e-01
-1.159341692924499512e+00
-7.173597812652587891e-01
9.437362551689147949e-01
-1.626519322395324707e+00
8.300816416740417480e-01
-1.094749331474304199e+00
-1.234024882316589355e+00
-2.952333927154541016e+00
-9.212972521781921387e-01
4.800310134887695312e-01
1.724479794502258301e+00
-2.146849393844604492e+00
-1.226764202117919922e+00
9.030060768127441406e-01
-5.138567090034484863e-01
7.937969565391540527e-01
