-7.290136814117431641e-01
-9.794656634330749512e-01
2.917751669883728027e-01
9.832946658134460449e-01
-4.880532920360565186e-01
9.508342146873474121e-01
4.923203289508819580e-01
1.695965886116027832e+00
-8.870148062705993652e-01
-8.118931651115417480e-01
-6.034658551216125488e-01
-2.327879667282104492e+00
-6.095027923583984375e-01
-8.527689427137374878e-02
3.349913656711578369e-01
-1.007744193077087402e+00
-1.886514201760292053e-02
-7.145081758499145508e-01
-1.806405663490295410e+00
1.123841166496276855e+00
-1.984509229660034180e-01
-2.111841917037963867e+00
-4.573943912982940674e-01
1.405242800712585449e+00
-2.885056018829345703e+00
1.278669953346252441e+00
1.546564221382141113e+00
-8.757226467132568359e-01
1.850270509719848633e+00
7.116045951843261719e-01
-1.124933838844299316e+00
-3.255850672721862793e-01
-1.061017990112304688e+00
-2.094992995262145996e-01
-8.322489857673645020e-01
9.424648284912109375e-01
6.648885607719421387e-01
-2.099880933761596680e+00
-1.765429496765136719e+00
-5.690000057220458984e-01
2.199409246444702148e+00
-4.751232266426086426e-01
8.930313587188720703e-01
3.782595694065093994e-01
1.366499662399291992e+00
1.172080516815185547e+00
6.042717099189758301e-01
1.657555580139160156e+00
1.593330264091491699e+00
8.398251533508300781e-01
5.963411331176757812e-01
-6.128787994384765625e-01
7.198070883750915527e-01
7.296139374375343323e-03
-1.293895840644836426e+00
2.988249361515045166e-01
1.498430967330932617e+00
-1.373672366142272949e+00
2.178587913513183594e+00
1.411305427551269531e+00
-3.447669029235839844e+00
3.447570323944091797e+00
-2.936780691146850586e+00
2.426361083984375000e+00
-6.682374477386474609e-01
-1.040815591812133789e+00
1.565692305564880371e+00
3.552294671535491943e-01
-6.779477596282958984e-01
1.081345602869987488e-02
-9.685148596763610840e-01
-2.844798326492309570e+00
2.540242910385131836e+00
4.246746301651000977e-01
1.238159775733947754e+00
3.246242403984069824e-01
-5.315354466438293457e-01
1.695460557937622070e+00
-4.827428460121154785e-01
-1.178540110588073730e+00
-2.559410035610198975e-01
-8.734948039054870605e-01
1.638743996620178223e+00
-8.014007806777954102e-01
8.828205466270446777e-01
-1.196636080741882324e+00
-1.079173207283020020e+00
-5.602096915245056152e-01
-3.514154255390167236e-01
6.482348442077636719e-01
-9.562476724386215210e-02
4.698922634124755859e-01
-1.767011523246765137e+00
-5.968760848045349121e-01
-1.669958047568798065e-02
1.936545222997665405e-01
4.165889620780944824e-01
2.461105436086654663e-01
-4.209513068199157715e-01
8.450667858123779297e-01
-5.249547958374023438e-01
-1.870383143424987793e+00
-1.903455972671508789e+00
1.177988290786743164e+00
1.714058041572570801e+00
1.938538312911987305e+00
-1.734242558479309082e+00
-1.086472794413566589e-01
-1.237031340599060059e+00
1.002444326877593994e-02
1.022896170616149902e+00
1.701581597328186035e+00
-3.632457554340362549e-01
2.559398673474788666e-02
-3.444294333457946777e-01
-1.751705646514892578e+00
-1.127444028854370117e+00
1.026399850845336914e+00
-6.271761059761047363e-01
2.807085514068603516e-01
1.740174174308776855e+00
8.905887007713317871e-01
7.638260722160339355e-01
-1.384603500366210938e+00
-6.543904542922973633e-01
1.162990331649780273e-01
-1.802165657281875610e-01
4.227757155895233154e-01
