2.023684024810791016e+00
1.893388330936431885e-01
7.753451466560363770e-01
-2.379994153976440430e+00
-1.199187397956848145e+00
4.058332145214080811e-01
1.859566926956176758e+00
1.897743821144104004e+00
-2.215566396713256836e+00
-9.835357666015625000e-01
2.042377233505249023e+00
2.173177242279052734e+00
3.171056032180786133e+00
-1.069178938865661621e+00
-2.707752399146556854e-02
-1.552153587341308594e+00
-5.557169914245605469e-01
1.123442769050598145e+00
-1.010652661323547363e+00
9.376835078001022339e-03
-3.023309111595153809e-01
-5.664620995521545410e-01
8.310033679008483887e-01
3.570750474929809570e+00
-8.004877567291259766e-01
2.516019642353057861e-01
-1.027513504028320312e+00
-1.269727706909179688e+00
-6.439767479896545410e-01
1.447495102882385254e+00
-1.331547260284423828e+00
-1.955813050270080566e+00
-3.482625484466552734e-01
-1.468865394592285156e+00
-1.216778159141540527e-01
1.537338614463806152e+00
-7.494323253631591797e-01
6.475587487220764160e-01
-6.135297417640686035e-01
-1.276684999465942383e+00
-1.079692319035530090e-01
-1.081453800201416016e+00
1.579801201820373535e+00
5.894202589988708496e-01
2.741962969303131104e-01
-1.184266731142997742e-01
-2.027818858623504639e-01
1.395947575569152832e+00
-2.778599560260772705e-01
-9.668054431676864624e-02
1.188445091247558594e+00
-1.969684809446334839e-01
1.093055725097656250e+00
1.151947736740112305e+00
3.049618378281593323e-02
-7.892091870307922363e-01
5.935006141662597656e-01
8.670787215232849121e-01
1.057462573051452637e+00
8.390952944755554199e-01
1.033925056457519531e+00
-3.826804161071777344e-01
5.779069662094116211e-01
-2.867430448532104492e-01
-9.888440370559692383e-01
-3.618392467498779297e+00
7.241337895393371582e-01
6.723183989524841309e-01
5.824921131134033203e-01
2.843644022941589355e-01
1.337927341461181641e+00
2.490096092224121094e+00
8.068271875381469727e-01
-5.235353708267211914e-01
-6.309170722961425781e-01
-1.108086943626403809e+00
-8.774736523628234863e-01
-7.742980122566223145e-01
-1.804024934768676758e+00
-8.558147549629211426e-01
-5.172792673110961914e-01
7.922786474227905273e-01
3.810741007328033447e-01
-7.195982336997985840e-01
2.240008115768432617e+00
-2.034426778554916382e-01
-8.636738061904907227e-01
1.009680032730102539e+00
-1.585212945938110352e+00
4.970504939556121826e-01
8.363865017890930176e-01
-2.298294305801391602e+00
2.112794965505599976e-01
2.281823903322219849e-01
1.160689115524291992e+00
-2.433403432369232178e-01
1.021446347236633301e+00
-1.178430199623107910e+00
-3.694916963577270508e-01
1.362634748220443726e-01
9.810637831687927246e-01
-2.903976142406463623e-01
-2.134154558181762695e+00
-9.148299098014831543e-01
6.023350358009338379e-01
2.893259823322296143e-01
2.880645096302032471e-01
7.915884256362915039e-01
9.234154224395751953e-01
-9.286739826202392578e-01
-1.451291561126708984e+00
-3.443527519702911377e-01
-1.937523126602172852e+00
-1.954387187957763672e+00
1.917286396026611328e+00
-1.029778122901916504e+00
4.192727208137512207e-01
-1.955651044845581055e+00
-2.373800516128540039e+00
-8.990074694156646729e-02
-7.954063266515731812e-02
-3.296512365341186523e-01
2.326822996139526367e+00
8.248097300529479980e-01
-6.390886902809143066e-01
-6.199723482131958008e-01
8.027731776237487793e-01
5.404867604374885559e-02
