-8.513227850198745728e-02
-1.077743053436279297e+00
1.283904075622558594e+00
-3.733664378523826599e-02
-1.376562237739562988e+00
4.325814917683601379e-02
-1.013164296746253967e-01
8.361139297485351562e-01
2.083194971084594727e+00
-1.334331750869750977e+00
2.165749073028564453e+00
-5.865727066993713379e-01
2.038740873336791992e+00
8.810905814170837402e-01
2.779401540756225586e-01
1.280253410339355469e+00
3.668473660945892334e-01
-6.463817954063415527e-01
-1.776065945625305176e+00
2.270519495010375977e+00
1.100570559501647949e+00
-2.371053695678710938e-01
1.396634697914123535e+00
5.023587346076965332e-01
-7.821295857429504395e-01
5.115324854850769043e-01
-5.830414295196533203e-01
2.413373738527297974e-01
-1.364733338356018066e+00
-3.962534666061401367e-01
4.151381254196166992e-01
-2.160846710205078125e+00
-1.441344380378723145e+00
4.581332504749298096e-01
6.964284926652908325e-02
5.403453707695007324e-01
-1.804229497909545898e+00
2.110485881567001343e-01
-7.872316837310791016e-01
-5.484082698822021484e-01
2.353682070970535278e-01
1.500425219535827637e+00
6.929762363433837891e-01
1.578387022018432617e+00
3.415681123733520508e-01
1.384688019752502441e+00
3.053885400295257568e-01
-1.169320344924926758e+00
8.870263695716857910e-01
-3.604935407638549805e-01
-1.425784081220626831e-01
-1.632521897554397583e-01
8.249086737632751465e-01
-5.309388041496276855e-01
1.225280091166496277e-01
-8.413511514663696289e-01
3.554758131504058838e-01
1.058951377868652344e+00
1.249592423439025879e+00
1.329719901084899902e+00
1.132955867797136307e-02
-8.286620974540710449e-01
-2.538878202438354492e+00
6.121158003807067871e-01
1.613054037094116211e+00
-1.085764169692993164e-01
7.744417190551757812e-01
-5.808504819869995117e-01
-2.878826558589935303e-01
4.697137475013732910e-01
-2.317080736160278320e+00
2.227475792169570923e-01
1.429352521896362305e+00
5.699260830879211426e-01
-3.762414157390594482e-01
-2.157972097396850586e+00
-7.568327784538269043e-01
-9.386541843414306641e-01
-1.294183492660522461e+00
-1.568334341049194336e+00
9.043868184089660645e-01
-1.252646803855895996e+00
-6.757210493087768555e-01
-1.367076396942138672e+00
3.440590143203735352e+00
-3.207265436649322510e-01
1.011596918106079102e+00
-1.399840474128723145e+00
1.975269764661788940e-01
2.360308617353439331e-01
1.896303296089172363e+00
-1.821879744529724121e+00
7.526295185089111328e-01
-7.636796236038208008e-01
-6.799174845218658447e-02
-1.820784449577331543e+00
1.075314640998840332e+00
1.489905238151550293e+00
-1.743010401725769043e+00
2.080112457275390625e+00
-2.831228733062744141e+00
2.903947830200195312e+00
1.566705554723739624e-01
-3.658014237880706787e-01
2.671117305755615234e+00
1.914202451705932617e+00
-3.924961388111114502e-01
-4.587151706218719482e-01
1.849640965461730957e+00
-1.137462377548217773e+00
-1.733585596084594727e+00
1.057745337486267090e+00
-2.278303653001785278e-01
-3.046416044235229492e+00
-8.445332050323486328e-01
-8.223596215248107910e-02
-8.334975242614746094e-01
-7.978619933128356934e-01
-1.499824643135070801e+00
-1.809673011302947998e-02
-2.950006008148193359e+00
-4.701819121837615967e-01
-3.999876976013183594e-01
-5.955597758293151855e-01
-1.134486347436904907e-01
-5.266497731208801270e-01
4.802387654781341553e-01
3.125273704528808594e+00
