1.259479165077209473e+00
-2.414589673280715942e-01
2.676931619644165039e-01
4.595682322978973389e-01
-1.903625577688217163e-01
4.211594164371490479e-01
1.002277612686157227e+00
1.169267058372497559e+00
-1.819675087928771973e+00
-6.267936825752258301e-01
6.008462905883789062e-01
-2.421665668487548828e+00
4.958994388580322266e-01
-1.856718778610229492e+00
2.794421315193176270e-01
2.641448378562927246e-01
4.132151603698730469e-01
1.037877917289733887e+00
7.535895705223083496e-01
9.555687308311462402e-01
-7.289369702339172363e-01
-5.297275781631469727e-01
4.104931950569152832e-01
1.657451510429382324e+00
-1.987695217132568359e+00
2.037437915802001953e+00
1.733605742454528809e+00
-1.690087080001831055e+00
-9.956057071685791016e-01
1.752200007438659668e+00
8.916941285133361816e-02
-1.411317437887191772e-01
-1.587082505226135254e+00
1.604838669300079346e-02
-4.423116147518157959e-01
3.489928245544433594e-01
-4.694701731204986572e-01
-1.008986115455627441e+00
6.887557506561279297e-01
1.277873039245605469e+00
1.117680072784423828e+00
1.421858429908752441e+00
9.823816418647766113e-01
-7.307258248329162598e-02
5.169880986213684082e-01
3.252147436141967773e-01
-2.002126872539520264e-01
1.849745988845825195e+00
8.728622794151306152e-01
1.277728229761123657e-01
7.742645740509033203e-01
-1.048273205757141113e+00
1.020026087760925293e+00
8.335795402526855469e-01
-2.901552915573120117e-01
-4.437547326087951660e-01
-6.333776116371154785e-01
2.300416231155395508e-01
-1.070048928260803223e+00
8.000956773757934570e-01
-9.279749989509582520e-01
1.787592172622680664e+00
1.719899535179138184e+00
6.823222041130065918e-01
-1.502011060714721680e+00
-4.526247978210449219e+00
6.089895367622375488e-01
2.094403743743896484e+00
-1.439230680465698242e+00
3.563114702701568604e-01
8.284232765436172485e-02
-8.844243288040161133e-01
-3.572098612785339355e-01
1.365847826004028320e+00
1.397952914237976074e+00
-3.529439926147460938e+00
-4.034643769264221191e-01
1.336247563362121582e+00
2.742455601692199707e-01
3.535807728767395020e-01
1.465049982070922852e+00
-7.308050394058227539e-01
-1.291538238525390625e+00
1.225356757640838623e-01
-8.012957572937011719e-01
-2.186477184295654297e-01
-1.082737088203430176e+00
-1.280134081840515137e+00
6.057578921318054199e-01
1.082354262471199036e-01
1.382235169410705566e+00
-1.683966159820556641e+00
-5.049551129341125488e-01
-2.968113422393798828e-01
1.654552459716796875e+00
8.913857340812683105e-01
-2.574430704116821289e-01
-6.253532767295837402e-01
-1.535970687866210938e+00
-2.154392242431640625e+00
6.799571216106414795e-02
5.354105234146118164e-01
-1.663061499595642090e+00
1.868761181831359863e+00
-2.520563006401062012e-01
-1.660908013582229614e-01
2.198331654071807861e-01
1.245104670524597168e-01
-6.463866233825683594e-01
1.889228701591491699e+00
5.823618173599243164e-01
9.440787434577941895e-01
-1.233120203018188477e+00
-6.896068453788757324e-01
-1.869457513093948364e-01
-1.459649562835693359e+00
-7.327105849981307983e-02
2.839507460594177246e-01
1.065302252769470215e+00
-9.983913302421569824e-01
-1.434905171394348145e+00
-8.622875213623046875e-01
3.985682427883148193e-01
-1.912887096405029297e+00
-1.358823537826538086e+00
-7.594235539436340332e-01
1.761967390775680542e-01
7.852566838264465332e-01
